306.305660
308.652830
308.652830
307.479245
305.425472
303.078302
298.677358
296.036792
290.462264
284.300943
280.486792
271.391509
263.176415
254.961321
243.225472
232.076415
221.807547
208.017925
193.054717
178.384906
163.128302
148.458491
132.615094
119.118868
105.035849
88.605660
73.349057
56.918868
40.782075
25.818868
9.095283
-5.318632
-20.154815
-35.550855
-47.027903
-63.823582
-78.939694
-93.216022
-105.532853
-119.809181
-130.726373
-140.803780
-152.560756
-161.798380
-175.514851
-185.872187
-198.189019
-210.785779
-222.542754
-234.579658
-246.336634
-255.854185
-261.732673
-270.690369
-281.047705
-288.885689
-296.723672
-301.482448
-303.721872
-305.681368
-306.801080
-306.801080
-307.640864
-308.480648
-307.640864
-307.360936
-306.241224
-304.281728
-303.441944
-301.482448
-298.963096
-294.484248
-290.565257
-285.526553
-277.128713
-270.690369
-263.692169
-253.894689
-245.776778
-235.419442
-225.062106
-213.025203
-201.268227
-187.551755
-175.514851
-160.398740
-147.242124
-135.485149
-122.048605
-106.372637
-92.656166
-77.819982
-63.263726
-48.147615
-33.591359
-17.915392
-2.519352
10.562264
26.112264
40.782075
55.745283
72.175472
83.911321
98.581132
111.490566
123.226415
134.962264
148.458491
160.781132
171.930189
186.600000
201.269811
212.125472
228.262264
237.650943
249.386792
255.841509
266.403774
276.966038
286.061321
294.276415
300.144340
303.958491
306.305660
307.185849
308.652830
309.239623
310.119811
309.826415
308.652830
307.772642
306.012264
304.251887
302.198113
299.850943
295.743396
288.995283
286.061321
278.726415
270.217925
262.589623
252.027358
241.171698
231.489623
217.993396
204.203774
192.174528
176.037736
161.661321
147.578302
131.441509
117.065094
105.329245
88.899057
73.935849
58.972642
45.183019
28.752830
13.789623
-0.559856
-15.396040
-30.232223
-43.108911
-57.665167
-72.501350
-86.777678
-101.054005
-113.370837
-125.407741
-138.004500
-148.641764
-159.838884
-171.036004
-183.072907
-195.389739
-209.666067
-222.542754
-234.299730
-245.776778
-255.574257
-261.732673
-270.690369
-280.487849
-287.765977
-295.044104
-301.202520
-304.001800
-305.401440
-306.241224
-306.521152
-308.760576
-308.200720
-307.640864
-307.081008
-307.360936
-305.961296
-304.001800
-300.642664
-298.403240
-295.324032
-290.565257
-286.366337
-280.767777
-273.769577
-265.651665
-257.253825
-249.415842
-237.378938
-226.181818
-214.704770
-200.148515
-186.152115
-173.555356
-157.599460
-144.442844
-130.726373
-114.770477
-101.333933
-85.937894
-71.101710
-56.825383
-41.429343
-25.473447
-11.756976
3.520755
20.244340
32.860377
48.116981
64.253774
78.923585
93.593396
105.916038
119.118868
131.148113
144.057547
154.326415
167.235849
177.504717
193.641509
205.964151
218.873585
233.543396
244.105660
254.081132
259.655660
266.990566
278.726415
287.234906
296.036792
302.198113
304.545283
308.066038
308.066038
307.479245
311.000000
308.652830
310.413208
309.239623
308.359434
307.185849
304.251887
301.904717
300.437736
295.156604
292.516038
286.061321
280.193396
272.271698
264.350000
252.027358
242.638679
234.716981
219.460377
207.137736
192.174528
178.971698
164.008491
150.218868
135.549057
119.412264
106.209434
91.833019
76.869811
62.493396
45.769811
30.219811
16.723585
-0.279928
-15.955896
-29.392439
-43.108911
-57.385239
-71.381638
-85.937894
-98.814581
-112.810981
-124.288029
-135.485149
-146.402340
-157.879388
-170.196220
-183.352835
-195.949595
-208.546355
-222.262826
-234.579658
-245.776778
-254.734473
-262.012601
-271.250225
-278.808281
-288.605761
-295.883888
-301.202520
-304.281728
-306.241224
-307.081008
-307.081008
-307.081008
-307.081008
-308.480648
-307.640864
-305.681368
-304.281728
-303.441944
-300.362736
-298.403240
-294.764176
-290.285329
-284.966697
-280.207921
-272.929793
-265.371737
-256.414041
-246.896490
-237.099010
-225.342034
-213.585059
-201.548155
-188.951395
-173.835284
-159.558956
-146.962196
-131.846085
-118.129613
-104.133213
-87.617462
-73.061206
-58.504950
-43.388839
-29.392439
-15.955896
0.586792
16.430189
29.633019
43.129245
59.266038
73.349057
84.498113
98.287736
110.903774
123.226415
135.842453
146.698113
161.074528
171.930189
187.186792
199.802830
213.299057
228.849057
240.291509
248.800000
257.895283
266.697170
276.966038
286.941509
294.863208
300.437736
304.545283
304.545283
307.772642
307.772642
309.239623
309.533019
307.772642
308.359434
308.946226
306.892453
305.132075
301.611321
299.557547
295.743396
289.875472
285.474528
277.846226
271.978302
263.469811
254.667925
242.932075
232.663208
221.807547
208.311321
195.108491
180.145283
164.008491
150.218868
133.495283
119.999057
106.796226
89.779245
75.696226
59.852830
44.302830
30.219811
13.202830
-0.279928
-15.116112
-30.232223
-43.108911
-57.665167
-73.900990
-86.777678
-99.654365
-113.090909
-125.687669
-137.164716
-148.361836
-160.118812
-170.756076
-182.792979
-197.629163
-209.666067
-223.942394
-234.299730
-245.216922
-255.574257
-262.572457
-270.130513
-281.887489
-287.486049
-294.764176
-300.642664
-303.721872
-307.360936
-306.521152
-308.480648
-306.801080
-305.121512
-308.480648
-307.360936
-307.360936
-305.401440
-302.882088
-301.482448
-297.563456
-295.044104
-289.165617
-285.526553
-278.808281
-273.209721
-266.211521
-255.574257
-247.456346
-236.819082
-226.741674
-214.704770
-200.428443
-189.511251
-175.514851
-160.398740
-146.402340
-131.006301
-117.289829
-103.013501
-89.017102
-74.180918
-61.024302
-44.788479
-31.072007
-14.556256
0.293396
14.083019
29.339623
43.716038
58.385849
73.349057
85.965094
97.407547
112.664151
122.933019
135.842453
148.458491
158.727358
172.516981
186.013208
200.096226
214.766038
227.382075
240.291509
249.680189
256.134906
268.457547
277.552830
285.474528
294.569811
299.264151
302.198113
307.185849
306.012264
307.772642
306.892453
308.066038
309.533019
307.772642
307.185849
306.892453
304.251887
301.904717
298.383962
295.743396
288.408491
283.714151
279.606604
271.684906
263.176415
253.787736
243.225472
230.609434
223.567925
207.431132
193.054717
180.732075
164.008491
150.805660
135.842453
120.879245
107.089623
91.246226
75.696226
61.906604
45.183019
30.219811
15.256604
-0.559856
-15.116112
-31.072007
-43.948695
-58.504950
-73.621062
-87.057606
-100.494149
-112.810981
-126.247525
-136.884788
-147.242124
-158.439244
-171.875788
-185.312331
-198.189019
-210.505851
-222.542754
-235.419442
-247.456346
-255.574257
-262.852385
-271.810081
-281.607561
-288.325833
-294.764176
-301.482448
-304.561656
-305.681368
-307.081008
-306.801080
-306.801080
-309.040504
-307.360936
-307.640864
-307.920792
-304.841584
-303.721872
-300.922592
-298.123312
-296.163816
-290.285329
-286.086409
-280.487849
-273.209721
-264.531953
-255.574257
-246.056706
-236.259226
-222.542754
-212.745275
-199.868587
-185.032403
-171.875788
-155.639964
-141.083708
-128.766877
-114.770477
-99.374437
-85.657966
-70.821782
-56.825383
-40.869487
-25.753375
-10.357336
4.694340
20.537736
33.447170
48.410377
63.666981
77.456604
93.300000
104.742453
118.238679
132.028302
141.123585
153.152830
165.475472
177.798113
191.587736
206.257547
217.700000
233.543396
244.692453
253.494340
260.829245
269.337736
278.139623
287.528302
295.743396
301.611321
305.132075
307.772642
308.066038
308.946226
309.533019
308.946226
309.826415
309.533019
308.652830
307.479245
306.012264
302.784906
299.557547
297.797170
290.462264
286.061321
279.313208
271.098113
264.350000
254.374528
244.692453
233.543396
222.394340
209.484906
193.934906
180.438679
164.888679
150.218868
136.722642
120.292453
106.796226
90.366038
75.402830
60.439623
45.183019
29.926415
14.376415
-0.279928
-16.235824
-30.512151
-42.549055
-59.344734
-73.900990
-87.337534
-101.893789
-113.370837
-125.407741
-136.604860
-148.641764
-160.678668
-171.595860
-185.032403
-197.909091
-209.106211
-224.222322
-234.299730
-246.056706
-254.454545
-261.172817
-271.530153
-280.487849
-288.605761
-296.163816
-300.082808
-303.162016
-305.121512
-307.081008
-307.360936
-307.360936
-308.480648
-307.081008
-306.801080
-306.241224
-305.961296
-302.602160
-300.922592
-299.243024
-295.603960
-291.684968
-284.966697
-279.648065
-273.209721
-265.651665
-257.813681
-249.135914
-237.658866
-227.581458
-216.104410
-200.428443
-186.711971
-175.514851
-159.279028
-145.842484
-131.846085
-118.129613
-103.293429
-88.737174
-73.900990
-59.624662
-44.508551
-29.952295
-15.955896
-1.679568
14.963208
29.339623
43.129245
58.972642
72.175472
84.498113
99.461321
110.316981
123.226415
135.255660
145.231132
159.314151
171.343396
186.306604
200.976415
213.885849
227.088679
240.291509
249.680189
256.134906
267.870755
276.672642
285.474528
294.276415
299.264151
304.838679
304.838679
307.185849
308.066038
307.772642
307.772642
309.239623
307.479245
307.185849
306.012264
304.545283
303.078302
299.264151
296.330189
291.929245
284.594340
279.900000
272.271698
263.469811
254.081132
242.932075
233.543396
222.981132
208.311321
193.348113
180.145283
164.888679
151.685849
135.255660
121.466038
106.502830
89.485849
75.696226
61.026415
45.769811
29.046226
14.669811
-2.519352
-15.396040
-30.512151
-43.388839
-60.184518
-73.900990
-87.897390
-101.054005
-114.210621
-124.847885
-138.284428
-147.242124
-160.118812
-171.875788
-183.912691
-197.069307
-209.386139
-222.822682
-234.299730
-245.216922
-254.734473
-262.852385
-272.369937
-281.887489
-288.045905
-296.163816
-301.762376
-303.441944
-306.521152
-307.081008
-306.241224
-308.200720
-307.640864
-308.200720
-307.081008
-306.801080
-305.681368
-304.281728
-299.802880
-299.243024
-295.883888
-290.565257
-285.246625
-279.368137
-273.209721
-265.931593
-255.854185
-248.296130
-237.938794
-225.342034
-213.305131
-198.468947
-184.752475
-174.115212
-156.759676
-144.162916
-128.766877
-115.050405
-100.494149
-86.777678
-72.221422
-57.945095
-41.709271
-25.473447
-12.876688
1.760377
17.016981
30.513208
48.410377
62.493396
76.869811
90.659434
103.862264
115.598113
127.920755
141.710377
151.685849
164.595283
177.504717
190.707547
204.497170
215.646226
228.849057
241.465094
251.147170
258.482075
267.577358
279.900000
287.821698
296.330189
302.491509
303.665094
307.772642
308.652830
309.239623
310.119811
309.239623
309.239623
308.652830
308.066038
308.359434
303.665094
303.371698
300.144340
295.156604
291.342453
285.474528
277.846226
271.978302
262.883019
253.200943
242.932075
232.369811
219.166981
207.137736
192.174528
178.971698
164.008491
148.458491
132.321698
117.945283
104.742453
88.605660
73.349057
59.852830
42.835849
25.232075
11.442453
-3.918992
-17.915392
-33.031503
-47.307831
-60.744374
-76.980198
-91.816382
-103.013501
-117.569757
-130.166517
-138.564356
-150.041404
-162.078308
-174.115212
-185.872187
-197.629163
-211.905491
-224.222322
-235.419442
-247.456346
-255.294329
-262.852385
-272.369937
-282.167417
-289.445545
-296.723672
-301.762376
-305.121512
-304.841584
-306.801080
-308.200720
-306.801080
-309.600360
-309.040504
-307.360936
-308.200720
-305.961296
-303.162016
-302.322232
-300.362736
-295.883888
-290.845185
-286.366337
-279.648065
-272.929793
-264.531953
-255.574257
-247.176418
-236.539154
-224.502250
-211.905491
-199.308731
-184.472547
-171.595860
-155.639964
-141.083708
-127.647165
-114.490549
-98.534653
-86.217822
-71.101710
-54.865887
-40.029703
-26.873087
-11.197120
4.987736
19.364151
32.860377
48.410377
65.133962
77.750000
91.833019
106.796226
117.945283
130.854717
143.470755
153.152830
166.649057
178.384906
191.294340
208.017925
219.753774
234.130189
245.572642
253.787736
261.709434
271.391509
281.366981
290.462264
295.743396
301.611321
305.718868
306.892453
309.239623
307.772642
310.119811
309.826415
308.652830
309.239623
308.359434
305.718868
305.132075
303.371698
299.850943
297.503774
291.635849
285.767925
279.313208
272.271698
262.883019
253.787736
241.465094
231.196226
220.633962
206.844340
191.881132
178.971698
162.834906
148.751887
132.615094
119.705660
105.916038
89.192453
73.935849
59.559434
44.302830
27.579245
12.909434
-1.679568
-17.355536
-33.311431
-45.068407
-59.904590
-75.860486
-89.576958
-102.453645
-113.930693
-127.927093
-138.284428
-150.041404
-161.518452
-172.155716
-184.472547
-198.468947
-210.785779
-224.782178
-235.419442
-247.176418
-255.294329
-262.572457
-270.970297
-281.887489
-288.605761
-296.443744
-302.322232
-303.162016
-306.241224
-307.081008
-307.360936
-307.360936
-307.920792
-308.760576
-306.521152
-306.521152
-305.681368
-303.441944
-301.202520
-298.403240
-295.324032
-291.125113
-285.806481
-279.088209
-272.649865
-266.491449
-255.574257
-246.896490
-237.099010
-225.621962
-216.104410
-202.108011
-187.551755
-175.794779
-158.719172
-145.002700
-131.846085
-118.129613
-104.413141
-89.297030
-76.420342
-58.784878
-45.068407
-31.911791
-15.396040
-0.279928
13.202830
29.633019
41.955660
58.972642
71.882075
83.617925
98.287736
111.197170
122.052830
134.375472
145.817925
157.553774
171.343396
184.839623
199.216038
213.299057
226.208491
239.117925
249.093396
256.428302
267.577358
276.085849
286.354717
294.276415
298.383962
304.838679
305.425472
306.012264
308.652830
309.826415
307.772642
309.826415
308.946226
306.892453
306.012264
305.132075
301.904717
299.264151
294.863208
291.049057
284.007547
277.552830
271.684906
262.589623
254.081132
242.932075
231.783019
222.100943
207.724528
195.401887
181.905660
164.008491
150.512264
135.549057
119.705660
106.796226
91.833019
73.642453
59.559434
43.716038
27.872642
11.442453
-1.959496
-16.515752
-32.471647
-46.747975
-59.344734
-73.900990
-89.297030
-101.613861
-115.330333
-126.527453
-137.444644
-148.081908
-160.118812
-171.595860
-185.592259
-198.189019
-209.945995
-223.382538
-236.539154
-246.896490
-255.574257
-263.132313
-271.530153
-281.607561
-289.165617
-295.324032
-300.922592
-304.001800
-305.961296
-306.801080
-307.360936
-308.480648
-308.760576
-307.640864
-307.920792
-306.241224
-305.681368
-302.882088
-301.482448
-298.403240
-297.003600
-289.445545
-286.086409
-279.927993
-273.209721
-265.651665
-255.574257
-248.576058
-237.378938
-226.461746
-214.424842
-201.548155
-184.752475
-172.715572
-156.479748
-142.203420
-131.006301
-115.330333
-101.333933
-87.617462
-72.221422
-56.825383
-42.269127
-26.873087
-12.316832
2.347170
17.016981
30.806604
45.476415
61.906604
76.869811
90.659434
105.329245
115.304717
127.920755
140.536792
151.099057
164.008491
176.917925
190.414151
205.377358
216.819811
231.196226
242.051887
250.853774
259.362264
267.283962
279.019811
287.821698
295.743396
301.611321
305.132075
306.012264
306.599057
308.652830
309.826415
309.826415
309.239623
309.533019
307.479245
307.479245
303.958491
300.437736
298.677358
297.210377
289.582075
286.061321
277.259434
271.391509
263.176415
253.200943
242.638679
232.076415
219.166981
205.377358
191.294340
176.331132
161.074528
146.698113
131.734906
116.771698
103.275472
88.018868
71.295283
58.092453
42.249057
26.699057
8.508491
-5.598560
-19.594959
-34.151215
-47.307831
-62.703870
-75.300630
-91.816382
-104.972997
-115.890189
-129.606661
-140.523852
-151.441044
-163.198020
-173.275428
-185.592259
-197.069307
-211.345635
-224.222322
-235.419442
-247.176418
-256.134113
-262.572457
-272.929793
-281.887489
-289.165617
-296.163816
-301.482448
-305.121512
-305.681368
-307.360936
-308.200720
-309.040504
-308.200720
-308.760576
-308.480648
-306.521152
-305.681368
-304.001800
-301.762376
-299.522952
-296.443744
-293.364536
-285.526553
-281.327633
-274.889289
-264.531953
-255.014401
-246.056706
-236.259226
-225.342034
-210.505851
-198.189019
-183.912691
-172.155716
-155.919892
-143.882988
-127.927093
-113.650765
-99.934293
-85.657966
-70.541854
-55.145815
-40.869487
-25.753375
-10.637264
4.400943
19.950943
31.980189
46.943396
63.666981
77.750000
91.246226
105.622642
117.065094
129.387736
143.470755
153.446226
165.182075
179.265094
191.294340
205.670755
218.580189
231.196226
243.812264
252.907547
261.709434
271.098113
278.433019
286.354717
295.450000
300.731132
305.425472
306.012264
307.479245
309.533019
308.946226
310.119811
309.533019
308.946226
308.652830
306.599057
303.958491
303.078302
298.677358
296.330189
291.635849
285.474528
279.606604
272.271698
264.936792
254.081132
244.105660
232.076415
221.807547
208.017925
192.761321
180.438679
166.649057
150.805660
135.549057
119.705660
105.622642
89.485849
75.989623
61.319811
44.889623
28.459434
11.735849
-2.799280
-16.515752
-31.911791
-44.788479
-59.344734
-75.300630
-87.897390
-102.173717
-113.650765
-126.247525
-138.284428
-149.481548
-159.279028
-172.995500
-184.472547
-199.308731
-209.106211
-223.102610
-235.979298
-245.776778
-255.014401
-262.572457
-271.250225
-280.207921
-288.885689
-295.883888
-302.042304
-304.001800
-305.681368
-306.241224
-307.640864
-308.200720
-307.640864
-307.920792
-307.640864
-306.241224
-306.241224
-302.882088
-300.082808
-298.403240
-296.163816
-291.125113
-286.366337
-280.487849
-272.649865
-265.091809
-256.134113
-247.456346
-237.378938
-225.901890
-214.704770
-201.268227
-187.271827
-175.514851
-159.558956
-145.282628
-130.446445
-117.569757
-103.013501
-88.177318
-75.300630
-59.344734
-42.549055
-28.272727
-15.116112
1.760377
15.256604
29.633019
44.889623
61.319811
73.349057
87.432075
101.221698
114.424528
126.160377
139.656604
149.045283
160.781132
173.690566
186.013208
201.563208
213.592453
228.849057
239.117925
249.093396
257.601887
267.283962
277.552830
285.474528
293.983019
301.317925
303.665094
305.425472
306.599057
308.066038
308.652830
307.772642
307.772642
309.533019
307.772642
307.185849
303.958491
302.198113
298.677358
294.569811
290.755660
285.181132
277.552830
271.391509
261.709434
253.200943
243.518868
230.609434
219.460377
206.844340
190.120755
177.211321
161.367925
146.111321
131.441509
115.891509
103.275472
87.138679
73.055660
57.505660
40.195283
23.178302
6.454717
-6.438344
-20.154815
-34.431143
-48.147615
-62.423942
-78.099910
-93.775878
-103.573357
-117.849685
-128.486949
-141.083708
-152.280828
-163.198020
-173.275428
-186.432043
-198.468947
-211.345635
-224.782178
-237.658866
-246.336634
-256.134113
-263.132313
-272.929793
-282.727273
-289.165617
-296.723672
-301.202520
-305.121512
-305.681368
-307.640864
-308.760576
-308.480648
-308.760576
-309.600360
-307.640864
-307.360936
-304.841584
-304.841584
-302.042304
-298.683168
-296.443744
-293.084608
-286.086409
-280.207921
-273.769577
-266.491449
-256.414041
-246.896490
-236.819082
-225.062106
-212.465347
-198.748875
-185.032403
-170.756076
-157.879388
-142.203420
-128.207021
-114.770477
-99.934293
-86.497750
-71.661566
-55.425743
-39.749775
-25.473447
-10.917192
4.987736
18.483962
34.620755
47.530189
63.666981
78.336792
89.485849
105.329245
117.945283
127.920755
141.710377
153.152830
163.715094
178.971698
192.174528
204.497170
219.753774
232.369811
244.105660
251.147170
257.895283
268.750943
278.433019
286.354717
297.210377
300.731132
303.665094
306.892453
306.892453
308.946226
309.826415
308.066038
308.946226
308.652830
306.892453
306.305660
303.665094
301.317925
299.557547
295.450000
290.168868
284.887736
278.139623
269.337736
262.883019
253.494340
242.932075
230.902830
221.807547
208.604717
193.641509
179.558491
165.475472
149.045283
134.082075
119.412264
103.862264
88.605660
74.816038
58.679245
42.835849
25.818868
10.562264
-3.639064
-18.755176
-33.871287
-45.908191
-61.304230
-74.740774
-89.017102
-103.573357
-114.490549
-126.807381
-139.684068
-149.201620
-162.358236
-172.435644
-184.472547
-197.349235
-211.345635
-223.382538
-234.859586
-248.016202
-255.014401
-262.572457
-272.369937
-281.607561
-288.885689
-295.883888
-301.762376
-303.721872
-306.801080
-307.360936
-308.200720
-309.320432
-308.760576
-308.480648
-307.360936
-305.961296
-305.401440
-304.281728
-303.441944
-298.683168
-295.883888
-291.684968
-285.526553
-280.487849
-272.929793
-266.491449
-255.854185
-247.736274
-237.938794
-225.901890
-215.264626
-200.148515
-188.391539
-175.794779
-158.719172
-145.562556
-132.405941
-118.689469
-104.972997
-90.976598
-75.300630
-58.225023
-43.948695
-31.072007
-14.276328
0.293396
15.256604
27.285849
41.955660
56.918868
71.882075
82.737736
97.114151
111.783962
122.052830
133.788679
146.404717
155.793396
172.810377
186.013208
198.629245
213.885849
226.208491
238.237736
248.506604
255.548113
268.164151
275.792453
285.767925
294.276415
299.850943
303.371698
303.665094
305.425472
308.359434
306.012264
307.772642
308.946226
308.066038
306.599057
306.012264
302.491509
301.317925
297.210377
293.102830
290.462264
284.887736
279.019811
271.978302
261.709434
254.081132
242.638679
229.435849
220.927358
207.724528
192.467925
178.091509
163.715094
148.458491
133.788679
119.705660
106.502830
89.779245
75.109434
60.733019
42.249057
26.699057
11.735849
-3.639064
-19.315032
-34.151215
-46.188119
-59.904590
-74.460846
-89.297030
-102.733573
-114.770477
-127.367237
-138.844284
-148.921692
-160.398740
-173.835284
-183.352835
-198.748875
-211.065707
-223.382538
-236.539154
-248.576058
-255.854185
-262.292529
-272.090009
-281.607561
-288.605761
-296.443744
-301.762376
-305.121512
-305.681368
-307.081008
-308.200720
-307.920792
-309.320432
-308.200720
-307.920792
-306.241224
-305.401440
-304.841584
-302.322232
-299.522952
-295.883888
-291.125113
-287.486049
-280.207921
-273.769577
-265.091809
-256.973897
-247.456346
-236.539154
-226.741674
-215.824482
-200.708371
-187.551755
-173.835284
-158.999100
-144.722772
-132.126013
-116.729973
-103.573357
-88.177318
-73.061206
-56.825383
-41.989199
-27.992799
-13.996400
1.466981
17.016981
30.219811
44.302830
60.146226
73.935849
89.192453
101.808491
114.424528
126.453774
137.896226
149.338679
161.661321
174.570755
188.066981
201.269811
214.472642
228.555660
239.704717
249.093396
256.428302
266.110377
277.552830
287.234906
294.569811
300.437736
303.371698
306.599057
308.066038
307.479245
309.533019
308.946226
308.359434
308.652830
306.599057
306.012264
303.371698
301.024528
298.677358
294.276415
290.462264
284.887736
278.139623
270.511321
261.709434
251.440566
241.171698
230.609434
218.580189
206.844340
189.827358
174.864151
161.661321
145.231132
132.321698
116.184906
102.101887
86.551887
70.415094
56.918868
38.728302
23.178302
7.628302
-7.278128
-21.834383
-36.390639
-48.987399
-64.383438
-77.819982
-92.936094
-106.372637
-117.289829
-131.846085
-140.523852
-153.400540
-164.877588
-174.675068
-187.271827
-199.028803
-212.465347
-225.621962
-237.378938
-247.736274
-255.854185
-262.852385
-273.769577
-281.327633
-289.445545
-297.003600
-302.602160
-305.121512
-305.961296
-308.200720
-308.200720
-308.760576
-309.040504
-308.480648
-309.040504
-307.920792
-307.081008
-306.241224
-302.882088
-299.243024
-295.324032
-291.964896
-287.206121
-280.487849
-272.929793
-265.931593
-257.533753
-246.616562
-236.259226
-226.181818
-212.745275
-199.868587
-186.152115
-171.315932
-157.319532
-141.643564
-127.367237
-113.930693
-99.374437
-85.657966
-71.941494
-55.425743
-38.630063
-25.193519
-10.357336
5.281132
18.190566
34.033962
48.116981
62.786792
77.456604
91.833019
105.035849
116.478302
129.974528
142.590566
153.152830
166.062264
178.678302
192.174528
205.377358
218.873585
232.663208
244.692453
252.614151
260.829245
270.217925
276.672642
286.061321
295.156604
301.317925
304.545283
305.718868
308.066038
308.359434
308.946226
309.533019
308.359434
307.772642
308.066038
303.958491
304.545283
301.904717
298.970755
294.863208
290.462264
284.300943
279.900000
270.804717
261.416038
252.614151
243.518868
230.316038
218.873585
205.964151
191.881132
177.798113
164.301887
147.284906
132.908491
119.412264
102.688679
89.192453
74.816038
58.679245
42.249057
25.232075
9.975472
-4.198920
-19.315032
-34.990999
-45.348335
-61.024302
-75.300630
-88.457246
-103.573357
-115.610261
-126.247525
-138.284428
-150.041404
-162.078308
-174.675068
-184.752475
-199.588659
-212.185419
-223.382538
-235.699370
-247.456346
-255.854185
-262.012601
-272.649865
-281.887489
-291.125113
-297.003600
-301.762376
-305.401440
-307.360936
-307.640864
-308.480648
-310.440144
-309.600360
-309.040504
-310.160216
-307.081008
-305.121512
-303.721872
-303.441944
-299.522952
-294.764176
-291.125113
-285.806481
-280.767777
-274.609361
-266.491449
-255.574257
-247.736274
-237.938794
-225.342034
-215.824482
-201.828083
-187.271827
-174.675068
-159.558956
-146.122412
-132.126013
-120.089109
-106.092709
-90.696670
-75.580558
-61.024302
-43.388839
-31.072007
-15.955896
0.293396
13.202830
27.285849
42.249057
55.451887
68.361321
83.617925
97.114151
110.316981
121.466038
132.321698
145.524528
156.673585
168.409434
184.546226
198.335849
213.005660
225.621698
237.357547
247.919811
255.548113
266.403774
276.379245
285.181132
294.863208
300.437736
302.198113
306.892453
305.718868
305.132075
308.652830
307.185849
308.359434
308.066038
306.012264
305.425472
304.545283
301.904717
297.210377
293.396226
288.995283
284.300943
277.552830
270.217925
260.829245
252.320755
240.584906
232.076415
218.580189
206.550943
191.881132
178.091509
162.541509
146.991509
132.615094
115.891509
102.101887
88.018868
72.175472
56.918868
41.955660
24.351887
9.682075
-5.318632
-21.834383
-35.270927
-48.147615
-61.304230
-77.260126
-89.576958
-103.573357
-117.009901
-128.486949
-141.363636
-151.720972
-161.238524
-175.514851
-185.872187
-199.028803
-213.305131
-224.502250
-236.819082
-250.255626
-256.134113
-263.972097
-274.329433
-282.447345
-290.005401
-296.723672
-302.322232
-305.961296
-307.920792
-307.081008
-308.480648
-309.320432
-310.160216
-308.760576
-308.480648
-309.600360
-304.841584
-304.841584
-303.162016
-297.843384
-297.283528
-290.845185
-286.366337
-281.887489
-273.769577
-266.211521
-257.813681
-249.415842
-238.218722
-228.141314
-215.264626
-201.548155
-188.951395
-175.234923
-160.958596
-145.282628
-132.685869
-119.529253
-104.413141
-91.536454
-75.300630
-59.344734
-44.228623
-31.072007
-16.235824
-0.839784
14.963208
26.992453
40.782075
56.038679
70.708491
83.324528
96.820755
110.610377
122.052830
133.788679
145.524528
157.553774
171.343396
184.839623
200.096226
213.299057
227.088679
238.237736
247.333019
255.841509
266.990566
276.966038
286.354717
292.516038
298.677358
303.078302
303.371698
305.425472
306.012264
307.185849
306.892453
307.185849
306.305660
306.305660
303.371698
303.078302
301.024528
296.623585
293.396226
289.875472
281.953774
276.966038
270.511321
260.829245
249.973585
240.878302
231.783019
217.993396
205.377358
190.120755
175.450943
162.834906
148.458491
131.734906
118.238679
103.275472
88.605660
73.349057
57.799057
40.488679
24.058491
8.801887
-4.758776
-20.714671
-35.550855
-48.987399
-62.703870
-75.300630
-89.017102
-105.252925
-116.729973
-128.486949
-140.243924
-150.321332
-162.638164
-173.835284
-185.872187
-199.028803
-213.305131
-225.062106
-236.259226
-249.975698
-257.253825
-262.012601
-273.769577
-283.007201
-291.405041
-297.843384
-302.042304
-306.241224
-308.760576
-307.920792
-309.880288
-310.160216
-310.160216
-308.760576
-309.600360
-308.480648
-307.360936
-304.561656
-302.882088
-299.802880
-295.603960
-292.244824
-286.926193
-280.767777
-275.729073
-267.051305
-258.373537
-248.855986
-238.498650
-226.741674
-215.264626
-200.988299
-189.791179
-175.794779
-160.398740
-146.962196
-133.245725
-119.809181
-106.372637
-89.856886
-75.020702
-59.904590
-44.508551
-31.911791
-16.515752
-0.000000
13.496226
27.579245
41.368868
55.745283
70.415094
83.617925
96.233962
110.023585
122.052830
134.668868
146.111321
156.966981
171.636792
183.959434
197.455660
213.005660
224.741509
236.770755
249.386792
254.961321
266.110377
275.499057
284.300943
293.102830
298.090566
303.078302
303.078302
305.132075
307.185849
306.599057
307.479245
306.012264
305.425472
306.012264
304.251887
301.317925
300.731132
297.210377
291.929245
289.582075
283.127358
275.792453
269.044340
260.535849
252.614151
242.638679
230.902830
219.166981
204.790566
191.000943
176.037736
161.954717
147.871698
132.028302
117.945283
103.568868
87.725472
73.642453
57.799057
40.488679
25.525472
9.682075
-5.318632
-19.874887
-35.550855
-47.867687
-62.144014
-76.700270
-91.536454
-104.413141
-117.289829
-127.927093
-141.083708
-152.280828
-163.198020
-174.675068
-186.991899
-200.708371
-214.144914
-224.502250
-238.498650
-248.855986
-256.973897
-263.972097
-273.489649
-281.887489
-291.684968
-297.563456
-302.882088
-305.961296
-306.521152
-307.360936
-309.320432
-309.040504
-310.440144
-309.600360
-309.320432
-309.600360
-307.081008
-305.121512
-303.721872
-301.482448
-295.883888
-291.405041
-286.086409
-281.607561
-275.449145
-266.771377
-257.533753
-248.855986
-239.338434
-227.301530
-215.544554
-202.387939
-188.951395
-175.514851
-160.958596
-146.402340
-132.126013
-119.249325
-104.133213
-89.297030
-75.020702
-60.464446
-44.228623
-30.232223
-15.675968
0.293396
15.843396
29.046226
44.596226
58.092453
72.175472
89.192453
100.048113
111.783962
124.693396
135.549057
149.338679
160.781132
171.636792
187.186792
199.216038
213.592453
228.555660
240.291509
248.213208
256.428302
265.523585
277.552830
286.648113
293.983019
299.557547
302.198113
306.012264
307.185849
305.718868
308.066038
308.359434
306.599057
308.066038
304.838679
304.545283
302.784906
300.731132
297.210377
292.222642
288.408491
281.953774
276.085849
269.044340
260.242453
250.266981
240.878302
228.262264
217.113208
203.616981
187.773585
174.570755
161.661321
144.350943
129.681132
114.424528
99.167925
85.378302
69.828302
54.278302
37.261321
21.124528
7.334906
-7.278128
-22.394239
-38.070207
-51.786679
-64.943294
-79.499550
-92.096310
-108.052205
-119.529253
-134.085509
-141.923492
-152.560756
-165.717372
-175.794779
-187.271827
-200.988299
-213.585059
-226.461746
-238.498650
-250.535554
-256.973897
-263.972097
-275.449145
-283.846985
-291.964896
-297.843384
-304.001800
-306.521152
-307.920792
-308.760576
-309.880288
-311.000000
-307.920792
-309.880288
-310.440144
-309.320432
-307.360936
-304.841584
-302.602160
-300.642664
-295.324032
-293.644464
-286.366337
-281.887489
-274.889289
-266.211521
-257.533753
-248.016202
-235.979298
-225.342034
-213.305131
-200.148515
-187.551755
-172.715572
-157.599460
-140.523852
-128.207021
-117.009901
-101.613861
-87.057606
-71.661566
-56.265527
-40.309631
-27.153015
-12.316832
2.640566
18.483962
34.620755
48.410377
63.080189
76.283019
90.366038
104.449057
116.184906
128.507547
140.830189
151.099057
163.128302
173.983962
190.707547
204.790566
217.993396
230.316038
242.638679
251.733962
260.535849
269.337736
277.552830
286.648113
294.569811
301.317925
302.784906
305.132075
306.012264
308.066038
307.479245
308.359434
307.479245
306.599057
307.479245
303.958491
302.491509
301.024528
296.330189
292.516038
287.528302
284.300943
277.846226
269.631132
260.242453
250.853774
240.291509
229.142453
218.286792
205.377358
190.414151
177.504717
160.487736
145.231132
131.148113
117.358491
102.982075
87.432075
71.882075
56.332075
39.021698
24.351887
9.095283
-5.598560
-19.594959
-34.990999
-48.987399
-64.103510
-78.099910
-90.976598
-104.413141
-118.689469
-128.207021
-140.243924
-152.280828
-164.037804
-175.794779
-186.991899
-199.028803
-215.264626
-224.502250
-238.218722
-249.415842
-257.253825
-264.811881
-274.049505
-283.846985
-290.005401
-298.683168
-302.322232
-305.681368
-307.360936
-308.200720
-309.040504
-310.440144
-309.320432
-309.040504
-309.600360
-308.200720
-306.801080
-304.841584
-302.602160
-299.522952
-296.723672
-292.244824
-286.086409
-282.167417
-274.329433
-265.091809
-257.253825
-247.456346
-238.218722
-227.021602
-215.264626
-203.227723
-187.551755
-176.634563
-160.398740
-146.402340
-132.405941
-119.529253
-106.092709
-91.816382
-74.180918
-61.864086
-44.508551
-31.631863
-15.955896
-2.239424
12.909434
27.579245
42.835849
56.332075
68.948113
82.737736
96.233962
109.143396
121.759434
132.028302
143.764151
157.847170
170.463208
186.893396
198.335849
214.766038
226.501887
238.531132
247.333019
254.961321
266.110377
276.672642
284.887736
292.809434
298.970755
301.904717
306.305660
303.665094
305.718868
307.479245
306.305660
308.066038
308.359434
303.958491
303.958491
302.491509
301.024528
297.503774
291.929245
288.408491
283.714151
276.672642
270.217925
261.122642
249.093396
240.878302
230.609434
219.460377
203.910377
190.707547
176.331132
162.541509
146.698113
131.148113
116.184906
104.155660
88.018868
72.175472
57.212264
41.368868
24.058491
9.388679
-4.478848
-20.154815
-34.151215
-49.547255
-63.263726
-76.420342
-90.976598
-103.013501
-118.129613
-128.207021
-139.963996
-152.280828
-162.918092
-174.395140
-188.111611
-200.988299
-213.585059
-223.942394
-238.778578
-249.415842
-255.854185
-263.692169
-274.049505
-281.327633
-289.445545
-297.283528
-302.602160
-305.961296
-307.081008
-307.360936
-310.440144
-309.040504
-310.160216
-309.880288
-310.160216
-308.760576
-307.360936
-304.561656
-303.162016
-299.243024
-296.723672
-292.524752
-285.806481
-281.607561
-274.049505
-267.611161
-256.973897
-247.176418
-237.099010
-225.342034
-214.704770
-199.588659
-188.111611
-172.155716
-157.879388
-143.043204
-129.046805
-117.009901
-101.054005
-87.057606
-72.221422
-56.825383
-42.269127
-27.992799
-12.596760
2.053774
18.777358
31.393396
47.530189
62.786792
75.109434
89.779245
104.449057
115.598113
129.094340
141.123585
152.272642
164.888679
176.624528
190.120755
204.790566
217.113208
231.783019
242.638679
251.147170
259.068868
268.164151
278.139623
288.408491
294.863208
301.904717
303.958491
305.132075
306.305660
307.479245
306.599057
309.533019
