250.543925
261.298131
271.471028
281.643925
290.654206
298.211215
303.152336
305.477570
307.221495
308.674766
307.512150
308.965421
308.093458
308.093458
308.093458
306.930841
307.221495
304.896262
302.280374
298.501869
291.816822
288.910280
282.806542
274.668224
266.820561
261.298131
251.415888
240.080374
228.163551
216.828037
202.876636
187.471963
174.101869
159.569159
144.455140
130.213084
115.971028
100.275701
86.614953
71.210280
55.514953
39.238318
22.961682
5.813084
-8.654399
-24.288151
-37.688510
-53.322262
-68.397666
-80.681329
-95.756732
-108.877917
-119.207361
-132.328546
-145.728905
-154.662478
-167.504488
-177.275583
-191.513465
-206.588869
-215.801616
-229.481149
-240.927289
-250.698384
-256.561041
-264.377917
-276.940754
-282.245063
-292.016158
-298.157989
-302.624776
-303.741472
-306.254039
-304.858169
-306.533214
-307.649910
-305.695691
-307.649910
-306.533214
-304.578995
-304.020646
-301.787253
-299.274686
-297.599641
-291.178636
-288.945242
-282.245063
-277.219928
-268.007181
-259.073609
-249.860862
-240.089767
-229.481149
-218.872531
-206.588869
-192.909336
-178.392280
-164.433573
-152.708259
-138.470377
-124.511670
-110.273788
-96.594255
-80.402154
-66.443447
-51.926391
-35.175943
-21.496409
-4.466786
7.557009
24.124299
38.947664
54.642991
69.466355
83.999065
97.659813
113.355140
123.528037
134.863551
147.942991
158.406542
172.067290
186.890654
196.482243
208.689720
223.803738
234.848598
247.637383
254.613084
261.879439
272.924299
283.387850
292.688785
299.955140
303.152336
307.512150
307.221495
309.546729
310.128037
309.546729
308.965421
309.256075
307.512150
309.546729
302.861682
301.989720
299.373832
291.816822
287.747664
282.515888
272.633645
268.855140
258.682243
247.637383
236.011215
222.641121
207.527103
196.191589
180.786916
165.091589
152.302804
136.607477
122.656075
108.123364
93.881308
81.964486
66.269159
54.061682
38.947664
23.542991
9.882243
-3.070916
-16.471275
-30.429982
-40.759425
-51.088869
-65.047576
-77.331239
-90.173250
-99.106822
-111.390485
-122.836625
-134.841113
-148.241472
-160.525135
-173.087971
-185.092460
-199.330341
-212.172352
-225.572711
-239.531418
-247.627469
-256.561041
-264.657092
-273.032316
-283.640934
-289.503591
-296.203770
-302.345601
-303.183124
-304.299820
-305.416517
-306.812388
-306.812388
-306.812388
-307.370736
-305.974865
-305.416517
-304.020646
-304.020646
-299.274686
-295.645422
-291.736984
-287.549372
-282.245063
-277.778276
-269.403052
-261.027828
-251.256732
-242.881508
-231.714542
-218.314183
-203.797127
-191.513465
-176.158887
-164.154399
-148.520646
-133.166068
-120.603232
-105.527828
-89.894075
-75.935368
-59.743268
-43.551167
-27.638241
-13.121185
1.453271
18.892523
33.425234
45.632710
61.037383
73.535514
89.521495
104.054206
115.389720
127.597196
139.804673
150.849533
163.347664
175.264486
187.762617
200.842056
212.758879
225.547664
237.173832
246.184112
254.322430
262.170093
273.796262
283.678505
292.398131
299.955140
304.605607
305.768224
308.384112
307.802804
308.965421
311.000000
310.128037
309.256075
309.546729
309.837383
306.058879
305.477570
301.117757
297.920561
293.560748
290.944860
283.097196
274.668224
268.273832
258.391589
248.509346
237.464486
224.385047
211.886916
197.063551
183.693458
169.742056
156.081308
140.095327
126.725234
112.483178
98.822430
85.742991
70.628972
55.514953
40.110280
23.833645
9.882243
-5.583483
-22.613106
-34.896768
-48.855476
-62.255835
-77.610413
-92.685817
-105.248654
-117.532316
-128.140934
-140.982944
-153.545781
-163.875224
-176.717235
-190.675943
-203.517953
-214.684919
-229.481149
-239.810592
-251.256732
-257.119390
-264.936266
-275.544883
-285.036804
-292.853680
-299.553860
-302.624776
-305.416517
-304.299820
-306.533214
-308.208259
-307.649910
-306.533214
-308.208259
-306.254039
-307.649910
-303.741472
-301.787253
-300.949731
-295.645422
-290.061939
-287.828546
-280.290844
-275.265709
-267.448833
-257.956912
-250.698384
-238.693896
-225.572711
-215.243268
-202.680431
-188.163375
-173.925494
-158.850090
-144.891382
-130.653501
-117.532316
-102.456912
-87.939856
-72.585278
-56.951526
-41.596948
-28.196589
-13.679533
2.906542
16.857944
32.553271
46.795327
62.781308
78.476636
91.265421
102.019626
117.714953
129.631776
140.676636
152.593458
165.091589
176.136449
188.343925
202.876636
216.828037
227.291589
241.824299
251.706542
256.357009
265.367290
274.958879
285.422430
293.851402
299.083178
303.152336
306.930841
307.221495
308.965421
310.709346
309.837383
310.418692
307.802804
309.837383
308.674766
305.768224
305.768224
301.408411
299.083178
294.432710
288.910280
283.097196
277.574766
268.273832
260.426168
249.381308
238.336449
227.872897
214.212150
201.714019
188.053271
173.229907
155.209346
143.873832
128.469159
115.680374
100.275701
85.452336
71.210280
56.096262
38.947664
24.414953
9.010280
-6.141831
-19.821364
-34.338420
-48.576302
-64.210054
-77.052065
-91.289946
-105.527828
-118.369838
-132.328546
-141.541293
-151.870736
-165.829443
-177.275583
-189.838420
-205.192998
-216.080790
-230.039497
-240.927289
-250.419210
-257.677738
-266.332136
-276.103232
-285.595153
-291.736984
-299.553860
-301.508079
-302.903950
-305.974865
-305.974865
-307.649910
-306.254039
-307.929084
-306.812388
-305.974865
-305.416517
-304.858169
-302.066427
-298.716338
-296.482944
-292.574506
-287.549372
-281.128366
-275.265709
-268.286355
-258.794434
-250.698384
-240.089767
-228.364452
-216.918312
-204.355476
-190.117594
-176.438061
-164.991921
-148.799820
-134.561939
-121.161580
-106.365350
-92.685817
-76.772890
-61.418312
-45.226212
-30.709156
-14.237882
-1.116697
12.788785
29.065421
41.272897
57.258879
70.338318
81.673832
96.206542
109.867290
121.202804
132.828972
145.617757
156.081308
169.451402
183.112150
197.354206
211.305607
223.513084
234.557944
245.021495
254.322430
261.879439
272.633645
282.225234
290.363551
299.373832
302.571028
306.058879
306.058879
308.093458
308.093458
308.674766
308.384112
308.384112
307.802804
307.221495
305.768224
304.605607
301.117757
298.501869
291.816822
291.235514
283.969159
274.377570
267.692523
258.100935
249.962617
238.045794
226.128972
214.212150
200.260748
187.471963
173.520561
157.825234
143.873832
128.759813
113.064486
101.438318
85.742991
70.919626
55.224299
35.750467
21.508411
8.719626
-7.816876
-22.613106
-37.130162
-51.368043
-63.651706
-78.168761
-92.685817
-107.761221
-118.649013
-130.653501
-141.541293
-154.104129
-165.550269
-179.229803
-190.396768
-204.913824
-217.197487
-228.085278
-242.602334
-252.652603
-257.398564
-266.052962
-277.499102
-284.757630
-292.295332
-298.157989
-303.741472
-305.137343
-304.858169
-307.091562
-307.370736
-307.370736
-306.812388
-307.370736
-306.533214
-305.974865
-304.299820
-302.624776
-299.553860
-296.482944
-291.457810
-287.549372
-281.407540
-276.661580
-268.565530
-259.911131
-249.860862
-240.648115
-228.643627
-216.359964
-203.797127
-190.117594
-175.879713
-159.408438
-146.566427
-131.211849
-117.253142
-104.690305
-88.777379
-75.377020
-58.905745
-43.551167
-29.034111
-13.679533
0.871963
14.823364
30.809346
43.888785
59.584112
74.698131
88.068224
101.147664
113.064486
129.050467
137.770093
149.686916
161.894393
173.520561
186.309346
201.423364
211.596262
226.128972
237.173832
248.509346
254.031776
262.460748
272.924299
285.131776
292.979439
297.920561
305.768224
305.477570
308.093458
308.384112
308.093458
310.418692
309.546729
308.965421
308.674766
307.512150
307.512150
304.605607
300.536449
297.920561
293.270093
289.200935
282.515888
275.540187
267.983178
258.972897
247.056075
236.883178
226.128972
212.468224
199.388785
185.146729
170.323364
154.918692
140.676636
123.237383
112.773832
96.497196
80.801869
65.687850
51.155140
34.006542
19.764486
4.359813
-11.166966
-26.800718
-40.201077
-53.880610
-66.722621
-83.473070
-98.548474
-108.598743
-122.557451
-134.282765
-144.612208
-157.175045
-168.900359
-180.625673
-192.909336
-206.030521
-218.035009
-230.318671
-241.485637
-252.652603
-258.515260
-266.611311
-277.219928
-285.315978
-293.132855
-299.833034
-303.741472
-306.254039
-306.533214
-307.649910
-305.695691
-307.929084
-308.208259
-307.929084
-307.649910
-306.254039
-305.137343
-301.508079
-299.833034
-296.482944
-291.178636
-289.782765
-282.524237
-275.544883
-268.844704
-259.911131
-251.535907
-240.368941
-228.085278
-216.080790
-201.842908
-187.884201
-173.925494
-160.525135
-145.728905
-131.211849
-117.811490
-103.294434
-88.498205
-73.422801
-59.464093
-41.876122
-27.079892
-13.679533
2.325234
16.857944
30.809346
45.923364
59.293458
75.279439
87.196262
102.310280
115.680374
127.015888
138.060748
151.721495
160.441121
176.427103
188.053271
200.551402
215.084112
225.838318
238.045794
250.834579
254.903738
263.914019
275.249533
282.806542
292.688785
299.955140
304.314953
306.930841
306.349533
306.930841
308.965421
308.093458
310.128037
308.093458
307.802804
307.512150
305.477570
303.442991
302.571028
296.757944
292.979439
288.910280
279.900000
274.958879
265.076636
256.938318
247.928037
234.557944
224.966355
213.340187
197.354206
183.984112
170.904673
154.628037
140.385981
124.690654
109.576636
97.369159
80.220561
65.978505
49.701869
33.425234
20.055140
3.197196
-11.166966
-26.242370
-41.317774
-54.159785
-68.956014
-82.077199
-95.756732
-110.273788
-121.161580
-133.724417
-144.891382
-156.616697
-167.225314
-180.904847
-192.071813
-207.147217
-219.151706
-231.156194
-242.602334
-252.931777
-259.073609
-267.448833
-278.057451
-285.874327
-293.691203
-299.553860
-303.462298
-304.578995
-306.812388
-307.370736
-308.766607
-308.208259
-308.766607
-307.929084
-307.370736
-306.533214
-305.695691
-302.345601
-300.949731
-296.203770
-290.620287
-288.107720
-281.128366
-276.661580
-268.844704
-259.911131
-250.140036
-239.252244
-229.481149
-215.801616
-205.472172
-191.234291
-178.671454
-164.433573
-149.078995
-134.561939
-122.836625
-107.202873
-93.244165
-78.168761
-61.697487
-47.738779
-32.384201
-19.263016
-4.187612
12.207477
25.868224
40.691589
54.352336
67.141121
81.964486
94.753271
107.251402
120.330841
130.794393
143.292523
156.953271
167.998131
181.658879
196.191589
208.689720
221.478505
233.976636
245.893458
253.741121
261.879439
272.342991
282.515888
290.072897
297.629907
301.117757
304.605607
306.058879
305.768224
307.802804
308.965421
307.802804
307.512150
306.349533
304.314953
305.477570
303.442991
300.245794
297.629907
292.979439
289.782243
280.771963
273.796262
266.820561
256.357009
248.218692
236.883178
224.966355
212.468224
198.516822
185.146729
171.776636
155.500000
140.385981
126.434579
111.029907
98.241121
83.417757
67.431776
52.027103
36.331776
20.636449
5.813084
-11.166966
-26.800718
-39.084381
-52.484740
-65.885099
-82.635548
-95.756732
-108.598743
-121.440754
-131.770197
-144.333034
-157.454219
-169.179533
-181.463196
-192.630162
-206.588869
-218.872531
-229.481149
-242.323160
-252.652603
-259.073609
-268.286355
-278.057451
-285.315978
-292.295332
-300.391382
-303.462298
-304.858169
-305.695691
-307.649910
-308.766607
-308.208259
-309.045781
-306.533214
-307.649910
-306.812388
-305.416517
-302.345601
-300.949731
-296.482944
-293.691203
-288.386894
-280.570018
-276.382406
-269.682226
-259.352783
-251.815081
-240.368941
-228.085278
-218.035009
-203.517953
-190.117594
-176.996409
-162.479354
-147.962298
-132.049372
-119.765709
-105.807002
-91.569120
-76.772890
-61.418312
-44.388689
-30.150808
-15.075404
0.290654
15.404673
30.518692
43.016822
56.096262
72.663551
86.033645
99.403738
113.355140
124.690654
137.188785
148.814953
160.731776
172.939252
186.890654
198.516822
213.049533
224.385047
238.627103
247.928037
253.741121
263.042056
272.342991
282.515888
293.270093
297.920561
303.442991
304.605607
308.093458
307.221495
308.674766
308.384112
308.674766
307.512150
306.930841
306.640187
304.896262
303.442991
299.083178
295.304673
292.688785
287.457009
280.190654
274.086916
265.948598
257.810280
245.893458
233.395327
224.675701
209.561682
197.644860
183.693458
166.835514
152.593458
137.770093
122.074766
109.285981
94.753271
78.185981
63.653271
47.957944
30.809346
16.857944
0.871963
-12.562837
-28.754937
-42.992819
-56.951526
-72.864452
-84.868941
-98.269300
-112.786355
-124.790844
-135.957810
-147.124776
-159.129264
-170.296230
-182.300718
-194.305206
-206.868043
-219.710054
-232.272890
-244.277379
-253.210952
-259.911131
-268.007181
-278.057451
-286.432675
-293.970377
-300.391382
-304.578995
-306.254039
-306.812388
-307.370736
-307.370736
-308.487433
-307.649910
-309.045781
-309.045781
-306.533214
-305.416517
-302.903950
-300.949731
-295.645422
-292.574506
-288.666068
-282.245063
-275.544883
-268.565530
-260.190305
-248.464991
-240.648115
-228.085278
-216.639138
-203.238779
-189.559246
-174.483842
-159.129264
-145.170557
-132.607720
-119.207361
-103.573609
-89.335727
-74.818671
-60.301616
-46.063734
-31.825853
-15.912926
0.290654
16.567290
30.228037
43.888785
61.618692
73.244860
86.324299
100.275701
112.773832
125.562617
137.770093
149.686916
160.441121
174.973832
187.181308
201.423364
214.502804
225.257009
238.627103
249.962617
256.357009
266.239252
274.377570
283.097196
292.107477
297.339252
302.571028
305.186916
306.930841
307.512150
308.384112
309.546729
308.674766
307.802804
307.221495
307.221495
305.477570
303.733645
298.792523
295.304673
291.816822
287.166355
279.318692
274.086916
265.948598
255.775701
247.056075
235.720561
224.675701
210.724299
195.319626
181.077570
166.835514
152.012150
138.351402
121.784112
108.123364
94.462617
78.185981
64.234579
48.829907
31.681308
18.020561
1.162617
-15.354578
-29.313285
-43.830341
-57.230700
-70.351885
-85.148115
-101.061041
-111.669659
-122.836625
-135.957810
-148.241472
-156.895871
-173.087971
-183.417415
-194.863555
-207.705566
-219.989228
-231.714542
-242.602334
-254.048474
-260.190305
-269.123878
-278.336625
-286.432675
-295.366248
-298.995512
-303.741472
-306.254039
-306.533214
-307.649910
-309.604129
-308.766607
-308.208259
-307.370736
-307.370736
-305.137343
-304.858169
-302.066427
-300.670557
-296.482944
-293.691203
-289.224417
-281.686715
-276.940754
-269.123878
-260.469479
-251.535907
-240.368941
-230.877020
-216.918312
-204.076302
-192.071813
-177.275583
-164.154399
-148.520646
-133.445242
-121.999102
-106.923698
-92.406643
-80.122980
-63.093357
-48.297127
-33.780072
-16.192101
-2.512567
12.788785
26.449533
40.982243
56.968224
69.466355
83.999065
98.531776
110.448598
122.656075
134.863551
145.327103
157.243925
169.451402
181.658879
196.191589
210.142991
222.931776
235.720561
247.637383
254.031776
263.332710
271.471028
282.225234
290.072897
297.048598
302.861682
305.186916
305.186916
307.221495
308.093458
307.221495
307.221495
308.093458
306.349533
304.605607
303.442991
303.442991
298.211215
297.048598
292.107477
286.875701
279.028037
272.342991
264.785981
253.450467
245.021495
234.267290
222.350467
209.271028
195.900935
180.205607
166.254206
151.721495
136.316822
122.074766
106.379439
91.846729
76.732710
63.071963
45.342056
31.681308
15.404673
-0.837522
-12.004488
-29.313285
-43.271993
-58.068223
-72.864452
-84.868941
-100.223519
-113.065530
-126.465889
-136.516158
-148.520646
-160.525135
-169.458707
-183.696589
-195.980251
-208.543088
-221.105925
-233.389587
-245.114901
-256.002693
-261.027828
-269.682226
-279.453321
-287.549372
-295.924596
-301.787253
-303.462298
-305.695691
-307.091562
-308.766607
-307.929084
-308.208259
-308.208259
-307.929084
-307.929084
-306.254039
-305.974865
-304.020646
-301.787253
-295.924596
-293.132855
-288.107720
-283.082585
-276.940754
-268.286355
-260.190305
-251.256732
-239.810592
-229.201975
-218.872531
-204.913824
-191.234291
-178.950628
-162.200180
-147.403950
-134.282765
-122.278276
-108.040395
-93.244165
-77.610413
-62.814183
-47.738779
-32.663375
-18.704668
-3.350090
11.044860
25.577570
39.819626
55.514953
70.338318
84.580374
94.753271
107.542056
120.621495
131.666355
143.583178
156.371963
168.870093
181.949533
195.610280
209.852336
222.931776
234.848598
247.346729
251.997196
261.879439
272.052336
280.190654
290.944860
297.048598
301.117757
303.733645
304.605607
304.605607
306.349533
307.221495
306.058879
306.640187
305.768224
305.186916
302.861682
301.989720
298.792523
294.432710
290.072897
284.841121
278.737383
272.924299
262.751402
255.485047
243.568224
231.360748
221.478505
207.817757
193.866355
180.205607
164.510280
148.233645
136.898131
121.784112
106.960748
93.009346
75.570093
61.909346
45.342056
29.065421
13.370093
-1.954219
-15.912926
-30.709156
-42.992819
-57.509874
-73.422801
-87.939856
-100.781867
-111.948833
-125.628366
-140.145422
-148.241472
-159.687612
-172.529623
-182.859066
-195.980251
-208.822262
-221.385099
-233.668761
-244.556553
-256.002693
-261.307002
-270.240575
-279.453321
-287.549372
-295.924596
-300.949731
-304.578995
-306.533214
-307.091562
-308.766607
-309.324955
-310.162478
-309.045781
-309.604129
-309.324955
-307.370736
-306.533214
-304.578995
-301.787253
-295.645422
-293.132855
-287.549372
-282.245063
-276.940754
-269.403052
-261.586176
-250.140036
-240.368941
-229.481149
-218.314183
-204.913824
-191.792639
-176.717235
-163.875224
-148.799820
-135.399461
-120.882406
-106.923698
-92.964991
-78.447935
-63.651706
-46.901257
-32.384201
-16.471275
-3.070916
12.788785
26.740187
40.982243
55.224299
70.047664
83.999065
98.531776
111.029907
123.237383
134.282243
146.199065
154.046729
170.323364
181.658879
196.482243
209.852336
223.222430
236.592523
245.602804
252.578505
262.170093
270.017757
282.806542
290.944860
296.176636
301.408411
304.896262
304.605607
305.768224
308.384112
305.768224
306.930841
305.768224
305.768224
304.605607
303.152336
300.827103
298.211215
294.142056
289.491589
285.422430
278.446729
270.599065
264.495327
254.613084
244.730841
231.360748
220.025234
207.817757
192.994393
178.171028
165.091589
149.105607
134.863551
120.912150
105.507477
91.265421
77.023364
60.746729
44.470093
28.193458
13.660748
-1.116697
-14.796230
-31.825853
-44.109515
-59.743268
-73.422801
-88.777379
-100.502693
-114.461400
-127.582585
-137.912029
-149.916517
-159.687612
-172.250449
-184.534111
-196.259425
-209.938959
-222.501795
-233.389587
-245.673250
-254.885996
-262.144524
-271.078097
-280.849192
-287.828546
-296.762118
-301.508079
-304.858169
-306.812388
-307.649910
-307.929084
-309.883303
-308.766607
-309.604129
-309.324955
-308.208259
-307.649910
-305.137343
-304.299820
-300.670557
-297.599641
-293.412029
-289.782765
-282.524237
-278.894973
-268.286355
-260.748654
-250.698384
-238.414722
-230.877020
-219.430880
-203.797127
-192.350987
-178.671454
-163.596050
-149.358169
-134.282765
-123.115799
-107.482047
-93.802513
-80.402154
-63.093357
-48.017953
-34.617594
-19.821364
-5.583483
9.591589
24.414953
37.203738
52.608411
68.594393
77.314019
93.300000
105.507477
116.552336
129.922430
140.385981
153.174766
167.998131
181.368224
195.610280
209.852336
222.350467
236.301869
245.602804
251.125234
262.170093
272.052336
282.225234
290.363551
295.595327
301.117757
302.280374
303.442991
305.186916
304.605607
305.186916
306.349533
305.768224
305.477570
303.733645
304.024299
302.861682
299.955140
292.398131
289.782243
285.131776
279.609346
272.052336
262.751402
253.159813
242.405607
232.232710
222.059813
207.236449
197.354206
179.914953
163.928972
152.012150
135.154206
121.784112
107.542056
92.718692
77.023364
62.490654
44.470093
29.646729
15.114019
0.290654
-13.958707
-30.150808
-42.992819
-55.555655
-72.585278
-85.148115
-100.223519
-113.623878
-124.790844
-136.795332
-148.799820
-158.850090
-173.087971
-183.975763
-195.142729
-210.218133
-223.060144
-234.506284
-246.231598
-256.281867
-261.865350
-269.961400
-278.894973
-288.107720
-295.366248
-302.066427
-304.858169
-308.487433
-308.208259
-309.045781
-310.162478
-309.324955
-309.883303
-309.324955
-308.766607
-307.370736
-306.254039
-304.578995
-301.228905
-296.482944
-293.691203
-289.224417
-283.640934
-275.544883
-268.007181
-261.865350
-251.815081
-240.648115
-228.085278
-217.197487
-204.076302
-188.442549
-176.158887
-158.850090
-144.333034
-132.886894
-117.532316
-104.411131
-89.335727
-74.539497
-60.022442
-43.830341
-29.034111
-15.354578
1.162617
16.567290
29.646729
43.598131
58.421495
72.372897
88.358879
101.438318
111.901869
128.178505
137.479439
149.396262
163.928972
174.101869
188.053271
202.295327
214.793458
228.163551
239.499065
249.671963
255.775701
264.495327
273.505607
283.097196
293.270093
299.373832
303.442991
303.733645
305.186916
306.058879
306.349533
306.349533
307.221495
307.221495
306.058879
304.605607
303.442991
303.442991
299.664486
293.560748
291.235514
285.131776
279.028037
272.052336
263.042056
253.450467
243.858879
230.779439
220.315888
207.817757
193.285047
179.042991
164.510280
148.233645
133.991589
117.714953
104.344860
91.265421
74.988785
60.456075
43.307477
27.030841
12.498131
-3.070916
-17.867145
-33.500898
-47.738779
-59.743268
-74.818671
-89.335727
-101.898564
-116.973968
-130.374327
-139.866248
-151.870736
-162.479354
-172.529623
-184.813285
-196.817774
-209.938959
-224.176840
-233.947935
-247.627469
-256.561041
-262.144524
-271.636445
-280.290844
-289.224417
-296.762118
-301.228905
-306.533214
-307.370736
-307.649910
-309.883303
-308.766607
-310.162478
-310.720826
-309.324955
-309.324955
-307.929084
-305.416517
-304.299820
-300.112208
-297.041293
-292.016158
-288.386894
-282.803411
-276.661580
-267.169659
-259.911131
-251.256732
-239.810592
-230.039497
-218.314183
-205.192998
-192.630162
-176.717235
-165.550269
-147.683124
-135.120287
-121.161580
-105.248654
-93.244165
-79.006284
-62.255835
-47.459605
-33.780072
-18.983842
-3.908438
12.498131
25.868224
40.400935
57.840187
69.175701
81.092523
97.369159
112.483178
121.202804
132.538318
143.583178
156.081308
168.870093
182.240187
196.482243
211.014953
223.513084
237.464486
245.312150
254.031776
261.007477
271.180374
282.515888
290.944860
298.211215
302.280374
303.152336
304.896262
306.058879
305.768224
307.221495
305.768224
304.314953
306.640187
303.733645
304.024299
300.536449
297.629907
293.851402
289.200935
283.097196
278.446729
271.180374
263.332710
254.613084
242.114953
230.779439
218.571963
206.073832
191.831776
176.136449
161.603738
147.942991
131.957009
118.877570
103.472897
88.068224
73.826168
57.258879
42.144860
27.030841
10.754206
-2.791741
-17.308797
-34.896768
-46.622083
-62.814183
-77.889587
-89.894075
-104.690305
-118.090664
-129.257630
-140.145422
-150.754039
-162.758528
-175.042190
-187.046679
-198.492819
-212.172352
-222.780969
-235.064632
-247.348294
-258.515260
-263.540395
-271.078097
-281.965889
-289.224417
-297.041293
-302.345601
-306.533214
-307.370736
-307.091562
-309.324955
-309.883303
-311.000000
-310.720826
-309.045781
-309.604129
-309.045781
-307.091562
-302.903950
-302.066427
-295.645422
-292.853680
-288.107720
-281.128366
-275.544883
-268.286355
-259.352783
-250.419210
-238.135548
-226.410233
-215.522442
-201.005386
-188.442549
-175.042190
-158.291741
-144.891382
-129.815978
-116.136445
-103.852783
-87.939856
-74.539497
-58.347397
-42.155296
-28.196589
-13.679533
2.615888
18.601869
31.100000
44.760748
59.293458
74.116822
90.102804
102.019626
115.680374
127.597196
139.514019
152.012150
165.091589
178.752336
189.797196
202.585981
216.828037
231.360748
242.114953
251.415888
257.228972
269.145794
274.668224
283.969159
292.688785
299.083178
303.442991
305.186916
304.896262
307.512150
307.221495
306.930841
306.640187
306.640187
305.477570
306.058879
304.314953
302.861682
298.211215
292.688785
290.363551
284.259813
277.865421
273.796262
263.042056
255.194393
243.858879
231.360748
222.350467
206.364486
193.575701
181.077570
162.766355
149.977570
136.026168
119.168224
107.542056
90.974766
77.314019
63.071963
44.470093
28.484112
14.242056
-1.954219
-17.587971
-32.942549
-45.784560
-57.509874
-73.701975
-86.543986
-100.502693
-114.182226
-125.070018
-136.236984
-150.474865
-160.245961
-172.529623
-183.975763
-196.817774
-209.938959
-221.105925
-234.785458
-246.231598
-256.281867
-263.540395
-272.753142
-281.407540
-290.899461
-295.924596
-301.787253
-305.974865
-305.974865
-307.929084
-309.604129
-308.766607
-308.766607
-308.208259
-309.324955
-308.766607
-307.649910
-305.695691
-303.462298
-300.391382
-297.041293
-292.016158
-288.386894
-281.128366
-276.661580
-269.123878
-259.631957
-249.302513
-239.531418
-226.968582
-216.080790
-202.680431
-186.767504
-174.204668
-159.129264
-144.612208
-130.653501
-118.090664
-102.177738
-89.614901
-73.143627
-56.951526
-42.713645
-28.475763
-12.004488
2.325234
16.857944
31.390654
47.085981
63.071963
73.244860
88.649533
102.019626
116.842991
127.015888
139.514019
150.558879
162.185047
176.427103
189.797196
204.620561
216.828037
229.035514
240.661682
249.671963
256.938318
267.111215
274.958879
284.259813
291.816822
298.211215
303.152336
303.152336
307.221495
306.930841
307.221495
305.768224
308.674766
306.930841
306.349533
306.058879
303.152336
301.699065
299.083178
295.885981
289.782243
284.550467
277.284112
271.471028
262.460748
251.706542
243.277570
230.779439
220.606542
206.945794
191.831776
177.880374
163.347664
148.814953
134.863551
120.040187
106.088785
90.684112
74.698131
59.874766
43.888785
28.774766
13.370093
-1.675045
-16.471275
-30.988330
-44.667864
-60.022442
-75.656194
-88.498205
-101.061041
-116.136445
-127.024237
-138.470377
-149.358169
-159.966786
-172.529623
-186.209156
-198.213645
-213.289048
-222.780969
-236.460503
-249.023339
-255.165171
-262.982047
-271.636445
-281.407540
-288.107720
-296.762118
-303.183124
-304.578995
-306.812388
-307.370736
-308.766607
-309.883303
-309.604129
-308.208259
-309.324955
-307.370736
-306.533214
-305.137343
-303.462298
-299.833034
-295.924596
-292.574506
-288.386894
-281.686715
-274.986535
-269.403052
-258.515260
-249.023339
-240.089767
-228.922801
-216.918312
-203.238779
-190.955117
-176.438061
-163.875224
-147.124776
-132.049372
-119.765709
-106.086176
-90.731598
-78.168761
-61.418312
-46.063734
-31.825853
-16.192101
-2.233393
14.242056
25.868224
42.144860
57.549533
72.082243
85.161682
100.275701
109.285981
120.330841
134.282243
144.745794
157.825234
172.357944
184.274766
199.098131
212.758879
224.094393
237.173832
246.765421
254.903738
265.076636
274.668224
283.969159
292.398131
297.920561
302.571028
303.733645
304.024299
305.477570
306.058879
307.512150
306.930841
305.477570
305.477570
304.024299
303.733645
301.699065
296.176636
292.979439
289.782243
283.387850
277.284112
271.761682
261.298131
250.543925
240.952336
230.488785
218.862617
204.039252
190.378505
174.392523
161.022430
147.071028
129.922430
117.714953
102.891589
86.614953
74.116822
57.549533
40.982243
25.577570
9.300935
-5.025135
-20.379713
-36.013465
-49.413824
-63.093357
-77.052065
-89.614901
-104.690305
-118.928187
-128.699282
-140.703770
-152.149910
-163.316876
-176.158887
-187.325853
-199.888689
-213.847397
-223.060144
-237.298025
-248.185817
-256.840215
-264.098743
-273.311490
-281.965889
-291.178636
-297.320467
-303.741472
-305.974865
-306.812388
-308.766607
-309.604129
-309.883303
-309.883303
-309.883303
-310.162478
-308.487433
-307.091562
-306.812388
-303.741472
-300.391382
-296.203770
-291.736984
-288.386894
-281.965889
-276.940754
-269.123878
-260.748654
-250.698384
-240.648115
-229.201975
-217.197487
-205.192998
-191.234291
-177.554758
-161.641831
-146.566427
-134.841113
-120.044883
-107.202873
-93.244165
-76.772890
-61.139138
-45.505386
-31.546679
-17.587971
-1.954219
13.660748
27.321495
42.726168
56.096262
68.885047
83.417757
95.625234
107.542056
120.621495
131.085047
144.745794
157.243925
170.614019
184.856075
197.354206
211.014953
226.128972
237.464486
247.346729
254.031776
263.042056
274.377570
282.225234
291.235514
297.629907
299.664486
303.152336
305.186916
304.024299
306.930841
304.896262
304.896262
305.477570
304.896262
303.442991
302.280374
301.699065
297.048598
292.979439
287.457009
281.643925
275.830841
270.599065
260.716822
251.125234
241.533645
229.326168
218.571963
207.527103
191.541121
178.752336
162.185047
147.071028
133.119626
119.749533
106.088785
91.265421
74.988785
59.002804
43.598131
28.484112
13.079439
-1.954219
-15.633752
-32.663375
-45.784560
-61.418312
-76.493716
-89.614901
-101.340215
-115.857271
-127.861759
-138.749551
-150.474865
-161.921005
-173.087971
-186.488330
-200.447038
-213.009874
-225.851885
-236.460503
-247.906643
-257.677738
-263.819569
-273.311490
-283.361759
-288.945242
-297.320467
-302.624776
-306.533214
-306.533214
-308.208259
-310.162478
-310.162478
-311.000000
-310.441652
-309.324955
-309.324955
-307.091562
-306.254039
-304.299820
-300.391382
-296.203770
-292.574506
-287.828546
-282.803411
-274.986535
-267.448833
-256.840215
-247.348294
-237.856373
-227.526930
-213.568223
-201.842908
-185.650808
-173.367145
-158.291741
-142.937163
-130.374327
-116.694794
-101.340215
-87.381508
-71.189408
-56.672352
-42.992819
-26.800718
-12.004488
1.453271
16.276636
31.390654
47.376636
63.071963
74.698131
89.521495
105.507477
114.808411
129.631776
140.676636
151.721495
163.347664
177.880374
190.087850
206.655140
217.700000
229.326168
242.696262
251.706542
258.682243
265.367290
274.668224
285.422430
292.979439
297.920561
301.989720
304.024299
306.640187
305.477570
306.640187
308.093458
306.058879
306.930841
306.640187
305.477570
303.442991
300.827103
295.014019
294.723364
289.491589
281.934579
277.284112
269.145794
261.879439
253.159813
241.533645
230.488785
218.571963
206.655140
191.250467
176.427103
163.057009
146.780374
133.410280
117.424299
105.216822
88.649533
73.535514
57.840187
42.726168
26.740187
11.044860
-3.070916
-17.587971
-34.338420
-47.459605
-62.255835
-76.214542
-87.381508
-104.411131
-115.019749
-125.070018
-140.703770
-149.637343
-161.362657
-175.042190
-186.209156
-199.330341
-212.451526
-222.501795
-238.135548
-248.464991
-256.281867
-264.098743
-273.032316
-281.407540
-290.061939
-297.599641
-302.903950
-305.416517
-307.929084
-307.929084
-308.487433
-309.604129
-309.324955
-307.929084
-309.324955
-308.766607
-306.254039
-305.695691
-304.020646
-299.553860
-296.203770
-291.736984
-286.711849
-280.849192
-275.824057
-268.565530
-257.677738
-248.464991
-238.693896
-227.526930
-216.080790
-203.517953
-189.000898
-176.158887
-160.804309
-147.683124
-133.166068
-120.324057
-106.086176
-91.289946
-75.935368
-60.022442
-43.551167
-31.825853
-15.633752
-1.116697
14.532710
29.065421
40.982243
55.514953
69.466355
83.127103
95.334579
109.867290
120.040187
132.247664
145.327103
156.371963
172.067290
186.018692
198.516822
213.049533
227.291589
236.883178
246.765421
254.031776
265.076636
274.668224
283.678505
292.107477
297.048598
301.117757
302.861682
304.024299
306.349533
305.768224
305.477570
307.221495
304.896262
304.605607
304.024299
301.989720
300.536449
296.176636
291.235514
288.328972
283.969159
276.993458
270.308411
261.298131
249.381308
239.789720
230.198131
218.281308
204.911215
192.122430
177.589720
162.475701
147.071028
131.666355
118.877570
105.507477
89.230841
74.407477
59.584112
41.563551
27.030841
12.207477
-3.629264
-17.029623
-34.059246
-47.459605
-60.022442
-75.935368
-89.335727
-103.852783
-116.136445
-127.861759
-139.028725
-150.474865
-161.083483
-175.042190
-186.209156
-199.330341
-214.126571
-224.456014
-237.856373
-248.744165
-257.398564
-262.702873
-272.194794
-282.245063
-290.341113
-297.041293
-302.066427
-305.974865
-307.370736
-308.487433
-308.208259
-309.324955
-310.720826
-308.766607
-310.162478
-308.766607
-307.370736
-307.091562
-302.903950
-300.949731
-297.320467
-291.178636
-286.991023
-281.686715
-276.103232
-268.844704
-257.119390
-247.906643
-236.181329
-225.572711
-214.964093
-201.284560
-187.884201
-173.925494
-158.012567
-143.495512
-131.770197
-116.415619
-102.736086
-87.381508
-72.026930
-58.068223
-43.830341
-28.196589
-13.400359
3.487850
17.729907
31.681308
46.795327
63.071963
75.279439
90.102804
102.310280
119.458879
127.887850
138.932710
150.558879
162.766355
176.136449
190.669159
202.876636
216.828037
229.326168
240.952336
249.962617
256.066355
267.111215
275.830841
284.259813
293.270093
299.955140
301.699065
303.733645
305.186916
304.896262
304.896262
306.058879
306.640187
306.349533
306.058879
306.640187
302.571028
300.245794
297.339252
292.979439
289.200935
283.969159
278.446729
269.727103
261.007477
251.415888
238.917757
228.163551
218.862617
204.911215
189.215888
174.392523
158.115888
144.455140
131.085047
115.680374
101.147664
85.742991
71.791589
55.514953
40.691589
24.414953
9.591589
-5.862657
-20.938061
-36.292639
-48.855476
-64.489228
-79.285458
-92.127469
-106.365350
-120.324057
-131.211849
-142.099641
-154.104129
-163.875224
-175.879713
-188.442549
-200.447038
-214.964093
-226.410233
-238.135548
-248.464991
-258.236086
-264.936266
-273.869838
-282.803411
-291.736984
-298.437163
-303.741472
-307.091562
-307.370736
-307.649910
-307.929084
-310.720826
-310.720826
-309.883303
-308.487433
-309.324955
-308.208259
-305.416517
-303.462298
-300.112208
-296.762118
-292.574506
-287.549372
-281.965889
-274.149013
-267.169659
-257.956912
-249.581688
-237.856373
-225.851885
-215.801616
-202.122083
-189.000898
-176.158887
-159.966786
-145.728905
-131.770197
-119.486535
-104.969479
-91.010772
-75.377020
-59.184919
-43.271993
-30.150808
-15.633752
1.743925
15.985981
29.646729
44.760748
59.584112
72.663551
87.196262
100.566355
112.773832
123.528037
137.188785
147.071028
158.406542
170.614019
183.693458
201.132710
213.049533
226.710280
238.627103
247.346729
