308.130996
307.844096
307.844096
307.270295
304.975092
302.392989
300.671587
297.802583
294.646679
292.064576
287.187269
281.162362
275.424354
266.530443
257.636531
248.742620
239.274908
228.085793
215.175277
202.551661
188.206642
173.287823
158.369004
144.023985
128.818266
110.456642
94.103321
78.036900
64.839483
48.486162
32.993542
17.787823
3.729705
-10.827853
-24.964217
-39.401354
-53.537718
-66.470986
-78.802708
-91.735977
-104.067698
-115.196325
-129.633462
-142.265957
-155.800774
-166.628627
-178.960348
-194.600580
-210.541586
-221.068665
-231.595745
-242.724371
-252.349130
-260.770793
-269.493230
-277.614120
-286.336557
-294.457447
-301.676015
-304.984526
-307.992263
-308.293037
-309.796905
-309.195358
-311.000000
-310.699226
-310.398453
-308.894584
-307.691489
-305.285300
-303.480658
-300.773694
-297.164410
-293.254352
-288.141199
-282.727273
-276.411025
-268.590909
-258.966151
-249.341393
-238.212766
-228.287234
-214.150870
-201.518375
-186.178917
-170.538685
-155.199226
-140.762089
-123.617988
-105.270793
-88.728240
-72.486460
-56.244681
-40.905222
-24.964217
-9.023211
6.885609
20.083026
35.001845
47.625461
60.822878
74.594096
86.070111
96.972325
108.735240
120.211255
132.834871
145.745387
158.655904
169.558118
181.321033
196.239852
211.445572
221.773985
231.528598
241.570111
250.750923
259.644834
268.538745
275.711255
284.031365
292.351476
297.802583
302.966790
304.688192
305.548893
305.261993
308.130996
308.130996
308.130996
308.704797
305.835793
304.688192
302.392989
300.384686
296.941882
294.933579
290.343173
286.900369
280.014760
274.563653
266.530443
258.210332
248.742620
238.414207
227.798893
214.314576
201.690959
187.919742
171.853321
157.508303
143.450185
127.957565
111.317343
92.955720
77.750000
63.404982
48.199262
32.419742
16.353321
2.582103
-12.030948
-25.565764
-40.905222
-54.740812
-66.771760
-80.607350
-91.735977
-103.766925
-115.797872
-129.934236
-142.265957
-157.003868
-167.230174
-179.561896
-196.405222
-209.639265
-222.572534
-231.595745
-241.822050
-253.852998
-261.071567
-269.794004
-278.516441
-286.938104
-295.359768
-301.976789
-305.886847
-306.789168
-308.593810
-308.894584
-309.496132
-310.097679
-310.398453
-309.496132
-308.894584
-307.691489
-305.285300
-302.879110
-300.172147
-296.863636
-293.254352
-287.238878
-281.524178
-276.110251
-267.387814
-258.665377
-248.138298
-237.310445
-226.482592
-213.248549
-200.014507
-184.975822
-170.839458
-153.996132
-140.461315
-124.219536
-104.669246
-87.525145
-72.486460
-55.943907
-40.604449
-24.663443
-8.421663
5.451107
19.222325
34.428044
47.338561
60.822878
72.298893
84.061808
96.398524
107.300738
119.063653
131.974170
144.597786
157.795203
168.410517
180.460332
195.952952
210.871771
222.060886
230.094096
241.283210
251.324723
259.644834
267.964945
276.571956
285.178967
292.351476
298.089483
301.819188
304.114391
305.548893
306.696494
306.122694
307.844096
308.130996
307.844096
307.270295
304.401292
302.106089
299.810886
297.228782
294.646679
291.203875
287.187269
281.162362
274.276753
267.104244
258.497232
247.881919
238.701107
226.651292
215.175277
200.830258
186.198339
171.279520
156.360701
142.589483
127.383764
109.022140
92.095018
76.028598
61.970480
46.764760
30.985240
14.345018
2.008303
-12.933269
-27.671180
-41.807544
-54.740812
-68.275629
-81.509671
-93.841393
-104.368472
-118.204062
-130.235010
-144.070600
-157.304642
-168.132495
-181.968085
-197.909091
-211.744681
-222.873308
-231.595745
-243.626692
-251.747582
-262.575435
-270.094778
-278.215667
-287.539652
-295.961315
-301.375242
-304.984526
-307.691489
-309.195358
-308.894584
-310.699226
-310.097679
-309.796905
-310.699226
-308.894584
-306.789168
-303.179884
-301.976789
-299.269826
-296.262089
-292.953578
-287.840426
-281.524178
-275.207930
-267.688588
-258.364603
-248.439072
-237.611219
-226.181818
-212.346228
-199.112186
-183.772727
-168.734043
-152.492263
-139.258221
-122.114120
-103.165377
-85.118956
-70.381044
-54.139265
-38.198259
-21.354932
-5.113153
8.893911
22.378229
36.149446
50.494465
63.118081
75.454797
88.078413
98.980627
111.030443
122.506458
135.130074
147.753690
160.377306
171.566421
183.616236
199.395756
214.027675
223.495387
232.963100
243.578413
253.333026
261.653137
269.973247
277.719557
286.039668
294.072878
299.237085
302.392989
304.975092
305.835793
307.270295
307.844096
308.130996
307.844096
308.417897
306.983395
304.401292
302.679889
300.671587
297.802583
295.220480
292.064576
286.900369
280.875461
275.137454
266.243542
256.775830
247.308118
236.979705
225.216790
213.453875
199.395756
185.050738
170.418819
154.926199
141.154982
125.662362
107.300738
91.521218
75.454797
61.396679
45.330258
29.837638
15.205720
-0.601547
-14.437137
-29.776596
-43.612186
-56.244681
-70.381044
-82.111219
-95.646035
-106.473888
-119.407157
-132.340426
-145.875242
-157.605416
-169.335590
-181.667311
-199.112186
-212.647002
-223.474855
-233.400387
-244.228240
-255.056093
-262.876209
-271.297872
-278.817215
-286.938104
-295.359768
-301.976789
-304.984526
-307.691489
-308.593810
-309.195358
-310.398453
-308.894584
-310.097679
-309.796905
-309.496132
-306.789168
-303.781431
-301.074468
-299.570600
-295.660542
-292.352031
-286.336557
-280.321083
-273.704062
-265.883946
-257.462282
-247.536750
-236.408124
-224.978723
-212.045455
-197.909091
-181.366538
-165.425532
-150.988395
-136.250484
-119.106383
-101.360735
-83.013540
-67.072534
-52.033849
-36.092843
-20.452611
-3.910058
9.467712
24.673432
38.731550
51.642066
65.126384
77.463100
89.512915
101.275830
112.751845
124.801661
137.425277
149.475092
162.672509
173.000923
185.624539
201.690959
216.035978
224.929889
234.110701
243.865314
253.619926
262.513838
269.399446
279.440959
287.187269
294.933579
300.384686
303.827491
305.835793
305.835793
308.130996
309.278598
308.991697
309.565498
308.704797
307.270295
305.261993
303.253690
301.245387
298.089483
294.359779
291.777675
286.613469
280.875461
274.276753
267.104244
257.923432
247.881919
238.127306
225.503690
213.166974
199.682657
184.763838
170.418819
154.639299
141.441882
125.088561
106.726937
90.373616
74.880996
60.822878
45.904059
30.124539
14.918819
0.573801
-14.437137
-27.971954
-41.807544
-56.244681
-68.877176
-81.810445
-95.044487
-105.270793
-119.106383
-132.641199
-144.672147
-159.710832
-168.132495
-183.471954
-198.811412
-213.248549
-224.076402
-233.400387
-244.829787
-253.552224
-261.973888
-270.395551
-278.516441
-286.637331
-295.961315
-300.773694
-304.082205
-307.691489
-308.293037
-309.195358
-309.496132
-309.796905
-308.293037
-309.195358
-308.593810
-305.285300
-303.781431
-302.578337
-298.668279
-295.961315
-292.051257
-286.336557
-279.418762
-272.801741
-265.282398
-255.958414
-245.732108
-234.603482
-221.970986
-209.338491
-195.803675
-180.464217
-163.620890
-150.687621
-135.648936
-117.602515
-99.255319
-83.013540
-67.072534
-51.432302
-35.491296
-18.647969
-3.609284
12.049815
25.534133
39.018450
53.937269
66.273985
79.184502
91.234317
102.710332
113.899446
125.088561
138.285978
150.048893
163.820111
172.714022
186.772140
203.125461
216.322878
226.364391
235.545203
246.160517
257.062731
263.948339
271.981550
280.014760
288.334871
294.933579
300.097786
304.401292
305.835793
307.270295
308.130996
308.130996
308.704797
308.991697
309.852399
307.557196
305.548893
303.253690
301.532288
298.950185
294.933579
291.777675
287.187269
281.449262
275.137454
265.956642
256.488930
247.021218
236.979705
224.356089
213.453875
198.535055
183.616236
169.845018
153.491697
140.294280
123.654059
106.440037
88.939114
74.594096
60.249077
45.043358
28.403137
14.058118
-0.000000
-15.339458
-29.175048
-43.311412
-56.846228
-70.681818
-83.013540
-94.743714
-106.774662
-118.805609
-132.340426
-144.972921
-158.507737
-169.335590
-183.171180
-199.412959
-214.150870
-223.474855
-234.302708
-244.829787
-255.056093
-261.673114
-270.696325
-278.215667
-287.840426
-295.961315
-302.277563
-304.382979
-306.488395
-307.390716
-307.992263
-308.593810
-308.293037
-308.894584
-308.293037
-306.789168
-304.382979
-302.578337
-300.773694
-298.066731
-295.660542
-289.344294
-285.133462
-278.817215
-271.598646
-264.680851
-254.454545
-244.529014
-234.302708
-223.775629
-209.037718
-195.502901
-180.163443
-165.124758
-149.785300
-135.648936
-118.504836
-99.255319
-81.810445
-67.373308
-51.432302
-35.190522
-19.550290
-3.308511
10.902214
24.099631
38.444649
52.215867
64.839483
77.176199
88.939114
100.128229
111.891144
123.940959
136.564576
149.188192
161.811808
172.140221
185.911439
201.977860
214.027675
224.069188
233.536900
245.299815
254.767528
262.800738
271.407749
278.580258
288.334871
295.507380
300.958487
304.688192
305.835793
306.696494
306.983395
308.704797
308.417897
308.130996
308.704797
306.409594
305.261993
302.966790
300.097786
297.228782
294.072878
290.343173
285.465867
280.301661
272.555351
265.095941
255.628229
245.586716
235.258303
224.356089
211.732472
197.100554
182.181734
167.549815
153.491697
138.859779
122.506458
103.857934
88.078413
72.872694
58.527675
42.174354
26.681734
12.049815
-2.105416
-17.745648
-30.678917
-45.116054
-58.650870
-72.185687
-84.818182
-96.247582
-107.977756
-120.008704
-133.844294
-146.777563
-158.507737
-170.538685
-184.675048
-199.713733
-215.053191
-224.677950
-233.701161
-245.732108
-255.356867
-264.079304
-271.598646
-280.922631
-289.043520
-296.562863
-301.375242
-305.586074
-306.187621
-307.691489
-308.593810
-308.894584
-309.195358
-309.195358
-308.593810
-307.691489
-305.285300
-302.879110
-300.773694
-298.969052
-295.359768
-289.945841
-284.832689
-279.117988
-271.598646
-264.680851
-253.852998
-244.829787
-233.099613
-221.670213
-209.338491
-194.600580
-179.261122
-163.620890
-148.882979
-133.242747
-117.301741
-98.052224
-82.712766
-66.170213
-50.830754
-34.889749
-17.144101
-2.105416
10.902214
26.394834
38.731550
53.363469
65.126384
77.750000
89.226015
101.275830
111.317343
124.514760
136.277675
150.048893
163.246310
172.427122
187.345941
203.412362
215.749077
223.782288
233.823801
245.012915
255.341328
262.513838
271.407749
279.154059
288.334871
294.646679
300.097786
303.253690
304.975092
307.270295
307.270295
308.417897
309.278598
308.991697
308.130996
306.696494
304.401292
301.819188
300.097786
296.368081
293.212177
290.056273
285.465867
279.727860
273.129151
265.095941
255.341328
245.873616
234.971402
222.634686
211.158672
196.239852
182.468635
166.689114
152.630996
138.572878
121.645756
104.718635
88.939114
72.585793
59.101476
43.035055
27.542435
12.049815
-1.804642
-16.241779
-30.979691
-44.213733
-58.049323
-70.982592
-83.013540
-96.548356
-108.880077
-121.211799
-133.844294
-147.980658
-160.011605
-170.538685
-185.577369
-201.518375
-215.053191
-224.978723
-235.806576
-246.634429
-255.657640
-262.876209
-271.899420
-279.719536
-290.246615
-296.863636
-302.578337
-305.285300
-307.390716
-308.293037
-308.593810
-308.894584
-308.593810
-309.796905
-309.496132
-307.089942
-304.683752
-303.480658
-300.472921
-298.668279
-294.156673
-290.246615
-285.133462
-278.516441
-271.899420
-263.176983
-253.852998
-244.829787
-231.595745
-220.467118
-207.533849
-192.795938
-177.155706
-162.417795
-146.476789
-132.641199
-113.993230
-95.044487
-79.404255
-62.560928
-48.123791
-31.882012
-16.241779
0.286900
13.197417
27.255535
41.600554
54.224170
67.995387
79.471402
92.668819
104.144834
115.333948
126.809963
140.007380
152.057196
163.820111
175.296125
188.780443
205.133764
218.618081
227.511993
237.840406
248.742620
257.062731
265.095941
272.555351
281.449262
289.482472
296.368081
301.245387
303.540590
306.122694
306.983395
308.704797
309.565498
310.139299
309.278598
308.991697
307.270295
304.975092
302.966790
300.671587
298.089483
294.072878
290.916974
285.752768
279.727860
273.129151
263.948339
254.480627
245.586716
233.823801
222.921587
209.150369
195.092251
180.460332
165.254613
150.335793
136.851476
120.498155
102.997232
86.070111
71.151292
57.380074
41.026753
26.107934
10.902214
-3.910058
-18.647969
-32.182785
-46.920696
-59.553191
-72.787234
-86.021277
-98.352998
-109.782398
-121.512573
-135.047389
-148.882979
-161.515474
-172.042553
-186.479691
-202.420696
-215.955513
-226.181818
-235.806576
-246.634429
-257.462282
-264.380077
-273.704062
-281.524178
-289.945841
-297.765957
-302.277563
-305.586074
-307.992263
-308.293037
-309.195358
-309.195358
-308.894584
-308.593810
-308.894584
-305.886847
-305.886847
-303.480658
-301.375242
-297.164410
-293.254352
-289.645068
-283.629594
-278.817215
-270.395551
-261.973888
-253.251451
-241.521277
-231.595745
-219.564797
-205.729207
-191.592843
-175.651838
-159.710832
-145.875242
-130.535783
-113.090909
-94.142166
-76.396518
-61.658607
-46.319149
-29.776596
-14.136364
2.295203
15.779520
29.263838
43.321956
57.380074
69.716790
81.479705
94.390221
105.866236
117.342251
129.678967
142.015683
155.213100
166.689114
177.017528
191.362546
207.428967
220.052583
228.372694
238.414207
248.168819
257.636531
266.530443
273.702952
282.596863
290.343173
296.654982
302.392989
304.688192
307.270295
308.417897
308.704797
309.565498
309.852399
309.565498
309.278598
307.270295
304.975092
302.966790
301.245387
297.802583
294.646679
290.630074
285.465867
280.301661
272.555351
263.661439
255.915129
245.012915
233.823801
222.060886
209.150369
195.952952
180.173432
165.541513
151.196494
137.138376
119.637454
101.562731
86.357011
70.864391
55.945572
41.313653
25.247232
10.615314
-3.910058
-18.347195
-32.784333
-46.319149
-58.951644
-73.088008
-86.021277
-96.548356
-109.481625
-122.414894
-135.648936
-149.183752
-161.214700
-172.644101
-187.983559
-203.924565
-217.158607
-226.482592
-236.708897
-247.837524
-257.161509
-264.981625
-273.704062
-281.824952
-290.246615
-297.765957
-302.277563
-304.984526
-307.390716
-308.293037
-307.992263
-308.593810
-308.293037
-308.293037
-308.593810
-307.089942
-304.382979
-302.879110
-300.472921
-297.465184
-294.156673
-287.840426
-283.328820
-276.711799
-269.192456
-261.973888
-252.048356
-241.822050
-230.693424
-218.361702
-206.631528
-191.292070
-175.351064
-160.312379
-146.777563
-131.137331
-113.090909
-94.442940
-77.599613
-62.560928
-47.221470
-31.280464
-13.835590
-0.000000
14.918819
29.550738
41.887454
56.232472
67.995387
80.905904
92.955720
103.571033
115.620849
127.957565
140.294280
152.057196
165.254613
175.009225
190.214945
205.420664
218.331181
227.225092
237.553506
248.168819
257.923432
265.669742
275.137454
282.596863
290.343173
297.515683
302.106089
304.114391
306.696494
307.557196
308.417897
309.565498
309.565498
309.565498
308.991697
306.696494
304.975092
302.392989
299.810886
298.089483
294.359779
289.769373
285.465867
278.867159
271.981550
262.513838
253.333026
244.439114
233.536900
221.200185
208.863469
193.944649
179.599631
164.680812
150.048893
137.425277
118.489852
101.275830
85.209410
70.290590
55.945572
39.592251
24.673432
8.893911
-4.812379
-19.550290
-33.686654
-47.522244
-60.154739
-73.388781
-86.021277
-98.352998
-110.684720
-122.114120
-137.152805
-150.687621
-161.816248
-173.847195
-188.585106
-204.826886
-217.158607
-226.181818
-237.911992
-247.536750
-256.860735
-265.883946
-273.403288
-282.125725
-290.547389
-297.164410
-303.480658
-305.886847
-307.992263
-308.894584
-309.195358
-309.195358
-308.894584
-308.894584
-308.593810
-306.488395
-304.683752
-301.976789
-299.570600
-297.164410
-292.953578
-289.344294
-283.629594
-277.614120
-269.192456
-261.071567
-251.146035
-241.521277
-230.091876
-218.361702
-203.924565
-190.088975
-175.351064
-160.011605
-143.769826
-129.031915
-110.985493
-92.939072
-76.396518
-60.756286
-45.416828
-28.874275
-12.030948
2.869004
16.640221
30.411439
45.043358
57.953875
70.290590
82.627306
94.103321
106.726937
117.629151
129.392066
142.015683
155.213100
166.402214
177.591328
191.649446
208.002768
219.191882
228.085793
238.701107
249.316421
258.784133
266.243542
275.137454
282.596863
290.916974
297.515683
302.966790
306.122694
306.696494
307.557196
309.565498
309.278598
308.704797
309.565498
308.991697
306.409594
304.688192
302.679889
300.097786
296.941882
293.499077
290.343173
285.465867
278.867159
271.407749
262.226937
253.046125
243.004613
231.815498
219.765683
208.002768
192.797048
178.738930
163.246310
148.901292
134.269373
117.342251
99.267528
82.914207
68.856089
53.937269
38.157749
22.665129
6.885609
-6.917795
-21.655706
-35.792070
-50.229207
-64.064797
-76.095745
-88.427466
-100.759188
-111.887814
-124.520309
-137.453578
-151.289168
-162.718569
-174.147969
-190.088975
-206.330754
-218.963250
-228.287234
-237.310445
-249.040619
-257.161509
-265.883946
-274.907157
-283.028046
-291.148936
-298.367505
-302.879110
-305.586074
-306.187621
-307.691489
-309.195358
-308.593810
-309.496132
-309.796905
-307.992263
-305.586074
-303.781431
-301.074468
-299.871373
-296.262089
-292.352031
-289.344294
-282.727273
-276.711799
-270.395551
-259.868472
-250.845261
-240.318182
-229.490329
-217.158607
-202.721470
-188.284333
-171.741779
-156.703095
-143.168279
-127.227273
-109.782398
-90.833656
-74.892650
-59.553191
-43.612186
-27.671180
-10.827853
4.303506
17.214022
32.419742
46.477860
59.962177
72.298893
84.061808
96.398524
107.300738
118.776753
130.826568
143.450185
156.360701
167.262915
178.738930
193.657749
209.724170
221.200185
230.094096
240.996310
251.611624
259.931734
267.964945
275.998155
283.170664
291.203875
298.089483
302.966790
306.122694
307.557196
308.417897
309.278598
309.565498
309.565498
309.565498
308.704797
306.983395
304.975092
302.966790
300.097786
298.089483
293.785978
288.908672
284.892066
278.867159
270.833948
262.226937
253.046125
243.291513
232.676199
219.191882
206.568266
192.510148
176.730627
162.385609
147.466790
133.982472
116.768450
98.406827
82.914207
68.282288
53.937269
37.010148
21.804428
8.320111
-6.015474
-21.054159
-35.190522
-49.326886
-62.560928
-75.494197
-88.126692
-100.157640
-112.489362
-124.520309
-138.957447
-152.191489
-163.320116
-175.351064
-190.991296
-205.127660
-219.264023
-227.685687
-238.212766
-248.439072
-257.763056
-266.786267
-274.907157
-282.727273
-290.246615
-297.465184
-302.578337
-304.984526
-306.187621
-307.691489
-308.293037
-308.293037
-308.593810
-308.894584
-308.593810
-305.886847
-304.082205
-302.879110
-298.668279
-296.863636
-292.953578
-287.840426
-282.727273
-276.110251
-268.590909
-259.567698
-249.942940
-239.115087
-227.084139
-216.857834
-202.420696
-188.585106
-172.944874
-155.500000
-141.664410
-126.324952
-108.880077
-90.532882
-73.990329
-59.252418
-43.311412
-26.768859
-9.624758
4.016605
19.222325
32.419742
46.477860
60.822878
72.298893
84.061808
96.111624
107.874539
118.776753
132.261070
143.450185
156.934502
167.836716
179.025830
194.231550
210.011070
221.487085
229.807196
240.996310
251.037823
259.931734
268.538745
275.998155
284.892066
292.638376
298.663284
302.966790
305.548893
306.122694
306.983395
308.417897
309.565498
309.278598
308.991697
308.130996
306.696494
304.401292
302.106089
300.958487
297.515683
293.499077
289.482472
284.318266
278.580258
271.407749
261.653137
252.472325
241.857011
230.094096
218.331181
205.133764
191.362546
175.869926
160.951107
147.753690
131.687269
114.186347
97.833026
82.340406
67.421587
52.215867
36.149446
20.369926
6.024908
-8.120890
-21.956480
-38.499033
-52.635397
-64.666344
-76.998066
-89.931335
-101.360735
-114.294004
-125.121857
-139.558994
-152.793037
-163.320116
-176.554159
-191.592843
-207.834623
-219.264023
-228.287234
-239.415861
-248.739845
-259.567698
-267.688588
-275.508704
-283.930368
-292.051257
-299.871373
-301.976789
-305.285300
-307.390716
-307.992263
-308.593810
-307.992263
-309.496132
-309.496132
-307.691489
-307.089942
-304.082205
-301.976789
-299.269826
-296.262089
-290.246615
-286.938104
-282.125725
-275.207930
-268.290135
-258.364603
-249.942940
-239.115087
-228.588008
-216.256286
-201.518375
-187.983559
-171.140232
-155.800774
-142.265957
-126.324952
-107.075435
-89.630561
-72.787234
-57.147002
-42.108317
-26.167311
-9.925532
5.164207
18.935424
33.280443
46.477860
59.962177
73.159594
84.061808
96.685424
108.448339
119.924354
132.834871
144.310886
156.647601
167.836716
180.173432
194.805351
210.297970
221.487085
229.520295
240.422509
251.611624
259.644834
268.251845
276.858856
285.178967
293.499077
298.376384
302.106089
304.975092
307.270295
307.844096
308.130996
309.565498
309.852399
309.278598
308.130996
306.409594
304.688192
301.819188
300.097786
296.368081
293.212177
288.621771
282.596863
277.432657
268.825646
260.218635
251.611624
240.996310
230.094096
218.044280
204.559963
190.501845
175.009225
159.803506
145.745387
130.539668
112.751845
95.250923
80.045203
65.413284
50.494465
34.428044
19.222325
4.303506
-9.323985
-24.061896
-38.499033
-52.033849
-64.967118
-78.501934
-90.532882
-101.360735
-114.895551
-126.625725
-140.762089
-154.597679
-164.222437
-177.155706
-193.096712
-208.436170
-219.564797
-229.490329
-239.716634
-250.544487
-260.169246
-267.688588
-275.508704
-283.629594
-292.352031
-299.269826
-303.781431
-305.285300
-307.390716
-307.691489
-308.894584
-309.496132
-308.593810
-308.293037
-308.293037
-305.886847
-304.382979
-302.277563
-299.570600
-296.262089
-292.652805
-287.238878
-282.125725
-275.809478
-267.387814
-258.063830
-248.439072
-237.911992
-227.384913
-214.150870
-201.217602
-184.675048
-170.538685
-154.898453
-141.062863
-124.520309
-106.173114
-89.029014
-72.185687
-56.846228
-41.205996
-24.964217
-9.925532
5.164207
19.796125
34.141144
47.625461
60.822878
73.733395
85.783210
98.693727
108.735240
121.358856
132.834871
145.458487
157.508303
168.410517
180.460332
195.952952
211.445572
222.060886
230.667897
241.857011
252.185424
260.505535
268.251845
277.145756
286.039668
293.212177
298.663284
302.966790
305.261993
306.409594
307.557196
308.704797
308.704797
309.565498
308.704797
307.844096
306.409594
304.114391
302.392989
299.810886
296.368081
292.925277
288.334871
282.883764
277.432657
269.112546
258.784133
251.324723
239.848708
228.372694
216.609779
203.125461
188.493542
173.861624
158.082103
145.745387
130.252768
111.604244
94.677122
79.184502
63.691882
49.633764
33.280443
18.361624
4.016605
-11.128627
-25.264990
-40.002901
-53.236944
-66.470986
-79.705029
-91.735977
-103.466151
-115.797872
-128.731141
-142.265957
-155.800774
-166.027079
-179.561896
-194.600580
-210.541586
-221.670213
-230.693424
-240.919729
-252.649903
-260.770793
-269.493230
-276.110251
-285.735010
-293.855899
-300.773694
-304.082205
-306.187621
-308.593810
-308.593810
-310.097679
-309.195358
-307.992263
-309.496132
-308.293037
-306.789168
-304.082205
-301.375242
-298.668279
-295.359768
-291.750484
-286.336557
-281.223404
-274.606383
-267.688588
-257.462282
-248.439072
-237.310445
-227.084139
-212.346228
-200.014507
-184.675048
-170.237911
-153.996132
-140.160542
-123.016441
-104.970019
-87.224371
-72.486460
-56.545455
-40.002901
-22.558027
-8.421663
6.885609
21.517528
34.428044
48.486162
60.822878
73.446494
85.496310
97.546125
107.874539
119.350554
132.261070
144.884686
157.795203
168.984317
181.034133
195.952952
212.880074
222.347786
230.954797
242.430812
251.611624
260.792435
268.251845
277.145756
286.039668
293.499077
298.950185
304.114391
305.835793
306.983395
308.704797
308.991697
309.278598
308.704797
308.704797
308.130996
306.983395
302.966790
301.245387
299.523985
296.654982
292.638376
287.761070
282.023063
275.137454
267.678044
258.497232
249.890221
238.988007
227.511993
215.462177
201.977860
187.919742
173.000923
158.369004
143.737085
128.818266
111.030443
93.529520
78.897601
64.552583
48.486162
32.993542
17.787823
2.869004
-10.827853
-25.565764
-40.002901
-53.838491
-66.771760
-79.404255
-91.735977
-103.766925
-115.196325
-128.731141
-142.265957
-156.703095
-165.425532
-180.163443
-195.202128
-210.240812
-221.970986
-230.693424
-242.423598
-252.349130
-261.071567
-268.891683
-277.012573
-285.735010
-295.058994
-300.472921
-304.382979
-306.789168
-307.691489
-308.293037
-309.195358
-309.796905
-308.894584
-308.894584
-307.992263
-305.886847
-303.781431
-301.676015
-298.969052
-295.961315
-292.051257
-287.238878
-281.524178
-273.704062
-267.387814
-258.063830
-247.837524
-236.708897
-225.580271
-212.647002
-198.209865
-184.073501
-167.530948
-152.793037
-139.558994
-122.114120
-103.466151
-86.322050
-71.283366
-55.342360
-38.799807
-23.159574
-6.617021
7.746310
21.804428
36.436347
50.781365
63.691882
75.167897
88.365314
99.554428
110.456642
122.793358
133.695572
146.892989
160.377306
169.845018
183.042435
197.674354
212.306273
223.495387
232.389299
243.578413
253.906827
261.940037
270.260148
279.440959
286.900369
294.646679
300.384686
303.827491
305.548893
307.557196
308.417897
308.991697
308.991697
309.278598
309.278598
307.844096
305.548893
303.827491
301.532288
298.663284
296.654982
292.638376
287.187269
281.449262
275.424354
267.678044
259.071033
248.455720
238.127306
226.938192
215.175277
200.543358
186.485240
171.853321
156.073801
142.589483
127.957565
109.022140
92.381919
77.463100
62.257380
47.625461
31.559041
16.066421
1.434502
-12.632495
-26.768859
-41.506770
-54.740812
-68.275629
-80.908124
-94.743714
-105.571567
-117.903288
-129.934236
-144.070600
-157.003868
-167.831721
-181.065764
-196.705996
-211.443907
-222.873308
-231.595745
-242.122824
-253.552224
-261.071567
-269.794004
-277.914894
-286.938104
-295.359768
-301.375242
-304.683752
-307.089942
-307.992263
-309.496132
-309.496132
-309.195358
-309.195358
-309.195358
-308.593810
-305.886847
-303.781431
-302.277563
-298.066731
-295.961315
-291.148936
-287.238878
-279.719536
-273.102515
-266.485493
-255.657640
-246.935203
-236.408124
-224.377176
-211.744681
-196.405222
-183.171180
-166.027079
-150.386847
-136.551257
-119.707930
-101.360735
-83.013540
-67.072534
-52.635397
-37.897485
-20.452611
-3.609284
9.467712
24.673432
38.157749
51.355166
64.839483
76.602399
90.086716
100.988930
112.178044
124.801661
136.851476
149.188192
162.672509
172.427122
185.050738
201.690959
216.035978
226.077491
234.971402
246.447417
256.488930
263.661439
271.694649
278.867159
287.761070
295.220480
301.532288
304.975092
306.409594
308.417897
308.991697
309.852399
309.852399
309.852399
309.852399
308.130996
306.409594
303.827491
301.532288
299.810886
296.368081
293.212177
287.761070
284.031365
275.711255
267.391144
259.071033
248.742620
238.701107
226.938192
215.175277
200.543358
186.485240
172.427122
156.647601
143.737085
126.523063
109.022140
92.955720
77.463100
62.831181
47.338561
32.132841
16.927122
2.295203
-12.030948
-27.069632
-40.604449
-55.342360
-67.974855
-80.607350
-92.337524
-104.368472
-117.602515
-130.235010
-143.769826
-156.101547
-166.327853
-181.065764
-196.405222
-211.744681
-221.369439
-231.595745
-242.122824
-252.649903
-261.973888
-269.192456
-277.614120
-285.735010
-294.457447
-300.172147
-303.781431
-305.886847
-306.789168
-308.293037
-309.195358
-307.691489
-308.293037
-308.593810
-307.992263
-305.285300
-302.578337
-301.375242
-298.969052
-295.058994
-290.547389
-285.434236
-278.817215
-273.403288
-265.583172
-254.755319
-245.732108
-235.505803
-223.474855
-211.443907
-196.405222
-181.366538
-164.823985
-150.386847
-135.648936
-119.707930
-101.059961
-82.111219
-66.470986
-51.733075
-35.792070
-18.948743
-3.609284
10.328413
24.960332
38.444649
52.502768
65.700185
77.750000
89.512915
102.136531
113.038745
124.514760
136.851476
149.761993
162.672509
173.287823
186.198339
202.838561
215.462177
225.790590
234.971402
245.586716
255.915129
262.513838
271.981550
280.014760
288.334871
295.220480
300.671587
304.688192
306.983395
307.844096
307.557196
309.278598
309.565498
309.852399
310.139299
306.983395
305.548893
304.688192
301.819188
299.810886
295.507380
292.638376
287.474170
281.449262
275.137454
266.817343
257.349631
247.881919
236.692804
226.077491
213.740775
199.682657
185.337638
170.705720
156.360701
142.589483
125.949262
108.448339
90.660517
76.315498
61.683579
45.043358
30.124539
13.771218
0.286900
-14.437137
-28.874275
-43.612186
-56.545455
-70.080271
-82.111219
-95.044487
-105.872340
-119.106383
-132.340426
-145.273694
-158.206963
-168.433269
-182.870406
-198.209865
-213.248549
-222.873308
-231.595745
-243.325919
-254.153772
-261.973888
-269.794004
-278.817215
-286.938104
-295.660542
-301.074468
-304.082205
-306.488395
-306.789168
-307.992263
-307.691489
-307.691489
-308.894584
-308.593810
-307.089942
-304.984526
-303.480658
-300.472921
-297.465184
-294.758221
-290.547389
-284.832689
-279.418762
-272.801741
-265.282398
-255.958414
-244.529014
-233.701161
-222.873308
-210.240812
-196.104449
-181.065764
-164.823985
-150.086074
-135.949710
-119.106383
-98.954545
-83.013540
-65.869439
-51.733075
-36.393617
-19.550290
-3.910058
10.615314
24.386531
38.731550
52.502768
65.700185
78.036900
90.086716
101.849631
112.464945
124.514760
136.564576
148.327491
161.811808
171.566421
185.050738
200.543358
214.314576
224.069188
233.250000
245.873616
255.054428
263.661439
271.981550
279.727860
288.334871
295.220480
300.384686
304.688192
306.696494
307.557196
308.417897
309.852399
308.704797
309.565498
308.417897
308.130996
305.835793
302.392989
301.245387
298.089483
295.507380
291.490775
286.326568
280.875461
274.563653
266.243542
256.775830
247.021218
236.405904
224.642989
213.166974
198.248155
183.616236
168.123616
153.491697
140.581181
123.367159
105.866236
89.799815
73.733395
59.962177
44.469557
28.690037
12.623616
-1.503868
-16.241779
-28.874275
-43.612186
-57.447776
-70.080271
-82.411992
-94.442940
-106.173114
-119.407157
-132.039652
-145.875242
-158.206963
-169.636364
-183.772727
-199.713733
-214.150870
-224.377176
-233.400387
-245.431335
-254.755319
-263.477756
-269.794004
-279.117988
-287.238878
-295.961315
-300.773694
-303.781431
-306.488395
-307.691489
-308.593810
-308.593810
-309.195358
-308.293037
-309.195358
-307.390716
-305.285300
-303.781431
-301.074468
-298.066731
-293.855899
-289.645068
-284.832689
-279.117988
-271.297872
-264.380077
-253.552224
-245.130561
-233.400387
-222.271760
-208.736944
-194.299807
-179.862669
-164.823985
-149.484526
-134.746615
-119.106383
-98.954545
-81.509671
-65.869439
-50.229207
-34.889749
-16.542553
-2.105416
11.189114
25.821033
39.305351
53.076568
65.126384
78.323801
90.086716
101.562731
112.751845
124.514760
136.564576
149.475092
161.238007
172.714022
186.485240
202.264760
216.609779
224.929889
235.258303
246.160517
255.915129
263.661439
271.407749
280.588561
288.334871
295.220480
300.671587
303.827491
305.835793
306.409594
307.844096
308.704797
308.704797
309.278598
308.704797
308.130996
305.548893
302.966790
301.245387
297.515683
294.933579
292.064576
286.613469
280.875461
272.842251
265.382841
256.202030
246.447417
235.832103
222.921587
211.445572
196.813653
183.042435
166.402214
152.917897
138.859779
122.219557
104.144834
88.078413
73.159594
58.240775
43.321956
27.829336
11.476015
-1.503868
-16.843327
-32.784333
-45.416828
-58.350097
-72.185687
-84.216634
-96.849130
-108.880077
-120.610251
-134.445841
-146.176015
-160.913926
-171.140232
-184.675048
-202.119923
-214.752418
-224.677950
-234.302708
-246.032882
-256.259188
-264.380077
-271.598646
-280.020309
-289.344294
-296.562863
-303.179884
-305.285300
-306.789168
-307.691489
-309.195358
-308.593810
-308.894584
-308.293037
-308.293037
-307.691489
-305.285300
-302.277563
-299.570600
-297.465184
-292.953578
-289.645068
-284.832689
-278.516441
-272.200193
-263.477756
-253.251451
-243.626692
-232.197292
-220.767892
-206.631528
-192.194391
-178.058027
-161.816248
-146.176015
-132.039652
-113.692456
-95.044487
-78.501934
-63.463250
-47.823017
-31.581238
-15.339458
-0.300774
14.058118
28.403137
42.461255
56.232472
69.429889
81.479705
92.668819
105.005535
115.333948
128.244465
141.154982
153.204797
165.828413
176.156827
191.075646
205.707565
218.618081
228.659594
237.840406
248.455720
257.636531
264.809041
273.416052
282.309963
289.769373
297.802583
301.532288
305.261993
307.557196
307.844096
308.704797
310.139299
310.139299
311.000000
308.991697
309.565498
306.409594
304.401292
301.819188
298.950185
296.081181
291.203875
286.613469
281.449262
273.702952
266.243542
257.349631
246.160517
235.545203
223.495387
211.445572
197.961255
181.894834
166.976015
152.917897
138.572878
121.932657
104.431734
88.078413
73.446494
57.380074
43.035055
26.968635
12.049815
-2.406190
-16.843327
-31.280464
-44.514507
-58.049323
-72.486460
-83.915861
-95.646035
-107.676983
-121.211799
-133.543520
-147.078337
-160.913926
-171.140232
-185.276596
-200.916828
-215.353965
-225.279497
-236.408124
-246.333656
-256.259188
-264.380077
-272.500967
-280.321083
-289.645068
-297.164410
-301.976789
-304.683752
-305.285300
-307.089942
-308.293037
-308.593810
-308.894584
-308.293037
-308.293037
-308.293037
-305.285300
-302.879110
-300.472921
-297.164410
-294.758221
-288.441973
-284.231141
-277.914894
-270.094778
-262.876209
-252.349130
-242.122824
-231.896518
-220.166344
-206.330754
-191.592843
-176.554159
-161.214700
-146.476789
-131.438104
-113.692456
-95.044487
-78.201161
-62.260155
-47.823017
-30.378143
-14.136364
0.860701
15.779520
29.550738
43.035055
56.806273
69.429889
81.479705
93.529520
105.005535
115.620849
127.670664
140.868081
154.065498
165.828413
177.017528
190.788745
206.568266
219.191882
228.085793
237.266605
248.455720
258.497232
266.243542
274.276753
283.457565
291.490775
297.515683
302.966790
304.975092
306.696494
308.130996
309.278598
310.139299
310.426199
