1.217184
1.458884
1.611960
1.732809
1.845602
1.853659
1.853659
1.781149
1.668356
1.491110
1.281637
1.056052
0.830466
0.637106
0.395407
0.169821
-0.055765
-0.313577
-0.539163
-0.861429
-1.175638
-1.538187
-2.037698
-2.674173
-3.745706
-5.421488
-7.693460
-10.440775
-13.470072
-16.306009
-18.295999
-19.568948
-20.285990
-20.624368
-20.817728
-20.898294
-20.954691
-20.962747
-20.986917
-20.970804
-20.994974
-20.986917
-21.019144
-20.986917
-20.986917
-20.954691
-20.970804
-20.962747
-20.962747
-20.962747
-20.970804
-20.970804
-20.938577
-20.930521
-20.922464
-20.930521
-20.922464
-20.890238
-20.866068
-20.866068
-20.809671
-20.785501
-20.753275
-20.712991
-20.745218
-20.688822
-20.261820
-19.093607
-17.578958
-15.766214
-13.953470
-12.076273
-10.295755
-8.579691
-7.000589
-5.485941
-4.212991
-3.077005
-2.037698
-1.191751
-0.595560
-0.224954
0.097311
0.371237
0.814352
1.297751
1.692526
2.103415
2.578757
3.295798
4.576803
6.566794
9.016012
11.553854
14.276999
16.919577
18.949850
19.973044
20.464499
20.593405
20.625632
20.641745
20.625632
20.625632
20.641745
20.625632
20.649802
20.625632
20.625632
20.649802
20.625632
20.625632
20.617575
20.641745
20.609518
20.609518
20.593405
20.577292
20.593405
20.553122
20.545065
20.553122
20.496725
20.496725
20.464499
20.456442
20.456442
20.440329
20.190573
19.344626
17.773581
16.113913
14.397848
12.641501
10.885153
9.306052
7.783346
6.357321
5.060202
3.956442
3.054098
2.087302
1.305807
0.766012
0.282614
-0.176615
-0.474710
-0.676126
-1.038675
-1.465677
-1.739603
-2.037698
-2.851419
-3.866556
-5.099222
-6.702493
-8.813333
-11.109476
-13.341165
-15.701761
-17.877054
-19.367532
-20.173197
-20.535745
-20.769388
-20.890238
-20.954691
-20.970804
-20.962747
-20.986917
-20.986917
-21.011087
-21.027200
-20.970804
-20.994974
-20.994974
-20.970804
-20.986917
-20.962747
-20.986917
-20.954691
-20.962747
-20.930521
-20.906351
-20.898294
-20.906351
-20.898294
-20.841898
-20.841898
-20.753275
-20.326273
-19.327249
-17.909281
-16.314066
-14.670511
-13.067240
-11.407572
-9.820413
-8.289652
-6.920023
-5.663187
-4.470804
-3.383157
-2.472757
-1.626810
-1.038675
-0.539163
-0.120218
0.185934
0.532370
0.886862
1.152731
1.434714
1.781149
2.175925
2.764059
3.416647
4.383444
5.648337
7.203268
9.152975
11.183249
13.294089
15.445212
17.443259
19.143210
20.069723
20.488669
20.593405
20.698141
20.714255
20.698141
20.682028
20.698141
20.698141
20.665915
20.649802
20.673971
20.641745
20.665915
20.625632
20.617575
20.625632
20.617575
20.617575
20.593405
20.577292
20.585348
20.553122
20.561178
20.520895
20.504782
20.440329
19.956930
18.885397
17.556052
16.025290
14.486471
12.859030
11.239645
9.741110
8.379538
7.026022
5.777243
4.681540
3.601950
2.731833
1.998678
1.458884
0.999655
0.588766
0.218161
-0.079935
-0.394144
-0.619730
-0.845316
-1.119241
-1.409281
-1.916849
-2.496927
-3.213968
-4.108255
-5.453714
-6.976419
-8.692484
-10.513284
-12.446878
-14.324075
-16.257669
-18.070413
-19.440042
-20.197366
-20.559915
-20.817728
-20.922464
-20.954691
-21.011087
-20.986917
-21.019144
-20.986917
-21.019144
-20.994974
-20.986917
-21.011087
-20.986917
-20.994974
-20.954691
-20.986917
-20.962747
-20.962747
-20.954691
-20.938577
-20.922464
-20.906351
-20.777445
-20.124857
-19.109720
-17.965677
-16.757181
-15.460062
-14.082376
-12.656351
-11.238382
-9.772073
-8.321878
-7.065042
-5.816263
-4.696390
-3.697366
-2.730570
-1.989359
-1.385111
-0.917825
-0.531107
-0.233011
0.065085
0.330954
0.693503
1.015768
1.338034
1.644186
2.006735
2.433737
3.070212
3.811423
4.689596
5.898093
7.267721
8.790427
10.425925
12.214499
14.019186
15.775534
17.467428
18.885397
19.916647
20.440329
20.593405
20.641745
20.641745
20.649802
20.649802
20.665915
20.649802
20.665915
20.625632
20.665915
20.641745
20.617575
20.641745
20.617575
20.625632
20.617575
20.585348
20.585348
20.585348
20.553122
20.424216
20.061667
19.231833
18.055563
16.871237
15.517721
14.123923
12.705954
11.223532
9.805563
8.476218
7.235495
6.059225
4.987692
4.004782
3.158835
2.337057
1.644186
1.136618
0.733786
0.411520
0.161764
-0.055765
-0.265238
-0.386087
-0.563333
-0.893656
-1.135355
-1.417337
-1.860452
-2.376077
-3.109232
-3.955179
-5.066995
-6.315775
-7.878763
-9.417581
-11.020853
-12.616068
-14.203226
-15.790384
-17.184183
-18.360452
-19.423929
-20.181253
-20.559915
-20.777445
-20.874124
-20.930521
-20.986917
-20.994974
-20.994974
-21.011087
-21.011087
-20.986917
-21.011087
-20.994974
-20.986917
-20.970804
-20.962747
-20.970804
-20.930521
-20.576029
-19.907327
-19.158060
-18.110697
-17.039163
-15.911234
-14.799417
-13.615091
-12.374368
-11.141702
-9.739847
-8.386331
-7.185892
-6.098245
-5.058939
-4.092142
-3.213968
-2.464700
-1.795999
-1.256204
-0.805032
-0.434427
-0.168558
0.073141
0.363180
0.645163
0.943259
1.209128
1.450827
1.668356
1.950339
2.304831
2.876852
3.521384
4.520407
5.648337
6.816550
8.073385
9.370505
10.764303
12.295065
13.817770
15.155173
16.363669
17.564108
18.651755
19.562155
20.190573
20.577292
20.609518
20.641745
20.665915
20.641745
20.649802
20.649802
20.641745
20.649802
20.641745
20.625632
20.641745
20.617575
20.609518
20.609518
20.424216
19.973044
19.038473
18.136130
17.225729
16.202536
15.106833
13.946677
12.762350
11.497458
10.184225
8.854880
7.622214
6.526510
5.559714
4.609030
3.763083
3.029928
2.272604
1.781149
1.297751
0.943259
0.645163
0.330954
0.040915
-0.224954
-0.434427
-0.635843
-0.901712
-1.175638
-1.377054
-1.618753
-1.957132
-2.521097
-3.367044
-4.180765
-5.075052
-6.251322
-7.459818
-8.773050
-10.062113
-11.359232
-12.680521
-14.042093
-15.315042
-16.491312
-17.490335
-18.368509
-19.198343
-19.818704
-20.285990
-20.567972
-20.801615
-20.922464
-20.954691
-20.986917
-20.986917
-20.994974
-21.019144
-20.994974
-20.930521
-20.688822
-20.358499
-19.899271
-19.303079
-18.610208
-17.820657
-16.998880
-16.136820
-15.186136
-14.050150
-12.922220
-11.689554
-10.529398
-9.240335
-8.080179
-6.911966
-5.856546
-4.905863
-3.955179
-3.133402
-2.376077
-1.779886
-1.296488
-0.845316
-0.506937
-0.265238
-0.112161
0.105368
0.427634
0.653219
0.862692
1.064108
1.257468
1.523337
1.901999
2.345114
2.796286
3.489157
4.351218
5.406637
6.510397
7.646384
8.870993
10.127829
11.400778
12.657614
13.777487
14.961813
16.073630
17.016257
17.870260
18.595358
19.175436
19.642721
20.013327
20.375876
20.577292
20.625632
20.641745
20.617575
20.528952
20.432272
20.311423
20.182516
19.940817
19.626608
19.264059
18.716208
18.023337
17.225729
16.323385
15.412985
14.389792
13.277975
12.133932
11.006003
9.861960
8.742087
7.598044
6.566794
5.591940
4.665427
3.819479
3.086325
2.433737
1.885885
1.426657
1.072165
0.757956
0.467917
0.226218
0.000632
-0.168558
-0.410257
-0.635843
-0.893656
-1.256204
-1.562357
-1.949075
-2.319681
-2.746683
-3.334818
-4.229105
-5.187845
-6.162698
-7.218118
-8.321878
-9.473978
-10.529398
-11.617044
-12.753031
-13.840677
-14.879984
-15.733988
-16.499368
-17.305032
-17.901224
-18.473245
-18.908304
-19.262796
-19.512552
-19.657572
-19.713968
-19.730081
-19.657572
-19.536722
-19.262796
-19.021097
-18.763284
-18.449075
-18.054300
-17.514505
-16.861917
-16.160990
-15.274759
-14.291849
-13.325052
-12.261575
-11.181986
-10.078226
-8.974466
-7.902933
-6.815286
-5.800150
-4.849466
-4.011575
-3.197855
-2.504984
-1.892679
-1.449564
-1.070902
-0.708353
-0.394144
-0.168558
0.073141
0.250387
0.484030
0.709616
0.967428
1.120505
1.273581
1.676413
2.087302
2.506247
3.037985
3.755026
4.568747
5.293844
6.115622
7.114645
8.234518
9.402731
10.361471
11.481344
12.665671
13.624411
14.502585
15.348532
16.138083
16.830954
17.483542
17.958884
18.248923
18.571188
18.796774
18.933737
19.046530
19.054587
18.949850
18.804831
18.692038
18.522848
18.168356
17.805807
17.402975
16.839010
16.170309
15.388815
14.567038
13.656637
12.641501
11.545798
10.498434
9.475241
8.435934
7.436911
6.470114
5.543600
4.681540
3.851706
3.142721
2.538473
1.998678
1.539450
1.136618
0.878805
0.580710
0.395407
0.193991
-0.047708
-0.224954
-0.474710
-0.740579
-0.933939
-1.143411
-1.473734
-1.844339
-2.198831
-2.625833
-3.222025
-4.035745
-4.913919
-5.727640
-6.662210
-7.749857
-8.748880
-9.739847
-10.754984
-11.890970
-12.898050
-13.864847
-14.702738
-15.427835
-16.056253
-16.515482
-16.966654
-17.329202
-17.490335
-17.611185
-17.723978
-17.780374
-17.764261
-17.812601
-17.796488
-17.635355
-17.417825
-17.127786
-16.733011
-16.330179
-15.766214
-15.137796
-14.469095
-13.615091
-12.825540
-11.866800
-10.835550
-9.804300
-8.837503
-7.822366
-6.791116
-5.824320
-4.857523
-4.067972
-3.318704
-2.617777
-2.037698
-1.481790
-1.046732
-0.635843
-0.394144
-0.176615
0.016745
0.193991
0.411520
0.645163
0.846579
1.015768
1.225241
1.402487
1.692526
2.087302
2.546530
3.110495
3.722800
4.351218
5.076315
5.922262
6.752096
7.710837
8.734030
9.821677
10.820700
11.884177
12.875143
13.745260
14.502585
15.235739
15.815817
16.210593
16.565085
16.895407
17.088766
17.233786
17.298239
17.435202
17.443259
17.282126
17.112936
16.992087
16.750387
16.500632
16.266989
15.831930
15.243796
14.591208
13.874167
13.084616
12.206442
11.328268
10.377585
9.378561
8.427878
7.444968
6.445944
5.624167
4.754050
3.964499
3.279684
2.659323
2.103415
1.668356
1.281637
0.975485
0.741843
0.516257
0.330954
0.169821
-0.079935
-0.265238
-0.442484
-0.651956
-0.901712
-1.175638
-1.505960
-1.779886
-2.166605
-2.674173
-3.334818
-4.100198
-4.881693
-5.606790
-6.388284
-7.298685
-8.217142
-9.167825
-10.182962
-11.101419
-11.931253
-12.736917
-13.397562
-14.106546
-14.670511
-15.170023
-15.637308
-15.919290
-16.120706
-16.249613
-16.297952
-16.177103
-15.983743
-15.935404
-15.798441
-15.613138
-15.371439
-15.153909
-14.855814
-14.533548
-14.106546
-13.598978
-12.946390
-12.221292
-11.383402
-10.497171
-9.570657
-8.636087
-7.701517
-6.783060
-5.888773
-5.010599
-4.180765
-3.415384
-2.714456
-2.126322
-1.626810
-1.232034
-0.917825
-0.627786
-0.378031
-0.168558
0.008688
0.185934
0.403464
0.604880
0.790182
0.975485
1.249411
1.491110
1.765036
2.063132
2.329001
2.820456
3.352194
4.020895
4.762106
5.599997
6.470114
7.501364
8.460104
9.346335
10.216452
11.062399
11.860007
12.544821
13.205466
13.632468
14.035300
14.389792
14.865134
15.243796
15.622458
15.743307
15.815817
15.880270
15.936667
15.936667
15.872214
15.743307
15.558005
15.348532
14.961813
14.591208
14.067526
13.479391
12.778464
12.005026
11.159079
10.240622
9.346335
8.476218
7.533591
6.623190
5.728903
4.931296
4.125632
3.400534
2.844626
2.272604
1.829489
1.418600
1.072165
0.846579
0.612936
0.435690
0.250387
0.065085
-0.144388
-0.353861
-0.482767
-0.740579
-0.998392
-1.256204
-1.505960
-1.747659
-2.053812
-2.408304
-3.012552
-3.697366
-4.374124
-5.107279
-5.993509
-6.750833
-7.580667
-8.491068
-9.441751
-10.392435
-11.230325
-11.995706
-12.672464
-13.252542
-13.800394
-14.243509
-14.557718
-14.855814
-15.073343
-15.242532
-15.290872
-15.403665
-15.379495
-15.306986
-15.250589
-15.049173
-14.847757
-14.557718
-14.251566
-13.840677
-13.341165
-12.753031
-12.052103
-11.286722
-10.537454
-9.683450
-8.748880
-7.838480
-6.920023
-6.009622
-5.123392
-4.349954
-3.576517
-2.899759
-2.319681
-1.828226
-1.417337
-1.119241
-0.861429
-0.635843
-0.394144
-0.208841
0.008688
0.161764
0.403464
0.653219
0.846579
0.975485
1.136618
1.338034
1.579733
1.901999
2.312887
2.756003
3.311911
4.004782
4.665427
5.414694
6.228415
7.074362
7.871969
8.709860
9.499411
10.305075
11.151022
11.884177
12.641501
13.205466
13.632468
13.930563
14.123923
14.293112
14.430075
14.422018
14.502585
14.663718
14.840964
14.929587
14.905417
14.760397
14.478415
14.212546
13.882223
13.447165
12.947653
12.359518
11.771384
11.151022
10.393698
9.426901
8.387594
7.581930
6.719870
5.906149
5.140768
4.391501
3.714743
3.086325
2.506247
2.063132
1.692526
1.370260
1.088278
0.846579
0.604880
0.339010
0.185934
0.040915
-0.120218
-0.297464
-0.514993
-0.716409
-0.998392
-1.280374
-1.554300
-1.860452
-2.223001
-2.706400
-3.213968
-3.834329
-4.519144
-5.131448
-5.832376
-6.629984
-7.492044
-8.289652
-9.014749
-9.691507
-10.295755
-10.843607
-11.480081
-11.995706
-12.535501
-13.035013
-13.316995
-13.671488
-13.824564
-13.953470
-14.050150
-14.195169
-14.275736
-14.243509
-14.203226
-14.034036
-13.776224
-13.494241
-13.171976
-12.753031
-12.261575
-11.705667
-11.077249
-10.376322
-9.667337
-8.853616
-8.031839
-7.177835
-6.372171
-5.550394
-4.801126
-4.076029
-3.399271
-2.778909
-2.198831
-1.723490
-1.344827
-1.038675
-0.780863
-0.531107
-0.273294
-0.112161
0.097311
0.290671
0.500143
0.757956
0.919089
1.120505
1.297751
1.515280
1.829489
2.087302
2.433737
2.901022
3.456930
4.020895
4.544577
5.237448
5.930319
6.711813
7.444968
8.266745
9.112692
9.942526
10.724020
11.457175
12.101706
12.617331
13.028219
13.455221
13.721091
13.938620
14.156149
14.349509
14.446188
14.309225
14.204489
13.906393
13.793600
13.632468
13.414938
13.245749
12.931540
12.480368
12.005026
11.360495
10.635397
9.918356
9.185202
8.411764
7.630270
6.832663
6.107565
5.358298
4.633200
3.996725
3.311911
2.756003
2.264548
1.829489
1.466940
1.176901
0.935202
0.733786
0.572653
0.347067
0.153708
-0.079935
-0.241068
-0.434427
-0.531107
-0.692240
-0.813089
-1.078958
-1.320657
-1.715433
-2.158548
-2.625833
-3.165628
-3.761820
-4.349954
-4.938089
-5.574564
-6.275491
-7.089212
-7.838480
-8.531351
-9.256448
-9.925150
-10.601907
-11.254495
-11.721781
-12.076273
-12.342142
-12.656351
-12.873880
-13.083353
-13.252542
-13.437845
-13.526468
-13.470072
-13.341165
-13.188089
-12.994730
-12.680521
-12.269632
-11.778177
-11.439798
-11.173929
-10.690531
-9.997659
-9.393411
-8.611917
-7.935159
-7.177835
-6.436624
-5.735697
-5.010599
-4.309671
-3.560404
-2.948099
-2.416361
-1.924906
-1.530130
-1.199808
-0.901712
-0.684183
-0.474710
-0.273294
-0.104105
0.097311
0.290671
0.484030
0.733786
0.919089
1.136618
1.329977
1.458884
1.740866
2.063132
2.393454
2.780173
3.191061
3.722800
4.415671
5.108542
5.680563
6.405661
7.058249
7.686667
8.379538
9.096579
9.821677
10.546774
11.239645
11.731100
12.069479
12.423971
12.722067
12.794577
12.859030
12.939596
13.173239
13.382712
13.294089
13.116843
12.947653
12.730124
12.601218
12.359518
12.093649
11.739157
11.271872
10.756247
10.119772
9.434958
8.750143
7.976706
7.171042
6.333151
5.688620
5.044089
4.318991
3.690573
3.094382
2.506247
2.071188
1.668356
1.378317
1.104391
0.919089
0.701559
0.532370
0.330954
0.105368
-0.079935
-0.200784
-0.418314
-0.619730
-0.813089
-0.998392
-1.207865
-1.401224
-1.747659
-2.126322
-2.609720
-3.109232
-3.729593
-4.261331
-4.865579
-5.429544
-6.066019
-6.766947
-7.403421
-7.943216
-8.571634
-9.304788
-9.989603
-10.537454
-10.988626
-11.318948
-11.649271
-11.987650
-12.261575
-12.479105
-12.656351
-12.793314
-12.898050
-12.922220
-12.809427
-12.680521
-12.406595
-12.044046
-11.681497
-11.472025
-11.165872
-10.626077
-10.078226
-9.457865
-8.789163
-8.152689
-7.427591
-6.702493
-5.977396
-5.373148
-4.704447
-4.076029
-3.439554
-2.867532
-2.376077
-1.860452
-1.465677
-1.199808
-0.893656
-0.660013
-0.482767
-0.241068
-0.031595
0.137594
0.330954
0.516257
0.725729
0.911032
1.031882
1.217184
1.458884
1.756979
2.055075
2.393454
2.844626
3.368307
3.763083
4.278708
4.907126
5.624167
6.349264
7.009909
7.678610
8.403708
9.152975
9.757223
10.272848
10.756247
11.215475
11.642477
11.964743
12.303122
12.544821
12.689841
12.754294
12.762350
12.617331
12.568991
12.552878
12.456198
12.367575
12.214499
11.996969
11.690817
11.247702
10.707907
10.103659
9.410788
8.838766
8.226462
7.581930
6.832663
6.147848
5.414694
4.713766
4.037009
3.448874
2.876852
2.401510
1.982565
1.636130
1.362204
1.120505
0.911032
0.709616
0.492087
0.274557
0.040915
-0.112161
-0.289407
-0.418314
-0.571390
-0.780863
-0.933939
-1.199808
-1.505960
-1.828226
-2.077982
-2.440531
-2.827249
-3.399271
-3.914896
-4.470804
-5.155618
-5.904886
-6.597757
-7.202005
-7.749857
-8.354105
-9.046976
-9.715677
-10.239359
-10.658304
-11.117532
-11.496195
-11.826517
-12.100443
-12.253519
-12.374368
-12.382425
-12.406595
-12.414652
-12.414652
-12.221292
-11.987650
-11.649271
-11.439798
-11.133646
-10.690531
-10.255472
-9.780130
-9.200052
-8.539407
-7.878763
-7.177835
-6.509134
-5.792093
-5.091165
-4.406351
-3.745706
-3.012552
-2.432474
-2.005472
-1.602640
-1.328714
-1.014505
-0.740579
-0.531107
-0.321634
-0.176615
0.000632
0.169821
0.339010
0.492087
0.669333
0.911032
1.088278
1.241354
1.378317
1.587790
1.901999
2.264548
2.643210
3.062155
3.626120
4.238425
4.802389
5.390524
6.083395
6.768210
7.388571
8.016989
8.685690
9.370505
9.982809
10.530661
10.973776
11.255759
11.521628
11.755270
11.948630
12.158102
12.311178
12.399802
12.423971
12.367575
12.270895
12.029196
11.755270
11.578024
11.424948
11.126852
10.675680
10.160055
9.531637
9.080466
8.435934
7.743063
7.098532
6.445944
5.817526
5.148825
4.512350
3.875876
3.311911
2.788229
2.280661
1.910055
1.523337
1.305807
1.039938
0.830466
0.653219
0.403464
0.226218
0.016745
-0.120218
-0.241068
-0.434427
-0.595560
-0.780863
-0.925882
-1.143411
-1.473734
-1.804056
-2.102152
-2.440531
-2.883646
-3.383157
-3.882669
-4.341898
-4.954202
-5.663187
-6.307718
-6.960306
-7.580667
-8.120462
-8.813333
-9.353128
-9.892923
-10.360208
-10.803323
-11.085306
-11.262552
-11.391458
-11.536478
-11.689554
-11.713724
-11.802347
-11.745950
-11.721781
-11.584818
-11.286722
-10.908060
-10.714700
-10.384378
-10.054056
-9.691507
-9.272562
-8.700540
-8.120462
-7.419534
-6.783060
-6.074075
-5.405374
-4.768900
-4.164652
-3.576517
-3.036722
-2.472757
-2.069925
-1.642923
-1.328714
-1.038675
-0.829202
-0.603616
-0.386087
-0.192728
0.008688
0.185934
0.371237
0.548483
0.709616
0.919089
1.072165
1.257468
1.434714
1.732809
2.006735
2.345114
2.788229
3.279684
3.722800
4.182028
4.713766
5.527487
6.212302
6.808493
7.388571
8.016989
8.613180
9.257712
9.555807
9.837790
10.321188
10.724020
11.030173
11.328268
11.553854
11.674704
11.731100
11.674704
11.755270
11.674704
11.634421
11.586081
11.457175
11.271872
11.062399
10.707907
10.313132
9.821677
9.273825
8.742087
8.226462
7.525534
6.776266
6.172018
5.446921
4.810446
4.157858
3.577780
3.054098
2.586813
2.175925
1.829489
1.483053
1.281637
1.031882
0.798239
0.620993
0.395407
0.226218
0.032858
-0.144388
-0.321634
-0.466654
-0.651956
-0.829202
-1.054788
-1.296488
-1.522073
-1.836282
-2.166605
-2.472757
-2.827249
-3.407327
-3.955179
-4.438577
-4.978372
-5.526224
-6.235208
-6.799173
-7.322855
-8.007669
-8.668314
-9.256448
-9.772073
-9.909036
-10.207132
-10.505228
-10.738870
-10.996683
-11.222269
-11.407572
-11.415628
-11.391458
-11.351175
-11.222269
-11.117532
-11.012796
-10.787210
-10.601907
-10.263529
-9.804300
-9.208109
-8.748880
-8.176859
-7.629007
-7.056986
-6.452738
-5.792093
-5.155618
-4.559427
-3.955179
-3.318704
-2.795023
-2.279398
-1.860452
-1.538187
-1.240091
-0.950052
-0.716409
-0.514993
-0.313577
-0.136331
0.040915
0.169821
0.339010
0.492087
0.725729
0.886862
1.064108
1.257468
1.491110
1.756979
2.022848
2.296774
2.756003
3.150778
3.593893
4.149802
4.754050
5.269675
5.817526
6.381491
7.017966
7.581930
8.025046
8.669577
9.338278
9.853903
10.313132
10.611227
10.925436
11.046286
11.223532
11.424948
11.529684
11.513571
11.424948
11.312155
11.207419
11.086569
10.877096
10.796530
10.820700
10.579001
10.192282
9.636374
9.048239
8.476218
7.807516
7.235495
6.599020
5.962546
5.229391
4.633200
4.085348
3.505270
2.933249
2.449850
2.063132
1.700583
1.402487
1.176901
0.943259
0.798239
0.556540
0.379294
0.193991
0.032858
-0.136331
-0.289407
-0.466654
-0.676126
-0.805032
-1.038675
-1.240091
-1.417337
-1.675150
-1.949075
-2.368021
-2.835306
-3.350931
-3.866556
-4.462747
-4.938089
-5.542337
-6.130472
-6.662210
-7.210062
-7.749857
-8.354105
-8.974466
-9.393411
-9.788187
-10.029886
-10.239359
-10.505228
-10.626077
-10.811380
-10.964456
-11.028909
-11.012796
-10.940286
-10.891947
-10.746927
-10.545511
-10.376322
-10.174906
-9.965433
-9.602884
-9.087259
-8.547464
-8.031839
-7.451761
-6.847513
-6.251322
-5.590677
-4.889749
-4.309671
-3.745706
-3.157572
-2.585550
-2.126322
-1.723490
-1.441507
-1.175638
-0.893656
-0.708353
-0.506937
-0.273294
-0.144388
0.065085
0.226218
0.379294
0.548483
0.709616
0.919089
1.120505
1.297751
1.499167
1.732809
1.966452
2.264548
2.707663
3.029928
3.505270
4.061178
4.657370
5.164938
5.664450
6.292868
6.929343
7.420798
8.049216
8.653464
9.273825
9.741110
9.950583
10.119772
10.361471
10.466208
10.651510
10.844870
10.997946
11.006003
10.949606
10.917380
10.885153
10.724020
10.498434
10.184225
9.861960
9.588034
9.201315
8.774313
8.379538
7.831686
7.324118
6.800436
6.260641
5.680563
5.060202
4.472067
3.908102
3.311911
2.812399
2.337057
2.006735
1.660300
1.313864
1.160788
0.935202
0.733786
0.516257
0.339010
0.137594
0.008688
-0.055765
-0.136331
-0.289407
-0.514993
-0.756693
-0.958109
-1.191751
-1.328714
-1.554300
-1.957132
-2.351907
-2.827249
-3.318704
-3.858499
-4.406351
-4.938089
-5.518167
-6.057962
-6.476907
-7.065042
-7.693460
-8.289652
-8.837503
-9.087259
-9.425638
-9.747904
-9.965433
-10.199075
-10.473001
-10.618021
-10.666361
-10.618021
-10.650247
-10.601907
-10.505228
-10.416605
-10.271585
-10.054056
-9.739847
-9.288675
-8.974466
-8.515238
-8.047952
-7.580667
-7.056986
-6.476907
-5.912943
-5.276468
-4.680277
-4.108255
-3.528177
-3.004495
-2.504984
-2.053812
-1.675150
-1.401224
-1.111185
-0.877542
-0.676126
-0.498880
-0.265238
-0.112161
0.032858
0.250387
0.403464
0.572653
0.798239
0.967428
1.160788
1.273581
1.418600
1.668356
1.966452
2.337057
2.764059
3.207175
3.690573
4.182028
4.721823
5.285788
5.680563
6.228415
6.832663
7.420798
8.065329
8.371481
8.798483
9.249655
9.563864
9.878073
10.256735
10.442038
10.554831
10.699850
10.796530
10.820700
10.756247
10.788473
10.756247
10.675680
10.433981
10.071432
9.926413
9.555807
9.217428
8.830710
8.379538
7.855856
7.259665
6.695700
6.075339
5.414694
4.810446
4.262594
3.714743
3.231344
2.691550
2.264548
1.901999
1.555563
1.305807
1.088278
0.894919
0.725729
0.500143
0.330954
0.161764
-0.023538
-0.208841
-0.321634
-0.482767
-0.619730
-0.724466
-0.925882
-1.135355
-1.385111
-1.723490
-2.021585
-2.368021
-2.770853
-3.294534
-3.769876
-4.245218
-4.849466
-5.389261
-5.969339
-6.428568
-6.815286
-7.387308
-7.733743
-8.209085
-8.660257
-9.151712
-9.473978
-9.627054
-9.844583
-10.062113
-10.142679
-10.182962
-10.303812
-10.376322
-10.263529
-10.086282
-9.933206
-9.780130
-9.441751
-9.320902
-9.014749
-8.748880
-8.362161
-7.854593
-7.387308
-6.823343
-6.251322
-5.711527
-5.099222
-4.486917
-3.939066
-3.367044
-2.891702
-2.368021
-1.949075
-1.626810
-1.320657
-1.070902
-0.861429
-0.627786
-0.450540
-0.241068
-0.087991
0.089255
0.226218
0.347067
0.524313
0.677389
0.862692
1.088278
1.329977
1.483053
1.668356
1.918112
2.296774
2.643210
3.062155
3.553610
4.061178
4.488180
4.939352
5.366354
5.970602
6.502341
7.050192
7.614157
8.226462
8.645407
9.080466
9.467184
9.741110
9.950583
10.168112
10.369528
10.466208
10.546774
10.393698
10.369528
10.313132
10.216452
10.216452
10.095602
9.861960
9.596091
9.346335
8.951559
8.427878
7.984762
7.533591
7.009909
6.445944
5.753073
5.148825
4.592917
3.988669
3.545553
3.029928
2.578757
2.224264
1.877829
1.547507
1.273581
1.056052
0.886862
0.677389
0.500143
0.347067
0.210104
0.065085
-0.112161
-0.289407
-0.498880
-0.684183
-0.796976
-0.933939
-1.119241
-1.344827
-1.626810
-1.965189
-2.223001
-2.585550
-3.012552
-3.487894
-4.011575
-4.470804
-5.066995
-5.606790
-6.267435
-6.823343
-7.338968
-7.910990
-8.273538
-8.716654
-9.087259
-9.393411
-9.578714
-9.667337
-9.780130
-9.868753
-9.868753
-9.933206
-10.029886
-9.909036
-9.868753
-9.820413
-9.691507
-9.409525
-9.135599
-8.877786
-8.652200
-8.249368
-7.757913
-7.202005
-6.662210
-6.001566
-5.469827
-4.889749
-4.366068
-3.834329
-3.189798
-2.682230
-2.198831
-1.779886
-1.505960
-1.256204
-1.022562
-0.748636
-0.595560
-0.450540
-0.233011
-0.023538
0.073141
0.250387
0.395407
0.588766
0.774069
0.935202
1.104391
1.241354
1.402487
1.587790
1.861716
2.175925
2.546530
2.901022
3.392477
3.932272
4.399557
4.987692
5.511374
6.059225
6.510397
7.026022
7.622214
8.194235
8.621237
8.911276
9.225485
9.475241
9.636374
9.861960
10.103659
10.216452
10.305075
10.361471
10.280905
10.071432
9.942526
9.837790
9.684714
9.443014
9.169089
8.895163
8.443991
8.016989
7.598044
7.106589
6.623190
6.147848
5.624167
5.027975
4.423727
3.851706
3.392477
2.901022
2.449850
2.063132
1.765036
1.434714
1.160788
1.007712
0.830466
0.653219
0.484030
0.274557
0.121481
-0.023538
-0.233011
-0.353861
-0.482767
-0.587503
-0.748636
-0.958109
-1.111185
-1.296488
-1.618753
-1.900736
-2.279398
-2.641947
-3.093118
-3.552347
-4.067972
-4.639993
-5.147562
-5.663187
-6.162698
-6.605814
-7.113382
-7.427591
-7.935159
-8.458841
-8.805277
-8.974466
-9.232279
-9.449808
-9.530374
-9.514261
-9.602884
-9.635111
-9.618997
-9.538431
-9.530374
-9.409525
-9.183939
-9.022806
-8.853616
-8.579691
-8.265482
-7.822366
-7.355081
-6.823343
-6.356058
-5.824320
-5.308695
-4.704447
-4.132425
-3.616800
-3.077005
-2.609720
-2.190775
-1.763773
-1.473734
-1.175638
-0.982279
-0.756693
-0.563333
-0.378031
-0.208841
-0.079935
0.040915
0.193991
0.371237
0.516257
0.709616
0.862692
1.031882
1.257468
1.450827
1.724753
2.038962
2.393454
2.796286
3.207175
3.626120
3.972555
4.423727
4.955466
5.358298
5.865866
6.454001
7.009909
7.589987
8.081442
8.492331
8.766257
9.016012
9.322165
9.555807
9.652487
9.588034
9.644430
9.620260
9.612204
9.676657
9.716940
9.773337
9.684714
9.563864
9.378561
9.072409
8.774313
8.435934
8.016989
7.525534
6.953512
6.470114
5.930319
5.350241
4.866843
4.359274
3.795309
3.328024
2.868796
2.417624
2.030905
1.708639
1.418600
1.209128
1.007712
0.814352
0.653219
0.459860
0.290671
0.137594
-0.015482
-0.136331
-0.297464
-0.474710
-0.676126
-0.796976
-0.998392
-1.175638
-1.320657
-1.594583
-1.900736
-2.158548
-2.569437
-3.052835
-3.463724
-3.939066
-4.503031
-5.075052
-5.550394
-6.001566
-6.557474
-7.081156
-7.540384
-7.886820
-8.144632
-8.507181
-8.668314
-8.853616
-9.151712
-9.328958
-9.409525
-9.514261
-9.546488
-9.457865
-9.385355
-9.385355
-9.232279
-8.910013
-8.611917
-8.329935
-8.056009
-7.661234
-7.330911
-6.960306
-6.629984
-6.178812
-5.663187
-5.131448
-4.575540
-3.987406
-3.504007
-2.988382
-2.521097
-2.086038
-1.739603
-1.433450
-1.175638
-0.917825
-0.692240
-0.539163
-0.378031
-0.192728
-0.087991
0.073141
0.274557
0.411520
0.548483
0.669333
0.830466
0.983542
1.184958
1.394430
1.603903
1.950339
2.240378
2.610983
3.005759
3.360251
3.851706
4.359274
4.907126
5.366354
5.841696
6.357321
6.768210
7.179098
7.743063
8.250632
8.589010
8.895163
9.201315
9.378561
9.515524
9.652487
9.789450
9.837790
9.805563
9.773337
9.579977
9.410788
9.402731
9.370505
9.289938
9.040182
8.734030
8.307028
7.888083
7.420798
6.929343
6.413718
5.890036
5.301901
4.810446
4.157858
3.642233
3.150778
2.747946
2.369284
1.982565
1.700583
1.378317
1.152731
1.007712
0.798239
0.653219
0.451803
0.290671
0.161764
-0.015482
-0.200784
-0.345804
-0.498880
-0.651956
-0.837259
-0.990335
-1.175638
-1.417337
-1.659036
-1.949075
-2.231058
-2.561380
-2.988382
-3.342874
-3.769876
-4.366068
-4.946146
-5.526224
-6.033792
-6.549417
-7.000589
-7.403421
-7.854593
-8.265482
-8.579691
-8.748880
-8.893900
-8.990579
-9.022806
-9.200052
-9.304788
-9.409525
-9.272562
-9.200052
-9.143656
-9.014749
-8.926126
-8.724710
-8.547464
-8.184915
-7.846536
-7.403421
-6.903909
-6.493021
-6.009622
-5.542337
-4.954202
-4.382181
-3.898782
-3.318704
-2.851419
-2.432474
-1.989359
-1.683206
-1.417337
-1.191751
-0.925882
-0.684183
-0.539163
-0.361917
-0.192728
-0.071878
0.097311
0.274557
0.411520
0.548483
0.733786
0.814352
1.007712
1.184958
1.297751
1.523337
1.845602
2.192038
2.522360
2.917135
3.328024
3.835593
4.270651
4.810446
5.269675
5.656393
6.026999
6.526510
6.961569
7.316061
7.718893
8.129782
8.460104
8.742087
8.951559
9.152975
9.273825
9.426901
9.563864
9.596091
9.588034
9.531637
9.434958
9.201315
9.080466
8.895163
8.734030
8.443991
8.049216
7.710837
7.227438
6.744040
6.268698
5.712790
5.116598
4.600973
4.109518
3.569723
3.062155
2.610983
2.224264
1.918112
1.611960
1.370260
1.249411
1.096335
0.935202
0.766012
0.532370
0.363180
0.210104
0.016745
-0.120218
-0.289407
-0.466654
-0.676126
-0.796976
-0.982279
-1.175638
-1.320657
-1.522073
-1.828226
-2.206888
-2.585550
-2.988382
-3.455667
-3.858499
-4.406351
-4.946146
-5.526224
-5.969339
-6.404398
-6.903909
-7.355081
-7.790140
-8.152689
-8.442728
-8.571634
-8.668314
-8.813333
-8.805277
-8.877786
-9.014749
-9.087259
-9.095316
-9.111429
-9.046976
-8.821390
-8.668314
-8.507181
-8.321878
-8.064066
-7.693460
-7.338968
-6.750833
-6.211038
-5.759866
-5.268411
-4.793070
-4.285501
-3.794046
-3.246195
-2.706400
-2.287454
-1.795999
-1.562357
-1.280374
-1.046732
-0.869486
-0.635843
-0.482767
-0.297464
-0.200784
-0.031595
0.129538
0.290671
0.459860
0.588766
0.733786
0.862692
1.015768
1.225241
1.329977
1.539450
1.821432
2.127585
2.482077
2.868796
3.336081
3.746969
4.182028
4.681540
5.197165
5.712790
6.252585
6.744040
7.042135
7.388571
7.783346
8.186178
8.580954
8.798483
9.032126
9.185202
9.257712
9.378561
9.491354
9.499411
9.402731
9.338278
9.185202
8.895163
8.669577
8.500387
8.347311
8.081442
7.839743
7.436911
7.009909
6.542624
6.083395
5.527487
4.955466
4.447897
3.908102
3.392477
2.933249
