1.318897
2.060108
2.906055
4.025928
5.733936
8.126758
11.147998
14.580127
17.617481
19.285205
20.050586
20.308399
20.356738
20.397022
20.372852
20.388965
20.388965
20.372852
20.388965
20.372852
20.372852
20.388965
20.372852
20.372852
20.372852
20.364795
20.372852
20.356738
20.356738
20.356738
20.356738
20.308399
20.308399
20.300342
20.292285
20.243945
20.252002
20.252002
20.219776
20.203662
20.179492
20.155322
19.970020
19.204639
17.706104
16.046436
14.282031
12.501514
10.688770
8.940479
7.377490
5.854785
4.501270
3.292774
2.269580
1.488086
0.851612
0.392383
-0.066846
-0.518017
-0.848340
-1.202832
-1.533154
-1.847363
-2.258252
-2.999463
-4.385205
-6.206006
-8.332959
-10.637158
-13.247510
-15.865918
-18.073437
-19.547803
-20.401806
-20.788525
-21.006055
-21.094678
-21.207471
-21.215527
-21.215527
-21.239697
-21.207471
-21.223584
-21.215527
-21.223584
-21.207471
-21.223584
-21.239697
-21.207471
-21.207471
-21.223584
-21.159131
-21.183301
-21.159131
-21.126904
-21.159131
-21.118847
-21.086621
-21.086621
-21.054394
-21.038281
-20.981885
-20.973828
-20.740185
-19.797558
-18.371533
-16.647412
-14.987744
-13.247510
-11.539502
-9.799267
-8.252392
-6.850537
-5.480908
-4.199902
-3.136426
-2.290478
-1.597607
-1.001416
-0.509961
-0.244092
0.086231
0.472949
0.779102
1.044971
1.407520
2.027881
2.744922
3.679492
4.928272
6.732959
8.722949
10.809619
13.137988
15.708057
18.012256
19.446338
20.098926
20.300342
20.372852
20.429248
20.461475
20.485645
20.477588
20.461475
20.453418
20.421192
20.413135
20.413135
20.388965
20.397022
20.413135
20.388965
20.364795
20.372852
20.364795
20.356738
20.364795
20.332569
20.324512
20.308399
20.292285
20.276172
20.243945
20.243945
20.090869
19.510791
18.157276
16.642627
14.974903
13.323291
11.687793
10.068408
8.577930
7.184131
5.878955
4.686572
3.631153
2.696582
1.955371
1.294727
0.779102
0.392383
-0.042676
-0.397168
-0.695263
-1.001416
-1.243115
-1.508984
-1.927930
-2.362988
-3.112256
-4.111279
-5.400342
-7.092236
-8.945263
-10.911084
-13.062207
-15.148877
-17.187207
-18.943555
-20.095654
-20.667676
-20.917431
-21.070508
-21.151074
-21.207471
-21.239697
-21.239697
-21.263867
-21.239697
-21.239697
-21.215527
-21.239697
-21.223584
-21.215527
-21.223584
-21.223584
-21.191357
-21.223584
-21.175244
-21.159131
-21.159131
-21.126904
-21.159131
-21.102734
-21.102734
-20.901318
-20.135937
-19.104687
-17.799512
-16.349316
-14.874951
-13.328076
-11.748974
-10.242383
-8.824414
-7.438672
-6.133496
-5.013623
-3.966260
-3.015576
-2.266308
-1.629834
-1.090039
-0.695263
-0.421338
-0.099072
0.215137
0.521289
0.722705
0.988574
1.286670
1.649219
2.148731
2.889942
4.066211
5.314990
6.612110
8.150928
10.068408
12.090625
14.112842
16.135059
17.996143
19.406055
20.115039
20.332569
20.372852
20.397022
20.388965
20.413135
20.388965
20.397022
20.413135
20.388965
20.397022
20.413135
20.397022
20.388965
20.388965
20.388965
20.397022
20.364795
20.356738
20.340625
20.332569
20.308399
20.276172
20.292285
20.010303
19.333545
18.044483
16.731250
15.353565
13.903369
12.501514
11.228565
9.907276
8.481250
7.135791
5.887012
4.807422
3.840625
2.978565
2.197070
1.536426
0.972461
0.577686
0.279590
-0.002392
-0.236035
-0.493847
-0.751660
-1.065869
-1.428418
-1.782910
-2.153515
-2.636914
-3.265332
-4.103222
-5.295605
-6.657178
-8.220166
-9.734814
-11.458935
-13.110547
-14.713818
-16.317090
-17.759228
-19.225537
-20.208447
-20.699902
-20.965771
-21.086621
-21.175244
-21.207471
-21.223584
-21.223584
-21.223584
-21.215527
-21.247754
-21.207471
-21.215527
-21.207471
-21.239697
-21.207471
-21.215527
-21.191357
-21.191357
-21.143017
-20.997998
-20.522656
-19.733105
-18.790478
-17.743115
-16.591015
-15.406689
-14.020947
-12.667431
-11.330029
-9.976513
-8.671338
-7.414502
-6.246289
-5.110303
-4.119336
-3.241162
-2.499951
-1.847363
-1.372021
-0.993359
-0.606640
-0.356885
-0.091015
0.118457
0.352100
0.626026
0.867725
1.214160
1.633106
2.076221
2.648242
3.421680
4.460987
5.645313
6.765186
8.191211
9.609180
11.123828
12.743213
14.418994
15.990039
17.367725
18.705127
19.647754
20.203662
20.356738
20.397022
20.397022
20.413135
20.397022
20.388965
20.413135
20.397022
20.397022
20.388965
20.388965
20.388965
20.364795
20.388965
20.356738
20.356738
20.372852
20.187549
19.857227
19.148242
18.334522
17.351612
16.255908
15.047412
13.685840
12.364551
11.091602
9.754199
8.465137
7.256641
6.160938
5.113574
4.195117
3.316944
2.511279
1.810352
1.270557
0.819385
0.481006
0.182910
-0.091015
-0.244092
-0.405224
-0.582471
-0.759717
-1.033642
-1.363965
-1.726513
-2.097119
-2.596631
-3.233105
-4.111279
-5.158642
-6.254346
-7.527295
-8.768017
-10.218213
-11.668408
-13.207226
-14.721875
-16.099560
-17.291943
-18.379590
-19.435010
-20.208447
-20.732129
-20.997998
-21.102734
-21.183301
-21.207471
-21.239697
-21.223584
-21.239697
-21.239697
-21.215527
-21.239697
-21.215527
-21.183301
-21.223584
-21.062451
-20.619336
-19.950635
-19.289990
-18.460156
-17.598096
-16.631299
-15.438916
-14.198193
-12.965527
-11.757031
-10.508252
-9.283642
-8.018750
-6.858594
-5.795117
-4.771924
-3.901806
-3.047803
-2.387158
-1.790967
-1.339795
-0.969189
-0.638867
-0.429394
-0.219922
0.021778
0.263477
0.513233
0.803272
1.004688
1.173877
1.512256
1.955371
2.543506
3.341113
4.259570
5.282764
6.322070
7.530567
8.900195
10.237598
11.607227
12.928516
14.177295
15.466358
16.682910
17.730274
18.648731
19.462451
20.066699
20.356738
20.388965
20.397022
20.421192
20.413135
20.397022
20.397022
20.388965
20.388965
20.388965
20.364795
20.332569
20.147266
19.808887
19.277149
18.697070
17.947803
17.077686
16.183399
15.103809
14.048389
12.896289
11.695850
10.471240
9.278858
8.118701
6.966602
5.878955
4.920215
3.977588
3.196094
2.454883
1.850635
1.351123
0.932178
0.634082
0.400440
0.158740
-0.066846
-0.356885
-0.606640
-0.816113
-1.033642
-1.307568
-1.605664
-1.935986
-2.330762
-2.846387
-3.418408
-4.232129
-5.287549
-6.367138
-7.607861
-8.824414
-10.097363
-11.330029
-12.594922
-13.730908
-14.891064
-15.994824
-16.953564
-17.823681
-18.677685
-19.289990
-19.700879
-19.934521
-20.256787
-20.554883
-20.707959
-20.844922
-20.796582
-20.764355
-20.740185
-20.579053
-20.361523
-20.119824
-19.708935
-19.217480
-18.556836
-17.888135
-17.082471
-16.325146
-15.382519
-14.375439
-13.336133
-12.248486
-11.160840
-10.000683
-8.864697
-7.760937
-6.673291
-5.674267
-4.707471
-3.869580
-3.088086
-2.387158
-1.823193
-1.428418
-1.001416
-0.695263
-0.445508
-0.187695
0.029834
0.239307
0.400440
0.658252
0.932178
1.181934
1.480029
1.802295
2.180957
2.785205
3.534473
4.348194
5.250537
6.225391
7.401660
8.553760
9.625293
10.664600
11.848926
13.105762
14.201465
15.200488
16.167285
17.037403
17.738330
18.270069
18.850147
19.269092
19.526904
19.647754
19.696094
19.841113
19.816944
19.728320
19.575244
19.397998
19.204639
18.906543
18.543994
18.149219
17.609424
16.908496
16.046436
15.103809
14.193408
13.226612
12.171192
11.059375
9.939502
8.827686
7.740039
6.652393
5.709766
4.791309
3.961475
3.171924
2.511279
1.923145
1.423633
1.020801
0.682422
0.384326
0.142627
-0.091015
-0.300488
-0.493847
-0.719433
-0.880566
-1.081982
-1.363965
-1.750683
-2.056836
-2.419385
-2.983349
-3.652051
-4.441601
-5.384228
-6.383252
-7.277539
-8.381299
-9.452832
-10.548535
-11.628125
-12.627148
-13.682568
-14.657422
-15.559765
-16.389599
-17.082471
-17.670605
-18.154004
-18.589062
-18.766308
-18.854931
-18.895215
-19.032178
-19.032178
-18.975781
-18.887158
-18.742138
-18.444043
-18.162060
-17.735058
-17.275830
-16.687695
-15.922314
-15.197217
-14.383496
-13.424756
-12.441846
-11.450879
-10.355176
-9.331982
-8.397412
-7.414502
-6.431592
-5.480908
-4.634961
-3.845410
-3.152539
-2.475781
-1.903760
-1.508984
-1.001416
-0.614697
-0.364941
-0.123242
-0.026562
0.174854
0.392383
0.626026
0.851612
0.996631
1.198047
1.480029
1.898975
2.374317
2.857715
3.526416
4.291797
5.137744
5.999805
7.006885
8.094531
9.093555
10.052295
11.107715
12.211475
13.202442
14.177295
15.079639
15.828906
16.433154
16.827930
17.134082
17.512744
17.665820
17.714160
17.859180
17.980029
17.996143
17.923633
17.875293
17.593311
17.343555
16.989063
16.650684
16.247852
15.667774
14.974903
14.282031
13.492481
12.598194
11.679737
10.696826
9.641406
8.642383
7.546680
6.579883
5.645313
4.742969
3.897022
3.220264
2.559619
1.971485
1.512256
1.117481
0.819385
0.577686
0.295703
0.054004
-0.179638
-0.397168
-0.630810
-0.824170
-1.025586
-1.202832
-1.420361
-1.549267
-1.823193
-2.153515
-2.628857
-3.241162
-3.893750
-4.651074
-5.408398
-6.375195
-7.430615
-8.502148
-9.485058
-10.484082
-11.458935
-12.482129
-13.448926
-14.214306
-14.810498
-15.390576
-15.986767
-16.373486
-16.808545
-17.098584
-17.171094
-17.251660
-17.227490
-17.251660
-17.259717
-17.114697
-16.768262
-16.558789
-16.317090
-16.051221
-15.712842
-15.148877
-14.439892
-13.698681
-12.925244
-12.055127
-11.209180
-10.250439
-9.267529
-8.373242
-7.414502
-6.504101
-5.585644
-4.739697
-3.869580
-3.055859
-2.451611
-1.927930
-1.549267
-1.210888
-0.888623
-0.638867
-0.397168
-0.163525
-0.010449
0.199024
0.424610
0.642139
0.843555
1.020801
1.214160
1.439746
1.729785
2.229297
2.712695
3.373340
4.114551
4.944385
5.806445
6.757129
7.651416
8.602100
9.601123
10.592090
11.558887
12.388721
13.210498
13.935596
14.684863
15.434131
15.893360
16.167285
16.425098
16.618457
16.731250
16.916553
16.940723
16.819873
16.457324
16.062549
15.732227
15.377735
15.023242
14.620410
14.322315
13.919483
13.411914
12.839893
12.106738
11.333301
10.430957
9.504444
8.553760
7.570850
6.676563
5.774219
4.944385
4.146778
3.421680
2.817432
2.164844
1.681445
1.214160
0.875781
0.642139
0.368213
0.118457
-0.091015
-0.276318
-0.429394
-0.614697
-0.856396
-1.081982
-1.291455
-1.492871
-1.815137
-2.177685
-2.628857
-3.120312
-3.619824
-4.175732
-4.836377
-5.432568
-6.278515
-7.156689
-8.034863
-8.848584
-9.815381
-10.846631
-11.781201
-12.699658
-13.505322
-14.117627
-14.681592
-15.132763
-15.463086
-15.712842
-15.930371
-16.027051
-16.188183
-16.268750
-16.317090
-16.172070
-15.865918
-15.616162
-15.173047
-14.866894
-14.391553
-14.077344
-13.658398
-13.110547
-12.546582
-11.869824
-11.120556
-10.250439
-9.315869
-8.381299
-7.470898
-6.568555
-5.738721
-4.933056
-4.151562
-3.450635
-2.814160
-2.177685
-1.718457
-1.355908
-1.057812
-0.759717
-0.550244
-0.364941
-0.131299
-0.010449
0.199024
0.352100
0.505176
0.690479
0.940235
1.077197
1.359180
1.657276
2.060108
2.511279
3.139697
3.888965
4.670459
5.516406
6.322070
7.071338
7.909229
8.642383
9.576953
10.455127
11.212451
12.018115
12.775440
13.355518
13.742237
14.161182
14.539844
14.741260
14.918506
15.232715
15.377735
15.458301
15.474414
15.401904
15.256885
15.071582
14.805713
14.507617
14.056445
13.597217
12.984912
12.243701
11.534717
10.785449
10.036182
9.238574
8.537647
7.812549
7.014942
6.152881
5.258594
4.412647
3.615039
2.930225
2.325977
1.810352
1.415576
1.053028
0.754932
0.537403
0.319873
0.142627
-0.034619
-0.244092
-0.389111
-0.566357
-0.727490
-0.928906
-1.154492
-1.492871
-1.774853
-2.032666
-2.379101
-2.781933
-3.386181
-4.054883
-4.796094
-5.561474
-6.407422
-7.172803
-8.107373
-8.945263
-9.871777
-10.669385
-11.483105
-12.151806
-12.804394
-13.384472
-13.835644
-14.319043
-14.681592
-14.818555
-14.939404
-14.866894
-14.891064
-14.955517
-15.019971
-14.979687
-14.866894
-14.721875
-14.512402
-14.077344
-13.448926
-12.876904
-12.304883
-11.644238
-10.935254
-10.242383
-9.638135
-8.921094
-8.155713
-7.285596
-6.520215
-5.690381
-4.933056
-4.199902
-3.539258
-2.910840
-2.362988
-1.895703
-1.549267
-1.235058
-0.945019
-0.695263
-0.485791
-0.340771
-0.099072
0.062061
0.263477
0.537403
0.698535
0.867725
1.004688
1.198047
1.455860
1.818408
2.197070
2.712695
3.341113
3.977588
4.614063
5.290820
6.040088
6.861865
7.603076
8.368457
9.141895
9.915332
10.592090
11.325244
11.808643
12.300098
12.654590
12.960742
13.403858
13.734180
13.951709
14.169238
14.354541
14.523731
14.555957
14.491504
14.378711
14.177295
13.935596
13.564990
13.170215
12.799610
12.292041
11.711963
10.906299
10.148975
9.311084
8.481250
7.635303
6.789356
5.983692
5.202197
4.493213
3.800342
3.179981
2.599903
2.084278
1.600879
1.294727
0.972461
0.730762
0.456836
0.207080
0.037891
-0.147412
-0.300488
-0.477734
-0.663037
-0.872510
-1.033642
-1.291455
-1.565381
-1.807080
-2.097119
-2.499951
-2.943066
-3.450635
-4.046826
-4.691357
-5.408398
-6.206006
-7.043896
-7.825390
-8.590771
-9.299756
-9.992627
-10.669385
-11.265576
-11.869824
-12.417676
-12.901074
-13.368359
-13.593945
-13.835644
-14.077344
-14.262646
-14.375439
-14.335156
-14.335156
-14.327099
-14.238476
-14.029004
-13.730908
-13.303906
-12.868847
-12.417676
-11.845654
-11.209180
-10.596875
-9.952344
-9.267529
-8.486035
-7.704541
-6.923047
-6.141553
-5.400342
-4.594678
-3.950146
-3.305615
-2.749707
-2.185742
-1.790967
-1.428418
-1.154492
-0.888623
-0.630810
-0.429394
-0.236035
-0.026562
0.150684
0.295703
0.545459
0.746875
0.956348
1.173877
1.383350
1.689502
2.027881
2.438770
2.744922
3.268604
3.768115
4.404590
5.202197
5.911182
6.652393
7.409717
8.255664
9.029102
9.730029
10.479297
11.156055
11.760303
12.211475
12.654590
13.105762
13.436084
13.677783
13.782520
13.838916
13.734180
13.693897
13.621387
13.476367
13.379688
13.194385
13.089649
12.751270
12.404834
11.953662
11.502490
10.906299
10.213428
9.488330
8.787403
7.997852
7.192188
6.241504
5.476123
4.775195
4.098438
3.413623
2.817432
2.293750
1.842578
1.439746
1.125537
0.867725
0.658252
0.440723
0.215137
-0.002392
-0.187695
-0.389111
-0.566357
-0.719433
-0.880566
-1.049756
-1.275342
-1.517041
-1.734570
-2.081006
-2.459668
-2.967236
-3.450635
-4.087109
-4.804150
-5.472851
-6.189892
-6.858594
-7.607861
-8.437695
-9.227246
-9.791211
-10.403515
-10.886914
-11.434765
-11.942334
-12.272656
-12.522412
-12.836621
-13.166943
-13.408642
-13.561719
-13.610058
-13.577832
-13.537549
-13.456982
-13.320019
-13.199170
-13.005810
-12.747998
-12.393506
-11.910107
-11.297803
-10.629101
-9.920117
-9.178906
-8.486035
-7.744824
-7.068066
-6.367138
-5.650097
-4.965283
-4.288525
-3.619824
-3.047803
-2.483838
-2.032666
-1.670117
-1.331738
-1.065869
-0.848340
-0.598584
-0.405224
-0.219922
-0.002392
0.174854
0.368213
0.537403
0.746875
0.964404
1.214160
1.455860
1.665332
1.931201
2.325977
2.744922
3.292774
3.824512
4.372363
5.137744
5.830615
6.459033
7.103565
7.893115
8.666553
9.464160
10.148975
10.753223
11.301074
11.728076
12.122852
12.469287
12.839893
13.049365
13.162158
13.234668
13.178272
13.041309
12.864063
12.646533
12.509570
12.412891
12.259815
12.074512
11.776416
11.276904
10.745166
10.092578
9.383594
8.755176
8.118701
7.337207
6.579883
5.790332
5.008838
4.372363
3.687549
3.099414
2.575733
2.108447
1.665332
1.359180
1.061084
0.803272
0.609912
0.360156
0.142627
0.021778
-0.147412
-0.300488
-0.397168
-0.542187
-0.751660
-0.969189
-1.251172
-1.581494
-1.847363
-2.217969
-2.540234
-2.967236
-3.515088
-4.103222
-4.723584
-5.190869
-5.803174
-6.592724
-7.333935
-7.978467
-8.622998
-9.275586
-9.936230
-10.451855
-10.814404
-11.233349
-11.668408
-12.079297
-12.441846
-12.715771
-12.764111
-12.852734
-12.925244
-12.876904
-12.925244
-12.901074
-12.788281
-12.602978
-12.280713
-11.885937
-11.523388
-11.088330
-10.540478
-10.057080
-9.485058
-8.816357
-8.067090
-7.366162
-6.673291
-5.932080
-5.231152
-4.554394
-3.925976
-3.345898
-2.757763
-2.258252
-1.839306
-1.517041
-1.202832
-0.961133
-0.695263
-0.356885
-0.115185
0.086231
0.231250
0.335987
0.505176
0.690479
0.843555
0.996631
1.206104
1.391406
1.633106
1.971485
2.382373
2.873828
3.325000
3.711719
4.324024
5.041065
5.733936
6.442920
7.047168
7.667529
8.191211
8.739063
9.270801
9.947559
10.592090
11.027149
11.357471
11.639453
11.881153
11.993945
12.002002
12.074512
12.082569
12.082569
12.179248
12.195362
12.050342
11.881153
11.687793
11.365528
11.051319
10.712940
10.189258
9.568897
8.851856
8.134815
7.425830
6.708789
6.080371
5.468067
4.791309
4.195117
3.590869
3.075244
2.446826
1.987598
1.512256
1.165820
0.924121
0.682422
0.505176
0.360156
0.126514
-0.026562
-0.203808
-0.332715
-0.566357
-0.767773
-0.936963
-1.114209
-1.339795
-1.541211
-1.790967
-2.016553
-2.354931
-2.806103
-3.273388
-3.748730
-4.409375
-5.102246
-5.738721
-6.351025
-6.850537
-7.503125
-8.187939
-8.864697
-9.493115
-10.024853
-10.508252
-10.886914
-11.152783
-11.402539
-11.724805
-11.990674
-12.039013
-12.095410
-12.039013
-12.030957
-11.958447
-11.934277
-11.869824
-11.781201
-11.644238
-11.394482
-10.870801
-10.387402
-9.936230
-9.299756
-8.703564
-8.163769
-7.575635
-6.890820
-6.197949
-5.472851
-4.812207
-4.175732
-3.539258
-2.943066
-2.475781
-2.024609
-1.734570
-1.444531
-1.130322
-0.936963
-0.735547
-0.509961
-0.372998
-0.163525
0.037891
0.174854
0.392383
0.569629
0.746875
0.899951
1.117481
1.367237
1.560596
1.866748
2.205127
2.688526
3.196094
3.687549
4.324024
4.984668
5.596973
6.072315
6.724903
7.433887
8.295947
8.980762
9.480274
9.987842
10.422901
10.849903
11.260791
11.542774
11.752246
11.897266
11.961719
12.050342
12.147022
12.114795
11.993945
11.760303
11.575000
11.389697
11.027149
10.793506
10.479297
10.060352
9.625293
9.101612
8.465137
7.756153
7.039112
6.217334
5.532520
4.831592
4.251514
3.647266
3.107471
2.559619
2.116504
1.713672
1.359180
1.085254
0.843555
0.658252
0.472949
0.279590
0.086231
-0.082959
-0.300488
-0.477734
-0.614697
-0.751660
-0.912793
-1.122265
-1.299512
-1.508984
-1.670117
-1.944043
-2.298535
-2.725537
-3.241162
-3.740674
-4.272412
-4.828320
-5.343945
-5.924023
-6.673291
-7.398388
-7.954297
-8.582715
-9.154736
-9.726758
-10.113476
-10.459912
-10.733838
-10.991650
-11.249463
-11.555615
-11.700635
-11.821484
-11.869824
-11.821484
-11.789258
-11.765088
-11.612012
-11.297803
-11.023877
-10.758008
-10.395459
-9.952344
-9.517285
-9.025830
-8.469922
-7.889844
-7.229199
-6.560498
-5.835400
-5.086133
-4.385205
-3.829297
-3.257275
-2.773877
-2.306592
-1.944043
-1.637890
-1.299512
-1.025586
-0.816113
-0.630810
-0.477734
-0.324658
-0.131299
0.029834
0.182910
0.335987
0.569629
0.779102
0.908008
1.077197
1.326953
1.600879
1.874805
2.132617
2.495166
2.873828
3.349170
3.929248
4.565723
5.258594
5.895069
6.410694
7.006885
7.691699
8.304004
8.900195
9.359424
9.697803
10.108692
10.382617
10.712940
11.019092
11.236621
11.470264
11.575000
11.558887
11.534717
11.486377
11.293018
11.059375
10.914356
10.543750
10.124805
9.818653
9.448047
8.964649
8.457080
7.893115
7.345264
6.773242
6.322070
5.733936
5.065235
4.412647
3.735889
3.139697
2.599903
2.140674
1.729785
1.383350
1.109424
0.867725
0.634082
0.448779
0.239307
0.021778
-0.147412
-0.308545
-0.485791
-0.606640
-0.808056
-1.009472
-1.186719
-1.388135
-1.581494
-1.790967
-2.145459
-2.516064
-2.870556
-3.297558
-3.829297
-4.409375
-5.037793
-5.690381
-6.262402
-6.898877
-7.454785
-7.970410
-8.606885
-9.243359
-9.670361
-10.089306
-10.435742
-10.725781
-10.822461
-10.854687
-10.999707
-11.112500
-11.193066
-11.297803
-11.313916
-11.273633
-11.160840
-11.039990
-10.878857
-10.701611
-10.403515
-10.024853
-9.485058
-8.985547
-8.453808
-7.922070
-7.382275
-6.761914
-6.189892
-5.585644
-4.957226
-4.361035
-3.748730
-3.136426
-2.636914
-2.177685
-1.815137
-1.517041
-1.251172
-1.033642
-0.840283
-0.638867
-0.445508
-0.244092
-0.091015
0.094287
0.215137
0.440723
0.642139
0.762988
0.972461
1.198047
1.335010
1.633106
1.931201
2.285694
2.656299
3.026904
3.461963
3.953418
4.493213
5.081348
5.685596
6.314014
6.926319
7.578906
8.191211
8.851856
9.399707
9.705860
9.907276
10.173145
10.293994
10.422901
10.712940
10.898242
11.107715
11.115772
11.027149
10.906299
10.753223
10.535694
10.334278
10.205371
9.963672
9.585010
9.149951
8.722949
8.207324
7.554737
7.006885
6.322070
5.766162
5.169971
4.581836
3.993701
3.421680
2.897998
2.390430
1.955371
1.576709
1.246387
1.028858
0.803272
0.609912
0.392383
0.142627
0.005664
-0.179638
-0.300488
-0.485791
-0.638867
-0.735547
-0.816113
-0.977246
-1.210888
-1.444531
-1.726513
-2.081006
-2.395215
-2.838330
-3.184765
-3.692334
-4.240185
-4.796094
-5.384228
-5.956250
-6.616894
-7.164746
-7.704541
-8.316846
-8.913037
-9.372265
-9.710644
-9.976513
-10.218213
-10.476025
-10.629101
-10.878857
-10.975537
-11.096387
-11.088330
-10.991650
-10.943310
-10.886914
-10.669385
-10.524365
-10.339062
-10.032910
-9.613965
-9.186963
-8.695508
-8.131543
-7.615918
-7.076123
-6.463818
-5.867627
-5.239209
-4.651074
-4.103222
-3.507031
-3.015576
-2.499951
-2.089062
-1.734570
-1.484814
-1.218945
-0.977246
-0.791943
-0.566357
-0.389111
-0.244092
-0.058789
0.078174
0.182910
0.368213
0.537403
0.730762
0.940235
1.109424
1.318897
1.633106
1.939258
2.261524
2.616016
3.010791
3.437793
3.905078
4.501270
5.129688
5.717822
6.322070
6.853809
7.522510
8.183154
8.706836
9.125781
9.415820
9.705860
9.939502
10.173145
10.390674
10.624317
10.777393
10.841846
10.809619
10.809619
10.688770
10.535694
10.390674
10.173145
9.899219
9.512500
9.141895
8.763233
8.271778
7.796436
7.224414
6.684619
6.152881
5.548633
4.944385
4.348194
3.743945
3.236377
2.696582
2.237354
1.834522
1.480029
1.181934
0.956348
0.722705
0.521289
0.368213
0.158740
0.037891
-0.131299
-0.284375
-0.421338
-0.630810
-0.824170
-1.001416
-1.178662
-1.372021
-1.605664
-1.839306
-2.113232
-2.411328
-2.773877
-3.233105
-3.740674
-4.288525
-4.860547
-5.408398
-5.932080
-6.496045
-7.051953
-7.680371
-8.179883
-8.679394
-9.066113
-9.460888
-9.758984
-10.040967
-10.250439
-10.403515
-10.556592
-10.629101
-10.709668
-10.701611
-10.612988
-10.572705
-10.556592
-10.419629
-10.234326
-9.904004
-9.630078
-9.243359
-8.816357
-8.429638
-7.865674
-7.414502
-6.866650
-6.294629
-5.674267
-5.037793
-4.514111
-3.966260
-3.426465
-2.870556
-2.395215
-2.000439
-1.694287
-1.388135
-1.114209
-0.872510
-0.703320
-0.574414
-0.461621
-0.236035
-0.082959
0.086231
0.263477
0.456836
0.609912
0.787158
0.988574
1.141651
1.286670
1.568653
1.850635
2.116504
2.503223
2.906055
3.389453
3.993701
4.533496
5.169971
5.790332
6.370410
6.886035
7.401660
7.949512
8.416797
8.843799
9.190235
9.399707
9.657520
9.842822
10.028125
10.229541
10.302051
10.398731
10.447070
10.503467
10.398731
10.157031
9.931445
9.673633
9.383594
9.182178
8.859912
8.432910
8.013965
7.482227
6.950488
6.410694
5.822559
5.258594
4.710742
4.162891
3.615039
3.075244
2.591846
2.092334
1.681445
1.367237
1.093311
0.899951
0.698535
0.521289
0.352100
0.158740
0.005664
-0.179638
-0.397168
-0.485791
-0.695263
-0.880566
-1.009472
-1.170605
-1.372021
-1.565381
-1.782910
-2.097119
-2.419385
-2.822217
-3.257275
-3.789013
-4.344922
-4.916943
-5.384228
-5.899853
-6.463818
-7.003613
-7.487012
-7.954297
-8.316846
-8.703564
-9.074170
-9.331982
-9.670361
-9.904004
-10.097363
-10.274609
-10.403515
-10.403515
-10.339062
-10.339062
-10.266553
-10.177930
-10.008740
-9.855664
-9.557568
-9.331982
-8.945263
-8.582715
-8.107373
-7.591748
-7.164746
-6.624951
-6.044873
-5.416455
-4.755810
-4.224072
-3.603711
-3.136426
-2.628857
-2.234082
-1.903760
-1.508984
-1.170605
-0.912793
-0.695263
-0.550244
-0.445508
-0.332715
-0.187695
-0.002392
0.158740
0.295703
0.448779
0.642139
0.754932
0.932178
1.053028
1.246387
1.536426
1.810352
2.197070
2.567676
3.043018
3.526416
4.025928
4.614063
5.129688
5.637256
6.193164
6.741016
7.272754
7.764209
8.183154
8.602100
8.876026
9.158008
9.464160
9.641406
9.786426
9.947559
10.036182
10.052295
10.028125
10.003955
9.947559
9.818653
9.641406
9.504444
9.222461
8.948535
8.569873
8.215381
7.828662
7.361377
6.821582
6.273731
5.613086
5.008838
4.404590
3.784229
3.260547
2.785205
2.374317
2.011768
1.608936
1.302783
1.044971
0.835498
0.682422
0.513233
0.303760
0.110401
-0.058789
-0.211865
-0.324658
-0.518017
-0.646924
-0.808056
-0.936963
-1.114209
-1.339795
-1.581494
-1.782910
-2.064892
-2.362988
-2.822217
-3.257275
-3.724560
-4.175732
-4.691357
-5.279492
-5.859570
-6.439648
-6.914990
-7.366162
-7.857617
-8.373242
-8.816357
-9.162793
-9.428662
-9.726758
-9.823437
-9.847607
-9.944287
-9.944287
-9.968457
-9.968457
-10.008740
-9.968457
-9.823437
-9.630078
-9.364209
-9.090283
-8.824414
-8.558545
-8.220166
-7.736767
-7.285596
-6.778027
-6.206006
-5.722607
-5.206982
-4.659131
-4.119336
-3.531201
-3.047803
-2.532178
-2.137402
-1.823193
-1.541211
-1.291455
-1.025586
-0.840283
-0.646924
-0.477734
-0.372998
-0.219922
-0.042676
0.118457
0.247363
0.416553
0.537403
0.754932
0.972461
1.198047
1.423633
1.625049
1.923145
2.213184
2.575733
3.075244
3.590869
4.050098
4.533496
5.049121
5.645313
6.378467
7.031055
7.522510
7.885059
8.271778
8.537647
8.827686
9.029102
9.190235
9.423877
9.544727
9.754199
9.778369
9.866992
9.915332
9.883106
9.778369
9.633350
9.448047
9.206348
8.964649
8.698779
8.344287
7.997852
7.603076
7.159961
6.620166
6.048145
5.443897
4.855762
4.340137
3.743945
3.284717
2.785205
2.325977
1.866748
1.488086
1.198047
0.964404
0.819385
0.626026
0.440723
0.279590
0.118457
-0.042676
-0.236035
-0.372998
-0.518017
-0.671094
-0.808056
-0.969189
-1.122265
-1.307568
-1.492871
-1.782910
-2.081006
-2.419385
-2.781933
-3.241162
-3.708447
-4.232129
-4.739697
-5.263379
-5.779004
-6.206006
-6.673291
-7.140576
-7.607861
-8.018750
-8.461865
-8.824414
-9.090283
-9.340039
-9.541455
-9.710644
-9.879834
-9.952344
-10.032910
-9.992627
-9.879834
-9.799267
-9.630078
-9.509228
-9.243359
-8.969433
-8.727734
-8.349072
-7.978467
-7.591748
-7.172803
-6.657178
-6.141553
-5.617871
-4.949170
-4.352978
-3.789013
-3.289502
-2.870556
-2.427441
-2.016553
-1.726513
-1.428418
-1.154492
-0.928906
-0.791943
-0.630810
-0.453564
-0.308545
-0.123242
0.021778
0.199024
0.303760
0.472949
0.658252
0.787158
0.908008
1.061084
1.286670
1.568653
1.818408
2.197070
2.624072
3.051074
3.494190
3.953418
4.348194
4.896045
5.468067
6.072315
6.620166
7.031055
7.393604
7.828662
8.239551
8.577930
8.900195
9.158008
9.262744
9.343311
9.383594
9.343311
9.448047
9.576953
9.585010
9.480274
9.270801
9.158008
9.004932
8.843799
8.690723
8.416797
7.997852
7.466113
6.861865
6.241504
5.741992
5.218311
4.734912
4.195117
3.615039
3.107471
2.591846
2.180957
1.834522
1.536426
1.270557
1.020801
0.754932
0.569629
0.400440
0.215137
0.078174
-0.058789
-0.219922
-0.364941
-0.526074
-0.719433
-0.856396
-0.993359
-1.170605
-1.388135
-1.581494
-1.774853
-2.056836
-2.322705
-2.773877
-3.208935
-3.708447
-4.151562
-4.651074
-5.174756
-5.706494
-6.254346
-6.745801
-7.261426
-7.696484
-7.978467
-8.365185
-8.606885
-8.953320
-9.243359
-9.493115
-9.630078
-9.630078
-9.630078
-9.630078
-9.662305
-9.694531
-9.646191
-9.573681
-9.299756
-9.041943
-8.735791
-8.373242
-8.099316
-7.712597
-7.333935
-6.810254
-6.294629
-5.811230
-5.295605
-4.723584
-4.207959
-3.740674
-3.200879
-2.717480
-2.290478
-1.935986
-1.670117
-1.420361
-1.186719
-1.001416
-0.808056
-0.606640
-0.477734
-0.308545
-0.163525
0.037891
0.174854
0.335987
0.537403
0.626026
0.762988
0.932178
1.085254
1.318897
1.560596
1.842578
2.132617
2.454883
2.922168
3.421680
3.993701
4.477100
4.944385
5.371387
5.822559
6.338184
6.797412
7.288867
7.788379
8.102588
8.465137
8.843799
8.972705
9.069385
9.270801
9.367481
9.359424
9.423877
9.431934
9.399707
9.303028
9.158008
9.029102
8.787403
8.577930
8.336231
8.038135
7.635303
7.168018
6.676563
6.128711
5.524463
4.952442
4.428760
3.921192
3.445850
2.994678
2.527393
2.084278
1.713672
1.391406
1.117481
0.924121
0.746875
0.577686
0.368213
0.182910
0.021778
-0.147412
-0.276318
-0.421338
-0.550244
-0.703320
-0.783887
-0.848340
-0.977246
-1.210888
-1.508984
-1.807080
-2.113232
-2.362988
-2.669140
-3.055859
-3.571484
-4.103222
-4.675244
-5.078076
-5.617871
-6.133496
-6.616894
-7.076123
-7.438672
-7.760937
-8.042920
-8.405469
-8.703564
-8.953320
-9.219189
-9.364209
-9.493115
-9.493115
-9.485058
-9.468945
-9.420605
-9.396435
-9.227246
-9.066113
-8.864697
-8.550488
-8.220166
-7.865674
-7.462842
-7.043896
-6.616894
-6.157666
-5.569531
-4.981396
-4.433545
-3.966260
-3.547314
-3.120312
-2.685254
-2.209912
-1.879590
-1.565381
-1.299512
-1.122265
-0.888623
-0.759717
-0.606640
-0.453564
-0.308545
-0.155469
0.037891
0.215137
0.360156
0.545459
0.690479
0.835498
0.996631
1.141651
1.359180
1.576709
1.898975
2.213184
2.624072
3.010791
3.494190
3.977588
4.477100
4.976612
5.395557
5.806445
6.217334
6.805469
7.313037
7.772266
8.094531
8.392627
8.674610
8.972705
9.141895
9.294971
9.367481
9.343311
9.311084
9.294971
9.182178
9.158008
9.061328
8.900195
8.698779
8.424854
8.086475
7.788379
7.425830
6.942432
6.442920
5.975635
5.355274
4.807422
4.259570
3.752002
3.341113
2.865772
2.438770
2.011768
1.649219
1.335010
1.093311
0.924121
0.754932
0.545459
0.368213
0.207080
0.021778
-0.123242
-0.276318
-0.372998
-0.574414
-0.719433
-0.872510
-1.033642
-1.210888
-1.444531
-1.629834
-1.903760
-2.153515
-2.443555
-2.789990
-3.136426
-3.635937
-4.151562
-4.707471
-5.134472
-5.617871
-6.133496
-6.624951
-7.156689
-7.583691
-7.970410
-8.284619
-8.429638
-8.663281
-8.671338
-8.800244
-9.041943
-9.162793
-9.227246
-9.219189
-9.211133
-9.130566
-8.937207
-8.824414
-8.735791
-8.542431
-8.244336
-7.954297
-7.607861
-7.293652
-6.931103
-6.528271
-6.036816
-5.505078
-4.981396
-4.441601
-3.966260
-3.507031
-3.055859
-2.596631
-2.153515
-1.807080
-1.517041
-1.267285
-1.114209
-0.888623
-0.735547
-0.566357
-0.405224
-0.252148
-0.091015
0.078174
0.215137
0.360156
0.537403
0.682422
0.843555
0.972461
1.149707
1.415576
1.633106
1.907031
2.229297
2.591846
