-1.493610
-1.985065
-2.540973
-3.386920
-4.579303
-6.230914
-8.317584
-10.750690
-13.465778
-16.027789
-17.904987
-19.250446
-19.991657
-20.402545
-20.620075
-20.740924
-20.837604
-20.869831
-20.894000
-20.885944
-20.950397
-20.926227
-20.942340
-20.918170
-20.926227
-20.950397
-20.885944
-20.942340
-20.918170
-20.902057
-20.902057
-20.918170
-20.902057
-20.926227
-20.869831
-20.869831
-20.869831
-20.821491
-20.829547
-20.797321
-20.797321
-20.797321
-20.773151
-20.708698
-20.700641
-20.652301
-20.628131
-20.491168
-19.685504
-18.331989
-16.752887
-14.948200
-13.151569
-11.371051
-9.703327
-8.059772
-6.561237
-5.199664
-3.910602
-2.710163
-1.622516
-0.800739
-0.252887
0.109662
0.448041
0.858929
1.430951
2.019086
2.397748
2.679730
3.090619
3.920453
5.161175
6.869183
8.988080
11.316449
13.814007
16.472699
18.575482
19.767865
20.283490
20.557416
20.613812
20.629925
20.646039
20.678265
20.662152
20.662152
20.654095
20.662152
20.678265
20.654095
20.662152
20.654095
20.629925
20.646039
20.621869
20.621869
20.629925
20.613812
20.597699
20.589642
20.573529
20.557416
20.533246
20.509076
20.501019
20.476849
20.476849
20.412396
19.888714
18.631878
17.076947
15.417279
13.668988
11.952923
10.349652
8.746380
7.263959
5.999066
4.758343
3.622357
2.695843
1.922406
1.261761
0.721966
0.294964
-0.083698
-0.534870
-0.929645
-1.155231
-1.533893
-2.017291
-2.468463
-3.032428
-4.087848
-5.457477
-6.996295
-8.825153
-11.032672
-13.328815
-15.584674
-17.631061
-19.040973
-19.927204
-20.402545
-20.579791
-20.765094
-20.853717
-20.894000
-20.894000
-20.902057
-20.918170
-20.950397
-20.926227
-20.918170
-20.926227
-20.918170
-20.902057
-20.926227
-20.902057
-20.926227
-20.942340
-20.902057
-20.797321
-20.869831
-20.861774
-20.829547
-20.797321
-20.748981
-20.732868
-20.684528
-20.233356
-19.234332
-17.816364
-16.261432
-14.658161
-12.998493
-11.306598
-9.679157
-8.204791
-6.819049
-5.481647
-4.248981
-3.217731
-2.299274
-1.517780
-0.921588
-0.462360
-0.099811
0.190228
0.496380
0.883099
1.285931
1.648480
1.954632
2.454144
2.921429
3.702923
4.766400
6.039349
7.666791
9.479535
11.558148
13.733441
15.844281
17.914837
19.389203
20.138470
20.492962
20.613812
20.654095
20.662152
20.678265
20.662152
20.654095
20.678265
20.678265
20.646039
20.662152
20.654095
20.646039
20.686322
20.742718
20.766888
20.750775
20.742718
20.734662
20.686322
20.654095
20.621869
20.597699
20.557416
20.541302
20.380169
19.783978
18.591595
17.230023
15.731488
14.136273
12.500775
10.929730
9.382855
7.964886
6.643597
5.451214
4.428021
3.485394
2.679730
1.914349
1.342328
0.834759
0.464154
0.085492
-0.196491
-0.494586
-0.728229
-0.977985
-1.251911
-1.646686
-2.138141
-2.790729
-3.580280
-4.450397
-5.642780
-7.117145
-8.784870
-10.629840
-12.531207
-14.392291
-16.245319
-17.953327
-19.226276
-20.007770
-20.442829
-20.676471
-20.781207
-20.861774
-20.894000
-20.918170
-20.950397
-20.942340
-20.950397
-20.950397
-20.958454
-20.926227
-20.950397
-20.918170
-20.885944
-20.926227
-20.918170
-20.918170
-20.853717
-20.885944
-20.853717
-20.861774
-20.748981
-20.281696
-19.322956
-18.146686
-16.777057
-15.302692
-13.812213
-12.281452
-10.766803
-9.373004
-7.938922
-6.657916
-5.441364
-4.337604
-3.370807
-2.524860
-1.799762
-1.292194
-0.776569
-0.381793
-0.140094
0.133832
0.383587
0.625287
0.842816
1.173138
1.584027
2.051312
2.550824
3.042279
3.864056
4.814740
6.023236
7.505658
9.133099
10.824994
12.516888
14.297406
15.965130
17.544232
18.954144
19.920941
20.388226
20.597699
20.654095
20.654095
20.686322
20.686322
20.686322
20.662152
20.686322
20.686322
20.662152
20.686322
20.686322
20.654095
20.654095
20.646039
20.646039
20.654095
20.629925
20.597699
20.573529
20.356000
19.767865
18.809125
17.624798
16.271283
14.861371
13.532025
12.106000
10.712201
9.302289
8.053509
6.820843
5.700970
4.693890
3.727093
3.066449
2.494427
1.954632
1.439007
1.012005
0.689740
0.407757
0.166058
-0.075641
-0.405963
-0.744342
-1.042438
-1.340534
-1.678913
-2.105914
-2.734332
-3.588336
-4.595416
-5.683063
-6.867389
-8.196735
-9.735553
-11.314655
-12.877643
-14.311725
-15.673297
-17.050983
-18.331989
-19.419635
-20.128620
-20.466998
-20.708698
-20.821491
-20.885944
-20.894000
-20.853717
-20.926227
-20.950397
-20.974567
-20.902057
-20.942340
-20.926227
-20.950397
-20.902057
-20.902057
-20.926227
-20.869831
-20.797321
-20.354206
-19.540485
-18.565631
-17.510211
-16.261432
-14.875690
-13.570514
-12.249225
-10.976276
-9.566364
-8.172565
-6.956012
-5.820026
-4.796832
-3.830036
-2.967975
-2.275104
-1.622516
-1.139118
-0.760456
-0.470416
-0.172321
0.109662
0.359418
0.593060
0.746136
0.987836
1.293988
1.648480
2.099652
2.534711
3.074505
3.888226
4.855023
6.007123
7.175336
8.456341
9.713177
11.155316
12.613568
13.934857
15.183636
16.327679
17.471722
18.543255
19.534222
20.194867
20.525189
20.646039
20.686322
20.662152
20.686322
20.686322
20.662152
20.678265
20.662152
20.686322
20.662152
20.662152
20.646039
20.621869
20.613812
20.452679
20.082074
19.316693
18.454632
17.415326
16.247113
15.054730
13.830121
12.605511
11.284222
9.906537
8.649701
7.417035
6.353558
5.330365
4.387738
3.582074
2.881146
2.252728
1.777386
1.350384
1.003949
0.689740
0.448041
0.230511
-0.019245
-0.293170
-0.462360
-0.728229
-0.986041
-1.276081
-1.678913
-2.186481
-2.847125
-3.548053
-4.434284
-5.457477
-6.633747
-7.785846
-8.921832
-10.114215
-11.354938
-12.732623
-13.981403
-15.238239
-16.261432
-17.268512
-18.243366
-18.920123
-19.540485
-20.023883
-20.475055
-20.732868
-20.797321
-20.869831
-20.902057
-20.926227
-20.950397
-20.950397
-20.926227
-20.926227
-20.708698
-20.410602
-19.854694
-19.322956
-18.654254
-17.904987
-17.018756
-15.947223
-14.899860
-13.771930
-12.644000
-11.499957
-10.291461
-9.147418
-7.987262
-6.835163
-5.820026
-4.821002
-3.918659
-3.096881
-2.347614
-1.759479
-1.259967
-0.889362
-0.567096
-0.277057
-0.067584
0.077435
0.311078
0.560834
0.802533
1.076459
1.374554
1.624310
1.930462
2.405804
3.066449
3.847943
4.710003
5.660687
6.683880
7.868207
9.133099
10.285199
11.501752
12.653851
13.709271
14.732464
15.699261
16.690228
17.600628
18.390179
19.050824
19.566449
19.904828
20.235150
20.388226
20.476849
20.573529
20.629925
20.613812
20.501019
20.372113
20.210980
19.969281
19.598675
19.163617
18.696332
18.075970
17.358929
16.472699
15.449505
14.361859
13.161419
11.977093
10.776654
9.624554
8.504681
7.408978
6.393841
5.386761
4.524701
3.694867
3.001996
2.349408
1.833783
1.398724
1.020062
0.762250
0.439984
0.166058
-0.067584
-0.277057
-0.438190
-0.647663
-0.857135
-1.131061
-1.437213
-1.711139
-2.057575
-2.573200
-3.314411
-4.152301
-5.111041
-6.118122
-7.165485
-8.261188
-9.413288
-10.597614
-11.669147
-12.821247
-13.852497
-14.779010
-15.576618
-16.309772
-17.107379
-17.743854
-18.315875
-18.686481
-19.049030
-19.347125
-19.443805
-19.532428
-19.508258
-19.403522
-19.258502
-19.073200
-18.895954
-18.662311
-18.388385
-18.025836
-17.510211
-16.849567
-16.027789
-15.117389
-14.174762
-13.191852
-12.192829
-11.064899
-9.912799
-8.800983
-7.753620
-6.657916
-5.658893
-4.764606
-3.966998
-3.209674
-2.516803
-1.896442
-1.461383
-1.066608
-0.728229
-0.414020
-0.140094
0.077435
0.262738
0.407757
0.681683
0.947552
1.189252
1.463177
1.745160
2.091595
2.534711
3.106732
3.856000
4.629437
5.394818
6.297162
7.352582
8.408002
9.463421
10.462445
11.445355
12.379925
13.346722
14.345746
15.312543
16.118207
16.851361
17.358929
17.785931
18.108197
18.293500
18.575482
18.720502
18.784955
18.784955
18.784955
18.776898
18.680218
18.414349
18.124310
17.793988
17.334759
16.754681
16.085980
15.207806
14.249066
13.306439
12.428265
11.517865
10.502728
9.447308
8.408002
7.384808
6.353558
5.418988
4.581097
3.799603
3.090619
2.454144
1.954632
1.503461
1.157025
0.899212
0.673627
0.399701
0.190228
-0.043414
-0.196491
-0.365680
-0.518756
-0.792682
-1.050495
-1.348590
-1.695026
-2.033405
-2.549030
-3.153278
-3.886432
-4.796832
-5.658893
-6.601520
-7.544147
-8.559284
-9.622760
-10.645954
-11.612750
-12.498981
-13.481891
-14.215045
-14.907916
-15.487995
-15.866657
-16.156696
-16.430622
-16.865680
-17.107379
-17.292682
-17.469928
-17.639118
-17.631061
-17.558551
-17.437702
-17.244342
-16.970416
-16.607868
-16.261432
-15.794147
-15.246295
-14.513141
-13.707477
-12.861530
-11.854450
-10.887653
-9.824176
-8.720416
-7.648883
-6.714313
-5.755573
-4.821002
-3.999225
-3.241901
-2.581256
-2.033405
-1.550006
-1.227741
-0.881305
-0.567096
-0.309284
-0.083698
0.133832
0.327191
0.536664
0.778363
1.020062
1.253705
1.463177
1.769330
2.123822
2.558880
3.074505
3.606244
4.307171
4.975873
5.781537
6.691937
7.562054
8.569134
9.560101
10.494671
11.413128
12.404095
13.282269
14.071820
14.708294
15.344769
15.852337
16.182660
16.545209
16.786908
16.811078
16.883587
17.036664
17.085003
17.020550
16.972211
16.843304
16.690228
16.327679
15.973187
15.626752
15.103070
14.466595
13.814007
13.064740
12.226849
11.340619
10.446332
9.447308
8.512738
7.545941
6.603314
5.717084
4.814740
4.033246
3.340375
2.655560
2.164105
1.761273
1.382611
1.100628
0.826703
0.593060
0.375531
0.166058
-0.067584
-0.277057
-0.470416
-0.679889
-0.913532
-1.155231
-1.413043
-1.759479
-2.041461
-2.436237
-3.032428
-3.725299
-4.385944
-5.127155
-5.940875
-6.851276
-7.721393
-8.591510
-9.622760
-10.581500
-11.338825
-12.104206
-12.909870
-13.570514
-14.126422
-14.658161
-15.125446
-15.463825
-15.697467
-15.914997
-15.874713
-15.931110
-16.068073
-16.092243
-16.027789
-15.874713
-15.729694
-15.479938
-15.085163
-14.706500
-14.279498
-13.675250
-12.942096
-12.281452
-11.524127
-10.645954
-9.719440
-8.800983
-7.898639
-6.964069
-6.093952
-5.183551
-4.297321
-3.556110
-2.911579
-2.299274
-1.759479
-1.372760
-1.066608
-0.776569
-0.470416
-0.252887
-0.083698
0.101605
0.327191
0.593060
0.810589
0.987836
1.253705
1.439007
1.672650
1.986859
2.341351
2.744183
3.348431
4.009076
4.613324
5.362591
6.152142
7.062543
7.892377
8.802777
9.745404
10.502728
11.260052
12.106000
12.887494
13.532025
14.087933
14.579388
14.949994
15.215863
15.489789
15.731488
15.989300
16.231000
16.231000
16.126263
15.989300
15.795941
15.538128
15.143353
14.853314
14.450482
13.846234
13.250043
12.702191
12.009320
11.227826
10.389935
9.503705
8.617474
7.715130
6.812787
5.942669
5.088666
4.371625
3.622357
2.945599
2.365521
1.954632
1.559857
1.229535
1.003949
0.770306
0.568890
0.311078
0.109662
-0.083698
-0.277057
-0.470416
-0.647663
-0.849079
-1.098834
-1.332477
-1.622516
-2.001178
-2.395954
-2.879352
-3.419147
-4.160358
-4.909625
-5.683063
-6.577350
-7.391071
-8.108112
-8.929889
-9.840289
-10.613727
-11.395221
-12.096149
-12.732623
-13.135456
-13.610797
-13.949176
-14.158649
-14.480914
-14.690387
-14.811237
-14.883747
-14.940143
-15.020709
-14.875690
-14.827350
-14.674274
-14.335895
-13.973346
-13.707477
-13.272418
-12.724567
-12.160602
-11.443561
-10.645954
-9.800006
-8.921832
-7.938922
-7.117145
-6.319538
-5.449420
-4.635700
-3.886432
-3.241901
-2.645709
-2.073688
-1.646686
-1.259967
-0.945758
-0.655719
-0.438190
-0.220661
-0.043414
0.133832
0.327191
0.536664
0.713910
0.931439
1.124798
1.366498
1.567914
1.809613
2.188275
2.647503
3.251752
3.952679
4.540814
5.096722
5.878216
6.724164
7.505658
8.335492
9.205609
9.979046
10.679974
11.437298
12.041546
12.565228
13.137250
13.556195
13.830121
14.095990
14.369916
14.547162
14.708294
14.853314
14.829144
14.780804
14.813031
14.700238
14.514935
14.337689
14.031537
13.548138
13.121136
12.581341
11.880414
11.187543
10.478558
9.592328
8.714154
7.844037
7.022259
6.200482
5.427044
4.693890
3.904339
3.308148
2.703900
2.212445
1.914349
1.688763
1.414837
1.189252
0.931439
0.673627
0.431927
0.230511
0.037152
-0.196491
-0.414020
-0.607379
-0.792682
-1.090778
-1.340534
-1.606403
-1.920612
-2.347614
-2.855182
-3.370807
-4.087848
-4.780719
-5.441364
-6.263141
-6.988239
-7.681110
-8.535114
-9.268268
-9.953082
-10.549274
-11.258258
-11.789997
-12.281452
-12.797077
-13.087116
-13.369098
-13.651081
-13.860553
-14.037799
-14.174762
-14.215045
-14.182819
-14.150592
-13.965289
-13.699420
-13.522174
-13.280475
-12.877643
-12.362018
-11.878620
-11.201862
-10.533161
-9.872516
-9.050739
-8.253131
-7.439411
-6.633747
-5.811969
-5.094928
-4.361774
-3.644733
-3.024372
-2.460407
-1.896442
-1.517780
-1.171344
-0.897418
-0.639606
-0.430133
-0.220661
-0.035358
0.190228
0.399701
0.568890
0.802533
0.979779
1.205365
1.382611
1.624310
1.890179
2.276898
2.671673
3.106732
3.678753
4.283002
4.903363
5.539837
6.248822
7.062543
7.835980
8.657757
9.382855
10.083783
10.833050
11.445355
12.009320
12.565228
12.927777
13.193646
13.515912
13.677044
13.822064
13.950970
14.071820
14.015423
13.942914
13.886517
13.701214
13.588421
13.395062
13.048627
12.686078
12.291302
11.799847
11.227826
10.631634
9.866253
9.060589
8.295209
7.441205
6.595257
5.870160
5.096722
4.347455
3.710980
3.122845
2.615277
2.164105
1.745160
1.447064
1.100628
0.899212
0.681683
0.464154
0.286908
0.085492
-0.099811
-0.260944
-0.430133
-0.671832
-0.808795
-1.050495
-1.259967
-1.550006
-1.896442
-2.363727
-2.855182
-3.346637
-3.886432
-4.482623
-5.078815
-5.803913
-6.577350
-7.262164
-7.955036
-8.664020
-9.260211
-9.920856
-10.557331
-11.161579
-11.596637
-11.983356
-12.370075
-12.619831
-12.893756
-13.087116
-13.159625
-13.240192
-13.369098
-13.369098
-13.425495
-13.272418
-12.966266
-12.772907
-12.402301
-11.999469
-11.644977
-11.201862
-10.589557
-9.945026
-9.324664
-8.502887
-7.745563
-6.964069
-6.214801
-5.425250
-4.716266
-3.991168
-3.386920
-2.831012
-2.275104
-1.799762
-1.453327
-1.131061
-0.857135
-0.591266
-0.397907
-0.196491
-0.043414
0.133832
0.343304
0.568890
0.778363
0.955609
1.205365
1.414837
1.608197
1.866009
2.220502
2.655560
3.090619
3.525677
4.097699
4.677777
5.338421
5.991009
6.756390
7.384808
8.134076
8.891400
9.527875
10.140179
10.833050
11.316449
11.864300
12.347699
12.524945
12.734418
12.951947
13.000287
13.088910
13.217816
13.225873
13.169476
13.105023
12.927777
12.774701
12.581341
12.283246
11.977093
11.598431
11.106976
10.583294
10.027386
9.237836
8.528851
7.747357
6.941693
6.160199
5.475384
4.750287
4.073529
3.517621
2.913373
2.429974
2.011029
1.648480
1.350384
1.084515
0.866986
0.681683
0.496380
0.327191
0.109662
-0.083698
-0.277057
-0.397907
-0.623493
-0.808795
-1.050495
-1.332477
-1.574176
-1.896442
-2.250934
-2.661823
-3.161334
-3.733356
-4.313434
-4.966022
-5.626666
-6.230914
-6.964069
-7.600543
-8.180622
-8.825153
-9.493854
-10.073932
-10.629840
-11.072956
-11.427448
-11.806110
-12.047809
-12.241168
-12.410358
-12.531207
-12.611774
-12.700397
-12.700397
-12.555377
-12.490924
-12.249225
-11.983356
-11.741657
-11.467731
-11.113239
-10.597614
-9.977252
-9.324664
-8.680133
-7.906696
-7.205768
-6.537067
-5.755573
-5.119098
-4.426227
-3.757526
-3.161334
-2.613483
-2.065631
-1.646686
-1.316364
-1.018268
-0.808795
-0.591266
-0.381793
-0.172321
-0.003131
0.174115
0.343304
0.568890
0.705853
0.899212
1.076459
1.326214
1.567914
1.769330
2.123822
2.518597
2.889203
3.396771
4.001019
4.524701
5.217572
5.878216
6.514691
7.126996
7.803753
8.440228
9.100873
9.745404
10.204632
10.720257
11.131146
11.461468
11.743451
12.049603
12.259076
12.492718
12.533002
12.589398
12.637738
12.621625
12.492718
12.428265
12.275189
12.009320
11.767621
11.356732
10.945843
10.534955
9.922650
9.286175
8.681927
7.964886
7.320355
6.635541
5.878216
5.193402
4.516644
3.880169
3.275921
2.744183
2.260785
1.882123
1.559857
1.310101
1.052289
0.834759
0.649457
0.439984
0.319134
0.141888
-0.051471
-0.228717
-0.446247
-0.679889
-0.792682
-1.002155
-1.276081
-1.469440
-1.767536
-2.105914
-2.540973
-3.088825
-3.556110
-4.071735
-4.692096
-5.304401
-5.940875
-6.633747
-7.294391
-7.898639
-8.543170
-9.042682
-9.566364
-10.114215
-10.533161
-10.887653
-11.226032
-11.379108
-11.588581
-11.709430
-11.765827
-11.838336
-11.910846
-11.943073
-11.943073
-11.773883
-11.620807
-11.459674
-11.161579
-10.823200
-10.492877
-10.041706
-9.469684
-8.978229
-8.325641
-7.648883
-6.956012
-6.198688
-5.489704
-4.853229
-4.160358
-3.580280
-2.984088
-2.484577
-2.033405
-1.590289
-1.284137
-0.986041
-0.776569
-0.550983
-0.381793
-0.204547
-0.043414
0.141888
0.375531
0.681683
0.915326
1.052289
1.253705
1.439007
1.648480
1.857953
2.156048
2.470257
2.881146
3.308148
3.767377
4.339398
4.903363
5.604291
6.216595
6.724164
7.320355
7.972943
8.633587
9.270062
9.785687
10.252972
10.736371
10.994183
11.260052
11.550091
11.703168
11.840130
11.977093
12.041546
12.097943
12.081830
11.912640
11.807904
11.670941
11.445355
11.235882
10.873334
10.502728
10.067669
9.479535
8.931683
8.327435
7.626507
6.941693
6.329388
5.612347
4.975873
4.299115
3.678753
3.122845
2.583050
2.188275
1.849896
1.495404
1.245648
1.020062
0.810589
0.617230
0.415814
0.286908
0.101605
-0.075641
-0.252887
-0.405963
-0.615436
-0.776569
-1.002155
-1.187457
-1.404987
-1.711139
-2.009235
-2.460407
-2.919635
-3.370807
-3.966998
-4.514850
-5.054645
-5.723346
-6.287311
-6.956012
-7.536090
-8.043659
-8.623737
-9.147418
-9.622760
-10.098102
-10.380084
-10.670123
-10.911823
-11.072956
-11.185748
-11.346881
-11.379108
-11.371051
-11.395221
-11.322711
-11.290485
-11.153522
-10.927936
-10.734577
-10.380084
-10.073932
-9.687213
-9.115192
-8.599567
-7.979206
-7.229938
-6.601520
-5.884479
-5.175495
-4.595416
-3.942829
-3.370807
-2.814899
-2.315387
-1.880329
-1.501666
-1.211627
-0.953815
-0.768512
-0.550983
-0.325397
-0.156207
0.012982
0.222455
0.319134
0.472211
0.657513
0.858929
1.044232
1.221478
1.366498
1.608197
1.866009
2.212445
2.695843
3.098675
3.670697
4.194378
4.629437
5.233685
5.837933
6.442181
7.054486
7.634564
8.230755
8.786664
9.253949
9.680951
10.067669
10.430218
10.808880
11.171429
11.517865
11.759564
11.711224
11.719281
11.711224
11.622601
11.558148
11.429242
11.195599
10.994183
10.744427
10.406048
10.051556
9.632611
9.221722
8.633587
8.013226
7.441205
6.748334
6.055462
5.402875
4.758343
4.121869
3.606244
3.018109
2.558880
2.156048
1.745160
1.430951
1.197308
1.020062
0.834759
0.657513
0.439984
0.278851
0.109662
-0.083698
-0.244831
-0.373737
-0.559039
-0.760456
-1.002155
-1.155231
-1.348590
-1.646686
-1.936725
-2.307331
-2.734332
-3.249957
-3.757526
-4.361774
-4.812946
-5.393024
-6.021442
-6.569293
-7.181598
-7.737506
-8.293414
-8.841266
-9.171588
-9.501911
-9.856403
-10.186725
-10.468707
-10.702350
-10.807086
-10.976276
-10.960163
-10.927936
-10.960163
-10.952106
-10.887653
-10.734577
-10.525104
-10.323688
-9.977252
-9.566364
-9.147418
-8.680133
-8.172565
-7.648883
-7.012409
-6.440387
-5.699176
-5.022418
-4.434284
-3.813922
-3.225788
-2.726276
-2.218707
-1.848102
-1.493610
-1.187457
-0.929645
-0.728229
-0.534870
-0.365680
-0.220661
-0.043414
0.117718
0.286908
0.472211
0.649457
0.826703
1.044232
1.261761
1.471234
1.672650
1.882123
2.196332
2.526654
2.977826
3.525677
3.968793
4.540814
5.112836
5.555951
6.184369
6.788617
7.392865
8.077679
8.569134
9.108929
9.527875
9.769574
10.107953
10.381878
10.647748
10.889447
10.994183
11.115033
11.155316
11.098919
11.106976
11.066693
10.961957
10.873334
10.615521
10.381878
10.027386
9.632611
9.286175
8.843060
8.351605
7.771527
7.151166
6.522748
5.902386
5.330365
4.814740
4.242718
3.670697
3.211468
2.679730
2.260785
1.857953
1.447064
1.205365
1.036175
0.810589
0.657513
0.448041
0.311078
0.117718
-0.075641
-0.228717
-0.381793
-0.591266
-0.776569
-0.977985
-1.219684
-1.404987
-1.614459
-1.912555
-2.226764
-2.661823
-3.129108
-3.644733
-4.240924
-4.732379
-5.231891
-5.844196
-6.392047
-6.956012
-7.560260
-8.043659
-8.543170
-8.954059
-9.284381
-9.614704
-9.888629
-10.194782
-10.380084
-10.492877
-10.613727
-10.645954
-10.589557
-10.621784
-10.597614
-10.557331
-10.428424
-10.162555
-9.953082
-9.630817
-9.260211
-8.865436
-8.438434
-7.963092
-7.447467
-6.810993
-6.247028
-5.521930
-4.845172
-4.281207
-3.676959
-3.161334
-2.669879
-2.194538
-1.775592
-1.461383
-1.155231
-0.921588
-0.687946
-0.494586
-0.317340
-0.140094
-0.003131
0.190228
0.327191
0.480267
0.657513
0.802533
1.020062
1.253705
1.382611
1.616253
1.882123
2.156048
2.526654
2.953656
3.437054
3.944623
4.468304
4.975873
5.523724
6.055462
6.635541
7.288128
7.819867
8.375775
8.786664
9.141156
9.560101
9.842084
10.132123
10.389935
10.526898
10.704144
10.752484
10.736371
10.800824
10.833050
10.897503
10.800824
10.591351
10.389935
10.051556
9.737347
9.439252
9.076703
8.601361
8.077679
7.578168
6.998089
6.305218
5.692914
5.056439
4.492474
3.976849
3.428998
2.937543
2.413861
2.002972
1.680707
1.366498
1.165082
1.003949
0.794476
0.601117
0.407757
0.286908
0.085492
-0.067584
-0.228717
-0.373737
-0.534870
-0.736286
-0.913532
-1.139118
-1.364704
-1.606403
-1.912555
-2.258991
-2.661823
-3.121051
-3.419147
-3.870319
-4.394000
-4.966022
-5.610553
-6.182575
-6.649860
-7.181598
-7.560260
-8.043659
-8.478717
-8.905719
-9.316608
-9.598590
-9.872516
-10.073932
-10.106159
-10.170612
-10.275348
-10.323688
-10.372028
-10.283405
-10.218952
-10.009479
-9.711383
-9.550250
-9.292438
-9.074909
-8.680133
-8.204791
-7.737506
-7.109088
-6.537067
-5.956989
-5.368854
-4.796832
-4.248981
-3.644733
-3.129108
-2.557086
-2.065631
-1.695026
-1.364704
-1.163288
-0.921588
-0.704059
-0.502643
-0.365680
-0.164264
-0.043414
0.133832
0.311078
0.439984
0.657513
0.794476
0.955609
1.157025
1.326214
1.551800
1.809613
2.172162
2.558880
2.848919
3.243695
3.735150
4.274945
4.855023
5.427044
5.918500
6.418011
6.820843
7.320355
7.956830
8.440228
8.907513
9.262005
9.632611
9.801800
9.906537
10.083783
10.309369
10.526898
10.615521
10.559125
10.559125
10.357709
10.196576
10.075726
9.906537
9.777630
9.471478
9.229779
8.843060
8.254925
7.771527
7.272015
6.724164
6.240765
5.604291
5.008099
4.347455
3.743207
3.251752
2.768353
2.317181
1.986859
1.656537
1.406781
1.132855
0.987836
0.770306
0.601117
0.431927
0.294964
0.109662
-0.043414
-0.172321
-0.317340
-0.494586
-0.679889
-0.889362
-1.123004
-1.348590
-1.550006
-1.743366
-2.057575
-2.484577
-3.000202
-3.467487
-3.966998
-4.458454
-4.901569
-5.368854
-5.900592
-6.440387
-7.060748
-7.536090
-8.075885
-8.478717
-8.704303
-9.018512
-9.268268
-9.558307
-9.856403
-9.945026
-10.065875
-9.985309
-9.928913
-9.945026
-9.945026
-9.945026
-9.767780
-9.582477
-9.348834
-9.010456
-8.664020
-8.373981
-7.987262
-7.576373
-7.044635
-6.424274
-5.868366
-5.175495
-4.603473
-4.071735
-3.572223
-3.056598
-2.549030
-2.122028
-1.703082
-1.380817
-1.123004
-0.849079
-0.655719
-0.518756
-0.341510
-0.156207
-0.019245
0.117718
0.311078
0.464154
0.649457
0.834759
1.020062
1.165082
1.285931
1.495404
1.745160
2.107709
2.413861
2.800580
3.243695
3.582074
4.041302
4.548871
5.128949
5.725140
6.281048
6.909466
7.328412
7.715130
8.206586
8.649701
9.100873
9.471478
9.656781
9.834027
9.825970
9.922650
10.067669
10.196576
10.309369
10.293255
10.285199
10.107953
9.922650
9.737347
9.584271
9.374798
9.100873
8.657757
8.230755
7.650677
7.054486
6.538861
6.023236
5.451214
4.911419
4.339398
3.767377
3.219525
2.728070
2.309125
1.930462
1.640423
1.374554
1.157025
0.955609
0.762250
0.568890
0.399701
0.238568
0.101605
-0.067584
-0.204547
-0.365680
-0.534870
-0.671832
-0.889362
-1.066608
-1.219684
-1.525836
-1.799762
-2.009235
-2.395954
-2.822956
-3.362750
-3.830036
-4.426227
-4.885456
-5.296344
-5.820026
-6.319538
-6.907672
-7.471637
-7.866413
-8.261188
-8.510944
-8.744586
-9.018512
-9.284381
-9.509967
-9.646930
-9.800006
-9.840289
-9.711383
-9.711383
-9.711383
-9.743610
-9.687213
-9.445514
-9.268268
-8.841266
-8.502887
-8.196735
-7.818073
-7.391071
-6.843219
-6.367877
-5.747516
-5.062702
-4.514850
-3.975055
-3.459430
-2.967975
-2.516803
-2.073688
-1.646686
-1.364704
-1.123004
-0.889362
-0.671832
-0.550983
-0.349567
-0.164264
0.045209
0.327191
0.520550
0.657513
0.802533
0.955609
1.076459
1.197308
1.310101
1.527630
1.777386
2.091595
2.397748
2.824750
3.179242
3.493451
4.025189
4.548871
5.128949
5.660687
6.127972
6.659711
7.022259
7.457318
7.997113
8.480511
8.867230
9.197552
9.463421
9.560101
9.592328
9.745404
9.809857
9.995160
10.043500
10.011273
9.946820
9.721234
9.568158
9.479535
9.390912
9.173382
8.843060
8.480511
7.956830
7.408978
6.925580
6.450238
5.918500
5.386761
4.790570
4.210492
3.662640
3.106732
2.647503
2.284955
1.922406
1.640423
1.374554
1.140912
0.955609
0.770306
0.625287
0.439984
0.278851
0.117718
-0.067584
-0.204547
-0.341510
-0.526813
-0.712116
-0.865192
-1.074664
-1.316364
-1.437213
-1.735309
-2.041461
-2.404010
-2.831012
-3.274127
-3.749469
-4.192584
-4.595416
-5.119098
-5.699176
-6.214801
-6.730426
-7.229938
-7.624713
-7.818073
-8.220905
-8.543170
-8.905719
-9.131305
-9.308551
-9.429401
-9.356891
-9.324664
-9.413288
-9.526081
-9.534137
-9.461627
-9.381061
-9.139362
-8.825153
-8.615680
-8.382038
-8.116168
-7.697223
-7.205768
-6.714313
-6.053668
-5.513873
-4.974079
-4.426227
-3.934772
-3.451373
-2.951862
-2.379840
-1.944782
-1.606403
-1.332477
-1.131061
-0.889362
-0.679889
-0.502643
-0.325397
-0.164264
-0.043414
0.109662
0.327191
0.464154
0.625287
0.770306
0.931439
1.108685
1.293988
1.439007
1.680707
2.019086
2.260785
2.583050
3.001996
3.485394
4.041302
4.452191
5.008099
5.418988
5.765423
6.458294
7.078656
7.715130
8.150189
8.528851
8.810834
8.923627
9.060589
9.294232
9.511761
9.656781
9.656781
9.705121
9.560101
9.503705
9.535931
9.527875
9.511761
9.390912
9.173382
8.867230
8.408002
8.053509
7.715130
7.352582
6.836957
6.361615
5.813763
5.112836
4.573041
4.033246
3.590130
3.098675
2.655560
2.260785
1.857953
1.551800
1.310101
1.124798
0.979779
0.770306
0.625287
0.415814
0.278851
0.133832
-0.043414
-0.172321
-0.293170
-0.438190
-0.655719
-0.792682
-1.002155
-1.171344
-1.429157
-1.743366
-1.985065
-2.363727
-2.694049
-3.121051
-3.604450
-4.120075
-4.627643
-5.078815
-5.562213
-5.956989
-6.319538
-6.851276
-7.374957
-7.810016
-8.132282
-8.422321
-8.583454
-8.623737
-8.833209
-9.018512
-9.252155
-9.348834
-9.373004
-9.316608
-9.139362
-9.050739
-8.994342
-8.905719
-8.688190
-8.478717
-8.172565
-7.656940
-7.197711
-6.802936
-6.359821
-5.940875
-5.425250
-4.917682
-4.297321
-3.757526
-3.274127
-2.814899
-2.371784
-1.944782
-1.638629
-1.332477
-1.090778
-0.824909
-0.639606
-0.494586
-0.341510
-0.132038
-0.035358
0.109662
0.278851
0.431927
0.601117
0.778363
0.947552
1.108685
1.277875
1.414837
1.648480
1.970746
2.260785
2.583050
3.058392
3.364544
3.743207
4.283002
4.798627
5.386761
5.845990
6.353558
6.756390
7.046429
7.562054
7.989056
8.456341
8.778607
9.028363
9.165326
9.108929
9.197552
9.326459
9.439252
9.535931
9.511761
9.503705
9.262005
9.100873
8.996136
8.867230
8.738324
8.319378
8.029339
7.570111
7.078656
6.635541
6.184369
5.692914
5.161175
4.766400
4.266888
3.743207
3.259808
2.816693
2.365521
1.970746
1.656537
1.382611
1.140912
0.963666
0.778363
0.625287
0.448041
0.286908
0.141888
-0.003131
-0.172321
-0.309284
-0.438190
-0.607379
-0.792682
-1.050495
-1.163288
-1.372760
-1.614459
-1.952838
-2.307331
-2.637653
-3.104938
-3.394977
-3.830036
-4.361774
-4.869342
-5.457477
-5.908649
-6.408161
-6.770709
-7.084918
-7.423297
-7.858356
-8.204791
-8.478717
-8.720416
-8.776813
-8.744586
-8.833209
-8.954059
-9.107135
-9.115192
-9.107135
-9.026569
-8.776813
-8.559284
-8.406207
-8.293414
-8.043659
-7.713336
-7.286334
-6.714313
-6.206745
-5.755573
-5.296344
-4.812946
-4.248981
-3.789752
-3.217731
-2.734332
-2.307331
-1.912555
-1.582233
-1.332477
-1.131061
-0.857135
-0.623493
-0.486530
-0.293170
-0.156207
-0.003131
0.158002
0.286908
0.415814
0.585003
0.738080
0.923382
1.076459
1.293988
1.430951
1.559857
1.849896
2.196332
2.558880
2.897259
3.380658
3.791546
4.154095
4.645550
5.161175
5.749310
6.232709
6.691937
7.094769
7.336468
7.747357
8.134076
8.456341
8.810834
8.907513
9.084759
9.052533
9.060589
9.181439
9.318402
9.350628
9.270062
9.229779
8.980023
8.810834
8.681927
8.512738
8.287152
7.908490
7.562054
7.054486
6.482464
6.007123
5.547894
5.112836
4.516644
4.065472
3.501507
3.010052
2.526654
2.164105
1.849896
1.584027
1.326214
1.132855
0.931439
0.770306
0.568890
0.431927
0.294964
0.117718
-0.035358
-0.164264
-0.293170
-0.438190
-0.623493
-0.792682
-1.010211
-1.042438
-1.131061
-1.372760
-1.678913
-2.017291
-2.452350
-2.935748
-3.362750
-3.765582
-4.265094
-4.764606
-5.336627
-5.787799
-6.230914
-6.714313
-6.972125
-7.334674
-7.664997
-8.011432
-8.253131
-8.406207
-8.559284
-8.615680
-8.744586
-8.833209
-8.929889
-9.018512
-8.986286
-8.921832
-8.655963
-8.406207
-8.261188
-8.027545
-7.834186
-7.536090
-7.165485
-6.682086
-6.174518
-5.723346
-5.248004
-4.780719
-4.232868
-3.709186
-3.161334
-2.645709
-2.218707
-1.831989
-1.582233
-1.332477
-1.106891
-0.857135
-0.647663
-0.494586
-0.309284
-0.188434
-0.043414
0.117718
0.294964
0.383587
0.552777
0.705853
0.834759
1.068402
1.285931
1.406781
1.608197
1.857953
2.156048
2.574994
2.913373
3.316205
3.710980
4.041302
4.508587
5.008099
5.580121
6.031293
6.514691
6.933636
7.183392
7.602337
7.997113
8.375775
8.617474
8.802777
8.907513
8.875287
8.955853
9.028363
9.173382
9.149212
9.100873
8.996136
8.746380
8.657757
8.528851
8.375775
8.109906
7.779584
7.360638
6.836957
6.361615
5.910443
5.483441
4.991986
4.452191
3.912396
3.340375
2.881146
2.470257
2.139935
1.825726
1.551800
1.318158
1.100628
0.947552
0.746136
0.625287
0.431927
0.278851
0.133832
-0.003131
-0.172321
-0.325397
-0.462360
