-285.418669
-284.843808
-277.658041
-271.334566
-264.436229
-257.250462
-249.202403
-238.854898
-229.082255
-216.722736
-204.938078
-192.578558
-179.931608
-164.410351
-151.188540
-135.379852
-119.571165
-104.337338
-87.378928
-70.995379
-55.761553
-39.665434
-25.293900
-8.910351
5.128031
20.210475
37.102813
50.073715
64.251212
76.920466
90.193016
103.465567
116.134821
129.407371
142.378274
155.650824
167.113482
180.989331
195.166828
209.947624
222.616877
232.872939
242.827352
250.971872
262.132881
272.992241
283.549952
292.297769
299.838991
304.665373
305.871969
307.681862
307.983511
309.190107
310.396702
309.793404
311.000000
307.681862
307.380213
305.570320
304.363725
302.252182
298.632396
295.615907
291.091174
284.454898
278.421920
272.087294
263.641125
256.401552
246.748788
236.492726
224.728419
212.059166
198.484966
186.419011
171.638215
156.254122
141.473327
125.485936
110.101843
92.606208
76.317168
59.123181
41.024248
25.640155
8.747818
-5.748614
-21.557301
-36.503697
-51.737523
-65.534196
-77.031423
-90.828096
-104.624769
-117.559150
-128.768946
-141.703327
-152.913124
-165.847505
-176.769871
-189.704251
-203.500924
-215.573013
-228.507394
-236.555453
-246.040665
-254.951017
-264.148799
-274.208872
-285.131238
-291.742144
-298.065619
-302.951941
-304.676525
-305.826248
-307.263401
-307.838262
-308.413124
-307.838262
-304.963956
-306.113678
-304.676525
-304.389094
-301.802218
-301.227357
-298.065619
-295.191312
-289.155268
-284.556377
-278.807763
-271.621996
-265.873383
-256.388170
-248.914972
-238.567468
-228.219963
-217.297597
-203.788355
-191.428835
-177.632163
-163.835490
-149.751386
-134.517560
-118.996303
-103.187616
-87.378928
-70.707948
-54.036969
-39.378004
-23.856747
-8.622921
6.334627
21.417071
36.801164
51.883608
63.949564
77.523763
90.494665
103.767216
116.436469
130.915616
143.283220
156.857420
168.621726
181.290980
196.071775
209.645975
223.823472
233.777886
241.922405
252.480116
262.132881
273.897187
284.153249
291.694471
299.235694
304.062076
305.570320
306.776916
308.285160
310.698351
309.793404
309.491756
310.095053
306.173618
306.776916
304.967022
304.363725
302.855480
299.838991
295.615907
289.582929
283.851600
277.215325
270.880698
263.339476
254.591659
244.637245
235.889428
224.125121
211.757517
197.580019
183.704171
170.129971
155.047527
139.663434
124.882638
107.085354
91.399612
73.903977
56.106693
38.912706
23.226964
7.239573
-8.048059
-23.569316
-38.515712
-54.324399
-67.258780
-80.193161
-91.977819
-106.061922
-118.708872
-130.206100
-143.427911
-154.925139
-165.847505
-179.356747
-191.141405
-204.075786
-217.297597
-229.657116
-238.280037
-246.902957
-255.813309
-265.298521
-275.933457
-285.706100
-292.891867
-298.927911
-303.526802
-305.251386
-306.688540
-307.550832
-307.838262
-308.125693
-309.275416
-304.101664
-306.975970
-304.676525
-304.676525
-302.377079
-300.939926
-298.927911
-295.478743
-291.167283
-284.556377
-278.807763
-271.621996
-265.298521
-256.675601
-248.052680
-238.567468
-227.357671
-215.860444
-203.500924
-190.279113
-178.207024
-162.685767
-148.601664
-132.792976
-116.696858
-102.037893
-84.792052
-70.420518
-53.749538
-37.940850
-24.144177
-7.473198
6.937924
22.925315
39.214355
52.185257
65.759457
78.127061
91.701261
105.577110
117.643065
131.820563
144.188167
156.555771
169.225024
182.799224
196.976722
210.550921
225.331717
234.984481
242.827352
253.686712
263.037827
273.897187
284.756547
291.996120
299.838991
304.665373
306.475267
307.078565
308.285160
309.190107
309.793404
309.793404
309.793404
304.665373
305.871969
304.665373
303.760427
301.045587
298.632396
294.710960
289.281280
282.946654
276.612027
269.975752
262.434530
253.686712
243.129001
233.476237
222.918526
210.550921
196.071775
183.100873
168.320078
152.634336
138.155189
121.564500
106.482056
88.684772
72.697381
54.900097
37.102813
21.417071
4.826382
-9.772643
-25.581331
-40.527726
-54.611830
-68.695933
-80.193161
-93.702403
-106.924214
-119.858595
-132.505545
-144.577634
-156.937153
-168.721811
-180.219039
-192.865989
-205.800370
-218.447320
-229.944547
-240.292052
-247.477819
-257.825323
-266.735675
-275.933457
-286.280961
-293.466728
-300.077634
-303.526802
-306.401109
-307.263401
-308.125693
-308.413124
-308.987985
-308.413124
-303.239372
-305.826248
-305.826248
-304.676525
-303.814233
-301.227357
-299.215342
-294.616451
-289.730129
-284.556377
-277.083179
-271.909427
-264.436229
-255.525878
-247.190388
-236.842884
-226.782810
-214.998152
-202.926063
-189.704251
-175.332717
-161.536044
-146.589649
-131.355823
-115.547135
-100.025878
-84.504621
-68.121072
-52.024954
-36.791128
-21.557301
-7.185767
7.541222
23.830262
40.119302
53.391853
66.362755
79.032008
92.907856
107.085354
119.754607
132.423860
145.998060
158.064016
170.431620
183.704171
197.881668
211.154219
225.935015
235.286130
243.129001
254.290010
264.244423
275.405432
284.153249
292.599418
300.743938
304.062076
305.570320
306.776916
308.586809
309.491756
309.491756
309.793404
309.793404
303.458778
305.570320
304.967022
302.553831
301.347236
297.124151
292.297769
288.074685
282.343356
276.913676
269.070805
261.529583
252.178468
242.525703
232.269641
221.108632
207.534433
194.865179
181.290980
166.811833
152.031038
136.345296
120.659554
104.672163
87.478177
70.887488
52.486906
35.594568
19.607177
3.318138
-11.209797
-26.443623
-42.252311
-56.048983
-70.420518
-81.917745
-95.714418
-108.073937
-119.571165
-132.218115
-145.152495
-156.937153
-170.158965
-181.656192
-194.015712
-207.524954
-219.022181
-232.818854
-239.717190
-248.052680
-257.825323
-268.172828
-278.520333
-287.718115
-294.041590
-301.227357
-304.101664
-306.113678
-306.688540
-307.838262
-308.413124
-308.700555
-309.562847
-303.526802
-305.538817
-306.113678
-304.389094
-303.239372
-302.377079
-298.640481
-294.616451
-289.155268
-284.268946
-277.370610
-271.047135
-263.573937
-255.238447
-246.902957
-236.555453
-226.495379
-214.998152
-201.776340
-188.554529
-175.045287
-160.961183
-145.439926
-130.780961
-114.109982
-98.301294
-82.780037
-66.683919
-52.024954
-35.641405
-20.407579
-5.173752
9.351115
25.640155
40.119302
53.995150
67.870999
80.238603
93.511154
107.085354
119.452958
132.122211
145.998060
158.064016
171.336566
184.609117
199.389913
213.567410
226.538312
235.889428
244.033948
253.988361
265.451018
275.103783
285.963143
292.901067
299.537342
304.062076
304.967022
307.681862
307.983511
309.793404
309.491756
308.888458
310.095053
302.553831
304.967022
303.458778
302.855480
301.045587
297.727449
293.504365
287.471387
282.343356
275.405432
268.769156
260.926285
251.273521
241.922405
230.761397
220.203686
207.232784
194.261882
179.481086
164.700291
151.729389
134.837051
118.548012
101.655674
84.763337
69.077595
50.978661
34.689622
18.098933
1.809893
-12.359519
-28.168207
-42.827172
-58.348429
-71.570240
-83.929760
-97.151571
-110.085952
-122.732902
-134.230129
-146.589649
-157.512015
-170.733826
-183.380776
-195.452865
-208.674677
-221.321627
-232.243993
-242.591497
-249.489834
-259.549908
-269.035120
-279.095194
-288.580407
-294.903882
-300.939926
-304.676525
-306.975970
-306.975970
-308.413124
-308.125693
-308.987985
-309.275416
-304.389094
-306.688540
-304.389094
-304.101664
-303.526802
-301.227357
-298.927911
-293.466728
-289.442699
-283.406654
-276.508318
-271.047135
-263.573937
-255.525878
-245.753235
-235.693161
-224.483364
-212.986137
-200.339187
-187.692237
-174.182994
-160.098891
-145.439926
-129.343808
-113.535120
-97.439002
-80.768022
-66.109057
-49.725508
-35.353974
-20.120148
-4.598891
10.256062
26.545102
41.325897
54.900097
69.077595
81.143550
94.416101
107.688652
120.357905
133.932105
147.204656
159.572260
171.638215
186.419011
199.993210
214.472357
227.443259
236.191077
245.843841
255.194956
265.752667
276.913676
285.661494
294.409311
300.743938
303.458778
304.665373
307.078565
307.380213
307.681862
309.793404
309.190107
309.190107
302.855480
304.665373
303.760427
302.252182
300.743938
297.124151
292.599418
286.868089
281.740058
273.897187
268.165858
259.418041
250.368574
240.414161
229.856450
218.393792
204.819593
192.753637
177.369544
162.287100
149.316198
133.328807
117.944714
101.052376
82.953443
66.664403
48.263822
32.276431
15.685742
0.603298
-13.509242
-29.605360
-44.839187
-59.785582
-73.294824
-84.504621
-97.439002
-110.660813
-123.595194
-135.379852
-148.026802
-159.524030
-171.883549
-184.817930
-196.027726
-210.974122
-221.609057
-233.681146
-242.591497
-250.639556
-260.699630
-270.184843
-280.819778
-288.292976
-296.053604
-301.802218
-305.826248
-305.826248
-307.838262
-309.275416
-308.987985
-309.562847
-308.987985
-305.538817
-306.113678
-305.826248
-304.676525
-302.951941
-302.377079
-298.353050
-294.041590
-288.867837
-283.119224
-276.508318
-269.609982
-262.711645
-253.513863
-245.178373
-235.693161
-224.483364
-212.698706
-200.051756
-186.829945
-173.033272
-157.799445
-144.290203
-128.481516
-112.960259
-97.439002
-81.055453
-64.097043
-48.575786
-34.204251
-17.533272
-4.024030
11.161009
28.053346
43.135790
56.709990
69.379243
82.350145
95.321048
109.196896
121.564500
135.138700
147.807953
160.175558
173.749758
186.419011
201.501455
214.774006
227.744908
237.397672
245.542192
255.798254
266.054316
276.612027
286.566440
294.107662
300.140640
304.062076
304.967022
306.776916
307.380213
307.681862
308.586809
309.793404
309.491756
303.157129
304.062076
303.760427
301.950533
299.838991
296.219205
291.996120
285.661494
280.231814
273.897187
266.657614
259.116392
248.558681
240.112512
229.253152
217.187197
204.517944
191.245393
176.464597
163.192047
147.807953
131.217265
115.531523
97.734239
82.953443
65.457808
47.057226
30.164888
14.177498
-1.149723
-16.383549
-31.329945
-45.701479
-61.222736
-73.582255
-86.229205
-100.025878
-111.235675
-125.032348
-136.529575
-150.038817
-161.823475
-172.745841
-185.392791
-198.327172
-210.686691
-223.333641
-234.543438
-243.741220
-252.651571
-261.274492
-271.909427
-282.256932
-290.879852
-296.628466
-301.802218
-306.401109
-307.550832
-308.125693
-308.125693
-308.700555
-309.850277
-309.850277
-305.538817
-306.688540
-305.251386
-304.676525
-303.526802
-301.802218
-298.353050
-293.754159
-288.580407
-282.831793
-275.933457
-269.897412
-262.999076
-254.376155
-244.028651
-233.968577
-223.621072
-212.411275
-198.902033
-185.105360
-171.883549
-156.937153
-143.427911
-127.044362
-111.523105
-96.001848
-79.330869
-62.659889
-46.563771
-32.479667
-16.958410
-2.012015
12.970902
27.751697
42.834142
57.011639
70.585839
82.651794
96.829292
110.705141
121.866149
135.440349
149.014549
161.080504
174.956353
187.625606
202.104753
216.282250
227.744908
237.096023
245.843841
256.401552
266.355965
277.818623
286.868089
294.107662
301.648885
303.458778
305.268671
306.776916
307.078565
308.586809
308.285160
309.190107
308.586809
303.760427
304.363725
303.157129
301.045587
299.537342
296.219205
290.789525
285.963143
279.025218
272.690592
266.657614
257.909796
248.860330
237.699321
228.046557
215.678952
202.406402
189.737148
176.162949
160.477207
145.696411
130.312318
113.419981
97.432590
80.238603
62.742968
45.247333
28.958293
13.574200
-3.161738
-18.682994
-33.054529
-47.713494
-62.372458
-75.594270
-87.666359
-100.888170
-113.535120
-126.756932
-137.966728
-149.751386
-162.398336
-174.470425
-186.255083
-199.189464
-212.986137
-225.920518
-235.118299
-245.753235
-252.364140
-261.849353
-271.909427
-281.969501
-290.592421
-297.203327
-303.526802
-306.113678
-307.550832
-308.413124
-308.987985
-309.275416
-309.275416
-308.700555
-307.263401
-306.688540
-305.826248
-304.963956
-303.814233
-301.514787
-298.640481
-294.041590
-288.005545
-281.969501
-275.358595
-269.035120
-261.561922
-253.513863
-244.603512
-233.106285
-222.758780
-210.974122
-198.327172
-185.105360
-170.158965
-156.362292
-141.990758
-125.607209
-109.511091
-93.702403
-77.606285
-61.797597
-45.988909
-31.617375
-15.233826
-0.862292
14.177498
30.164888
43.437439
58.218235
70.887488
84.461688
96.829292
110.705141
122.771096
136.345296
149.919496
161.382153
175.559651
189.133851
202.708050
217.187197
229.253152
237.699321
247.050436
257.909796
268.165858
278.723569
287.471387
295.314258
301.648885
303.458778
304.967022
305.871969
307.681862
308.285160
308.285160
309.190107
307.983511
304.062076
304.363725
302.553831
301.045587
299.235694
295.615907
289.582929
285.359845
278.120272
272.087294
265.149370
256.401552
247.352085
236.191077
227.443259
213.869059
200.596508
188.228904
172.844811
158.968962
143.886518
127.597478
112.515034
95.622696
77.825412
61.838021
43.739088
27.450048
11.161009
-4.598891
-19.257856
-34.204251
-50.012939
-63.234750
-76.169131
-89.103512
-102.612754
-115.547135
-127.044362
-139.403882
-151.763401
-162.973198
-175.620148
-187.692237
-200.626617
-214.135860
-226.495379
-236.268022
-245.178373
-254.088725
-263.286506
-272.771719
-283.694085
-290.879852
-298.353050
-302.951941
-305.538817
-307.550832
-308.125693
-309.275416
-309.562847
-309.562847
-308.987985
-306.975970
-306.975970
-305.826248
-304.963956
-304.101664
-300.365065
-298.065619
-293.754159
-288.005545
-281.682070
-274.783734
-269.609982
-261.849353
-252.939002
-243.453789
-232.818854
-221.321627
-208.962107
-196.315157
-183.955638
-169.871534
-154.925139
-140.266174
-124.744917
-108.361368
-92.840111
-76.743993
-60.935305
-45.126617
-30.180222
-14.946396
0.603298
15.685742
31.371484
45.548982
59.123181
72.697381
85.064985
98.337536
112.515034
124.279340
137.551891
150.824442
162.287100
176.464597
190.038797
202.708050
218.092144
228.951503
238.302619
247.955383
257.306499
268.769156
279.326867
287.169738
295.314258
301.045587
304.062076
305.570320
306.173618
307.380213
307.983511
307.983511
307.681862
307.078565
304.967022
302.855480
303.157129
300.442289
298.330747
295.314258
289.884578
284.153249
278.421920
270.880698
263.641125
256.099903
245.542192
236.794374
225.331717
213.265761
199.993210
186.720660
172.241513
157.159069
142.076625
126.692532
110.101843
94.114452
76.920466
60.028128
41.929195
25.941804
9.652764
-5.748614
-20.120148
-36.791128
-50.587800
-64.959335
-77.606285
-89.965804
-104.049908
-115.834566
-128.194085
-140.553604
-153.200555
-165.272643
-176.482440
-190.279113
-201.776340
-215.573013
-227.645102
-237.705176
-246.328096
-254.951017
-264.436229
-275.358595
-284.556377
-292.317006
-298.640481
-304.389094
-306.688540
-307.838262
-308.987985
-308.700555
-309.850277
-311.000000
-308.413124
-307.263401
-306.401109
-305.251386
-304.389094
-303.526802
-300.077634
-298.353050
-292.317006
-288.580407
-282.544362
-275.358595
-268.747689
-260.987061
-252.364140
-242.878928
-231.669131
-221.034196
-207.812384
-196.027726
-182.231054
-168.434381
-153.487985
-139.116451
-123.882625
-108.073937
-90.540665
-75.881701
-59.210721
-43.114603
-28.455638
-13.221811
1.809893
15.987391
32.879728
47.057226
59.726479
73.300679
85.668283
99.544132
112.515034
124.580989
138.758487
151.729389
163.795344
177.671193
191.547042
205.121242
218.393792
230.459748
239.207565
248.257032
259.418041
270.277401
279.930165
288.677983
295.917556
301.045587
303.157129
304.665373
306.475267
307.380213
306.776916
308.586809
307.983511
306.776916
305.268671
302.252182
302.252182
300.743938
298.029098
294.409311
288.677983
284.153249
276.913676
270.277401
263.641125
253.385063
245.542192
234.984481
223.823472
211.757517
198.183317
184.910766
170.431620
155.349176
141.171678
123.374394
108.895247
92.002910
75.412221
58.218235
40.420951
24.131911
8.144520
-8.048059
-21.269871
-37.653420
-51.737523
-67.833641
-78.756007
-91.402957
-105.487061
-117.559150
-129.343808
-141.703327
-154.062847
-166.709797
-178.494455
-191.141405
-202.638632
-217.010166
-227.932532
-238.280037
-247.190388
-256.100739
-265.298521
-275.646026
-285.131238
-293.466728
-299.790203
-305.538817
-306.688540
-307.838262
-309.275416
-310.137708
-308.987985
-310.137708
-307.550832
-307.838262
-306.688540
-306.113678
-304.676525
-302.951941
-302.089649
-296.628466
-292.604436
-287.718115
-281.682070
-275.071165
-267.597967
-260.124769
-252.076710
-240.866913
-230.806839
-219.309612
-208.099815
-195.165434
-181.943623
-167.572089
-152.050832
-138.541590
-121.295749
-106.636784
-90.253235
-73.582255
-58.348429
-42.252311
-27.593346
-12.646950
1.508244
17.797284
33.483026
47.660524
60.933075
74.205626
87.478177
101.052376
113.118332
126.994180
139.361785
152.935984
164.398642
177.972842
193.356935
206.026188
219.600388
229.856450
240.112512
248.558681
259.719690
271.483996
281.136760
289.281280
295.615907
301.950533
303.760427
305.570320
307.078565
307.078565
307.681862
307.681862
308.285160
304.967022
304.062076
303.157129
302.553831
300.442289
298.330747
293.504365
288.376334
282.645005
276.008729
269.975752
262.434530
254.290010
244.033948
234.381183
223.220175
210.550921
197.580019
183.704171
170.129971
154.444229
139.060136
123.374394
106.783705
90.494665
74.205626
56.408341
38.912706
22.925315
5.731329
-8.048059
-24.144177
-39.090573
-53.462107
-68.121072
-79.905730
-93.702403
-106.636784
-118.421442
-131.355823
-143.427911
-155.212569
-166.997227
-179.931608
-191.716266
-204.650647
-217.585028
-229.657116
-239.142329
-247.477819
-256.675601
-266.160813
-277.083179
-287.430684
-293.754159
-300.077634
-304.676525
-306.975970
-307.838262
-308.987985
-310.137708
-309.850277
-309.850277
-306.401109
-307.838262
-307.263401
-306.113678
-304.963956
-302.664510
-301.227357
-297.490758
-292.317006
-286.855823
-280.532348
-273.634011
-267.023105
-259.549908
-251.214418
-240.292052
-231.094270
-217.872458
-206.375231
-193.728281
-179.644177
-166.422366
-151.475970
-137.104436
-121.008318
-104.624769
-89.390943
-71.570240
-56.911275
-41.390018
-26.156192
-11.209797
3.921435
20.512124
35.292919
49.772066
61.838021
75.412221
88.986421
101.957323
114.928225
126.994180
140.568380
153.840931
165.605238
180.386033
194.261882
207.836081
221.108632
231.063046
240.414161
248.860330
259.418041
270.579049
281.438409
290.186227
296.520854
301.950533
303.458778
304.967022
306.475267
306.475267
307.681862
307.380213
307.983511
304.363725
304.967022
302.252182
301.347236
299.838991
297.124151
292.901067
287.169738
281.740058
276.310378
268.769156
261.831232
252.781765
243.732299
232.872939
221.410281
208.741028
195.770126
182.195926
166.510184
153.539282
138.155189
121.866149
105.577110
89.288070
71.792435
54.598448
37.706111
20.813773
5.429680
-9.772643
-25.868762
-40.527726
-56.048983
-68.695933
-81.342884
-94.564695
-107.211645
-121.008318
-132.218115
-145.152495
-156.362292
-168.721811
-180.793900
-193.153420
-206.375231
-218.734750
-231.956562
-240.004621
-248.052680
-258.975046
-267.885397
-277.945471
-287.718115
-294.903882
-301.227357
-305.826248
-306.975970
-308.987985
-309.562847
-309.275416
-310.425139
-310.137708
-305.826248
-307.838262
-306.975970
-306.401109
-304.963956
-302.377079
-300.939926
-296.628466
-291.742144
-285.993530
-280.244917
-273.634011
-267.023105
-258.400185
-249.489834
-240.004621
-229.082255
-217.585028
-206.087800
-192.578558
-179.931608
-164.985213
-150.901109
-134.804991
-119.283734
-104.049908
-86.516636
-71.570240
-56.048983
-40.240296
-25.581331
-9.772643
3.921435
21.115422
36.801164
49.772066
63.346266
76.317168
89.288070
103.163919
116.134821
128.502425
141.774976
154.444229
167.113482
180.989331
194.261882
209.042677
222.013579
231.967992
240.112512
250.971872
261.227934
271.483996
282.343356
289.582929
296.822502
302.252182
303.157129
304.665373
306.475267
307.380213
307.681862
307.380213
307.681862
303.157129
304.062076
302.252182
300.442289
299.235694
296.520854
291.996120
287.169738
281.136760
274.802134
268.467507
260.624636
251.575170
241.922405
231.364694
220.203686
207.232784
194.563531
180.687682
165.605238
152.332687
136.646945
120.056256
104.068865
86.874879
71.189137
53.090204
35.594568
19.305529
3.016489
-10.922366
-26.731054
-42.252311
-56.623845
-70.420518
-81.917745
-95.714418
-108.361368
-121.295749
-133.367837
-146.014787
-157.224584
-169.871534
-181.943623
-194.590573
-207.237523
-219.309612
-231.956562
-242.016636
-248.914972
-259.262477
-268.460259
-278.520333
-288.867837
-295.478743
-301.227357
-305.826248
-306.975970
-308.987985
-309.275416
-309.850277
-310.425139
-310.425139
-305.826248
-308.125693
-306.401109
-305.826248
-304.676525
-302.951941
-300.652495
-296.341035
-291.742144
-285.706100
-280.244917
-272.484288
-266.160813
-257.825323
-248.627542
-239.429760
-228.794824
-216.147874
-205.512939
-191.141405
-178.207024
-162.973198
-149.751386
-134.230129
-117.271719
-102.325323
-86.229205
-70.707948
-54.036969
-39.090573
-23.856747
-8.622921
5.128031
22.020369
36.801164
51.883608
64.552861
76.920466
90.494665
103.767216
116.738118
130.010669
142.981571
155.650824
168.320078
181.290980
195.468477
209.947624
223.823472
232.872939
241.620757
251.876819
261.831232
273.595538
282.645005
290.789525
298.029098
301.950533
304.062076
304.967022
305.871969
306.776916
307.380213
307.681862
307.380213
301.648885
304.062076
301.347236
300.743938
298.632396
296.520854
292.297769
286.566440
280.533463
274.198836
268.165858
259.719690
251.273521
241.017459
230.761397
219.902037
206.629486
193.658584
179.179437
165.303589
151.126091
135.440349
118.849661
101.655674
85.969932
68.775946
51.581959
33.784675
18.098933
1.809893
-12.359519
-27.593346
-43.402033
-57.486137
-71.282810
-83.642329
-97.439002
-110.085952
-122.158041
-133.942699
-146.589649
-158.086876
-171.021257
-183.093346
-196.027726
-208.387246
-221.321627
-233.393715
-242.304067
-250.064695
-258.687616
-270.184843
-279.670055
-289.442699
-296.915896
-302.377079
-306.688540
-307.263401
-308.413124
-310.137708
-309.275416
-310.137708
-310.712569
-305.538817
-308.125693
-306.688540
-306.688540
-305.538817
-303.239372
-300.365065
-296.341035
-291.167283
-285.706100
-279.670055
-271.621996
-265.585952
-256.675601
-248.914972
-237.705176
-227.070240
-216.722736
-202.638632
-190.853974
-177.344732
-162.398336
-148.026802
-133.367837
-116.121996
-101.175601
-84.217190
-69.270795
-53.174677
-37.653420
-22.707024
-7.185767
6.937924
22.925315
38.611057
51.883608
64.552861
78.730359
91.701261
105.577110
117.643065
130.613967
144.489816
156.857420
170.129971
183.402522
196.976722
210.550921
223.521823
233.777886
241.319108
251.876819
263.037827
273.897187
283.851600
291.091174
297.425800
301.648885
303.458778
304.967022
305.570320
306.776916
307.681862
307.681862
307.380213
299.235694
303.760427
301.648885
300.442289
298.632396
295.917556
291.996120
285.661494
279.628516
273.293889
266.054316
259.418041
249.463628
240.414161
229.554801
217.488846
205.121242
191.547042
177.972842
163.192047
149.014549
133.027158
117.341416
100.750727
83.255092
67.870999
49.470417
32.879728
16.590689
0.603298
-14.084104
-29.317930
-45.126617
-58.923290
-72.145102
-84.792052
-97.439002
-111.235675
-122.732902
-134.517560
-148.026802
-158.949168
-172.170980
-183.380776
-196.315157
-210.399261
-221.321627
-233.681146
-242.878928
-251.501848
-260.124769
-271.334566
-281.107209
-290.592421
-297.203327
-302.664510
-306.688540
-306.975970
-308.700555
-309.850277
-309.562847
-310.712569
-310.712569
-305.251386
-307.263401
-306.975970
-305.826248
-305.251386
-302.951941
-299.790203
-295.191312
-290.017560
-284.556377
-279.095194
-273.059150
-265.011091
-257.537893
-248.627542
-237.417745
-226.782810
-214.998152
-202.063771
-189.704251
-175.620148
-162.110906
-145.727357
-132.218115
-114.972274
-99.451017
-82.780037
-67.546211
-51.737523
-37.365989
-21.557301
-5.748614
8.144520
24.131911
39.516004
53.090204
66.061106
78.730359
92.304559
105.878758
118.548012
131.820563
144.188167
157.460718
169.828322
184.609117
197.881668
212.662464
225.935015
235.286130
243.732299
253.083414
263.339476
274.802134
284.454898
292.599418
298.632396
302.252182
303.458778
304.967022
306.173618
306.173618
306.776916
307.681862
307.681862
301.347236
302.553831
301.648885
300.140640
298.934045
294.710960
289.884578
285.058196
278.120272
272.992241
265.149370
258.211445
248.558681
238.905917
229.554801
216.583899
203.914646
191.547042
176.766246
162.287100
148.109602
131.820563
115.833172
98.337536
82.350145
65.759457
47.660524
31.069835
15.987391
-0.287431
-15.233826
-30.755083
-45.988909
-60.935305
-74.157116
-85.366913
-99.451017
-111.810536
-124.744917
-137.104436
-148.601664
-161.823475
-173.608133
-185.392791
-198.327172
-210.399261
-223.908503
-235.405730
-243.741220
-252.076710
-261.561922
-271.909427
-281.394640
-289.442699
-297.203327
-302.951941
-305.538817
-308.413124
-309.275416
-309.275416
-309.850277
-310.137708
-310.425139
-306.688540
-307.838262
-308.125693
-306.113678
-304.676525
-302.951941
-300.077634
-295.766174
-290.304991
-284.556377
-278.232902
-271.334566
-264.148799
-255.813309
-247.190388
-236.268022
-224.483364
-212.986137
-201.488909
-188.267098
-173.895564
-159.811460
-144.865065
-129.343808
-113.822551
-96.864140
-80.480591
-64.097043
-49.438078
-34.779113
-18.682994
-4.598891
11.462658
26.846751
42.230844
55.805044
68.172648
82.350145
95.321048
109.800194
122.469447
134.233754
147.807953
159.270611
172.241513
186.419011
199.389913
213.869059
226.839961
236.191077
244.637245
254.591659
265.149370
276.008729
284.756547
292.901067
299.235694
302.553831
303.760427
305.570320
305.871969
307.078565
307.380213
307.380213
307.681862
301.347236
302.553831
301.648885
300.743938
298.330747
295.917556
290.789525
285.058196
279.326867
272.992241
265.752667
257.306499
248.558681
238.000970
228.348206
216.282250
202.708050
189.737148
175.559651
161.683802
146.601358
130.613967
114.928225
98.940834
80.841901
64.854510
47.057226
29.863240
12.970902
-1.149723
-16.096118
-31.042514
-45.988909
-62.085028
-73.869686
-86.229205
-99.738447
-111.523105
-124.744917
-136.242144
-149.463956
-161.248614
-173.320702
-185.967652
-198.039741
-213.273567
-224.770795
-234.830869
-244.316081
-252.076710
-262.999076
-272.484288
-282.256932
-290.879852
-296.915896
-303.814233
-306.113678
-307.838262
-308.413124
-310.137708
-310.137708
-310.137708
-310.712569
-306.401109
-307.263401
-307.263401
-305.538817
-304.676525
-301.802218
-299.502773
-294.329020
-289.442699
-284.268946
-277.083179
-270.759704
-263.573937
-254.376155
-244.316081
-235.693161
-223.908503
-212.123845
-199.476895
-187.117375
-173.033272
-158.374307
-144.002773
-127.619224
-112.385397
-97.439002
-79.905730
-64.384473
-48.575786
-33.629390
-17.820702
-3.736599
12.065955
28.958293
42.230844
56.106693
70.284190
81.746848
95.924345
109.196896
121.564500
135.138700
147.807953
160.778855
173.146460
186.720660
200.898157
213.567410
227.141610
235.587779
244.637245
255.496605
266.657614
277.215325
286.264791
292.297769
299.235694
302.855480
304.665373
306.173618
306.475267
307.681862
307.380213
308.285160
308.586809
303.157129
302.855480
301.950533
299.537342
298.330747
294.107662
288.979631
284.756547
279.025218
272.087294
264.847721
256.099903
247.653734
236.492726
227.141610
215.377304
202.104753
188.228904
174.051406
158.365664
144.791465
128.502425
112.816683
96.829292
79.333657
63.044617
45.548982
28.958293
12.065955
-2.874307
-17.533272
-33.341959
-48.575786
-62.659889
-75.881701
-87.666359
-100.888170
-113.247689
-125.032348
-137.966728
-151.188540
-163.835490
-174.757856
-187.979667
-199.476895
-212.698706
-225.058226
-235.980591
-246.328096
-253.801294
-263.861368
-272.484288
-283.119224
-291.454713
-297.203327
-304.101664
-306.975970
-307.838262
-309.275416
-309.562847
-310.137708
-310.137708
-309.562847
-307.838262
-306.401109
-306.975970
-305.538817
-304.101664
-302.377079
-299.215342
-294.329020
-289.442699
-282.544362
-276.795749
-269.897412
-262.999076
-254.951017
-245.753235
-234.256007
-222.758780
-211.261553
-198.614603
-185.105360
-171.596118
-156.937153
-142.278189
-126.756932
-110.373383
-94.852126
-78.181146
-62.659889
-46.563771
-31.617375
-15.808688
-1.149723
13.272551
29.561591
44.040737
57.916586
71.490786
85.064985
98.035887
111.006790
124.580989
136.948594
149.919496
162.287100
174.654704
188.832202
203.311348
216.583899
227.744908
237.397672
245.240543
256.703201
267.260912
278.421920
285.963143
293.806014
300.442289
302.252182
304.363725
305.871969
305.871969
307.681862
307.380213
307.681862
307.078565
302.553831
302.252182
302.553831
300.743938
298.330747
294.107662
289.582929
283.549952
278.120272
270.880698
264.847721
255.496605
246.145490
236.794374
225.331717
213.567410
200.596508
187.625606
172.543162
159.270611
143.584869
127.295829
112.213385
94.717750
78.127061
61.838021
43.135790
27.751697
11.161009
-4.598891
-19.832717
-35.353974
-49.725508
-64.097043
-76.169131
-88.528651
-101.750462
-115.259704
-127.044362
-139.978743
-151.763401
-163.260628
-176.482440
-188.267098
-200.914048
-214.998152
-226.782810
-236.555453
-245.753235
-255.525878
-263.861368
-274.783734
-284.268946
-291.742144
-298.640481
-304.101664
-306.401109
-307.838262
-308.700555
-309.850277
-308.987985
-310.425139
-309.275416
-307.550832
-307.550832
-306.975970
-305.538817
-304.676525
-302.377079
-299.215342
-294.041590
-289.155268
-282.256932
-275.933457
-269.035120
-262.424214
-253.513863
-244.603512
-233.681146
-221.896488
-209.824399
-197.464880
-183.668207
-170.446396
-155.212569
-141.990758
-124.170055
-109.798521
-93.127542
-77.606285
-61.797597
-45.414048
-31.329945
-15.233826
-0.000000
14.177498
30.466537
44.644035
58.218235
72.697381
83.858390
98.639185
112.213385
124.882638
136.948594
150.522793
161.985451
174.956353
188.832202
203.311348
218.092144
228.348206
238.604268
246.145490
256.703201
266.959263
278.120272
286.868089
294.409311
300.743938
302.855480
304.062076
305.570320
306.173618
307.078565
307.681862
307.380213
307.078565
304.665373
302.252182
301.648885
299.838991
297.425800
293.504365
289.281280
282.645005
277.516974
270.277401
263.942774
255.798254
245.542192
235.889428
225.633366
210.852570
199.389913
185.212415
171.336566
156.857420
141.774976
126.994180
109.196896
92.907856
76.920466
59.726479
41.929195
24.433560
9.652764
-6.036044
-21.557301
-36.216266
-51.450092
-66.109057
-77.893715
-90.253235
-103.187616
-116.696858
-128.481516
-141.703327
-153.775416
-164.697782
-178.781885
-189.704251
-202.351201
-215.860444
-226.782810
-237.992606
-246.615527
-256.100739
-265.011091
-274.496303
-284.556377
-292.604436
-298.927911
-304.389094
-307.838262
-308.125693
-308.413124
-311.000000
-311.000000
-311.000000
-308.987985
-308.700555
-307.550832
-306.688540
-305.538817
-304.101664
-301.227357
-298.065619
-294.041590
-288.292976
-282.256932
-275.071165
-269.322551
-260.987061
-253.801294
-244.028651
-232.818854
-221.896488
-208.962107
-196.602588
-183.380776
-167.859519
-154.350277
-139.116451
-123.307763
-107.211645
-91.115527
-75.594270
-59.498152
-43.976895
-29.317930
-13.509242
0.603298
16.289040
32.276431
47.358875
60.028128
73.602328
86.573230
100.449079
113.419981
125.184287
138.758487
151.729389
163.795344
176.766246
189.737148
204.216295
218.393792
229.856450
238.302619
247.955383
258.211445
268.769156
279.326867
287.169738
295.615907
301.045587
303.157129
304.967022
306.173618
307.681862
306.475267
307.681862
307.380213
306.173618
305.268671
301.648885
301.045587
299.537342
297.727449
293.806014
288.677983
282.946654
276.008729
270.277401
262.434530
254.290010
245.542192
234.381183
223.521823
211.757517
197.881668
185.212415
170.129971
155.650824
141.473327
125.485936
108.593598
91.399612
75.713870
58.218235
40.420951
24.131911
8.144520
-6.323475
-22.132163
-37.078558
-52.312384
-65.534196
-79.330869
-90.828096
-104.049908
-117.271719
-128.768946
-143.140481
-154.350277
-165.847505
-179.069316
-190.853974
-203.500924
-216.147874
-229.082255
-239.142329
-247.190388
-256.100739
-265.011091
-276.220887
-286.280961
-292.891867
-300.939926
-304.676525
-306.975970
-308.700555
-308.700555
-310.425139
-309.850277
-309.850277
-308.413124
-307.838262
-307.263401
-306.975970
-305.826248
-303.814233
-301.227357
-298.065619
-292.604436
-287.430684
-281.969501
-275.358595
-268.172828
-261.274492
-252.076710
-242.016636
-231.094270
-219.884473
-208.674677
-195.165434
-183.093346
-168.146950
-152.338262
-138.541590
-122.732902
-106.924214
-90.540665
-75.019409
-58.923290
-42.827172
-28.455638
-12.934381
0.904947
16.590689
33.181377
47.358875
60.631426
74.507274
88.383123
100.449079
113.419981
126.390883
139.361785
153.539282
164.700291
177.671193
192.753637
206.026188
219.902037
230.459748
238.905917
248.558681
258.211445
270.277401
279.930165
288.677983
295.917556
300.442289
302.855480
304.665373
305.570320
306.776916
306.173618
308.285160
307.681862
305.871969
304.363725
301.950533
301.347236
299.838991
296.822502
293.202716
287.169738
281.740058
275.707081
268.769156
262.132881
253.686712
243.732299
234.381183
222.918526
209.947624
196.675073
182.799224
167.716780
154.444229
138.155189
123.072745
106.482056
89.589719
74.507274
56.408341
38.912706
22.925315
6.032978
-8.910351
-23.856747
-38.803142
-54.324399
-67.833641
-79.330869
-91.402957
-105.199630
-117.846580
-131.068392
-143.140481
-156.074861
-166.997227
-179.931608
-192.291128
-204.075786
-218.159889
-229.657116
-239.142329
-248.340111
-256.388170
-267.597967
-277.083179
-286.855823
-294.616451
-300.365065
-305.826248
-307.263401
-308.413124
-309.850277
-309.562847
-310.137708
-310.137708
-307.263401
-308.413124
-307.550832
-306.401109
-306.113678
-303.814233
-300.939926
-297.778189
-292.317006
-287.430684
