221.666991
191.081792
177.151899
160.193768
146.869523
131.425511
114.467381
98.114898
80.248296
63.895813
46.634859
30.888023
14.535540
-1.727778
-16.125926
-30.812037
-44.346296
-58.456481
-71.702778
-84.661111
-97.619444
-109.713889
-121.808333
-134.190741
-146.573148
-159.531481
-170.186111
-183.432407
-196.102778
-209.061111
-220.867593
-232.386111
-240.449074
-248.800000
-257.438889
-267.229630
-276.732407
-285.947222
-292.282407
-297.753704
-301.785185
-303.512963
-304.952778
-305.816667
-307.256481
-306.104630
-306.968519
-307.544444
-306.392593
-306.104630
-304.376852
-303.225000
-299.193519
-294.298148
-290.842593
-285.083333
-279.612037
-272.700926
-267.805556
-258.590741
-248.224074
-239.873148
-229.794444
-219.715741
-208.485185
-195.526852
-181.992593
-166.442593
-152.620370
-138.510185
-122.384259
-107.410185
-89.844444
-74.006481
-58.456481
-43.770370
-28.508333
-14.110185
1.211295
17.260954
31.796495
44.817916
59.959104
74.191821
86.910419
99.931840
112.347614
125.671860
138.390458
151.714703
163.524830
175.940604
190.476144
203.497566
218.033106
229.843233
239.533593
248.315482
257.097371
268.604674
277.992210
286.471276
293.739046
301.915287
305.246349
307.366115
307.668939
309.183057
309.788705
310.697176
311.000000
310.697176
310.091529
309.183057
307.971762
306.457644
302.823759
298.584226
292.224927
287.379747
279.809153
273.147030
267.393379
258.308666
248.618306
238.625122
229.237585
216.821811
203.800389
190.173320
174.729309
159.890944
145.658228
129.911392
113.861733
95.995131
78.734177
61.473223
45.423564
28.768257
12.415774
-2.303704
-17.853704
-31.963889
-45.786111
-60.472222
-72.854630
-85.812963
-99.347222
-110.289815
-122.960185
-135.918519
-147.725000
-160.107407
-172.777778
-184.296296
-197.254630
-211.364815
-222.307407
-232.386111
-242.464815
-250.239815
-260.030556
-268.381481
-277.308333
-285.947222
-292.858333
-299.193519
-302.361111
-303.800926
-305.528704
-305.816667
-306.968519
-307.256481
-307.256481
-307.544444
-307.544444
-306.680556
-305.528704
-302.937037
-299.481481
-294.874074
-290.266667
-285.371296
-278.748148
-272.988889
-267.805556
-258.878704
-249.375926
-239.297222
-230.082407
-219.427778
-207.045370
-193.799074
-181.128704
-167.018519
-152.044444
-137.934259
-121.232407
-105.394444
-89.556481
-72.854630
-58.168519
-42.042593
-27.356481
-12.094444
2.119766
16.352483
32.704966
45.726388
60.261928
74.191821
87.516066
100.537488
113.256086
125.066212
138.693281
152.925998
163.827653
177.757546
191.384615
205.314508
218.335930
229.540409
239.836417
248.012658
258.308666
268.604674
277.992210
287.379747
294.647517
300.703992
304.640701
306.154820
307.971762
309.788705
309.183057
309.788705
310.091529
310.697176
309.183057
309.183057
307.063291
306.154820
302.520935
297.675755
291.922103
285.865628
279.506329
273.147030
266.182084
257.400195
246.498539
237.111003
226.814995
215.610516
201.680623
189.870497
174.123661
158.679649
144.749757
128.094450
112.044791
95.086660
77.522882
60.867575
43.000974
26.951315
10.901655
-4.031481
-18.429630
-33.403704
-47.225926
-61.624074
-74.870370
-87.540741
-100.499074
-112.593519
-124.112037
-137.070370
-149.452778
-161.259259
-173.929630
-185.160185
-198.118519
-211.076852
-222.883333
-233.250000
-242.464815
-251.103704
-260.030556
-269.533333
-278.460185
-287.962963
-293.722222
-300.057407
-303.225000
-304.376852
-305.816667
-306.968519
-307.832407
-307.832407
-308.408333
-307.256481
-306.680556
-306.392593
-305.240741
-302.361111
-299.769444
-294.874074
-290.554630
-285.659259
-279.036111
-273.276852
-266.941667
-258.590741
-249.663889
-238.433333
-228.930556
-218.851852
-206.181481
-193.223148
-180.552778
-165.578704
-151.756481
-136.494444
-120.656481
-104.818519
-88.980556
-73.718519
-56.728704
-41.178704
-27.068519
-11.806481
1.514119
17.866602
32.402142
46.937683
60.261928
74.797468
89.030185
101.143135
113.861733
125.066212
139.904576
152.623174
164.736125
178.363194
191.687439
205.314508
218.941577
229.843233
239.836417
248.618306
258.914314
269.210321
279.809153
287.682571
294.647517
301.612463
304.640701
306.760467
307.366115
308.880234
310.091529
310.091529
309.788705
310.091529
309.183057
308.274586
307.063291
304.337877
301.309640
296.161636
291.316456
285.259981
278.295034
271.632911
265.879260
256.188900
245.892892
235.596884
226.209348
213.793574
199.863681
187.447907
172.912366
157.468354
142.327167
126.277507
110.227848
93.269718
77.220058
59.353457
42.395326
26.648491
9.690360
-4.895370
-19.581481
-35.419444
-48.665741
-63.063889
-75.446296
-87.828704
-101.650926
-114.897222
-126.415741
-138.222222
-150.028704
-162.987037
-174.505556
-186.312037
-199.270370
-213.092593
-224.323148
-233.825926
-242.752778
-251.967593
-260.318519
-270.685185
-279.900000
-287.962963
-294.874074
-299.769444
-303.512963
-304.952778
-305.816667
-307.544444
-308.120370
-307.832407
-308.120370
-307.832407
-307.256481
-308.120370
-305.240741
-303.512963
-300.633333
-294.586111
-291.130556
-284.795370
-278.460185
-272.412963
-266.077778
-257.726852
-248.224074
-238.721296
-230.082407
-218.563889
-206.469444
-193.223148
-180.264815
-164.138889
-150.892593
-135.918519
-119.792593
-104.818519
-88.404630
-72.278704
-56.152778
-41.754630
-26.204630
-12.094444
4.239533
19.077897
33.916261
47.543330
61.170399
74.797468
88.121714
100.234664
113.558909
125.671860
139.601753
152.623174
164.736125
177.454722
191.081792
206.222980
219.244401
229.843233
239.836417
248.315482
258.005842
269.210321
278.900682
287.379747
294.647517
301.915287
304.337877
305.851996
307.971762
308.577410
308.577410
309.183057
310.091529
310.091529
309.183057
308.274586
306.760467
304.337877
301.006816
295.858812
290.710808
284.654333
278.295034
271.935735
264.365141
255.583252
244.681597
235.294060
223.483934
212.885102
199.258033
185.630964
170.186952
155.954236
140.510224
124.460565
109.016553
91.452775
75.100292
57.233690
41.486855
25.134372
9.387537
-6.047222
-21.885185
-35.707407
-50.105556
-63.639815
-76.022222
-89.268519
-102.802778
-115.473148
-126.991667
-140.237963
-152.044444
-164.426852
-175.369444
-187.175926
-200.998148
-214.532407
-225.475000
-234.977778
-244.192593
-252.255556
-262.334259
-271.837037
-281.339815
-289.402778
-294.874074
-300.921296
-302.937037
-305.528704
-306.392593
-307.832407
-308.120370
-307.832407
-308.408333
-307.256481
-307.256481
-306.392593
-304.376852
-304.088889
-299.481481
-295.450000
-290.842593
-285.947222
-279.324074
-272.125000
-266.077778
-257.438889
-247.360185
-238.721296
-228.642593
-217.412037
-204.741667
-191.495370
-177.961111
-162.699074
-149.740741
-135.054630
-119.504630
-102.514815
-86.388889
-71.126852
-54.712963
-40.314815
-24.188889
-9.502778
4.542356
20.894839
35.733204
49.965920
62.684518
76.917235
89.333009
101.143135
115.073028
126.883155
140.813048
154.742941
165.644596
178.666018
192.898734
206.525803
220.152872
231.660175
240.139241
249.526777
260.125609
269.513145
280.414800
288.893866
295.253165
301.612463
304.943525
306.760467
307.971762
308.880234
308.880234
309.788705
309.183057
309.183057
308.577410
308.274586
306.457644
304.640701
301.006816
296.161636
289.802337
284.654333
277.386563
271.935735
264.365141
254.371957
243.773126
234.082765
224.392405
211.976631
198.349562
184.722493
169.278481
153.834469
140.207400
124.157741
107.805258
91.149951
73.283350
56.628043
39.367089
23.317429
7.570594
-7.775000
-21.597222
-37.435185
-50.681481
-65.079630
-78.037963
-90.708333
-104.530556
-115.761111
-127.567593
-141.965741
-152.620370
-165.578704
-176.809259
-188.039815
-201.862037
-214.820370
-226.626852
-236.129630
-245.056481
-254.271296
-264.062037
-272.700926
-282.491667
-289.402778
-295.737963
-301.497222
-304.088889
-304.952778
-308.120370
-307.544444
-308.120370
-308.696296
-307.832407
-308.408333
-307.832407
-307.256481
-305.528704
-303.512963
-299.769444
-294.874074
-290.266667
-285.083333
-279.036111
-271.837037
-265.789815
-257.438889
-247.360185
-237.857407
-227.202778
-217.124074
-205.605556
-191.783333
-177.961111
-162.699074
-149.164815
-134.190741
-117.776852
-103.666667
-86.676852
-70.838889
-54.137037
-38.875000
-24.188889
-8.350926
4.845180
20.592016
34.219085
48.754625
62.381694
76.614411
89.635833
100.840312
115.073028
127.791626
141.418695
154.742941
166.553067
178.968841
194.412853
207.434275
220.455696
231.357352
239.533593
249.829601
259.217137
270.118793
280.717624
288.288218
296.161636
301.309640
303.732230
306.154820
306.760467
308.880234
308.880234
310.091529
309.485881
308.880234
307.366115
307.971762
305.246349
303.732230
299.189873
294.344693
289.499513
284.048685
277.083739
270.421616
263.153846
253.160662
243.167478
232.871470
221.666991
211.068160
197.743914
183.814021
169.278481
154.440117
139.298929
122.946446
107.199611
89.333009
73.586173
56.325219
38.761441
22.711782
6.056475
-8.638889
-24.188889
-38.011111
-51.257407
-65.655556
-77.462037
-91.284259
-104.530556
-116.912963
-128.143519
-140.237963
-153.196296
-165.578704
-176.521296
-188.903704
-202.150000
-215.972222
-226.914815
-236.417593
-245.056481
-254.847222
-264.925926
-273.564815
-283.931481
-290.554630
-296.313889
-301.497222
-304.664815
-305.528704
-306.680556
-307.256481
-308.696296
-308.696296
-308.984259
-307.832407
-307.832407
-307.544444
-305.816667
-303.512963
-300.057407
-295.162037
-290.266667
-285.371296
-278.172222
-271.549074
-265.213889
-256.287037
-246.208333
-236.993519
-226.626852
-216.548148
-203.877778
-190.343519
-177.673148
-163.562963
-148.876852
-133.038889
-116.912963
-100.211111
-85.237037
-69.687037
-52.985185
-37.435185
-23.900926
-8.350926
6.359299
21.500487
36.036027
49.663096
63.895813
78.128530
89.938656
103.565725
115.678676
129.002921
142.629990
155.045764
167.764362
181.391431
195.321324
208.645570
221.969815
231.660175
242.259007
250.435248
260.731256
271.330088
280.717624
289.196689
295.555988
302.520935
303.732230
305.246349
307.063291
307.668939
308.577410
309.183057
308.880234
308.880234
307.668939
307.971762
305.549172
304.035054
300.098345
294.344693
287.985394
282.534567
276.175268
269.210321
261.942551
252.555015
241.956183
232.568647
222.272639
209.554041
195.926972
181.391431
166.855891
152.623174
137.481986
121.735151
104.474197
87.213242
71.466407
54.205453
36.641675
22.106134
3.936709
-9.214815
-24.764815
-39.450926
-52.697222
-67.383333
-79.765741
-92.436111
-106.546296
-117.776852
-129.871296
-142.829630
-154.924074
-166.730556
-179.976852
-190.631481
-204.741667
-217.412037
-228.642593
-237.569444
-247.072222
-255.135185
-264.062037
-274.140741
-283.643519
-290.554630
-296.601852
-302.073148
-304.952778
-306.392593
-306.968519
-307.544444
-308.120370
-308.696296
-308.696296
-308.696296
-308.120370
-306.968519
-305.240741
-303.800926
-299.193519
-295.162037
-289.978704
-285.083333
-277.308333
-271.837037
-264.925926
-255.711111
-246.208333
-236.417593
-227.778704
-215.972222
-203.301852
-190.343519
-176.233333
-161.835185
-148.012963
-132.750926
-116.049074
-100.787037
-83.221296
-69.399074
-52.985185
-39.162963
-22.461111
-7.775000
6.056475
23.014606
36.641675
49.965920
64.198637
77.522882
90.241480
103.565725
116.587147
128.397274
142.327167
155.348588
168.370010
181.391431
195.321324
209.554041
221.666991
232.265823
241.653359
250.435248
261.034080
271.027264
281.020448
288.893866
295.858812
301.915287
303.732230
305.851996
306.457644
308.880234
308.577410
307.668939
309.183057
308.274586
308.274586
307.366115
305.549172
302.823759
299.492697
293.133398
287.379747
282.231743
275.872444
269.210321
262.245375
252.555015
241.350536
231.660175
221.061344
208.948393
195.321324
180.482960
165.341772
151.714703
136.876339
120.221032
103.262902
85.699124
69.346641
51.782863
36.338851
20.289192
3.633885
-11.230556
-26.204630
-40.314815
-53.849074
-69.111111
-79.765741
-93.300000
-107.410185
-117.776852
-130.447222
-143.117593
-154.924074
-167.882407
-179.688889
-192.071296
-205.893519
-217.987963
-229.218519
-238.433333
-247.648148
-256.575000
-265.501852
-274.716667
-285.083333
-291.130556
-298.041667
-302.937037
-304.952778
-305.816667
-307.544444
-307.832407
-308.408333
-308.408333
-308.696296
-309.272222
-308.696296
-308.120370
-305.528704
-303.225000
-299.193519
-294.010185
-289.690741
-284.795370
-277.308333
-271.549074
-264.350000
-255.999074
-244.768519
-236.417593
-226.914815
-215.684259
-204.165741
-189.479630
-176.233333
-161.547222
-146.285185
-132.750926
-114.897222
-99.635185
-82.645370
-67.671296
-52.697222
-37.147222
-22.749074
-6.335185
8.176241
23.014606
38.155794
51.782863
65.107108
78.734177
91.452775
104.171373
116.889971
130.214216
143.538462
157.165531
168.975657
181.088608
196.835443
210.159688
222.878286
233.477118
241.956183
250.738072
261.639727
272.238559
281.020448
289.802337
296.161636
302.218111
303.732230
305.549172
306.760467
307.668939
308.577410
307.366115
307.366115
308.880234
307.063291
306.760467
304.640701
303.126582
299.189873
292.224927
287.985394
281.928919
274.358325
269.210321
260.731256
251.949367
240.744888
231.962999
220.152872
209.251217
194.412853
180.482960
165.038948
150.806232
135.665044
119.918208
102.657254
85.093476
69.649464
51.177215
35.733204
19.380721
3.028238
-10.078704
-27.068519
-40.314815
-54.425000
-67.671296
-80.629630
-93.300000
-105.682407
-117.776852
-130.159259
-143.117593
-155.787963
-167.018519
-179.400926
-192.071296
-205.605556
-217.987963
-230.082407
-239.297222
-247.360185
-256.575000
-265.789815
-275.868519
-284.507407
-291.130556
-297.753704
-303.225000
-304.952778
-306.392593
-308.408333
-308.408333
-308.696296
-308.120370
-308.984259
-308.120370
-308.408333
-307.256481
-304.088889
-302.937037
-298.617593
-294.298148
-289.114815
-283.355556
-277.596296
-271.261111
-264.062037
-253.983333
-244.768519
-235.841667
-224.899074
-214.820370
-201.286111
-188.327778
-173.065741
-159.531481
-145.709259
-129.871296
-113.745370
-97.331481
-82.357407
-66.519444
-50.393519
-35.131481
-20.733333
-4.895370
9.690360
24.528724
38.761441
53.902629
66.924051
80.853944
93.269718
105.988315
119.615385
132.333982
145.961052
158.074002
170.489776
185.025316
197.138267
211.370983
224.392405
234.688413
242.864654
252.555015
262.245375
273.147030
282.231743
290.407984
297.372931
302.520935
304.337877
305.549172
307.366115
308.274586
309.485881
308.880234
308.577410
308.880234
307.063291
307.366115
305.246349
302.823759
297.675755
292.830574
287.985394
281.323272
274.358325
267.999026
260.125609
249.829601
240.139241
229.843233
219.547225
206.222980
192.898734
178.968841
162.313535
149.594937
134.150925
118.404090
100.840312
83.882181
66.621227
49.360273
33.613437
16.958130
0.908471
-13.822222
-28.508333
-43.194444
-55.864815
-69.687037
-82.933333
-96.755556
-108.562037
-120.656481
-131.887037
-145.997222
-157.515741
-170.474074
-182.568519
-194.662963
-207.621296
-220.003704
-231.522222
-239.873148
-249.663889
-257.438889
-266.365741
-277.020370
-285.083333
-291.706481
-298.905556
-303.225000
-305.528704
-306.968519
-307.544444
-308.408333
-309.272222
-308.408333
-308.408333
-309.848148
-308.984259
-307.256481
-305.240741
-303.225000
-298.905556
-293.722222
-289.690741
-283.643519
-277.308333
-270.397222
-263.774074
-254.847222
-243.904630
-235.841667
-224.611111
-213.380556
-200.422222
-187.175926
-172.777778
-158.955556
-143.981481
-128.431481
-112.305556
-97.043519
-80.341667
-64.791667
-49.817593
-34.267593
-19.293519
-3.455556
10.901655
25.437196
40.275560
53.599805
68.438169
81.459591
94.481013
106.896787
119.918208
132.939630
146.263875
159.588121
171.398247
184.722493
199.863681
212.885102
225.906524
234.688413
243.167478
252.857838
262.851022
273.449854
282.837390
290.407984
297.372931
302.520935
304.640701
305.851996
307.063291
307.971762
308.274586
308.880234
308.577410
307.668939
307.366115
306.760467
303.732230
301.612463
297.372931
292.527751
286.774099
280.414800
274.055501
267.393379
259.822785
248.921130
239.230769
230.146056
218.033106
205.011685
191.990263
177.757546
162.616358
148.686465
133.545278
116.284323
99.931840
82.973710
66.318403
49.057449
32.704966
16.958130
-0.000000
-14.686111
-29.084259
-43.770370
-57.304630
-70.838889
-82.645370
-97.043519
-109.425926
-120.944444
-133.614815
-145.709259
-157.803704
-169.898148
-181.416667
-194.662963
-208.485185
-221.443519
-232.098148
-239.873148
-249.087963
-259.166667
-267.517593
-277.308333
-286.811111
-292.858333
-299.769444
-303.225000
-304.952778
-306.392593
-308.120370
-307.832407
-309.272222
-308.696296
-308.696296
-308.984259
-308.120370
-308.120370
-305.528704
-302.937037
-298.329630
-293.146296
-288.538889
-282.491667
-276.156481
-271.549074
-263.486111
-253.407407
-244.768519
-234.401852
-224.035185
-213.380556
-199.270370
-186.312037
-173.353704
-158.667593
-145.421296
-127.855556
-111.729630
-95.603704
-80.341667
-64.215741
-49.817593
-34.267593
-18.717593
-4.319444
11.204479
25.740019
40.578384
54.205453
68.135346
81.459591
94.481013
107.805258
119.615385
133.242454
145.961052
157.771178
172.003895
185.328140
200.166504
213.187926
225.906524
234.688413
244.075949
253.160662
263.153846
274.661149
282.837390
290.407984
297.978578
302.520935
304.640701
304.943525
306.760467
307.366115
308.274586
308.577410
308.274586
307.971762
307.063291
305.851996
304.337877
301.915287
296.767283
291.013632
286.471276
279.809153
273.449854
267.999026
258.308666
247.709834
238.625122
228.631938
217.124635
204.708861
190.778968
176.546251
161.102240
146.566699
131.728335
115.375852
97.812074
80.853944
64.198637
46.937683
31.493671
14.838364
-0.575926
-16.125926
-30.812037
-45.210185
-58.744444
-71.702778
-84.085185
-97.619444
-110.577778
-121.808333
-134.190741
-147.149074
-158.955556
-171.625926
-182.280556
-195.814815
-210.212963
-222.307407
-233.537963
-241.888889
-250.815741
-258.878704
-268.669444
-278.460185
-286.811111
-293.434259
-299.769444
-303.512963
-305.528704
-306.680556
-308.696296
-308.984259
-309.560185
-308.984259
-308.984259
-308.408333
-308.696296
-308.120370
-305.816667
-302.649074
-298.329630
-293.146296
-289.114815
-282.779630
-275.868519
-270.109259
-262.622222
-253.695370
-243.904630
-233.825926
-224.611111
-212.804630
-199.270370
-186.312037
-171.913889
-157.803704
-143.981481
-126.991667
-111.441667
-95.315741
-79.189815
-63.063889
-47.801852
-33.115741
-17.853704
-2.879630
11.810127
26.345667
40.275560
54.811100
68.740993
82.065239
95.692308
107.805258
120.523856
133.242454
147.172347
159.890944
172.003895
185.630964
200.772152
213.793574
226.512171
236.505355
244.378773
254.069133
265.273612
274.358325
283.443038
291.316456
297.070107
302.218111
303.732230
305.549172
306.154820
306.760467
308.274586
308.274586
308.274586
308.577410
307.366115
306.154820
303.732230
301.006816
295.858812
291.013632
285.865628
279.506329
272.844206
266.182084
257.703019
246.498539
237.413827
227.723466
215.307692
203.497566
189.870497
174.729309
160.496592
145.355404
129.608569
113.256086
96.903603
79.642648
62.987342
45.726388
29.373905
12.718598
-1.727778
-16.989815
-32.539815
-46.074074
-60.184259
-74.006481
-86.100926
-99.635185
-111.729630
-123.536111
-136.206481
-147.725000
-160.395370
-173.065741
-184.008333
-197.254630
-210.212963
-222.595370
-234.113889
-243.040741
-251.679630
-260.606481
-269.821296
-279.324074
-287.675000
-293.722222
-301.497222
-304.664815
-305.528704
-307.544444
-308.408333
-308.984259
-309.272222
-308.984259
-309.272222
-309.848148
-308.120370
-307.544444
-305.528704
-302.361111
-297.465741
-292.858333
-289.402778
-282.203704
-275.868519
-270.397222
-262.046296
-252.831481
-243.616667
-234.113889
-224.035185
-211.364815
-198.406481
-184.584259
-171.050000
-157.227778
-142.253704
-126.415741
-109.425926
-94.163889
-78.613889
-63.063889
-48.089815
-32.539815
-16.701852
-1.727778
12.718598
27.859786
41.486855
55.113924
69.952288
83.276534
95.995131
108.713729
121.432327
133.848101
148.383642
160.193768
173.215190
186.539435
201.074976
214.702045
227.117819
236.808179
244.378773
254.069133
264.365141
275.266796
283.443038
291.013632
298.281402
302.520935
303.732230
306.154820
306.457644
307.366115
307.971762
308.274586
307.668939
306.457644
306.457644
305.246349
303.732230
301.006816
296.161636
289.802337
285.562804
278.597858
272.238559
265.273612
256.794547
247.407011
236.808179
226.814995
215.610516
200.772152
188.659202
174.123661
158.679649
144.144109
129.002921
112.347614
95.086660
77.825706
61.473223
44.515093
28.768257
11.810127
-4.031481
-18.429630
-33.691667
-46.937963
-61.048148
-74.294444
-86.676852
-100.787037
-112.017593
-125.263889
-136.782407
-149.164815
-161.547222
-173.353704
-185.448148
-198.694444
-211.652778
-224.323148
-234.113889
-244.192593
-251.967593
-260.606481
-269.533333
-279.900000
-288.250926
-295.450000
-302.073148
-304.088889
-306.104630
-307.544444
-308.408333
-309.272222
-308.984259
-308.984259
-309.272222
-309.560185
-308.408333
-307.544444
-304.952778
-302.649074
-298.041667
-292.858333
-287.675000
-281.627778
-275.868519
-269.533333
-262.334259
-252.543519
-242.752778
-233.537963
-222.307407
-210.500926
-197.830556
-184.008333
-169.898148
-155.212037
-141.965741
-125.839815
-109.713889
-92.724074
-76.598148
-61.048148
-47.513889
-31.387963
-15.550000
-0.000000
13.929893
27.556962
42.395326
56.628043
70.255112
84.185005
95.995131
107.805258
121.129503
134.756573
148.383642
160.193768
172.912366
187.447907
201.377799
214.702045
227.117819
235.899708
244.984421
254.371957
266.182084
275.872444
284.654333
291.013632
298.887050
302.218111
304.035054
305.549172
306.154820
307.063291
307.366115
307.366115
307.971762
307.063291
306.457644
305.246349
303.126582
300.098345
295.253165
289.499513
283.745862
277.689387
272.238559
265.879260
256.188900
245.287244
235.596884
225.603700
215.004869
201.074976
187.750730
172.306719
157.165531
143.538462
127.488802
112.347614
93.572541
77.220058
61.170399
43.000974
27.556962
11.204479
-4.895370
-19.293519
-33.979630
-48.665741
-61.912037
-74.582407
-88.116667
-100.499074
-113.169444
-125.839815
-137.646296
-150.316667
-161.835185
-174.505556
-186.312037
-198.982407
-213.956481
-224.035185
-234.689815
-244.192593
-251.967593
-262.046296
-271.549074
-280.475926
-288.250926
-294.586111
-302.073148
-304.664815
-307.256481
-307.256481
-308.984259
-308.984259
-309.848148
-309.560185
-309.272222
-308.696296
-308.696296
-307.256481
-306.104630
-302.361111
-298.041667
-292.858333
-287.675000
-281.915741
-275.004630
-268.957407
-261.182407
-251.967593
-242.176852
-232.386111
-221.443519
-210.500926
-197.254630
-183.432407
-169.034259
-154.924074
-141.101852
-124.975926
-107.986111
-93.012037
-76.310185
-61.336111
-45.498148
-30.236111
-15.837963
-0.287963
14.232717
29.373905
43.303797
56.628043
71.466407
84.185005
96.903603
111.136319
122.340798
137.481986
148.989289
161.405063
174.123661
189.264849
201.983447
215.004869
227.723466
236.505355
246.195716
255.886076
266.182084
275.872444
284.048685
291.316456
299.492697
302.823759
304.035054
305.549172
305.851996
307.668939
307.366115
308.274586
307.366115
307.063291
306.154820
304.640701
302.520935
300.703992
294.344693
289.499513
284.351509
276.780915
270.724440
264.365141
254.977605
244.984421
235.294060
225.300876
212.885102
199.863681
185.328140
170.792600
156.257059
142.024343
126.883155
109.925024
91.755599
75.705940
58.747809
42.092502
26.345667
9.387537
-5.183333
-20.157407
-35.131481
-50.105556
-62.487963
-76.022222
-88.404630
-101.362963
-114.609259
-126.415741
-139.662037
-150.604630
-163.850926
-175.657407
-187.175926
-199.846296
-213.380556
-225.475000
-236.129630
-245.344444
-253.983333
-261.470370
-272.412963
-281.051852
-289.114815
-296.025926
-302.073148
-304.664815
-306.968519
-308.408333
-308.696296
-310.712037
-311.000000
-309.560185
-309.560185
-310.136111
-308.408333
-307.544444
-304.952778
-302.073148
-297.177778
-293.434259
-288.250926
-280.763889
-274.428704
-268.957407
-260.894444
-250.815741
-242.176852
-231.234259
-221.155556
-209.061111
-195.526852
-182.856481
-167.594444
-153.484259
-139.662037
-123.248148
-106.834259
-90.420370
-75.158333
-59.320370
-43.770370
-28.220370
-13.822222
1.211295
16.352483
30.888023
45.726388
58.747809
72.374878
86.001947
99.326193
112.347614
124.157741
138.087634
151.109056
162.010711
175.940604
188.659202
203.497566
216.216164
228.934761
238.322298
246.195716
255.886076
266.484907
276.780915
284.957157
293.436222
298.584226
301.915287
304.640701
305.549172
307.063291
307.063291
307.668939
308.274586
307.668939
307.668939
306.154820
305.549172
303.429406
298.887050
294.647517
288.893866
283.140214
277.689387
270.724440
263.759494
253.766310
243.470302
234.385589
224.089581
213.490750
198.955209
184.722493
170.489776
154.742941
140.207400
124.763389
108.410906
91.452775
73.888997
58.142162
40.578384
25.437196
7.570594
-6.911111
-21.885185
-36.283333
-49.817593
-63.639815
-76.886111
-89.844444
-102.802778
-115.761111
-126.415741
-139.950000
-152.332407
-165.002778
-177.385185
-187.175926
-200.998148
-214.820370
-226.050926
-236.993519
-245.632407
-255.135185
-262.622222
-272.700926
-282.491667
-290.266667
-296.025926
-302.649074
-304.952778
-307.832407
-308.120370
-308.696296
-308.984259
-309.560185
-310.424074
-308.984259
-309.848148
-308.984259
-307.256481
-304.952778
-301.785185
-297.753704
-292.282407
-287.387037
-280.763889
-274.716667
-268.669444
-259.742593
-249.951852
-240.737037
-230.946296
-220.579630
-208.773148
-196.390741
-182.280556
-167.018519
-153.484259
-137.934259
-122.384259
-106.834259
-90.420370
-74.582407
-58.456481
-42.330556
-28.796296
-12.382407
1.514119
16.352483
30.282376
44.515093
59.050633
73.586173
86.001947
99.023369
111.136319
123.552093
137.179163
150.503408
162.919182
175.334956
190.778968
203.800389
217.124635
228.631938
237.413827
246.801363
257.097371
267.393379
277.689387
285.259981
293.133398
298.281402
302.520935
304.337877
305.549172
306.457644
306.154820
307.366115
307.668939
307.668939
307.063291
305.549172
304.035054
302.218111
299.492697
294.950341
288.893866
283.745862
275.266796
271.027264
262.851022
253.463486
244.075949
233.779942
222.878286
212.279455
198.046738
185.025316
169.884129
155.348588
138.996105
125.066212
108.108082
90.544304
75.100292
57.233690
40.881207
24.225901
7.570594
-7.199074
-22.749074
-36.859259
-50.105556
-64.215741
-77.174074
-90.708333
-104.242593
-115.185185
-126.991667
-140.237963
-152.332407
-165.002778
-176.521296
-188.615741
-201.574074
-214.532407
-226.050926
-236.417593
-245.920370
-254.559259
-263.774074
-273.852778
-281.915741
-290.554630
-296.313889
-302.649074
-304.664815
-307.256481
-308.408333
-308.408333
-309.848148
-308.984259
-309.560185
-309.560185
-309.560185
-308.696296
-306.680556
-305.240741
-301.785185
-296.601852
-292.858333
-287.099074
-280.475926
-275.580556
-268.669444
-259.166667
-249.951852
-239.585185
-231.234259
-220.003704
-207.621296
-194.375000
-179.976852
-166.730556
-152.044444
-137.070370
-121.520370
-104.818519
-88.692593
-72.278704
-57.592593
-42.330556
-27.068519
-11.806481
2.725414
18.472249
32.402142
46.332035
60.564752
74.494645
86.910419
100.234664
114.164557
125.369036
138.996105
152.925998
163.827653
177.757546
191.990263
205.617332
219.547225
228.934761
238.322298
247.104187
258.005842
267.090555
278.295034
285.865628
293.739046
299.795521
302.823759
304.943525
305.549172
306.457644
307.366115
308.274586
307.668939
307.366115
307.063291
305.851996
305.549172
302.520935
298.887050
292.527751
287.985394
282.837390
276.175268
268.907498
262.245375
252.857838
242.561831
233.174294
222.575463
211.068160
196.835443
183.208374
168.067186
153.834469
138.390458
122.643622
106.896787
88.424537
72.374878
54.508277
38.155794
22.711782
6.056475
-8.062963
-23.612963
-39.162963
-52.121296
-65.367593
-78.325926
-91.572222
-106.258333
-116.337037
-128.431481
-141.965741
-153.772222
-167.018519
-178.249074
-189.767593
-203.589815
-216.260185
-228.354630
-237.281481
-246.496296
-255.999074
-264.350000
-274.140741
-282.779630
-290.554630
-298.041667
-303.225000
-305.816667
-307.544444
-308.120370
-309.272222
-309.272222
-310.136111
-309.560185
-309.560185
-309.272222
-308.120370
-307.256481
-304.952778
-302.073148
-297.177778
-291.418519
-287.387037
-279.900000
-273.276852
-268.093519
-258.302778
-248.800000
-239.585185
-229.794444
-219.427778
-206.757407
-194.375000
-179.688889
-166.154630
-151.180556
-137.358333
-119.792593
-104.242593
-88.404630
-71.990741
-56.728704
-41.466667
-26.780556
-10.942593
3.633885
18.472249
33.310613
47.240506
60.867575
75.100292
87.516066
100.537488
113.256086
125.066212
138.693281
151.714703
163.827653
176.546251
191.687439
205.920156
219.244401
229.843233
238.625122
248.012658
257.400195
267.999026
277.992210
286.471276
293.739046
299.795521
303.429406
304.640701
305.549172
305.851996
307.063291
307.063291
307.063291
307.668939
306.760467
307.063291
304.943525
301.612463
300.401168
293.133398
288.288218
282.231743
274.963973
269.210321
262.245375
251.646543
242.259007
232.265823
222.272639
210.462512
195.926972
182.602726
168.370010
154.137293
138.693281
122.643622
106.593963
89.030185
72.374878
54.811100
37.852970
23.014606
6.056475
-8.638889
-23.325000
-39.162963
-52.121296
-65.367593
-78.901852
-92.724074
-104.818519
-116.912963
-128.719444
-141.101852
-154.348148
-166.154630
-177.673148
-189.767593
-203.013889
-216.836111
-227.778704
-238.433333
-247.360185
-255.423148
-265.213889
-274.140741
-284.219444
-291.706481
-296.889815
-303.225000
-305.528704
-307.544444
-307.544444
-309.272222
-310.424074
-309.560185
-310.136111
-310.136111
-308.984259
-308.984259
-306.968519
-304.952778
-301.497222
-295.162037
-291.418519
-285.947222
-280.475926
-273.276852
-267.229630
-257.438889
-247.936111
-239.009259
-229.506481
-217.700000
-205.317593
-191.783333
-178.249074
-163.275000
-150.028704
-134.190741
-117.776852
-102.514815
-86.100926
-69.975000
-54.425000
-39.450926
-24.764815
-9.214815
5.753651
20.592016
35.127556
50.268744
62.684518
77.220058
89.938656
102.657254
115.375852
128.397274
141.115871
155.348588
166.855891
179.877313
193.504382
208.342746
220.455696
231.054528
239.230769
248.921130
258.914314
268.907498
279.506329
287.076923
294.041870
301.006816
303.126582
304.337877
306.457644
307.063291
307.366115
307.668939
307.366115
307.366115
305.851996
306.154820
304.035054
302.823759
298.281402
291.619279
287.682571
281.323272
274.963973
269.210321
260.731256
251.646543
240.744888
231.962999
221.061344
208.948393
195.321324
181.694255
166.250243
152.017527
135.967868
120.826680
103.565725
86.607595
70.557936
52.388510
36.641675
20.289192
3.331061
-10.078704
-26.204630
-40.026852
-53.561111
-68.247222
-80.341667
-93.012037
-106.834259
-119.504630
-129.871296
-143.981481
-156.363889
-167.882407
-179.400926
-191.783333
-205.317593
-217.412037
-229.794444
-239.585185
-247.360185
-256.575000
-265.501852
-276.156481
-285.083333
-292.282407
-298.905556
-303.225000
-304.376852
-307.832407
-307.832407
-309.848148
-309.848148
-308.984259
-309.272222
-308.984259
-308.984259
-308.696296
-307.544444
-304.952778
-300.633333
-295.450000
-290.842593
-285.947222
-279.612037
-273.564815
-266.653704
-256.575000
-249.087963
-238.145370
-228.354630
-217.412037
-204.741667
-191.495370
-177.961111
-162.699074
-149.740741
-134.766667
-117.488889
-101.938889
-86.100926
-70.262963
-54.712963
-39.738889
-23.325000
-9.214815
5.148004
19.986368
35.127556
49.663096
62.987342
76.614411
89.333009
102.051607
115.678676
127.185979
139.904576
154.440117
165.644596
180.180136
193.504382
207.434275
220.758520
231.054528
240.744888
249.526777
258.914314
269.210321
278.900682
287.682571
294.647517
300.401168
302.520935
304.337877
304.943525
307.063291
307.063291
307.668939
307.063291
306.457644
306.760467
305.549172
303.732230
301.612463
297.070107
293.436222
286.774099
281.323272
274.055501
268.604674
260.428432
250.435248
240.442064
231.054528
220.152872
207.737098
194.110029
180.785784
165.644596
152.320351
136.573515
119.615385
102.960078
86.001947
69.649464
51.782863
36.338851
19.380721
3.936709
-11.230556
-26.204630
-41.466667
-54.137037
-67.959259
-80.053704
-93.587963
-106.546296
-118.352778
-131.311111
-143.981481
-155.787963
-168.170370
-180.552778
-191.495370
-206.181481
-219.139815
-229.794444
-238.145370
-247.072222
-256.287037
-265.789815
-275.292593
-285.083333
-291.994444
-298.617593
-302.937037
-305.816667
-308.120370
-307.544444
-308.696296
-310.136111
-309.848148
-310.424074
-309.560185
-308.984259
-308.696296
-307.256481
-305.240741
-299.769444
-296.025926
-290.842593
-285.659259
-279.036111
-272.700926
-266.653704
-256.862963
-246.496296
-238.145370
-227.778704
-217.124074
-204.165741
-190.055556
-176.809259
-161.835185
-148.012963
-133.614815
-116.049074
-100.499074
-84.373148
-68.823148
-52.409259
-37.723148
-23.612963
-8.062963
6.359299
21.197663
36.641675
49.360273
64.198637
77.825706
90.544304
103.868549
116.889971
128.700097
142.327167
156.257059
166.855891
178.363194
195.018500
209.554041
222.575463
232.568647
240.442064
250.738072
259.519961
269.513145
280.717624
287.985394
295.253165
301.309640
303.126582
304.337877
306.154820
306.760467
307.063291
307.366115
307.366115
306.457644
306.760467
304.943525
304.337877
301.309640
297.675755
291.619279
286.471276
280.717624
273.752678
267.999026
259.822785
249.829601
239.533593
228.934761
219.547225
206.222980
193.201558
