-246.160517
-256.488930
-264.522140
-273.416052
-281.162362
-287.761070
-294.072878
-300.384686
-303.827491
-304.401292
-307.270295
-307.557196
-307.270295
-308.130996
-307.557196
-306.696494
-305.835793
-303.827491
-302.106089
-299.523985
-294.933579
-290.916974
-288.047970
-282.309963
-277.432657
-271.120849
-261.940037
-253.619926
-242.143911
-231.815498
-220.626384
-206.855166
-193.657749
-179.025830
-164.107011
-150.909594
-136.851476
-119.350554
-101.562731
-86.357011
-71.725092
-56.806273
-41.600554
-26.394834
-12.049815
1.512646
16.034047
31.463035
45.076848
58.388132
72.304475
84.405642
97.111868
107.700389
121.011673
134.020428
148.239300
160.340467
171.534047
186.660506
202.392023
215.400778
226.896887
235.367704
245.956226
255.032101
265.015564
272.881323
280.747082
288.612840
296.176070
303.436770
306.159533
307.067121
309.487354
310.394942
311.000000
311.000000
310.697471
310.092412
308.277237
307.067121
304.344358
300.714008
297.386187
292.243191
288.612840
282.562257
276.814202
270.461089
260.780156
250.494163
239.300584
229.014591
216.913424
202.392023
187.568093
172.139105
155.802529
141.583658
127.364786
109.213035
90.456226
75.027237
59.295720
44.471790
26.622568
11.496109
-4.877306
-18.361624
-32.132841
-46.190959
-59.388376
-72.872694
-85.496310
-97.546125
-109.882841
-120.211255
-132.261070
-145.171587
-157.508303
-168.697417
-179.886531
-194.231550
-209.437269
-221.773985
-230.667897
-239.848708
-249.029520
-257.923432
-266.530443
-274.850554
-281.449262
-287.474170
-294.933579
-300.671587
-302.392989
-305.548893
-306.122694
-307.557196
-307.844096
-306.409594
-307.557196
-306.122694
-305.835793
-302.966790
-301.245387
-298.663284
-294.933579
-291.490775
-287.474170
-282.309963
-275.998155
-269.112546
-261.366236
-251.898524
-241.570111
-230.954797
-219.478782
-206.855166
-191.936347
-178.165129
-162.098708
-149.188192
-135.416974
-116.768450
-100.128229
-84.348708
-70.864391
-56.806273
-40.166052
-26.107934
-10.328413
2.722763
18.756809
32.673152
45.984436
60.505837
73.817121
85.918288
98.927043
110.120623
122.826848
136.743191
149.751946
161.550584
172.441634
188.778210
204.509728
217.215953
229.317121
237.485409
247.468872
256.544747
265.923152
273.788911
281.654669
289.520428
297.386187
303.739300
305.857004
307.672179
309.789883
310.697471
311.000000
310.394942
309.789883
310.092412
308.579767
306.462062
303.436770
299.806420
296.176070
292.848249
286.495136
281.049611
275.906615
268.948444
260.175097
248.376459
238.392996
227.199416
214.190661
199.669261
186.055447
169.416342
154.289883
140.071012
124.339494
106.792802
88.035992
72.304475
55.967899
40.841440
24.807393
8.773346
-6.311808
-20.943727
-35.288745
-48.773063
-61.970480
-74.594096
-87.791513
-100.702030
-112.751845
-123.940959
-135.990775
-148.327491
-160.377306
-171.566421
-182.755535
-197.100554
-211.732472
-222.921587
-232.389299
-241.283210
-251.037823
-259.071033
-267.678044
-274.850554
-282.596863
-289.769373
-295.794280
-301.532288
-304.401292
-305.548893
-307.270295
-308.417897
-308.130996
-307.844096
-308.704797
-307.270295
-305.548893
-304.688192
-301.532288
-298.950185
-295.220480
-290.916974
-287.474170
-282.023063
-275.711255
-269.112546
-260.792435
-251.037823
-241.283210
-230.954797
-218.044280
-204.846863
-190.788745
-176.443727
-161.811808
-147.753690
-133.695572
-115.620849
-98.406827
-83.201107
-69.716790
-54.224170
-39.305351
-24.960332
-9.467712
3.932879
19.361868
32.975681
47.799611
62.018482
74.724708
87.128405
99.532101
111.330739
124.036965
137.045720
150.962062
160.642996
173.046693
189.383268
204.509728
219.031128
228.409533
237.787938
248.376459
257.452335
266.528210
274.999027
281.654669
290.125486
297.083658
303.739300
306.159533
307.067121
308.882296
310.092412
310.092412
310.697471
309.487354
310.092412
307.369650
305.251946
302.831712
299.806420
294.965953
291.335603
285.890078
281.049611
274.999027
267.738327
257.754864
247.771401
236.880350
225.384241
212.072957
198.156615
183.332685
166.996109
151.567121
137.348249
122.221790
103.767510
86.523346
70.489300
54.757782
38.723735
22.387160
5.445525
-8.033210
-22.091328
-37.297048
-50.207565
-64.265683
-77.176199
-89.512915
-102.710332
-113.899446
-125.662362
-137.425277
-149.188192
-162.959410
-172.427122
-184.190037
-198.535055
-213.166974
-223.782288
-232.963100
-243.004613
-251.898524
-259.931734
-269.112546
-275.711255
-283.744465
-290.916974
-296.941882
-302.966790
-304.401292
-306.409594
-307.844096
-308.704797
-308.704797
-307.844096
-308.130996
-307.270295
-306.122694
-304.688192
-300.958487
-298.663284
-295.220480
-291.203875
-287.187269
-282.596863
-276.285055
-267.964945
-259.644834
-250.177122
-239.274908
-228.946494
-216.609779
-203.412362
-188.780443
-174.148524
-159.229705
-145.745387
-131.400369
-113.325646
-96.972325
-80.619004
-67.708487
-52.215867
-36.723247
-22.378229
-6.885609
6.050584
21.479572
36.000973
49.009728
63.833658
76.539883
89.246109
101.347276
114.053502
126.154669
139.768482
152.474708
163.063230
175.769455
191.500973
207.232490
219.938716
229.619650
239.300584
248.376459
258.662451
267.435798
274.999027
282.864786
290.125486
297.991245
302.831712
306.462062
307.672179
309.487354
310.394942
310.394942
310.697471
310.092412
308.882296
307.369650
305.857004
303.134241
299.503891
295.873541
290.730545
286.495136
280.747082
274.091440
267.133268
257.149805
246.863813
235.670233
224.174125
211.467899
196.038911
183.332685
166.391051
151.567121
136.440661
121.314202
101.952335
84.103113
68.069066
52.942607
37.816148
20.571984
4.537938
-8.893911
-24.386531
-37.583948
-51.642066
-65.126384
-77.750000
-89.799815
-102.423432
-114.473247
-125.088561
-138.572878
-150.622694
-162.672509
-173.574723
-185.337638
-200.256458
-215.175277
-225.503690
-233.536900
-243.578413
-253.046125
-261.653137
-269.112546
-277.145756
-284.031365
-291.203875
-297.802583
-301.819188
-305.261993
-306.696494
-306.983395
-308.991697
-307.844096
-307.270295
-308.130996
-307.844096
-305.835793
-303.827491
-300.671587
-299.237085
-293.499077
-291.203875
-286.613469
-280.301661
-275.424354
-267.391144
-258.784133
-249.890221
-238.127306
-228.085793
-215.462177
-201.690959
-188.493542
-173.861624
-159.229705
-145.171587
-129.965867
-112.751845
-95.250923
-80.332103
-66.847786
-51.928967
-36.436347
-21.517528
-6.024908
6.958171
22.084630
37.211089
49.917315
63.531128
77.144942
90.758755
101.649805
114.356031
126.759728
139.465953
153.987354
163.970817
176.374514
193.618677
207.837549
220.846304
229.619650
241.418288
249.284047
259.872568
268.040856
275.301556
284.679961
290.428016
298.898833
304.041829
306.159533
307.974708
309.184825
309.789883
310.394942
309.789883
309.789883
308.579767
307.672179
305.554475
301.924125
298.898833
294.058366
290.428016
284.982490
279.839494
274.393969
265.620623
255.939689
245.351167
233.855058
222.358949
208.745136
194.526265
179.097276
163.668288
148.541829
134.625486
118.288911
99.834630
81.682879
66.556420
50.522374
35.093385
18.454280
1.512646
-11.476015
-26.394834
-39.592251
-53.650369
-67.134686
-79.758303
-92.668819
-103.857934
-116.481550
-127.957565
-140.581181
-152.917897
-165.254613
-175.009225
-187.059041
-202.838561
-216.896679
-227.798893
-235.832103
-246.160517
-255.054428
-262.800738
-270.547048
-278.293358
-286.326568
-293.212177
-298.950185
-304.114391
-305.548893
-306.696494
-308.704797
-309.278598
-308.991697
-308.991697
-307.844096
-307.557196
-304.975092
-303.253690
-302.106089
-298.376384
-294.072878
-291.203875
-285.465867
-281.162362
-275.137454
-267.104244
-257.636531
-248.742620
-238.127306
-227.798893
-214.888376
-201.977860
-187.059041
-171.566421
-157.221402
-145.458487
-127.957565
-111.317343
-94.103321
-78.897601
-65.987085
-50.207565
-35.001845
-20.083026
-5.451107
8.470817
22.992218
37.211089
51.429961
64.438716
78.052529
90.456226
102.557393
114.961089
127.667315
141.886187
154.894942
165.180934
177.584630
194.828794
209.652724
221.753891
231.434825
241.115759
250.191634
259.872568
268.343385
276.511673
284.377432
291.638132
298.596304
303.739300
306.159533
307.974708
309.789883
310.092412
310.092412
309.789883
309.487354
309.184825
306.764591
305.251946
301.016537
297.688716
294.058366
288.612840
283.772374
279.234436
272.578794
264.410506
254.124514
243.838521
232.644942
221.148833
207.535019
192.711089
177.887160
161.550584
146.726654
132.507782
116.171206
97.111868
79.867704
64.438716
48.707198
32.673152
15.731518
-0.000000
-13.197417
-28.403137
-42.174354
-55.945572
-68.856089
-81.766605
-94.677122
-106.726937
-117.916052
-129.105166
-141.441882
-154.065498
-166.115314
-177.017528
-189.354244
-203.986162
-218.904982
-227.511993
-236.405904
-247.308118
-255.054428
-264.522140
-272.268450
-279.154059
-287.187269
-293.499077
-299.523985
-304.401292
-305.548893
-307.557196
-307.844096
-309.278598
-310.139299
-308.704797
-308.417897
-307.270295
-305.835793
-304.401292
-300.958487
-298.089483
-293.785978
-290.630074
-285.178967
-282.023063
-273.989852
-267.104244
-258.497232
-247.595018
-237.553506
-226.077491
-213.453875
-199.682657
-185.624539
-170.418819
-155.786900
-143.163284
-126.809963
-109.595941
-94.103321
-77.750000
-64.839483
-49.059963
-33.280443
-18.648524
-4.303506
9.680934
23.899805
38.723735
52.035019
66.556420
78.657588
90.758755
102.557393
115.263619
128.272374
141.886187
155.802529
165.180934
178.794747
196.341440
210.862840
222.358949
231.434825
241.418288
251.099222
261.082685
268.645914
277.419261
284.377432
293.150778
299.503891
303.436770
306.462062
307.369650
309.789883
309.184825
310.092412
308.882296
309.184825
308.579767
306.159533
303.134241
300.714008
297.083658
293.150778
288.310311
283.469844
278.024319
271.368677
263.200389
253.821984
242.023346
231.737354
219.333658
205.114786
191.500973
176.374514
160.340467
145.819066
131.297665
114.658560
96.204280
78.355058
63.228599
48.707198
31.765564
14.823930
-1.147601
-14.631919
-27.829336
-42.174354
-55.945572
-70.003690
-81.479705
-94.677122
-107.013838
-117.916052
-129.678967
-141.728782
-155.213100
-166.976015
-176.443727
-190.788745
-205.707565
-219.191882
-228.085793
-236.692804
-247.595018
-255.915129
-265.956642
-271.981550
-280.588561
-286.039668
-294.072878
-300.384686
-302.966790
-306.122694
-307.270295
-308.704797
-308.991697
-309.278598
-309.278598
-308.704797
-307.270295
-304.975092
-303.827491
-300.671587
-297.228782
-293.499077
-289.482472
-285.465867
-279.154059
-273.702952
-265.382841
-255.915129
-247.308118
-234.971402
-224.356089
-212.019373
-198.248155
-183.903137
-168.697417
-154.639299
-140.007380
-123.654059
-107.300738
-90.373616
-76.028598
-61.109779
-45.617159
-32.132841
-16.353321
-2.008303
11.798638
26.925097
39.631323
54.152724
67.766537
81.380350
93.178988
106.187743
118.288911
130.692607
144.608949
157.315175
167.601167
181.820039
197.551556
212.072957
224.174125
233.552529
243.233463
253.216926
262.595331
269.553502
278.024319
286.192607
293.755837
300.411479
304.949416
306.462062
307.974708
309.184825
309.789883
309.487354
309.487354
309.184825
307.974708
305.554475
302.529183
300.714008
296.781128
293.453307
288.310311
283.167315
278.024319
270.461089
261.385214
251.704280
240.510700
230.527237
217.518482
202.997082
189.080739
173.349222
157.920233
144.003891
129.179961
111.935798
92.573930
76.237354
60.808366
45.379377
29.950389
13.008755
-2.295203
-17.214022
-30.698339
-45.330258
-58.240775
-72.011993
-84.348708
-96.685424
-109.882841
-121.358856
-132.834871
-144.884686
-156.934502
-169.558118
-179.312731
-192.510148
-208.002768
-219.765683
-230.380996
-238.701107
-249.316421
-257.062731
-265.382841
-273.416052
-281.449262
-288.047970
-294.646679
-300.958487
-304.688192
-305.835793
-307.844096
-308.991697
-307.844096
-309.565498
-308.130996
-308.417897
-308.130996
-305.548893
-303.540590
-300.958487
-297.228782
-293.785978
-290.056273
-285.465867
-279.440959
-273.129151
-265.095941
-255.054428
-245.873616
-234.110701
-223.208487
-210.297970
-196.526753
-182.181734
-165.828413
-152.917897
-139.146679
-122.506458
-105.292435
-88.365314
-74.307196
-60.249077
-44.469557
-29.263838
-15.205720
-0.860701
13.311284
28.437743
42.656615
56.572957
70.186770
81.985409
95.296693
107.700389
120.104086
132.810311
146.121595
158.827821
167.903696
183.332685
199.669261
214.493191
225.384241
233.855058
242.930934
252.611868
262.595331
270.158560
277.721790
285.587549
293.755837
300.108949
304.344358
306.764591
307.672179
309.184825
310.092412
309.789883
309.789883
309.789883
307.369650
306.462062
302.529183
300.411479
296.478599
291.638132
288.007782
282.562257
276.209144
269.553502
260.477626
250.494163
239.603113
229.619650
216.913424
203.299611
189.080739
172.139105
156.105058
142.188716
127.667315
110.423152
91.968872
74.724708
59.598249
42.959144
27.530156
11.193580
-4.016605
-17.787823
-32.706642
-45.904059
-59.388376
-72.585793
-84.348708
-97.259225
-109.309041
-120.498155
-132.547970
-145.458487
-157.508303
-169.558118
-179.599631
-193.370849
-208.576568
-221.200185
-231.241697
-239.561808
-249.316421
-257.636531
-266.530443
-273.416052
-281.736162
-288.334871
-295.507380
-300.958487
-304.114391
-306.409594
-306.983395
-308.991697
-309.565498
-308.417897
-308.991697
-308.417897
-306.122694
-304.688192
-302.392989
-300.097786
-296.654982
-291.777675
-288.334871
-284.318266
-278.580258
-272.268450
-263.374539
-254.767528
-244.439114
-233.536900
-222.060886
-208.576568
-195.379151
-180.460332
-165.541513
-152.630996
-138.285978
-121.071956
-104.431734
-88.078413
-74.020295
-59.388376
-44.182657
-29.263838
-14.345018
0.302529
13.613813
29.647860
42.656615
56.875486
71.396887
81.985409
95.901751
107.397860
119.196498
133.415370
147.331712
159.130350
168.811284
183.030156
201.181907
213.585603
225.989300
234.460117
244.746109
254.124514
263.805447
272.276265
279.839494
286.797665
294.663424
301.016537
304.949416
306.159533
308.277237
308.277237
310.092412
309.789883
309.487354
309.184825
307.067121
305.251946
302.529183
298.898833
296.478599
290.730545
287.402724
281.049611
274.999027
268.343385
259.872568
249.586576
238.695525
227.804475
214.493191
200.879377
186.963035
170.626459
154.289883
140.071012
124.339494
107.700389
88.943580
72.607004
57.178016
40.841440
25.412451
8.470817
-5.738007
-20.083026
-34.714945
-47.912362
-61.683579
-74.307196
-86.930812
-100.415129
-111.317343
-123.654059
-134.843173
-146.892989
-160.377306
-170.992620
-182.181734
-195.952952
-211.158672
-222.634686
-232.676199
-240.996310
-250.750923
-260.218635
-267.678044
-275.424354
-282.596863
-289.482472
-296.654982
-301.819188
-305.835793
-306.122694
-308.704797
-309.278598
-308.704797
-309.565498
-308.991697
-308.417897
-307.844096
-305.261993
-302.966790
-300.958487
-296.368081
-292.638376
-288.908672
-283.170664
-279.154059
-270.833948
-262.513838
-254.193727
-243.291513
-233.250000
-220.052583
-208.289668
-193.944649
-179.312731
-164.393911
-150.909594
-137.425277
-119.063653
-102.710332
-86.643911
-72.011993
-58.814576
-42.174354
-27.829336
-12.910517
1.210117
14.823930
30.252918
43.261673
58.085603
71.094358
84.103113
95.901751
108.305447
120.709144
133.112840
147.634241
159.735409
170.928988
186.963035
202.997082
215.703307
225.989300
236.577821
245.956226
255.939689
264.410506
272.276265
279.536965
286.797665
295.571012
301.319066
304.041829
306.159533
306.764591
308.882296
308.882296
309.184825
309.487354
308.277237
307.672179
305.251946
302.529183
299.806420
295.268482
290.428016
286.192607
279.839494
274.696498
267.738327
258.964981
247.771401
237.485409
226.291829
212.678016
198.761673
183.635214
167.903696
153.079767
137.953307
123.129377
104.372568
85.918288
70.489300
54.152724
39.631323
23.294747
6.050584
-7.172509
-22.665129
-36.723247
-50.494465
-63.978782
-76.889299
-89.512915
-102.997232
-114.186347
-125.375461
-137.425277
-149.761993
-162.385609
-172.714022
-184.476937
-197.961255
-214.027675
-224.929889
-233.536900
-242.717712
-251.898524
-260.505535
-270.260148
-275.998155
-284.892066
-291.203875
-298.089483
-303.253690
-306.696494
-307.557196
-309.565498
-310.139299
-309.852399
-309.565498
-309.278598
-309.278598
-307.557196
-305.548893
-302.966790
-299.810886
-297.228782
-293.212177
-289.195572
-283.744465
-277.719557
-271.407749
-261.940037
-253.046125
-242.430812
-232.102399
-219.478782
-206.568266
-192.223247
-177.878229
-162.672509
-148.040590
-133.982472
-116.768450
-99.841328
-84.061808
-70.290590
-55.084871
-39.592251
-25.534133
-11.189114
2.722763
17.546693
32.673152
46.589494
59.295720
73.817121
86.220817
99.229572
112.238327
123.431907
137.953307
150.962062
161.853113
173.349222
189.080739
204.812257
217.215953
229.014591
238.090467
246.863813
256.544747
265.318093
273.486381
281.352140
288.915370
296.176070
302.226654
305.251946
307.067121
308.579767
309.789883
309.789883
309.184825
309.184825
308.277237
307.369650
303.436770
302.831712
299.201362
294.663424
290.428016
285.890078
280.747082
274.091440
267.133268
257.452335
246.863813
236.577821
224.779183
211.770428
197.249027
183.030156
165.785992
152.172179
137.348249
121.011673
104.070039
84.405642
68.976654
52.942607
37.513619
20.571984
4.840467
-8.320111
-22.665129
-37.297048
-51.928967
-64.265683
-77.176199
-90.086716
-101.849631
-113.612546
-125.949262
-138.285978
-149.475092
-163.246310
-173.287823
-183.903137
-198.821956
-214.027675
-225.790590
-234.684502
-243.865314
-253.333026
-261.653137
-269.686347
-278.006458
-284.031365
-291.490775
-298.376384
-303.253690
-305.261993
-307.270295
-308.130996
-309.565498
-310.139299
-309.278598
-308.991697
-308.991697
-306.983395
-305.548893
-302.392989
-299.523985
-295.507380
-292.351476
-288.621771
-282.883764
-276.858856
-269.686347
-261.653137
-251.037823
-240.996310
-230.094096
-218.331181
-205.707565
-191.362546
-176.730627
-160.951107
-148.040590
-134.269373
-115.907749
-98.980627
-83.201107
-70.003690
-55.084871
-39.592251
-24.386531
-9.467712
2.722763
18.756809
33.883268
47.497082
60.505837
73.817121
86.523346
98.321984
110.423152
122.826848
136.138132
150.962062
161.248054
173.349222
189.988327
205.114786
216.913424
228.107004
237.787938
246.863813
257.452335
265.923152
274.393969
281.654669
289.217899
297.083658
301.016537
305.251946
307.067121
307.974708
309.487354
309.184825
309.789883
308.579767
307.974708
306.764591
304.646887
301.319066
298.293774
293.755837
290.125486
285.285019
279.536965
273.486381
265.923152
255.637160
245.048638
233.855058
223.266537
210.560311
196.038911
180.307393
163.668288
148.239300
134.625486
118.288911
101.044747
81.682879
67.766537
51.127432
35.093385
19.059339
2.420233
-10.328413
-25.247232
-39.879151
-53.363469
-66.847786
-79.184502
-91.521218
-104.144834
-115.333948
-127.096863
-139.433579
-152.057196
-165.254613
-176.156827
-187.059041
-201.404059
-216.896679
-227.225092
-236.119004
-245.299815
-254.767528
-263.374539
-270.547048
-278.867159
-285.465867
-292.925277
-299.810886
-304.401292
-307.270295
-307.270295
-308.991697
-309.852399
-310.139299
-310.139299
-308.991697
-308.991697
-306.983395
-304.688192
-302.392989
-298.376384
-295.507380
-291.777675
-286.900369
-282.596863
-275.711255
-269.399446
-260.792435
-251.037823
-240.422509
-228.946494
-216.896679
-204.273063
-189.928044
-175.869926
-160.664207
-147.179889
-131.974170
-113.612546
-97.833026
-82.340406
-69.142989
-52.789668
-38.444649
-23.238930
-8.320111
4.235409
19.966926
34.488327
47.799611
61.413424
75.632296
87.128405
99.532101
112.540856
124.339494
138.255837
151.567121
162.458171
174.559339
191.198444
206.627432
218.728599
228.712062
238.998054
248.376459
257.452335
266.830739
274.091440
281.654669
288.310311
296.176070
302.529183
304.646887
306.764591
307.974708
308.882296
309.487354
309.184825
308.882296
307.974708
306.159533
303.739300
301.319066
297.688716
293.453307
288.612840
283.772374
278.629377
271.973735
264.713035
254.427043
244.746109
232.644942
221.148833
207.535019
193.618677
178.492218
162.155642
147.936770
133.415370
117.381323
98.624514
80.472763
64.438716
48.707198
34.488327
16.941634
0.907588
-12.910517
-27.255535
-41.600554
-54.511070
-68.282288
-80.332103
-92.955720
-105.579336
-116.481550
-128.531365
-140.868081
-152.630996
-165.541513
-175.869926
-187.919742
-203.986162
-218.331181
-228.085793
-235.832103
-246.447417
-255.628229
-263.661439
-271.981550
-278.867159
-286.326568
-293.212177
-299.523985
-304.114391
-306.122694
-308.704797
-308.991697
-310.139299
-310.713100
-309.565498
-309.852399
-308.417897
-306.696494
-304.688192
-302.679889
-298.376384
-295.507380
-290.916974
-287.761070
-282.309963
-275.711255
-268.538745
-259.357934
-249.603321
-239.848708
-228.372694
-216.609779
-201.977860
-188.206642
-173.861624
-159.516605
-146.606089
-129.678967
-113.038745
-96.111624
-79.758303
-67.421587
-52.502768
-37.297048
-21.804428
-7.172509
6.353113
21.479572
35.698444
48.102140
62.926070
76.842412
87.430934
99.834630
113.448444
125.549611
139.163424
151.869650
163.063230
175.769455
192.408560
208.140078
219.636187
229.317121
239.300584
248.376459
258.359922
266.225681
275.604086
282.259728
289.520428
297.083658
301.621595
305.251946
306.159533
307.672179
308.277237
308.882296
308.882296
307.672179
307.369650
304.646887
302.831712
300.411479
296.176070
292.848249
287.705253
283.167315
277.721790
271.066148
263.502918
253.519455
243.233463
232.342412
219.636187
206.929961
191.803502
177.282101
160.642996
146.424125
132.507782
115.566148
98.019455
79.565175
64.136187
49.009728
33.278210
16.941634
0.302529
-13.197417
-27.542435
-42.174354
-55.084871
-68.282288
-81.479705
-93.816421
-106.153137
-117.055351
-129.392066
-141.154982
-154.065498
-166.689114
-176.156827
-188.206642
-203.699262
-218.044280
-228.946494
-236.405904
-246.734317
-255.054428
-264.809041
-271.981550
-278.867159
-287.474170
-293.212177
-300.384686
-303.827491
-306.696494
-307.844096
-308.991697
-309.852399
-309.278598
-309.852399
-309.565498
-308.417897
-305.835793
-304.401292
-301.819188
-297.802583
-294.933579
-291.203875
-285.752768
-281.736162
-275.137454
-267.104244
-257.636531
-248.742620
-237.840406
-227.225092
-213.740775
-200.543358
-185.911439
-170.705720
-156.360701
-143.737085
-127.957565
-109.595941
-93.529520
-79.184502
-63.978782
-49.920664
-33.567343
-18.361624
-5.738007
9.378405
23.597276
38.421206
51.429961
64.741245
78.657588
89.851167
103.162451
115.566148
128.272374
140.373541
154.592412
164.273346
178.189689
194.828794
209.350195
221.148833
230.224708
241.115759
250.494163
259.570039
268.343385
275.906615
284.377432
289.822957
298.596304
302.529183
304.646887
306.159533
307.067121
308.882296
308.882296
308.579767
308.277237
307.067121
305.857004
303.134241
301.016537
296.478599
291.335603
287.705253
282.259728
277.116732
270.461089
261.687743
252.611868
241.720817
230.829767
218.728599
204.812257
190.593385
175.466926
159.130350
144.306420
130.390078
113.448444
94.086576
76.842412
61.413424
45.681907
29.950389
13.311284
-2.295203
-14.918819
-29.550738
-43.608856
-57.666974
-70.577491
-83.201107
-96.111624
-109.309041
-119.924354
-132.261070
-144.023985
-156.647601
-169.271218
-178.738930
-191.362546
-206.281365
-219.478782
-229.807196
-237.553506
-249.029520
-257.062731
-265.669742
-273.129151
-280.588561
-287.761070
-294.359779
-300.958487
-305.261993
-306.409594
-308.130996
-310.139299
-310.139299
-309.852399
-310.139299
-307.844096
-308.130996
-305.835793
-303.827491
-302.106089
-298.089483
-294.359779
-290.343173
-285.752768
-280.588561
-274.276753
-266.530443
-257.349631
-247.881919
-236.405904
-224.929889
-212.880074
-199.108856
-185.050738
-170.131919
-155.213100
-141.441882
-125.375461
-108.448339
-91.234317
-77.750000
-63.404982
-46.764760
-31.845941
-16.927122
-2.869004
10.891051
25.412451
39.026265
52.640078
67.161479
79.867704
92.876459
105.280156
117.683852
129.785019
143.398833
156.105058
166.088521
180.912451
196.643969
211.165370
223.266537
231.132296
242.023346
251.099222
261.385214
268.645914
276.814202
285.285019
291.638132
299.806420
304.344358
304.949416
307.369650
307.672179
309.184825
309.789883
308.579767
308.277237
307.067121
304.646887
302.226654
299.806420
296.176070
291.335603
287.402724
282.259728
276.511673
269.553502
261.082685
251.704280
240.208171
229.922179
217.821012
203.299611
189.685798
173.954280
157.315175
143.398833
128.877432
111.633268
92.876459
75.329767
60.505837
45.076848
29.042802
13.008755
-3.155904
-16.640221
-32.132841
-44.469557
-58.240775
-71.725092
-83.488007
-96.398524
-108.161439
-120.498155
-131.974170
-145.171587
-157.221402
-169.845018
-179.886531
-192.510148
-208.576568
-221.487085
-231.241697
-239.561808
-249.603321
-258.784133
-266.530443
-273.702952
-281.736162
-288.334871
-296.081181
-301.245387
-305.261993
-306.696494
-307.557196
-309.852399
-309.852399
-310.426199
-309.278598
-308.991697
-308.130996
-305.548893
-304.688192
-301.532288
-297.802583
-294.072878
-290.343173
-285.465867
-279.440959
-273.989852
-265.095941
-256.202030
-245.586716
-236.119004
-224.069188
-212.019373
-197.961255
-183.616236
-168.984317
-153.491697
-141.154982
-125.088561
-106.726937
-90.947417
-75.454797
-62.257380
-46.477860
-31.272140
-16.927122
-1.721402
12.101167
27.227626
40.538911
53.850195
68.674125
80.472763
92.573930
105.280156
117.381323
129.785019
143.096304
157.012646
167.298638
181.214981
198.761673
212.072957
224.174125
232.644942
242.628405
252.611868
261.990272
270.158560
278.024319
285.890078
292.848249
299.503891
303.436770
305.857004
307.672179
307.974708
309.789883
308.277237
309.184825
308.277237
306.764591
305.554475
301.621595
300.411479
295.873541
291.033074
287.705253
281.654669
276.511673
269.856031
261.082685
249.889105
238.998054
229.619650
216.005837
201.484436
187.265564
172.139105
154.289883
141.281128
125.852140
108.607977
90.456226
73.514591
58.085603
42.354086
25.714981
9.378405
-5.738007
-18.935424
-33.854244
-47.625461
-60.822878
-74.307196
-86.930812
-98.980627
-111.604244
-122.506458
-134.556273
-146.319188
-159.229705
-171.279520
-181.607934
-195.379151
-211.158672
-222.921587
-232.963100
-241.857011
-250.750923
-259.071033
-269.112546
-274.850554
-282.883764
-290.056273
-296.941882
-302.679889
-306.122694
-307.844096
-308.991697
-310.426199
-309.565498
-310.139299
-310.426199
-308.704797
-308.991697
-307.270295
-304.401292
-301.819188
-298.376384
-293.499077
-291.203875
-285.178967
-280.014760
-273.129151
-265.095941
-256.202030
-245.299815
-234.971402
-222.347786
-210.297970
-197.100554
-182.468635
-167.262915
-153.204797
-140.294280
-122.506458
-105.005535
-89.799815
-74.594096
-60.249077
-45.043358
-30.698339
-15.492620
-0.573801
12.403696
27.832685
40.236381
55.967899
68.371595
80.775292
93.481518
106.187743
119.499027
130.995136
145.214008
157.315175
167.601167
183.030156
199.064202
212.980545
224.174125
233.552529
243.535992
252.914397
262.292802
269.553502
278.326848
285.587549
293.755837
299.201362
303.436770
304.646887
306.462062
308.277237
308.277237
308.882296
308.579767
307.974708
306.462062
304.041829
301.621595
299.201362
295.571012
290.730545
286.797665
281.049611
274.999027
269.553502
258.359922
248.981518
238.090467
226.896887
214.190661
200.274319
186.055447
170.626459
154.894942
140.978599
124.642023
108.002918
89.246109
72.909533
57.178016
42.051556
25.412451
8.470817
-6.311808
-20.369926
-33.567343
-47.912362
-61.970480
-74.307196
-86.930812
-99.267528
-111.891144
-122.506458
-135.416974
-146.319188
-160.090406
-171.853321
-181.321033
-195.666052
-210.584871
-222.921587
-233.536900
-240.996310
-251.898524
-260.218635
-269.112546
-275.998155
-283.170664
-290.630074
-296.654982
-302.966790
-306.122694
-307.270295
-308.417897
-310.426199
-309.852399
-310.713100
-310.139299
-310.426199
-307.844096
-306.122694
-304.114391
-300.958487
-297.228782
-292.638376
-289.482472
-284.605166
-279.154059
-272.268450
-263.661439
-254.767528
-243.578413
-233.536900
-221.487085
-208.863469
-194.231550
-180.460332
-164.107011
-151.196494
-137.425277
-119.063653
-102.710332
-87.504613
-72.298893
-58.240775
-42.174354
-27.255535
-13.197417
1.210117
14.823930
31.463035
44.471790
57.480545
71.094358
84.103113
96.809339
108.607977
121.011673
134.928016
147.936770
158.525292
171.534047
185.752918
202.089494
215.098249
225.686770
235.670233
245.048638
253.821984
264.107977
271.973735
280.142023
286.495136
294.965953
301.319066
303.739300
306.462062
306.462062
308.579767
309.487354
308.277237
309.487354
307.672179
306.764591
304.344358
302.529183
298.596304
294.663424
290.428016
284.377432
280.142023
273.788911
266.528210
258.359922
247.771401
237.182879
226.291829
212.980545
198.761673
183.635214
167.903696
152.474708
138.255837
121.919261
104.675097
86.523346
69.884241
54.152724
37.513619
22.387160
6.050584
-8.033210
-22.952030
-36.436347
-50.494465
-63.118081
-76.602399
-89.512915
-101.849631
-114.186347
-124.227860
-137.712177
-149.761993
-162.098708
-173.861624
-183.903137
-199.108856
-214.314576
-224.642989
-233.823801
-242.143911
-252.185424
-261.079336
-269.112546
-276.858856
-284.318266
-291.490775
-298.376384
-303.827491
-305.548893
-307.844096
-309.852399
-309.565498
-311.000000
-310.426199
-310.139299
-308.704797
-306.983395
-306.122694
-302.966790
-300.958487
-296.654982
-294.072878
-290.056273
-284.031365
-279.154059
-270.833948
-263.087638
-253.333026
-243.865314
-232.102399
-220.626384
-207.428967
-193.657749
-179.025830
-162.959410
-150.622694
-135.990775
-117.342251
-100.702030
-84.635609
-71.725092
-56.519373
-40.452952
-26.681734
-10.902214
1.815175
17.546693
31.463035
46.286965
58.690661
72.607004
84.405642
96.809339
109.818093
121.919261
134.020428
149.449416
159.130350
170.928988
186.963035
203.602140
215.400778
227.199416
235.367704
245.653696
255.032101
264.107977
272.276265
279.234436
286.797665
294.965953
300.108949
303.739300
305.554475
307.369650
308.277237
307.974708
308.882296
307.974708
307.974708
305.554475
304.344358
301.319066
297.991245
294.058366
289.520428
285.285019
279.536965
273.183852
265.318093
255.939689
246.561284
234.762646
223.871595
210.862840
196.341440
183.332685
165.785992
151.567121
136.743191
121.314202
104.070039
85.010700
69.279183
53.850195
38.118677
21.177043
5.142996
-8.607011
-23.525830
-37.870849
-51.355166
-64.552583
-77.750000
-88.939114
-102.423432
-113.612546
-125.662362
-138.285978
-149.761993
-162.959410
-173.574723
-184.763838
-200.256458
-214.027675
-225.216790
-235.258303
-244.439114
-254.193727
-261.653137
-270.260148
-277.719557
-284.892066
-292.351476
-296.654982
-303.540590
-306.122694
-307.270295
-308.991697
-310.139299
-310.426199
-310.139299
-309.565498
-309.565498
-307.557196
-304.975092
-303.253690
-300.384686
-295.507380
-293.785978
-288.621771
-283.170664
-277.719557
-269.686347
-261.653137
-251.898524
-243.004613
-230.954797
-218.618081
-206.568266
-191.649446
-177.304428
-162.385609
-149.188192
-134.269373
-115.907749
-99.554428
-83.488007
-70.864391
-54.797970
-39.592251
-25.247232
-9.467712
2.117704
17.849222
32.673152
45.984436
60.505837
73.212062
85.918288
98.019455
110.725681
123.129377
135.230545
150.659533
160.340467
172.744163
189.080739
204.207198
216.913424
227.199416
236.880350
246.561284
255.032101
264.713035
272.276265
280.444553
288.915370
294.965953
301.621595
304.041829
305.857004
307.369650
307.369650
309.789883
308.277237
308.277237
307.369650
305.554475
303.436770
300.411479
297.688716
294.058366
288.612840
284.377432
278.629377
272.276265
265.318093
255.637160
245.048638
233.855058
222.964008
208.442607
194.526265
180.004864
162.458171
149.146887
134.928016
118.893969
100.439689
81.682879
66.253891
50.219844
35.093385
18.454280
2.420233
-12.623616
-26.394834
-39.592251
-53.937269
-67.421587
-79.758303
-92.095018
-105.005535
-115.907749
-128.244465
-140.581181
-152.630996
-165.828413
-175.869926
-187.059041
-201.690959
-216.896679
-227.798893
-236.405904
-246.447417
-255.915129
-263.948339
-271.694649
-278.580258
-286.039668
-291.777675
-300.671587
-303.827491
-306.696494
-307.844096
-309.278598
-310.713100
-310.713100
-310.713100
-310.426199
-308.417897
-308.130996
-305.835793
-303.827491
-300.384686
-296.941882
-292.638376
-288.908672
-283.170664
-277.432657
-270.547048
-261.366236
-251.611624
-240.709410
-228.372694
-218.044280
-204.273063
-190.214945
-175.009225
-161.238007
-146.892989
-133.121771
-115.047048
-97.546125
-82.627306
-67.995387
-53.937269
-39.018450
-23.525830
-9.467712
5.142996
19.361868
33.883268
48.102140
61.715953
75.027237
86.523346
99.229572
111.633268
123.734436
136.743191
150.659533
161.550584
174.256809
189.383268
205.719844
217.518482
228.409533
238.392996
247.468872
256.847276
265.015564
274.091440
281.352140
288.612840
296.478599
301.319066
304.041829
305.857004
307.369650
307.672179
308.277237
307.974708
308.579767
307.369650
305.251946
303.436770
300.411479
297.083658
292.243191
288.612840
282.864786
277.721790
271.671206
264.410506
254.427043
243.535992
232.644942
221.753891
206.929961
193.013619
178.794747
161.550584
147.634241
133.112840
116.171206
98.624514
79.867704
64.136187
48.707198
32.673152
16.336576
0.907588
-13.771218
-27.542435
-41.600554
-54.511070
-68.569188
-81.192804
-93.242620
-106.440037
-118.202952
-129.105166
-142.589483
-153.491697
-166.402214
-177.017528
-188.780443
-203.699262
-217.757380
-228.372694
-237.553506
-247.881919
-256.202030
-264.809041
