300.773694
304.082205
307.992263
308.293037
309.496132
310.398453
310.097679
310.097679
311.000000
309.496132
308.894584
306.187621
305.285300
300.472921
294.156673
290.848162
274.004836
260.169246
272.200193
272.500967
258.364603
243.325919
232.798839
224.377176
213.549323
199.713733
184.975822
170.839458
155.800774
141.363636
125.121857
109.481625
92.036750
76.697292
59.553191
42.409091
26.468085
10.527079
-5.716912
-21.152574
-34.301471
-48.879596
-62.028493
-75.749081
-88.897978
-101.189338
-113.766544
-124.628676
-137.205882
-150.640625
-162.360294
-173.508272
-184.942096
-198.948529
-211.811581
-224.388787
-234.107537
-242.397059
-251.544118
-260.691176
-271.267463
-280.700368
-288.989890
-294.706801
-300.423713
-303.568015
-304.139706
-305.854779
-306.140625
-307.284007
-306.426471
-306.712316
-306.426471
-306.140625
-305.568934
-303.853860
-300.709559
-297.279412
-292.134191
-287.560662
-282.701287
-269.838235
-252.687500
-261.834559
-261.262868
-250.114890
-235.250919
-223.531250
-214.384191
-203.807904
-191.230699
-177.224265
-161.788603
-149.211397
-133.489890
-117.482537
-102.046875
-85.753676
-71.747243
-54.596507
-41.733456
-24.011029
-8.289522
4.511605
19.550290
34.288201
48.123791
63.162476
76.396518
89.329787
101.962282
115.797872
128.129594
141.062863
153.695358
166.327853
180.464217
194.299807
207.233075
221.670213
232.197292
241.521277
250.243714
259.266925
270.696325
281.223404
290.246615
296.863636
304.382979
305.285300
307.992263
308.293037
308.593810
310.699226
309.796905
310.398453
310.398453
308.593810
308.894584
306.789168
304.382979
299.871373
294.457447
289.945841
273.403288
259.266925
271.899420
270.696325
255.958414
243.325919
231.896518
224.377176
213.549323
198.811412
184.975822
170.237911
155.800774
142.566731
126.324952
109.481625
92.939072
76.095745
58.951644
41.807544
26.167311
12.030948
-6.002757
-20.866728
-34.301471
-48.593750
-61.456801
-75.463235
-88.897978
-101.475184
-113.766544
-125.200368
-138.063419
-150.068934
-161.788603
-173.508272
-186.085478
-199.234375
-212.669118
-225.246324
-234.679228
-243.540441
-252.687500
-261.262868
-271.267463
-280.986213
-288.704044
-294.706801
-300.709559
-303.568015
-303.568015
-305.854779
-306.426471
-306.998162
-306.998162
-306.426471
-306.998162
-306.140625
-305.568934
-303.568015
-300.995404
-297.851103
-292.420037
-288.418199
-282.701287
-270.981618
-253.259191
-261.262868
-261.548713
-250.400735
-235.250919
-223.817096
-214.098346
-204.665441
-191.230699
-176.652574
-162.074449
-148.639706
-134.347426
-118.340074
-103.190257
-86.611213
-71.175551
-55.168199
-41.733456
-24.582721
-8.861213
4.210832
18.647969
33.987427
48.725338
62.861702
75.794971
88.126692
101.661509
113.993230
127.828820
140.160542
152.492263
165.425532
178.058027
193.096712
207.233075
220.166344
232.197292
240.919729
249.942940
260.169246
270.696325
280.922631
289.344294
297.465184
303.179884
304.984526
306.789168
308.894584
309.195358
309.195358
310.097679
309.195358
308.593810
308.894584
308.293037
306.187621
304.082205
299.871373
295.660542
289.344294
274.305609
258.665377
270.696325
270.696325
257.161509
242.724371
231.595745
224.677950
213.248549
199.412959
184.675048
170.237911
156.703095
141.363636
125.723404
108.880077
92.638298
76.396518
58.650870
41.807544
24.663443
10.226306
-6.002757
-20.866728
-35.444853
-48.879596
-62.314338
-76.034926
-88.326287
-102.332721
-114.624081
-126.915441
-139.206801
-151.498162
-163.789522
-175.509191
-187.228860
-199.520221
-213.812500
-225.818015
-234.679228
-244.112132
-252.401654
-262.120404
-272.125000
-281.843750
-290.133272
-295.564338
-301.567096
-304.425551
-304.711397
-305.854779
-306.712316
-306.998162
-306.998162
-307.284007
-306.712316
-306.998162
-306.426471
-303.853860
-301.852941
-297.565257
-292.420037
-288.989890
-282.129596
-271.553309
-253.259191
-262.406250
-260.977022
-250.972426
-235.250919
-224.102941
-214.955882
-205.237132
-192.659926
-178.081801
-162.931985
-149.211397
-134.347426
-119.483456
-103.476103
-87.754596
-72.890625
-55.739890
-42.876838
-24.582721
-9.718750
3.910058
17.745648
33.987427
48.123791
62.861702
75.794971
87.525145
100.759188
113.993230
126.625725
139.859768
153.093810
165.425532
179.261122
192.795938
206.631528
219.865571
230.994197
240.318182
249.642166
259.868472
270.395551
280.621857
289.043520
297.465184
302.879110
305.586074
305.886847
307.089942
309.195358
309.195358
309.195358
309.496132
308.894584
308.593810
307.390716
306.187621
304.082205
300.172147
294.758221
288.742747
273.102515
258.966151
270.997099
270.395551
256.559961
243.025145
231.896518
223.474855
212.947776
198.811412
183.171180
169.335590
154.597679
140.461315
125.723404
108.579304
92.337524
75.494197
58.350097
41.506770
24.964217
10.527079
-6.288603
-22.295956
-35.730699
-49.737132
-62.600184
-75.749081
-90.327206
-102.618566
-115.195772
-126.343750
-139.778493
-150.926471
-163.503676
-174.651654
-186.943015
-200.377757
-212.954963
-225.532169
-235.250919
-244.112132
-252.401654
-262.120404
-271.553309
-281.843750
-289.561581
-296.707721
-301.281250
-304.711397
-304.711397
-306.426471
-306.712316
-306.712316
-307.855699
-307.284007
-307.284007
-306.712316
-305.568934
-304.997243
-301.852941
-297.565257
-293.563419
-289.275735
-283.558824
-271.267463
-254.116728
-263.263787
-262.977941
-251.829963
-236.680147
-224.674632
-215.241728
-204.951287
-192.374081
-176.938419
-162.931985
-149.783088
-134.633272
-119.483456
-103.190257
-87.468750
-72.033088
-55.168199
-42.305147
-24.011029
-9.147059
4.210832
18.647969
33.686654
48.424565
62.861702
76.697292
87.525145
102.263056
115.196325
127.828820
140.461315
152.492263
166.027079
178.659574
192.795938
206.330754
220.767892
231.294971
240.618956
250.243714
258.966151
270.094778
280.621857
289.945841
296.863636
302.879110
304.683752
305.886847
307.691489
308.293037
309.796905
309.195358
308.593810
309.496132
308.593810
308.593810
306.488395
304.382979
299.871373
294.156673
290.547389
272.500967
258.966151
271.297872
270.094778
256.259188
242.423598
231.896518
223.775629
213.549323
198.811412
184.073501
170.538685
154.597679
141.965184
125.422631
109.180851
92.939072
76.095745
59.553191
41.506770
26.167311
10.827853
-7.146140
-21.724265
-35.444853
-48.593750
-62.600184
-75.177390
-89.755515
-101.475184
-113.194853
-126.343750
-138.063419
-151.212316
-162.646140
-174.365809
-187.228860
-199.234375
-213.526654
-225.246324
-234.965074
-242.968750
-252.401654
-261.834559
-271.267463
-282.129596
-289.275735
-295.850184
-300.995404
-304.139706
-305.283088
-306.140625
-307.284007
-307.284007
-306.998162
-307.855699
-307.569853
-306.998162
-306.426471
-303.568015
-302.996324
-298.422794
-293.277574
-289.275735
-282.987132
-271.267463
-253.830882
-262.406250
-262.977941
-251.258272
-236.108456
-225.246324
-215.527574
-206.094669
-192.945772
-177.795956
-164.075368
-149.783088
-135.776654
-120.055147
-103.761949
-88.040441
-71.747243
-55.739890
-42.305147
-24.011029
-10.004596
4.210832
18.046422
33.085106
49.026112
62.260155
76.095745
89.029014
101.360735
114.895551
128.129594
140.160542
153.394584
164.523211
178.358801
193.096712
206.330754
221.068665
230.693424
239.716634
249.341393
258.966151
270.395551
279.719536
288.742747
296.562863
302.277563
305.886847
306.488395
308.293037
308.593810
307.691489
309.796905
308.293037
309.195358
308.894584
307.390716
305.285300
303.480658
299.871373
292.652805
288.742747
271.899420
259.266925
271.297872
269.493230
256.559961
241.822050
231.595745
224.076402
211.744681
198.510638
183.772727
169.335590
155.199226
140.461315
124.821083
108.579304
92.036750
75.794971
58.049323
41.205996
25.565764
9.925532
-6.574449
-23.439338
-36.588235
-49.451287
-63.457721
-76.606618
-90.613051
-102.618566
-114.909926
-126.629596
-139.206801
-151.498162
-162.931985
-175.795037
-188.658088
-200.949449
-214.384191
-226.103860
-235.822610
-244.969669
-252.401654
-262.406250
-271.839154
-281.843750
-289.275735
-296.136029
-302.424632
-304.997243
-305.283088
-306.140625
-307.569853
-307.569853
-307.569853
-307.569853
-307.284007
-307.569853
-306.426471
-304.997243
-302.138787
-299.566176
-294.135110
-289.275735
-283.272978
-271.553309
-254.688419
-263.835478
-263.263787
-251.258272
-237.251838
-224.674632
-215.813419
-206.094669
-191.516544
-178.367647
-162.360294
-149.497243
-134.919118
-118.340074
-103.476103
-86.325368
-71.747243
-55.739890
-42.590993
-25.440257
-8.575368
3.910058
19.249516
33.987427
48.424565
62.560928
74.892650
88.427466
101.962282
114.895551
127.528046
139.859768
153.695358
164.523211
178.659574
191.592843
206.029981
220.166344
230.091876
239.716634
248.439072
259.567698
268.891683
280.020309
289.043520
295.359768
302.277563
305.586074
306.789168
307.089942
308.894584
308.894584
308.894584
309.195358
308.293037
308.293037
308.293037
305.886847
304.382979
298.668279
294.457447
289.344294
273.102515
259.567698
270.696325
270.395551
255.356867
240.919729
231.294971
223.775629
212.647002
197.608317
183.772727
168.433269
154.898453
140.461315
123.918762
109.180851
92.337524
74.892650
58.049323
40.002901
24.964217
10.527079
-6.574449
-21.724265
-35.730699
-50.022978
-63.171875
-76.320772
-90.041360
-102.046875
-114.909926
-126.343750
-138.920956
-151.212316
-163.217831
-175.509191
-187.228860
-200.663603
-213.526654
-225.532169
-236.394301
-244.112132
-253.545037
-262.406250
-271.267463
-281.843750
-290.133272
-296.707721
-301.281250
-304.425551
-305.854779
-306.426471
-307.284007
-308.141544
-306.998162
-307.284007
-307.569853
-306.426471
-306.426471
-304.711397
-301.852941
-299.566176
-293.849265
-289.275735
-283.272978
-271.839154
-254.974265
-263.263787
-262.406250
-250.686581
-236.108456
-224.960478
-215.527574
-205.808824
-193.231618
-178.367647
-164.361213
-149.783088
-135.204963
-119.483456
-105.191176
-88.040441
-72.604779
-56.597426
-42.590993
-26.011949
-10.004596
3.007737
17.144101
33.085106
47.522244
61.658607
75.494197
87.224371
100.759188
113.090909
127.227273
140.160542
152.793037
164.523211
177.456480
191.893617
205.127660
219.564797
230.994197
239.716634
248.439072
258.966151
269.192456
280.621857
287.539652
296.562863
302.578337
304.082205
306.488395
306.789168
307.992263
308.593810
309.195358
309.496132
307.992263
307.992263
306.187621
305.285300
303.179884
299.269826
293.555126
286.938104
272.500967
258.063830
270.696325
270.696325
255.958414
241.521277
231.294971
222.572534
212.346228
198.209865
184.374275
168.734043
154.898453
141.363636
125.121857
108.579304
91.435203
74.892650
58.049323
40.303675
24.362669
9.925532
-6.860294
-22.581801
-35.730699
-49.451287
-63.457721
-77.178309
-89.469669
-102.904412
-114.338235
-126.343750
-138.635110
-150.926471
-163.789522
-175.223346
-188.372243
-200.663603
-212.954963
-226.389706
-234.965074
-244.683824
-252.687500
-263.263787
-272.125000
-281.557904
-289.847426
-296.136029
-301.852941
-304.425551
-306.140625
-306.426471
-307.284007
-308.427390
-308.713235
-307.855699
-308.141544
-306.998162
-306.712316
-304.711397
-303.282169
-299.280331
-293.849265
-289.847426
-283.272978
-271.839154
-252.973346
-263.263787
-263.549632
-251.258272
-236.965993
-225.246324
-215.241728
-206.094669
-193.231618
-178.653493
-163.789522
-150.640625
-135.776654
-120.055147
-104.619485
-88.326287
-72.890625
-56.883272
-43.734375
-25.726103
-10.290441
2.706963
18.046422
32.784333
48.123791
61.658607
75.193424
87.224371
100.157640
113.692456
126.324952
139.859768
151.890716
163.320116
178.960348
191.893617
206.029981
219.564797
230.693424
239.716634
247.837524
259.266925
269.794004
279.719536
288.742747
296.863636
301.676015
305.285300
305.586074
307.390716
308.894584
307.390716
308.894584
308.593810
308.593810
308.293037
306.488395
305.886847
302.879110
299.269826
293.855899
287.840426
273.102515
258.063830
270.094778
269.794004
255.356867
241.822050
230.994197
223.474855
212.045455
197.608317
183.471954
169.335590
155.199226
141.062863
125.121857
107.676983
91.435203
74.591876
58.350097
40.905222
24.663443
9.925532
-6.860294
-22.295956
-36.016544
-49.451287
-62.886029
-76.606618
-90.041360
-102.046875
-114.338235
-126.057904
-139.206801
-152.355699
-163.503676
-175.509191
-187.800551
-200.091912
-214.098346
-226.675551
-235.536765
-244.683824
-253.545037
-262.120404
-272.696691
-281.557904
-289.847426
-296.707721
-302.138787
-305.568934
-306.140625
-307.284007
-308.427390
-307.569853
-308.427390
-307.569853
-307.855699
-308.713235
-306.426471
-305.283088
-302.996324
-298.708640
-294.420956
-288.989890
-284.416360
-271.839154
-254.116728
-263.549632
-262.977941
-252.115809
-236.965993
-225.818015
-216.099265
-205.808824
-193.517463
-178.081801
-164.075368
-150.354779
-135.490809
-120.340993
-104.333640
-88.612132
-72.890625
-56.883272
-44.020221
-26.011949
-10.576287
2.706963
16.843327
31.882012
48.123791
61.658607
74.892650
87.224371
100.157640
113.692456
126.324952
139.859768
152.191489
164.523211
177.757253
190.690522
206.029981
218.963250
230.693424
238.814313
248.439072
258.966151
269.794004
279.719536
286.637331
295.058994
301.676015
304.382979
305.886847
307.691489
307.992263
308.894584
309.195358
308.894584
308.593810
306.789168
306.488395
304.683752
303.480658
299.871373
293.555126
288.141199
273.102515
259.266925
270.094778
269.493230
255.958414
240.919729
230.994197
222.873308
211.744681
198.209865
183.171180
168.132495
154.296905
140.461315
124.821083
107.977756
91.134429
74.892650
58.350097
40.303675
24.663443
9.624758
-7.717831
-22.581801
-36.588235
-49.451287
-63.743566
-78.035846
-90.898897
-103.190257
-115.195772
-126.343750
-140.064338
-152.641544
-163.503676
-176.366728
-188.086397
-200.949449
-214.670037
-226.103860
-235.536765
-244.397978
-252.687500
-262.406250
-272.125000
-281.843750
-290.419118
-296.993566
-302.996324
-304.139706
-305.854779
-306.998162
-307.569853
-308.141544
-307.855699
-308.713235
-307.855699
-307.569853
-306.998162
-305.568934
-303.853860
-298.994485
-294.706801
-290.133272
-283.844669
-273.268382
-254.116728
-263.263787
-263.835478
-251.829963
-236.394301
-224.960478
-216.385110
-205.808824
-192.945772
-178.081801
-163.789522
-149.211397
-135.490809
-120.055147
-103.761949
-88.040441
-71.747243
-56.597426
-43.448529
-25.154412
-10.576287
3.308511
17.144101
32.182785
47.522244
61.959381
75.494197
87.224371
100.157640
114.294004
126.926499
141.062863
153.394584
164.222437
178.058027
192.194391
205.428433
219.264023
230.091876
238.814313
248.739845
257.763056
270.395551
280.020309
288.141199
296.262089
302.578337
304.382979
304.984526
306.488395
307.390716
307.691489
308.293037
308.293037
308.293037
308.593810
307.390716
305.886847
302.277563
299.570600
292.953578
288.441973
273.102515
258.364603
269.794004
268.891683
255.657640
241.220503
231.294971
222.572534
211.744681
198.510638
183.471954
167.530948
154.898453
139.558994
124.219536
107.376209
90.833656
74.892650
56.846228
40.604449
24.061896
9.925532
-7.146140
-23.153493
-36.016544
-49.451287
-63.457721
-76.320772
-90.327206
-102.618566
-115.195772
-127.487132
-139.492647
-152.641544
-163.789522
-176.366728
-189.515625
-201.521140
-214.384191
-226.389706
-236.108456
-245.255515
-253.259191
-262.977941
-272.125000
-282.129596
-290.990809
-296.993566
-302.710478
-304.711397
-306.140625
-307.284007
-308.427390
-308.713235
-308.427390
-308.999081
-307.569853
-308.141544
-306.712316
-305.568934
-303.853860
-298.422794
-294.706801
-290.133272
-284.988051
-272.410846
-254.974265
-262.977941
-264.121324
-252.115809
-237.537684
-226.389706
-216.670956
-206.666360
-192.945772
-179.796875
-164.647059
-150.926471
-136.920037
-120.626838
-105.191176
-88.612132
-72.604779
-57.169118
-42.876838
-26.583640
-10.290441
3.609284
16.542553
32.182785
46.920696
61.959381
73.990329
87.825919
99.255319
113.391683
126.024178
138.656673
151.890716
163.019342
176.854932
190.690522
204.526112
218.963250
230.091876
238.814313
247.536750
258.063830
268.891683
278.215667
287.840426
295.058994
301.976789
304.683752
305.285300
306.789168
307.390716
307.691489
308.593810
308.593810
307.691489
307.691489
307.089942
304.984526
303.179884
299.269826
292.953578
288.441973
272.200193
259.266925
269.794004
269.493230
255.056093
241.220503
230.994197
221.670213
212.346228
197.608317
183.471954
167.831721
153.996132
139.258221
122.715667
107.075435
90.532882
74.591876
58.350097
39.100580
24.362669
9.323985
-7.717831
-22.581801
-36.874081
-49.737132
-63.743566
-77.178309
-90.041360
-102.618566
-116.053309
-127.201287
-139.778493
-152.069853
-164.075368
-177.510110
-188.086397
-200.949449
-214.384191
-226.675551
-236.394301
-244.969669
-253.830882
-263.549632
-272.410846
-283.272978
-290.133272
-296.993566
-302.996324
-304.997243
-306.426471
-306.712316
-308.713235
-308.141544
-308.713235
-308.713235
-308.427390
-308.427390
-307.855699
-305.854779
-304.139706
-300.137868
-294.992647
-290.133272
-284.702206
-272.982537
-255.545956
-264.693015
-264.121324
-252.115809
-236.965993
-225.818015
-216.670956
-206.952206
-194.946691
-178.939338
-165.218750
-150.926471
-136.920037
-121.484375
-105.477022
-89.469669
-72.890625
-57.740809
-43.734375
-26.583640
-11.147978
1.804642
16.542553
31.280464
46.319149
61.057060
73.990329
86.622824
100.458414
112.489362
125.723404
139.258221
150.687621
163.921663
176.253385
190.991296
204.826886
217.760155
229.791103
238.814313
247.837524
258.364603
268.891683
279.117988
286.938104
295.961315
301.976789
303.781431
305.886847
306.187621
307.089942
308.593810
308.894584
308.593810
307.691489
307.691489
306.187621
304.382979
303.179884
299.269826
293.555126
287.238878
271.899420
258.665377
269.192456
270.094778
255.958414
241.521277
231.595745
223.174081
211.443907
197.307544
183.471954
167.831721
154.597679
140.461315
123.918762
107.676983
89.931335
74.892650
56.244681
38.799807
23.460348
9.323985
-8.575368
-23.153493
-36.016544
-50.308824
-63.743566
-77.464154
-91.184743
-103.190257
-115.767463
-127.772978
-140.064338
-151.784007
-164.361213
-175.795037
-188.943934
-201.235294
-214.384191
-227.533088
-236.394301
-245.827206
-254.116728
-263.263787
-273.840074
-282.987132
-291.848346
-297.851103
-303.282169
-305.283088
-306.712316
-307.855699
-308.713235
-308.999081
-309.570772
-308.141544
-308.713235
-308.141544
-307.284007
-305.854779
-304.425551
-300.423713
-294.420956
-291.276654
-285.559743
-272.982537
-254.974265
-264.693015
-264.978860
-252.401654
-238.109375
-225.246324
-217.242647
-206.380515
-193.517463
-179.796875
-165.218750
-150.926471
-136.634191
-121.484375
-104.333640
-88.612132
-73.176471
-57.454963
-44.020221
-26.297794
-11.433824
2.406190
17.144101
31.581238
47.221470
60.756286
74.291103
86.923598
100.157640
113.692456
125.723404
139.258221
152.191489
163.620890
177.757253
191.292070
204.526112
219.564797
229.490329
239.115087
247.235977
257.763056
269.493230
278.817215
287.840426
295.058994
301.375242
304.382979
304.683752
306.789168
308.293037
307.992263
308.593810
308.593810
308.593810
308.293037
306.488395
305.285300
302.578337
298.367505
292.953578
287.238878
271.297872
258.665377
270.395551
269.493230
255.356867
240.618956
230.091876
221.970986
211.443907
197.006770
182.569632
167.530948
154.296905
138.957447
123.617988
107.977756
90.232108
73.990329
56.846228
39.702128
23.460348
9.323985
-7.431985
-23.725184
-36.302390
-50.880515
-64.029412
-77.750000
-90.613051
-102.904412
-115.481618
-127.201287
-140.921875
-152.355699
-164.361213
-176.080882
-188.658088
-201.521140
-214.670037
-226.961397
-237.251838
-245.827206
-253.259191
-262.977941
-273.268382
-283.272978
-290.704963
-297.279412
-303.853860
-306.140625
-306.998162
-308.713235
-308.427390
-308.427390
-309.284926
-308.427390
-308.999081
-308.999081
-307.569853
-306.426471
-303.568015
-299.852022
-294.706801
-289.561581
-285.273897
-271.839154
-255.545956
-264.978860
-264.121324
-252.401654
-237.537684
-226.103860
-217.814338
-206.666360
-193.803309
-178.367647
-164.647059
-150.926471
-136.634191
-121.484375
-103.761949
-88.612132
-72.604779
-57.169118
-43.162684
-26.297794
-11.147978
2.406190
16.843327
32.182785
47.221470
61.658607
74.892650
87.525145
99.856867
113.993230
125.723404
138.957447
151.289168
163.320116
177.155706
190.690522
205.127660
218.963250
229.791103
238.814313
247.235977
258.063830
269.794004
279.719536
288.141199
296.262089
302.277563
304.382979
305.886847
306.488395
308.593810
307.390716
307.992263
309.195358
309.195358
307.691489
307.390716
304.683752
302.277563
298.668279
292.352031
287.539652
269.192456
258.665377
270.997099
269.493230
254.454545
240.318182
231.294971
222.572534
211.744681
198.209865
182.870406
169.034816
154.296905
139.258221
123.918762
107.075435
90.833656
75.494197
57.748549
40.604449
24.061896
10.827853
-7.717831
-22.867647
-37.159926
-49.165441
-63.457721
-77.750000
-90.613051
-103.476103
-114.624081
-126.629596
-140.064338
-152.069853
-164.361213
-176.080882
-188.372243
-200.663603
-215.241728
-226.389706
-236.680147
-245.541360
-253.830882
-263.835478
-272.696691
-283.272978
-291.562500
-297.851103
-304.425551
-305.568934
-307.569853
-308.713235
-308.427390
-308.999081
-308.999081
-309.284926
-308.999081
-308.713235
-307.569853
-305.854779
-304.139706
-299.852022
-295.564338
-290.133272
-284.416360
-271.553309
-254.974265
-264.693015
-264.978860
-251.829963
-238.109375
-226.103860
-216.956801
-206.952206
-193.231618
-178.653493
-164.075368
-150.926471
-135.776654
-119.769301
-104.619485
-89.469669
-72.604779
-57.169118
-43.448529
-25.726103
-10.576287
3.007737
16.843327
31.882012
47.823017
61.057060
74.291103
86.923598
99.856867
113.993230
126.024178
139.558994
152.191489
163.620890
177.155706
190.389749
204.826886
218.963250
229.189555
239.716634
248.138298
258.063830
268.891683
278.817215
288.441973
295.359768
301.375242
304.082205
305.586074
306.488395
308.293037
308.293037
308.593810
308.293037
307.992263
307.691489
306.789168
305.586074
302.578337
298.668279
293.254352
286.336557
270.997099
257.763056
270.094778
268.891683
255.056093
240.919729
229.791103
221.970986
209.940039
196.705996
182.268859
167.831721
154.597679
139.558994
123.317215
106.473888
89.029014
74.591876
56.545455
39.702128
23.460348
8.421663
-8.003676
-24.011029
-36.874081
-50.880515
-64.601103
-78.607537
-91.756434
-104.047794
-116.910846
-128.058824
-140.921875
-153.784926
-164.361213
-176.938419
-189.229779
-201.521140
-214.955882
-227.247243
-236.394301
-245.827206
-253.830882
-263.549632
-273.554228
-283.272978
-291.276654
-297.851103
-303.282169
-306.140625
-306.712316
-308.141544
-308.427390
-309.570772
-308.713235
-309.284926
-308.999081
-308.999081
-308.141544
-306.140625
-304.711397
-299.280331
-295.564338
-290.990809
-284.988051
-271.839154
-255.260110
-264.978860
-264.407169
-252.687500
-237.251838
-226.389706
-216.956801
-207.238051
-194.089154
-178.653493
-165.790441
-151.498162
-137.491728
-120.912684
-106.334559
-89.183824
-73.462316
-58.884191
-44.306066
-27.441176
-11.147978
2.105416
16.241779
31.581238
46.920696
60.756286
74.291103
86.923598
100.458414
113.090909
126.625725
138.355899
152.191489
163.921663
177.456480
191.592843
204.826886
219.264023
230.693424
239.115087
248.739845
259.266925
268.891683
278.516441
287.238878
294.758221
300.773694
303.480658
304.683752
306.789168
306.789168
307.992263
308.593810
307.691489
307.992263
306.789168
307.390716
304.984526
302.578337
297.164410
292.352031
286.938104
270.997099
258.063830
270.094778
268.590909
254.454545
240.919729
230.091876
221.970986
211.443907
197.006770
181.968085
167.530948
153.695358
139.859768
122.715667
107.075435
90.532882
73.990329
57.447776
39.401354
23.159574
8.421663
-8.861213
-23.725184
-37.159926
-49.737132
-64.886949
-78.035846
-90.327206
-104.905331
-115.481618
-127.772978
-140.636029
-152.927390
-164.932904
-177.224265
-188.658088
-201.521140
-214.670037
-226.675551
-236.680147
-246.113051
-253.830882
-263.549632
-272.696691
-284.130515
-290.990809
-298.136949
-304.139706
-305.568934
-307.569853
-308.141544
-308.713235
-309.570772
-308.999081
-310.142463
-308.999081
-308.999081
-308.427390
-306.140625
-304.139706
-299.852022
-294.706801
-290.990809
-284.988051
-271.553309
-255.831801
-264.407169
-264.978860
-252.973346
-238.109375
-226.389706
-216.956801
-207.238051
-194.089154
-178.939338
-165.504596
-151.784007
-136.920037
-122.056066
-105.477022
-90.327206
-73.748162
-58.026654
-44.591912
-26.869485
-12.291360
2.105416
15.339458
30.678917
46.319149
59.853965
73.388781
85.419729
98.653772
110.985493
124.821083
138.957447
151.589942
163.019342
176.554159
190.690522
204.526112
218.361702
229.490329
238.212766
247.536750
256.860735
267.387814
278.516441
286.938104
295.359768
301.375242
302.578337
304.683752
306.488395
307.992263
307.992263
308.593810
308.293037
307.089942
307.390716
305.285300
304.082205
302.277563
296.863636
292.352031
286.637331
270.395551
258.063830
270.094778
269.192456
254.454545
240.618956
230.994197
221.970986
211.744681
197.006770
182.268859
168.132495
153.093810
139.558994
123.016441
107.676983
91.134429
74.591876
56.545455
39.401354
23.761122
8.120890
-8.861213
-24.296875
-37.445772
-50.880515
-65.744485
-78.607537
-92.328125
-105.477022
-117.196691
-128.058824
-141.779412
-153.499081
-164.361213
-177.510110
-189.229779
-201.806985
-214.670037
-227.533088
-236.680147
-246.113051
-254.402574
-263.263787
-274.125919
-283.272978
-291.276654
-297.851103
-303.568015
-306.140625
-306.712316
-308.141544
-308.427390
-308.999081
-309.570772
-308.999081
-309.570772
-308.141544
-307.855699
-306.712316
-304.711397
-300.709559
-295.278493
-290.990809
-286.417279
-273.268382
-255.831801
-264.978860
-264.978860
-253.259191
-239.538603
-226.103860
-217.528493
-207.238051
-194.089154
-180.082721
-164.932904
-152.069853
-138.349265
-121.770221
-106.620404
-89.469669
-73.748162
-58.026654
-45.449449
-27.441176
-12.291360
1.203095
15.941006
30.378143
45.717602
59.853965
73.088008
86.021277
98.052224
111.887814
124.520309
137.453578
151.289168
162.718569
176.253385
189.788201
204.225338
218.060928
228.588008
239.115087
246.935203
257.161509
267.688588
278.516441
286.938104
293.254352
301.074468
303.781431
304.683752
305.285300
306.488395
308.293037
307.992263
307.992263
308.293037
307.089942
305.285300
304.683752
302.578337
298.066731
292.652805
286.637331
270.997099
257.763056
269.794004
268.891683
253.852998
240.318182
230.392650
221.970986
211.143133
196.705996
183.471954
167.831721
153.695358
139.859768
123.317215
107.376209
89.630561
74.291103
57.147002
38.799807
23.761122
9.023211
-7.431985
-22.867647
-36.874081
-50.880515
-65.458640
-78.607537
-91.184743
-104.047794
-117.196691
-128.058824
-141.779412
-154.356618
-165.504596
-177.510110
-189.229779
-202.092831
-215.527574
-226.961397
-237.823529
-245.541360
-254.688419
-264.121324
-273.554228
-283.558824
-291.562500
-298.994485
-303.568015
-306.998162
-306.426471
-308.713235
-309.284926
-309.570772
-309.856618
-309.570772
-309.284926
-309.856618
-308.427390
-306.998162
-304.139706
-300.995404
-296.136029
-291.276654
-285.845588
-273.268382
-256.403493
-265.550551
-265.264706
-253.259191
-238.681066
-227.533088
-217.814338
-208.667279
-195.804228
-180.368566
-166.362132
-152.355699
-137.205882
-122.056066
-106.334559
-90.041360
-74.605699
-58.312500
-44.877757
-27.441176
-12.291360
1.203095
15.640232
30.378143
46.018375
59.553191
73.088008
86.021277
98.954545
112.188588
123.617988
137.754352
150.988395
163.019342
176.253385
188.885880
203.623791
217.760155
229.189555
237.911992
246.935203
257.161509
267.087041
277.313346
286.336557
294.758221
301.375242
302.578337
304.082205
305.586074
306.187621
307.691489
307.992263
308.293037
306.789168
307.089942
305.586074
304.082205
302.277563
298.367505
291.449710
286.938104
270.395551
257.462282
270.094778
268.590909
255.056093
240.919729
230.091876
222.572534
210.541586
196.705996
182.569632
167.831721
154.296905
138.957447
123.617988
106.473888
90.532882
73.388781
56.545455
39.401354
23.159574
9.023211
-8.575368
-24.011029
-37.159926
-51.738051
-65.172794
-78.893382
-92.042279
-105.477022
-116.625000
-128.916360
-141.207721
-153.499081
-165.504596
-176.938419
-189.229779
-202.378676
-215.241728
-227.818934
-236.108456
-245.827206
-254.402574
-264.121324
-273.840074
-284.130515
-292.134191
-298.422794
-304.425551
-306.426471
-307.569853
-308.999081
-309.284926
-310.142463
-308.713235
-309.570772
-309.856618
-309.570772
-308.713235
-306.426471
-305.283088
-300.709559
-296.707721
-292.134191
-284.988051
-273.840074
-255.831801
-265.836397
-266.122243
-253.259191
-239.824449
-228.104779
-218.957721
-208.381434
-194.946691
-181.226103
-166.076287
-152.641544
-138.920956
-122.056066
-106.048713
-90.613051
-74.605699
-59.170037
-44.877757
-27.727022
-12.863051
1.804642
15.339458
29.776596
45.416828
58.350097
72.787234
85.720503
98.352998
112.188588
123.918762
137.754352
150.988395
163.019342
175.651838
189.487427
203.924565
217.760155
227.986460
238.513540
246.634429
256.559961
267.387814
277.614120
286.938104
295.660542
300.172147
303.781431
304.082205
305.886847
306.789168
306.789168
307.992263
307.089942
307.691489
305.886847
305.586074
304.082205
301.074468
297.765957
293.254352
286.637331
270.696325
256.860735
268.891683
268.590909
254.454545
240.919729
230.091876
222.572534
210.240812
196.705996
182.569632
167.831721
153.996132
138.055126
123.016441
106.173114
88.728240
73.689555
56.545455
39.100580
22.558027
8.120890
-8.861213
-24.582721
-36.588235
-51.166360
-65.458640
-78.607537
-92.328125
-105.477022
-117.196691
-128.058824
-142.065257
-153.784926
-165.218750
-178.081801
-189.801471
-202.092831
-215.527574
-228.104779
-237.823529
-246.398897
-254.688419
-264.407169
-274.125919
-283.558824
-290.990809
-297.851103
-304.711397
-306.712316
-307.855699
-308.999081
-309.856618
-310.428309
-310.428309
-310.714154
-311.000000
-309.284926
-308.999081
-306.998162
-305.568934
-301.281250
-296.421875
-291.276654
-286.417279
-274.125919
-255.831801
-266.693934
-265.550551
-253.545037
-239.252757
-227.818934
-218.386029
-207.809743
-195.232537
-180.082721
-165.790441
-152.069853
-138.063419
-122.056066
-106.048713
-89.755515
-73.748162
-59.170037
-44.591912
-28.870404
-12.291360
1.804642
15.038685
30.678917
44.815280
59.252418
72.787234
85.720503
98.052224
110.985493
124.821083
137.754352
150.988395
162.417795
175.952611
190.690522
203.623791
218.060928
228.588008
237.310445
246.032882
256.860735
267.688588
277.313346
286.336557
294.758221
299.871373
303.781431
303.781431
305.886847
306.187621
306.789168
307.992263
307.089942
307.992263
306.488395
305.586074
304.082205
301.976789
297.765957
290.547389
286.938104
269.794004
258.063830
268.891683
267.688588
252.649903
239.115087
229.189555
220.166344
210.240812
196.104449
181.366538
167.230174
153.394584
138.957447
122.114120
106.774662
89.931335
73.388781
56.545455
37.897485
22.558027
8.120890
-8.861213
-24.296875
-38.017463
-51.166360
-65.458640
-79.750919
-92.328125
-105.191176
-116.339154
-128.344669
-141.779412
-153.499081
-166.076287
-176.938419
-189.229779
-201.235294
-215.241728
-227.818934
-237.537684
-245.827206
-254.116728
-264.407169
-273.840074
-284.702206
-291.848346
-299.280331
-304.139706
-306.426471
-308.427390
-307.855699
-309.284926
-310.142463
-310.142463
-310.428309
-310.142463
-309.284926
-308.713235
-307.284007
-305.568934
-301.281250
-296.136029
-291.562500
-285.559743
-274.697610
-255.831801
-265.550551
-265.836397
-253.830882
-238.966912
-227.533088
-217.814338
-208.095588
-194.946691
-180.368566
-166.362132
-152.355699
-137.777574
-122.341912
-106.620404
-91.184743
-74.605699
-58.884191
-45.163603
-27.441176
-13.148897
1.203095
14.737911
29.776596
44.815280
58.049323
72.787234
84.517408
97.450677
110.083172
123.617988
136.852031
149.484526
161.515474
174.749516
189.788201
203.022244
217.158607
229.189555
237.310445
246.333656
256.559961
267.087041
278.215667
286.336557
293.254352
301.074468
302.578337
303.781431
305.285300
306.488395
306.488395
306.488395
307.992263
306.789168
306.488395
304.683752
302.879110
302.277563
298.367505
292.051257
285.735010
270.696325
256.860735
268.290135
268.290135
253.251451
239.716634
229.791103
221.369439
211.143133
196.705996
181.366538
168.734043
153.093810
138.656673
122.114120
105.872340
89.931335
73.388781
56.545455
39.100580
22.858801
8.722437
-8.289522
-24.296875
-38.303309
-50.880515
-65.744485
-78.893382
-92.613971
-105.762868
-116.625000
-128.630515
-140.921875
-153.784926
-164.932904
-177.510110
-189.229779
-202.092831
-215.527574
-228.104779
-237.537684
-246.398897
-254.116728
-263.835478
-273.554228
-284.130515
-291.562500
-298.994485
-304.139706
-307.284007
-307.569853
-308.713235
-309.570772
-309.570772
-310.714154
-310.714154
-310.142463
-309.284926
-308.427390
-306.426471
-305.283088
-301.281250
-296.136029
-291.848346
-285.845588
-274.697610
-256.975184
-265.836397
-264.978860
-253.830882
-240.110294
-227.533088
-217.528493
-208.381434
-195.804228
-181.511949
-166.362132
-152.927390
-138.920956
-122.341912
-107.763787
-90.041360
-75.463235
-59.455882
-45.163603
-29.156250
-13.720588
0.300774
14.136364
29.475822
43.912959
57.748549
72.486460
84.216634
95.345261
110.083172
122.715667
136.852031
150.086074
161.214700
175.050290
189.487427
202.119923
217.760155
228.287234
237.310445
246.032882
256.259188
267.387814
277.614120
286.336557
294.156673
