-137.452182
-150.157846
-162.285980
-171.526462
-182.499536
-196.649025
-210.509749
-218.883937
-227.835655
-235.343547
-244.584030
-251.225627
-257.289694
-263.064995
-267.396472
-274.326834
-277.792015
-282.123491
-283.567317
-282.412256
-283.278552
-283.278552
-283.278552
-283.278552
-281.834726
-281.257196
-278.658310
-277.503250
-275.770659
-272.883008
-269.129062
-265.663881
-263.064995
-259.311049
-253.246982
-247.182916
-240.830084
-232.167131
-222.926648
-213.108635
-201.269266
-190.584958
-178.456825
-166.617456
-154.200557
-143.516249
-130.810585
-115.506035
-101.645311
-88.939647
-76.233983
-63.817084
-49.090065
-35.518106
-20.791086
-6.064067
8.297431
23.048419
37.492095
51.013834
66.379447
80.515810
94.037549
108.481225
122.310277
135.524704
150.583004
162.875494
175.167984
192.377470
208.972332
218.191700
227.103755
237.859684
245.849802
254.761858
261.215415
268.590909
275.966403
284.571146
290.410079
294.712451
293.790514
294.712451
295.019763
293.483202
294.405138
292.868577
291.946640
289.488142
287.951581
286.722332
283.956522
282.112648
277.810277
275.351779
271.356719
265.210474
260.600791
253.532609
245.542490
234.786561
224.952569
213.274704
202.211462
188.997036
173.631423
160.109684
146.280632
133.066206
119.544466
103.256917
87.583992
70.989130
57.774704
42.409091
25.814229
8.604743
-5.197772
-19.058496
-34.074280
-48.801300
-62.084494
-75.078923
-89.805942
-102.222841
-114.062210
-126.479109
-139.184773
-151.890436
-165.173630
-175.280409
-187.119777
-200.691736
-214.552461
-222.926648
-231.589601
-239.386258
-249.204271
-256.712163
-262.776230
-268.840297
-276.059424
-283.278552
-288.476323
-293.674095
-294.829155
-293.962860
-294.540390
-294.251625
-293.674095
-293.385330
-292.230269
-290.497679
-288.765088
-288.187558
-285.588672
-282.701021
-281.834726
-275.770659
-271.727948
-269.129062
-263.642526
-257.578459
-251.514392
-241.407614
-232.744661
-223.215413
-212.242340
-200.691736
-187.697307
-174.414113
-161.997214
-150.157846
-138.029712
-122.147632
-106.843083
-92.116063
-78.832869
-63.239554
-49.667595
-34.363045
-19.924791
-5.197772
9.219368
25.199605
39.950593
53.779644
66.686759
82.052372
94.959486
109.095850
122.002964
135.524704
151.504941
162.568182
173.631423
190.840909
207.128458
216.040514
228.640316
236.323123
245.542490
254.761858
262.444664
270.742095
277.502964
287.029644
292.253953
297.478261
298.400198
298.707510
300.551383
299.322134
299.322134
298.400198
297.478261
297.170949
296.556324
294.405138
292.253953
290.410079
286.415020
282.419960
278.732213
273.815217
268.898221
260.600791
253.532609
242.469368
232.328063
221.572134
210.816206
196.372530
185.001976
167.485178
153.963439
141.363636
124.768775
107.559289
89.735178
73.140316
59.311265
41.794466
25.199605
8.604743
-6.352832
-20.213556
-35.229341
-49.956360
-62.950789
-76.811513
-89.228412
-101.934076
-114.928505
-126.190344
-138.896007
-152.756732
-162.863510
-175.569174
-185.964717
-200.691736
-212.531105
-222.637883
-231.589601
-240.541318
-249.493036
-257.289694
-264.220056
-270.572888
-276.636955
-284.144847
-291.941504
-295.406685
-297.139276
-298.583101
-298.294336
-300.026927
-298.871866
-298.871866
-298.294336
-297.716806
-296.272981
-295.117920
-291.652739
-290.786444
-286.743733
-284.722377
-280.679666
-276.636955
-271.439183
-264.797586
-256.712163
-247.760446
-238.231198
-228.413185
-218.883937
-207.333333
-193.761374
-179.323120
-166.906221
-153.911792
-140.628598
-124.168988
-106.843083
-92.982358
-78.832869
-64.972145
-49.378830
-34.651811
-19.058496
-4.331476
10.448617
24.892292
40.565217
53.165020
67.608696
81.437747
93.730237
108.788538
120.466403
135.832016
150.583004
160.724308
172.709486
189.611660
205.591897
215.733202
226.796443
234.786561
244.005929
254.454545
262.444664
270.127470
278.117589
286.722332
292.868577
299.322134
301.473320
303.624506
304.239130
304.853755
305.468379
304.239130
303.317194
302.087945
301.166008
300.551383
298.092885
296.249012
292.253953
287.644269
284.571146
277.810277
274.122530
267.054348
258.449605
249.537549
240.010870
228.025692
216.962451
202.518775
188.075099
172.094862
156.729249
141.978261
125.998024
108.173913
88.505929
73.447628
57.774704
42.716403
25.506917
8.604743
-6.352832
-19.058496
-35.806871
-48.801300
-62.950789
-76.811513
-88.939647
-103.377902
-115.506035
-125.901578
-137.740947
-151.024141
-163.441040
-174.991643
-184.809656
-198.381616
-213.108635
-222.637883
-231.012071
-240.830084
-248.337976
-257.000929
-264.220056
-271.727948
-278.947075
-287.032498
-293.674095
-297.139276
-300.026927
-302.625812
-302.625812
-304.069638
-302.914578
-303.780873
-302.337047
-301.181987
-300.315692
-299.160631
-296.850511
-294.829155
-293.385330
-289.631383
-285.877437
-282.123491
-275.193129
-268.551532
-262.776230
-252.091922
-242.851439
-234.188487
-222.926648
-209.643454
-198.381616
-182.210771
-168.350046
-155.644383
-142.361188
-125.612813
-109.441968
-92.404828
-79.121634
-65.549675
-49.090065
-34.940576
-19.347261
-4.331476
10.448617
25.199605
38.721344
52.550395
67.301383
79.286561
94.344862
106.944664
119.851779
133.066206
147.509881
160.109684
171.480237
188.075099
203.440711
215.733202
225.259881
235.093874
243.698617
252.917984
262.751976
271.049407
279.039526
287.029644
294.097826
299.629447
302.087945
304.239130
305.468379
306.083004
307.926877
307.619565
308.541502
307.004941
305.775692
304.546443
301.780632
299.014822
297.785573
291.946640
288.258893
283.956522
279.346838
270.127470
262.751976
252.610672
243.391304
230.791502
217.577075
204.055336
190.533597
174.553360
157.343874
143.822134
127.227273
109.095850
89.735178
73.140316
57.774704
43.023715
25.199605
9.219368
-5.775302
-19.636026
-33.496750
-49.378830
-62.084494
-75.656453
-87.495822
-100.779016
-114.350975
-126.190344
-138.318477
-149.291551
-161.708449
-174.125348
-183.943361
-197.515320
-212.531105
-221.771588
-231.589601
-240.830084
-250.359331
-256.712163
-264.508821
-271.439183
-278.658310
-287.321263
-293.385330
-298.871866
-300.893222
-303.492108
-303.780873
-306.090994
-306.090994
-306.090994
-305.513463
-304.935933
-303.780873
-301.181987
-300.604457
-299.449396
-297.139276
-292.807799
-287.898793
-284.144847
-280.102136
-273.171773
-265.086351
-255.268338
-246.027855
-235.921077
-224.659239
-211.376045
-197.515320
-183.365831
-170.371402
-156.510678
-143.516249
-125.324048
-109.153203
-93.271123
-79.699164
-65.549675
-49.090065
-34.940576
-19.924791
-4.042711
9.219368
24.892292
39.643281
52.550395
66.686759
79.286561
92.193676
106.022727
119.544466
132.451581
147.202569
159.495059
169.636364
185.616601
203.133399
214.503953
225.259881
234.786561
244.005929
254.761858
262.137352
271.049407
279.346838
285.800395
293.175889
299.629447
303.009881
305.468379
307.312253
307.004941
307.619565
308.541502
309.770751
308.234190
308.541502
305.775692
304.853755
301.473320
299.014822
296.556324
291.024704
287.029644
280.576087
272.893281
266.132411
255.376482
245.849802
232.635375
220.035573
205.899209
189.611660
174.860672
158.265810
143.514822
128.456522
109.710474
91.579051
75.291502
58.696640
42.716403
27.350791
8.912055
-4.909006
-18.769731
-33.785515
-47.935005
-61.218199
-74.790158
-87.495822
-99.912721
-112.329619
-123.302693
-135.719591
-149.002786
-160.842154
-173.836583
-183.077066
-197.515320
-211.087279
-222.637883
-230.723305
-240.541318
-249.781801
-258.444754
-265.663881
-272.883008
-280.390901
-287.321263
-294.251625
-299.449396
-301.759517
-303.492108
-305.224698
-306.668524
-306.379759
-305.802228
-305.802228
-306.379759
-306.090994
-303.492108
-303.203343
-299.449396
-298.005571
-293.962860
-289.342618
-285.299907
-280.390901
-275.481894
-266.241411
-257.578459
-248.049211
-236.209842
-224.948004
-213.686165
-199.825441
-184.809656
-171.815227
-156.799443
-143.516249
-127.056639
-109.441968
-95.003714
-80.854225
-65.549675
-50.533890
-34.074280
-19.636026
-5.486537
7.682806
22.741107
38.106719
51.935771
63.920949
78.364625
91.579051
104.486166
117.700593
130.915020
145.973320
157.958498
169.021739
185.616601
201.289526
214.503953
224.645257
234.479249
244.313241
254.147233
261.522727
270.742095
277.502964
285.800395
292.868577
300.244071
303.317194
305.468379
307.004941
308.848814
309.463439
308.848814
309.156126
308.848814
307.312253
306.390316
304.239130
301.166008
299.629447
296.863636
291.946640
287.029644
282.727273
275.966403
266.439723
255.991107
244.927866
233.250000
220.650198
207.128458
191.455534
176.704545
158.573123
144.129447
128.456522
111.554348
92.500988
74.984190
60.540514
44.252964
27.043478
11.063241
-4.331476
-18.192201
-32.630455
-47.935005
-60.640669
-74.790158
-86.051996
-100.490251
-112.329619
-123.591458
-135.142061
-147.270195
-159.975859
-172.970288
-182.788301
-195.782730
-210.509749
-221.771588
-231.012071
-241.118849
-248.915506
-258.444754
-265.663881
-272.016713
-279.813370
-287.898793
-295.117920
-300.026927
-302.914578
-303.203343
-305.513463
-306.668524
-306.668524
-306.668524
-306.668524
-306.668524
-305.513463
-304.358403
-302.914578
-300.604457
-298.294336
-293.385330
-290.786444
-286.454968
-280.390901
-275.770659
-268.551532
-257.000929
-248.626741
-239.097493
-226.680594
-214.841226
-200.980501
-186.542247
-172.970288
-158.243268
-144.382544
-127.922934
-112.040854
-94.137419
-80.276695
-67.571031
-51.400186
-36.384401
-19.636026
-7.219127
7.375494
22.433794
36.877470
50.399209
64.535573
78.364625
90.657115
103.871542
116.778656
129.993083
145.051383
157.958498
168.099802
184.694664
200.674901
213.274704
224.030632
233.557312
242.469368
253.839921
262.444664
270.127470
278.424901
285.185771
293.790514
299.936759
302.395257
306.697628
307.312253
307.619565
309.463439
309.463439
309.156126
308.848814
308.234190
307.619565
305.468379
303.317194
300.551383
298.400198
292.561265
287.029644
281.805336
274.737154
267.054348
255.683794
247.079051
234.786561
222.494071
209.279644
193.299407
176.704545
160.724308
144.744071
129.685771
112.476285
92.808300
75.291502
62.384387
44.252964
28.887352
11.985178
-3.176416
-17.325905
-32.341690
-45.913649
-59.485608
-73.057567
-86.340761
-98.180130
-112.329619
-123.013928
-135.142061
-147.558960
-158.820799
-171.815227
-181.633240
-194.627669
-210.509749
-220.038997
-231.012071
-239.675023
-250.070566
-257.578459
-265.375116
-272.594243
-280.102136
-287.610028
-295.406685
-300.315692
-302.048282
-304.647168
-305.802228
-307.246054
-308.112349
-307.534819
-308.112349
-307.823584
-306.379759
-305.513463
-303.203343
-301.470752
-299.160631
-296.850511
-291.941504
-286.454968
-281.545961
-277.214485
-268.551532
-259.599814
-249.781801
-240.252553
-228.413185
-216.573816
-201.269266
-187.119777
-173.836583
-158.820799
-145.826370
-129.655525
-111.752089
-95.292479
-80.565460
-66.127205
-52.555246
-36.384401
-21.368617
-7.219127
6.760870
22.433794
36.877470
49.169960
62.999012
76.828063
90.349802
103.564229
116.471344
128.456522
143.207510
156.114625
166.255929
181.621542
198.523715
212.660079
224.030632
232.942688
242.162055
251.996047
261.522727
267.361660
276.888340
285.800395
291.946640
299.014822
303.931818
305.468379
307.619565
307.619565
309.156126
309.156126
310.078063
309.156126
308.234190
307.619565
304.546443
304.546443
300.244071
295.941700
291.332016
287.644269
282.112648
275.659091
267.361660
259.371542
247.079051
235.401186
223.108696
208.357708
194.221344
177.626482
161.338933
147.202569
131.222332
113.705534
93.730237
76.828063
60.847826
46.404150
30.116601
12.292490
-2.310121
-16.459610
-31.764160
-44.758589
-58.908078
-71.036212
-83.453110
-97.891365
-109.730734
-122.147632
-134.275766
-146.115135
-157.665738
-171.237697
-181.055710
-194.916435
-209.354689
-221.194058
-229.857010
-239.097493
-248.337976
-257.867224
-265.952646
-272.016713
-280.968431
-288.765088
-294.829155
-300.604457
-302.625812
-304.935933
-306.668524
-308.401114
-308.112349
-308.401114
-308.112349
-308.112349
-306.090994
-304.069638
-303.780873
-302.625812
-300.315692
-297.139276
-292.519034
-288.187558
-282.989786
-277.214485
-268.551532
-260.754875
-250.648097
-240.541318
-228.701950
-218.883937
-201.558032
-188.852368
-173.547818
-159.687094
-146.981430
-130.810585
-112.329619
-97.602600
-80.854225
-67.571031
-52.266481
-37.539461
-23.389972
-8.374188
5.224308
21.511858
35.033597
49.477273
62.077075
76.213439
88.198617
101.720356
116.471344
127.534585
142.285573
154.270751
165.641304
179.470356
197.909091
210.816206
223.723320
233.250000
241.854743
251.381423
260.908103
269.512846
277.195652
284.878458
293.790514
297.785573
302.087945
305.468379
307.926877
307.926877
309.770751
309.156126
309.156126
310.078063
308.541502
308.234190
305.468379
304.239130
301.166008
296.863636
294.405138
287.951581
283.341897
277.195652
267.976285
257.834980
247.386364
235.401186
223.108696
209.894269
194.221344
178.241107
161.646245
147.202569
132.451581
114.934783
96.496047
77.442688
62.077075
46.404150
30.116601
13.521739
-2.021356
-16.170845
-30.320334
-44.469824
-58.330548
-71.036212
-84.319406
-96.158774
-109.441968
-120.126277
-132.543175
-145.248839
-157.376973
-171.237697
-180.189415
-193.761374
-208.199629
-220.905292
-230.434540
-239.675023
-248.049211
-257.000929
-265.086351
-271.439183
-279.235840
-287.898793
-294.251625
-300.315692
-303.203343
-305.513463
-307.246054
-307.246054
-308.978644
-309.556175
-309.267409
-308.689879
-308.401114
-306.090994
-304.647168
-302.625812
-299.160631
-297.428041
-293.385330
-289.053853
-285.011142
-276.925720
-269.417827
-260.177344
-252.091922
-241.985144
-231.300836
-218.883937
-205.023213
-190.007428
-174.991643
-160.553389
-147.558960
-131.676880
-113.484680
-97.891365
-82.298050
-69.881151
-52.844011
-36.961931
-23.389972
-9.818013
3.995059
20.282609
34.111660
47.940711
62.691700
74.369565
87.276680
100.798419
114.012846
127.534585
141.670949
155.500000
165.641304
179.777668
196.372530
211.123518
221.879447
231.713439
240.318182
251.996047
259.371542
268.590909
276.581028
283.956522
291.639328
299.014822
302.702569
306.697628
307.312253
309.463439
308.541502
310.078063
310.692688
309.463439
308.848814
306.697628
304.853755
303.624506
300.858696
298.092885
293.483202
288.258893
282.419960
276.888340
267.976285
258.142292
247.386364
236.323123
224.337945
211.123518
195.757905
181.006917
162.260870
148.739130
132.451581
115.242095
97.417984
78.979249
65.150198
48.555336
31.653162
15.365613
-1.732591
-14.438254
-29.454039
-42.448468
-56.886722
-70.458682
-82.875580
-95.870009
-108.864438
-120.415042
-130.810585
-143.516249
-156.799443
-169.216342
-179.323120
-193.183844
-206.467038
-218.595172
-229.568245
-238.519963
-248.049211
-258.155989
-265.086351
-272.016713
-279.235840
-287.321263
-294.251625
-300.026927
-303.780873
-304.935933
-306.668524
-308.401114
-308.978644
-309.844940
-309.844940
-309.267409
-306.957289
-306.379759
-304.069638
-303.492108
-301.470752
-297.428041
-293.096565
-289.920149
-284.144847
-279.524605
-272.305478
-262.487465
-254.113278
-242.273909
-231.589601
-219.461467
-205.311978
-191.162488
-175.857939
-162.863510
-147.558960
-133.698236
-113.195915
-99.046425
-83.741876
-70.747447
-53.710306
-37.539461
-24.833798
-9.818013
4.302372
19.053360
33.804348
46.404150
60.847826
73.754941
86.354743
99.569170
113.398221
126.305336
139.827075
153.041502
164.104743
177.319170
195.143281
209.894269
220.650198
229.869565
240.625494
249.537549
260.293478
268.898221
275.659091
283.649209
291.024704
298.707510
302.087945
305.468379
306.697628
308.541502
310.385375
309.770751
310.078063
309.156126
308.541502
308.541502
306.083004
304.853755
301.780632
297.785573
292.868577
289.180830
282.727273
276.581028
268.898221
258.449605
248.922925
237.245059
225.259881
211.738142
197.601779
181.621542
165.333992
149.968379
133.988142
116.778656
97.725296
79.286561
65.150198
48.862648
33.497036
16.594862
-0.000000
-13.283194
-28.010214
-42.159703
-56.020427
-69.303621
-81.720520
-93.559889
-107.131848
-119.837512
-130.810585
-144.382544
-156.221913
-168.061281
-178.745590
-191.451253
-205.889508
-219.461467
-228.990715
-236.787372
-247.760446
-255.845868
-263.642526
-271.439183
-278.658310
-286.454968
-294.251625
-299.738162
-303.203343
-305.513463
-308.112349
-308.978644
-309.844940
-310.422470
-309.556175
-309.844940
-309.267409
-307.823584
-306.379759
-302.914578
-302.625812
-298.005571
-293.962860
-290.208914
-285.588672
-280.102136
-272.305478
-264.220056
-254.979573
-243.717734
-232.167131
-220.038997
-206.467038
-192.317549
-177.590529
-162.863510
-149.869081
-135.142061
-115.794800
-99.912721
-83.453110
-70.169916
-55.731662
-40.715877
-25.988858
-11.261838
2.458498
17.824111
32.575099
45.482213
59.003953
74.062253
85.740119
98.954545
112.476285
125.383399
139.827075
151.812253
163.182806
176.089921
193.299407
209.279644
219.420949
230.791502
239.703557
249.537549
259.064229
267.668972
275.659091
282.419960
291.024704
298.092885
303.317194
305.468379
306.390316
308.541502
308.848814
309.156126
311.000000
310.385375
309.156126
308.234190
306.697628
303.317194
302.087945
298.092885
293.175889
289.488142
283.034585
277.810277
270.127470
259.678854
250.152174
237.552372
225.874506
212.967391
198.216403
181.928854
165.026680
149.968379
135.832016
118.315217
99.569170
81.437747
66.379447
49.169960
35.033597
17.824111
0.614625
-12.128134
-26.277623
-41.293408
-55.154132
-68.148561
-80.854225
-93.559889
-106.554318
-118.393686
-130.233055
-142.361188
-154.200557
-167.772516
-177.879294
-190.584958
-204.445682
-218.883937
-228.990715
-237.076137
-246.316620
-256.712163
-264.220056
-271.727948
-278.947075
-287.032498
-294.251625
-299.160631
-303.780873
-305.513463
-307.823584
-308.401114
-309.556175
-309.267409
-310.422470
-309.267409
-309.267409
-308.112349
-305.513463
-303.492108
-302.337047
-297.428041
-294.829155
-290.208914
-286.166202
-280.679666
-273.460539
-264.508821
-254.690808
-244.584030
-233.033426
-221.194058
-209.354689
-193.472609
-180.478180
-163.729805
-150.157846
-136.297122
-117.238626
-99.912721
-85.185701
-71.613742
-55.442897
-41.870938
-26.566388
-12.705664
1.843874
16.902174
32.575099
44.252964
58.082016
71.603755
85.125494
99.261858
110.632411
124.768775
137.675889
152.426877
163.182806
175.475296
192.070158
208.357708
218.499012
228.947628
239.088933
249.230237
258.449605
266.132411
274.737154
283.034585
290.102767
297.478261
302.395257
305.161067
306.697628
307.926877
308.541502
310.078063
310.692688
309.156126
308.541502
307.312253
306.390316
303.931818
301.473320
297.785573
294.097826
289.795455
283.956522
277.502964
270.742095
259.986166
250.459486
238.781621
226.181818
214.196640
199.752964
183.465415
166.255929
151.812253
136.139328
120.159091
101.105731
82.666996
66.072134
50.706522
35.955534
18.131423
2.765810
-11.550604
-25.988858
-38.694522
-54.287837
-66.415970
-79.410399
-93.271123
-105.110492
-118.393686
-129.944290
-140.628598
-155.066852
-168.350046
-176.724234
-189.718663
-203.290622
-218.017642
-227.835655
-236.498607
-246.605385
-254.979573
-264.508821
-270.861653
-278.369545
-285.299907
-293.674095
-299.738162
-303.203343
-306.379759
-306.957289
-309.267409
-310.422470
-308.978644
-309.844940
-309.844940
-309.556175
-307.534819
-306.379759
-303.492108
-302.048282
-298.294336
-294.829155
-292.807799
-287.032498
-281.257196
-274.615599
-264.797586
-256.423398
-246.027855
-234.477252
-222.349118
-208.777159
-194.627669
-180.189415
-164.596100
-151.890436
-136.297122
-119.837512
-102.800371
-86.340761
-73.346332
-57.753018
-42.448468
-28.298979
-12.994429
0.307312
15.365613
30.116601
43.638340
57.160079
71.911067
83.588933
96.496047
110.325099
122.924901
136.446640
150.890316
161.031621
173.631423
190.840909
205.899209
217.884387
228.025692
237.859684
248.000988
257.527668
266.132411
274.737154
281.498024
289.488142
297.478261
302.087945
305.161067
306.697628
307.926877
307.619565
309.770751
309.156126
309.770751
308.234190
307.312253
305.161067
304.239130
301.780632
298.092885
294.405138
289.795455
285.185771
278.117589
270.127470
261.522727
250.459486
239.703557
228.333004
214.196640
200.367589
183.772727
167.792490
152.119565
137.061265
119.851779
101.720356
83.896245
67.916008
52.857708
36.570158
19.975296
2.458498
-10.973073
-23.967502
-38.694522
-51.688951
-65.549675
-79.121634
-92.116063
-105.399257
-116.661096
-128.500464
-140.339833
-153.623027
-166.039926
-175.569174
-187.697307
-202.713092
-217.728877
-225.814299
-235.632312
-246.605385
-253.824513
-264.220056
-270.861653
-277.792015
-284.433612
-293.096565
-299.738162
-304.358403
-305.802228
-307.823584
-308.978644
-309.267409
-309.844940
-309.556175
-310.133705
-309.844940
-308.112349
-305.513463
-304.358403
-302.337047
-300.026927
-295.406685
-292.230269
-288.476323
-280.968431
-275.193129
-265.952646
-256.423398
-247.471681
-234.188487
-223.792943
-210.220984
-196.071495
-181.344475
-166.039926
-152.467967
-137.740947
-120.126277
-104.244197
-88.362117
-73.923863
-58.908078
-43.603528
-29.165274
-14.149489
-0.577530
14.443676
28.272727
42.716403
55.316206
70.067194
82.666996
95.266798
108.788538
122.002964
134.910079
150.583004
161.338933
171.787549
189.918972
204.977273
217.577075
228.640316
236.937747
247.386364
256.298419
264.595850
272.585968
279.961462
288.873518
296.863636
303.009881
305.161067
306.390316
308.234190
308.541502
309.156126
310.692688
310.078063
307.926877
307.312253
305.775692
304.546443
302.395257
298.707510
294.097826
289.795455
284.571146
279.654150
271.049407
261.522727
251.381423
240.625494
229.869565
216.040514
201.289526
185.309289
170.250988
152.734190
139.212451
122.924901
103.564229
85.432806
68.837945
54.394269
38.414032
20.589921
4.916996
-9.529248
-23.678737
-38.116992
-51.688951
-64.683380
-77.389044
-91.249768
-102.511606
-115.794800
-128.211699
-138.896007
-152.467967
-164.307335
-175.569174
-186.542247
-200.691736
-215.129991
-226.680594
-234.477252
-244.295265
-254.113278
-261.621170
-270.284123
-277.792015
-285.588672
-293.674095
-299.160631
-303.492108
-305.513463
-307.823584
-309.267409
-309.556175
-310.133705
-311.000000
-309.556175
-309.267409
-308.689879
-306.379759
-304.935933
-303.492108
-299.738162
-296.850511
-292.519034
-286.166202
-282.123491
-274.904364
-266.241411
-257.289694
-247.182916
-237.364903
-224.370474
-210.509749
-197.226555
-182.210771
-165.751161
-153.623027
-140.339833
-122.147632
-105.976787
-88.073352
-74.212628
-60.640669
-45.336119
-29.742804
-15.593315
-0.577530
13.214427
28.580040
40.872530
55.008893
67.916008
81.130435
95.881423
107.866601
120.773715
133.680830
147.817194
159.187747
170.558300
188.075099
203.440711
215.733202
226.796443
237.552372
246.771739
255.683794
264.595850
272.893281
280.883399
288.258893
295.634387
301.166008
303.931818
306.697628
307.619565
307.926877
308.541502
308.848814
309.463439
309.156126
307.619565
305.775692
304.239130
303.317194
298.092885
295.019763
288.873518
284.878458
279.039526
270.742095
263.059289
252.610672
241.240119
229.562253
216.040514
202.518775
186.231225
171.787549
153.656126
138.905138
124.461462
106.330040
87.276680
70.374506
54.086957
38.721344
22.433794
5.838933
-8.662953
-21.368617
-36.384401
-49.667595
-63.528319
-76.522748
-89.805942
-103.377902
-115.217270
-126.479109
-138.607242
-150.735376
-163.441040
-175.857939
-185.098422
-199.536676
-215.418756
-225.814299
-235.054782
-243.428969
-253.824513
-261.909935
-269.417827
-276.059424
-284.144847
-291.363974
-298.294336
-303.203343
-306.090994
-306.668524
-309.267409
-310.133705
-309.556175
-310.133705
-311.000000
-309.556175
-308.978644
-306.379759
-305.802228
-302.048282
-299.160631
-296.272981
-292.519034
-287.610028
-283.856082
-275.481894
-267.107707
-258.444754
-247.471681
-237.942433
-224.948004
-212.531105
-198.959146
-183.365831
-167.194986
-153.911792
-139.473538
-122.436397
-106.554318
-89.517177
-75.078923
-61.506964
-46.202414
-31.186630
-17.037140
-2.310121
11.677866
26.428854
40.565217
53.165020
66.994071
80.208498
92.500988
106.944664
119.544466
133.680830
147.202569
159.495059
170.250988
186.538538
201.904150
214.811265
225.874506
235.401186
245.235178
255.069170
263.366601
271.971344
279.346838
288.873518
295.019763
301.166008
304.853755
304.853755
308.234190
308.848814
308.848814
308.848814
308.234190
309.156126
307.619565
306.390316
304.853755
303.009881
300.244071
294.405138
290.410079
284.878458
279.654150
272.893281
263.059289
254.147233
241.854743
229.562253
218.499012
203.133399
187.767787
172.402174
155.192688
140.749012
124.461462
106.944664
87.891304
71.603755
55.930830
40.565217
23.970356
7.068182
-7.796657
-20.502321
-35.229341
-49.667595
-62.662024
-75.367688
-89.228412
-102.222841
-113.773445
-125.324048
-138.318477
-150.446611
-162.285980
-174.414113
-185.675952
-199.536676
-213.974930
-225.236769
-233.322191
-243.717734
-251.803157
-261.043640
-270.284123
-276.059424
-284.433612
-290.786444
-298.005571
-304.358403
-306.668524
-307.823584
-309.267409
-309.556175
-309.267409
-309.556175
-310.133705
-310.133705
-308.978644
-306.668524
-304.935933
-302.337047
-300.893222
-296.850511
-293.385330
-289.053853
-283.278552
-276.348189
-269.706592
-257.867224
-248.049211
-238.231198
-225.236769
-215.129991
-199.825441
-184.809656
-168.927577
-154.489322
-142.938719
-124.746518
-108.575673
-90.672238
-76.522748
-62.662024
-46.779944
-32.919220
-16.748375
-4.331476
11.063241
24.892292
39.643281
53.165020
67.301383
79.593874
91.579051
105.408103
118.315217
131.529644
146.280632
158.880435
169.021739
185.309289
200.982213
215.733202
224.645257
234.786561
244.005929
253.532609
262.751976
271.356719
279.346838
287.644269
295.634387
300.551383
303.931818
305.468379
308.234190
308.541502
308.541502
309.156126
308.848814
308.541502
308.234190
307.312253
304.239130
302.395257
299.014822
295.019763
290.102767
285.493083
279.039526
272.893281
265.825099
255.683794
242.776680
231.406126
218.499012
203.440711
190.533597
173.016798
156.729249
141.978261
125.690711
107.866601
88.813241
73.140316
56.852767
41.179842
25.199605
8.604743
-5.775302
-20.213556
-34.940576
-48.223770
-61.218199
-74.790158
-87.207057
-100.490251
-112.040854
-124.457753
-136.297122
-149.002786
-161.419684
-174.125348
-183.654596
-196.649025
-213.108635
-224.081708
-233.322191
-241.985144
-252.958217
-260.466110
-268.551532
-276.059424
-283.567317
-291.652739
-297.428041
-302.914578
-306.379759
-306.957289
-308.978644
-310.422470
-309.844940
-311.000000
-310.711235
-310.133705
-308.689879
-308.978644
-304.935933
-302.625812
-302.337047
-297.139276
-294.540390
-288.765088
-283.856082
-276.059424
-267.974002
-260.177344
-249.204271
-238.519963
-227.546890
-214.263695
-201.269266
-184.809656
-170.371402
-155.644383
-143.227484
-126.767874
-108.864438
-91.538533
-77.100279
-64.683380
-49.090065
-33.785515
-19.058496
-5.197772
8.912055
24.892292
37.799407
51.628458
65.457510
78.979249
90.349802
104.793478
116.778656
130.300395
144.744071
156.421937
166.870553
183.158103
200.060277
213.274704
224.645257
233.250000
244.005929
252.610672
262.444664
270.127470
278.424901
285.800395
293.790514
300.858696
303.624506
305.775692
308.234190
308.234190
310.078063
309.770751
308.541502
309.156126
308.234190
307.926877
303.624506
302.702569
298.707510
295.019763
292.253953
284.878458
280.268775
274.737154
265.210474
254.761858
243.391304
233.250000
218.499012
205.591897
191.455534
174.246047
157.651186
142.592885
126.919960
110.017787
90.349802
74.062253
59.003953
42.409091
26.736166
8.604743
-4.909006
-18.192201
-33.496750
-47.357474
-60.640669
-74.212628
-86.051996
-100.779016
-112.040854
-124.746518
-136.585887
-147.847725
-159.109564
-172.392758
-183.365831
-195.782730
-211.953575
-223.792943
-232.455896
-241.985144
-251.225627
-259.888579
-268.551532
-275.770659
-284.433612
-290.497679
-298.005571
-303.492108
-305.224698
-307.534819
-308.401114
-310.133705
-310.711235
-310.711235
-310.133705
-309.556175
-309.267409
-307.534819
-306.090994
-304.358403
-300.315692
-297.428041
-294.540390
-289.631383
-283.567317
-278.658310
-271.150418
-260.754875
-252.091922
-238.231198
-228.413185
-216.285051
-200.980501
-187.697307
-171.815227
-158.820799
-144.382544
-127.056639
-110.019499
-92.404828
-79.121634
-64.683380
-50.245125
-34.651811
-19.636026
-5.775302
7.990119
22.741107
36.877470
50.706522
63.613636
77.750000
89.735178
103.256917
115.856719
129.685771
143.207510
155.807312
166.255929
183.158103
198.523715
212.660079
224.030632
233.250000
244.005929
252.610672
261.522727
269.820158
276.888340
285.800395
293.483202
299.936759
302.395257
305.468379
307.926877
308.848814
309.770751
310.078063
308.848814
308.848814
308.234190
306.390316
305.161067
302.702569
300.244071
295.634387
290.410079
285.185771
279.961462
274.122530
265.825099
256.605731
244.005929
233.864625
220.957510
205.591897
192.684783
175.782609
158.880435
143.207510
127.534585
111.247036
91.271739
74.984190
59.311265
44.252964
27.658103
10.448617
-3.753946
-16.748375
-31.475395
-45.336119
-59.774373
-72.191272
-85.763231
-98.468895
-111.752089
-122.436397
-135.142061
-147.847725
-158.532033
-172.103993
-182.210771
-194.338904
-210.798514
-222.349118
-231.589601
-242.273909
-249.781801
-259.311049
-267.974002
-274.615599
-283.567317
-290.497679
-298.005571
-303.780873
-305.802228
-307.246054
-307.823584
-310.133705
-309.844940
-311.000000
-309.556175
-310.711235
-309.556175
-307.534819
-307.534819
-304.647168
-302.625812
-298.583101
-294.540390
-290.208914
-284.433612
-280.390901
-271.439183
-263.064995
-252.958217
-240.252553
-228.990715
-217.151346
-202.424327
-187.986072
-173.547818
-159.398329
-144.382544
-128.211699
-110.597029
-93.848654
-78.832869
-67.282266
-51.400186
-36.384401
-21.657382
-7.507892
6.453557
22.741107
36.570158
49.784585
62.999012
76.520751
88.813241
102.027668
114.934783
127.841897
142.592885
156.421937
165.333992
179.777668
196.987154
211.738142
222.494071
232.635375
241.547431
252.303360
260.908103
268.283597
278.424901
284.263834
293.483202
300.551383
303.009881
305.775692
307.004941
308.848814
308.848814
309.156126
310.692688
309.156126
307.926877
306.390316
305.468379
302.395257
299.629447
297.478261
291.332016
287.336957
281.498024
274.122530
267.976285
257.527668
246.464427
233.557312
220.957510
208.050395
193.299407
176.089921
159.802372
145.358696
129.071146
112.783597
94.037549
75.598814
59.925889
44.252964
28.272727
11.677866
-2.887651
-16.170845
-31.475395
-44.469824
-58.330548
-72.480037
-85.185701
-97.602600
-109.730734
-122.436397
-134.275766
-146.115135
-158.532033
-171.815227
-182.210771
-194.050139
-209.932219
-221.771588
-230.723305
-241.407614
-250.359331
-259.022284
-267.685237
-274.038069
-282.412256
-289.053853
-296.850511
-302.914578
-305.513463
-306.957289
-307.534819
-310.133705
-310.711235
-311.000000
-310.711235
-310.422470
-308.978644
-307.534819
-305.802228
-304.358403
-301.759517
-299.160631
-294.829155
-289.920149
-284.433612
-280.968431
-270.861653
-262.776230
-252.380687
-241.407614
-229.568245
-218.017642
-205.311978
-189.141133
-175.569174
-160.842154
-146.692665
-129.655525
-111.752089
-95.870009
-80.276695
-66.415970
-53.421541
-36.961931
-22.234912
-7.507892
5.838933
20.897233
34.726285
47.018775
62.691700
75.291502
86.969368
101.105731
114.320158
127.227273
141.056324
154.885375
165.333992
178.548419
196.065217
210.508893
221.572134
232.020751
241.547431
251.381423
259.678854
268.283597
276.273715
284.263834
293.790514
299.629447
303.009881
305.161067
306.083004
309.463439
308.234190
309.156126
307.926877
308.848814
307.619565
307.004941
305.775692
302.702569
302.087945
296.556324
293.175889
287.336957
281.498024
276.581028
267.976285
258.449605
245.542490
235.093874
221.879447
207.435771
193.299407
177.011858
160.724308
145.358696
129.993083
114.012846
94.344862
76.520751
61.769763
47.018775
29.809289
13.214427
-2.310121
-14.438254
-29.454039
-43.892293
-56.886722
-70.747447
-83.164345
-95.870009
-109.730734
-120.992572
-132.831941
-145.537604
-157.088208
-170.371402
-181.055710
-193.183844
-208.488394
-221.482823
-231.300836
-239.097493
-249.493036
-258.733519
-267.107707
-275.770659
-282.412256
-290.208914
-295.984215
-303.492108
-304.358403
-307.246054
-309.556175
-309.267409
-311.000000
-309.556175
-310.711235
-310.133705
-308.689879
-308.978644
-306.379759
-304.647168
-302.625812
-298.871866
-295.117920
-290.497679
-286.454968
-280.968431
-273.749304
-263.064995
-254.402043
-242.273909
-231.012071
-220.038997
-205.023213
-191.451253
-174.991643
-161.997214
-148.425255
-131.965645
-114.639740
-97.025070
-81.720520
-69.592386
-53.999071
-38.694522
-23.101207
-9.818013
4.609684
20.897233
33.497036
47.940711
59.925889
74.984190
86.354743
99.876482
113.398221
126.305336
140.134387
153.656126
164.412055
177.933794
194.528656
210.508893
221.264822
230.791502
240.932806
249.844862
259.678854
267.361660
276.273715
283.341897
290.717391
298.092885
303.009881
305.775692
307.312253
308.541502
309.156126
309.770751
308.848814
309.156126
309.156126
307.312253
306.697628
302.702569
301.780632
296.249012
293.175889
288.873518
283.034585
275.659091
268.283597
258.142292
247.386364
236.015810
223.416008
210.201581
195.757905
179.777668
161.953557
147.202569
132.451581
116.471344
97.110672
78.057312
63.613636
47.018775
29.809289
14.750988
-1.732591
-13.860724
-29.165274
-43.314763
-56.886722
-69.592386
-83.741876
-94.426184
-107.998143
