82.729064
67.715271
51.475862
35.236453
20.222660
3.983251
-9.573694
-23.789179
-38.004664
-51.059701
-64.404851
-77.169776
-89.934701
-102.699627
-114.594216
-126.778918
-139.543843
-150.858209
-163.913246
-173.777052
-185.961754
-200.467351
-212.652052
-221.935634
-227.447761
-234.700560
-243.694030
-251.527052
-258.779851
-264.291978
-270.674440
-275.316231
-279.958022
-283.149254
-284.309701
-284.889925
-285.760261
-284.309701
-284.309701
-283.729478
-282.569030
-280.538246
-277.347015
-275.896455
-275.026119
-272.125000
-268.353545
-265.452425
-262.551306
-257.909515
-253.557836
-246.595149
-238.181903
-228.898321
-219.904851
-210.621269
-200.467351
-188.862873
-176.388060
-164.493470
-151.438433
-139.833955
-127.359142
-111.693097
-97.767724
-85.583022
-72.237873
-59.472948
-45.257463
-29.301306
-14.505597
-2.320896
13.481773
29.108374
43.509360
56.991133
71.698522
85.180296
98.355665
113.369458
127.157635
141.865025
155.959606
165.458128
180.778325
197.324138
212.031527
223.981281
230.722167
239.301478
248.493596
256.766502
263.813793
271.780296
278.827586
285.874877
290.777340
294.454187
296.292611
296.292611
296.599015
295.373399
294.760591
293.228571
292.615764
291.696552
288.019704
286.487685
285.262069
281.891626
279.440394
274.537931
269.941872
266.571429
261.056158
253.396059
244.816749
234.705419
224.900493
214.789163
202.839409
188.438424
175.875862
161.781281
147.073892
134.817734
121.335961
104.483744
88.550739
72.617734
59.442365
42.590148
26.657143
10.417734
-4.351679
-19.147388
-33.943097
-49.609142
-61.503731
-74.558769
-88.484142
-102.409515
-114.304104
-125.908582
-138.383396
-152.018657
-164.493470
-173.777052
-186.832090
-201.627799
-214.102612
-223.386194
-231.799440
-239.632463
-248.045709
-256.458955
-262.841418
-268.643657
-276.186567
-284.019590
-288.371269
-290.402052
-293.013060
-293.883396
-292.722948
-293.013060
-293.883396
-290.111940
-289.821828
-289.241604
-286.920709
-284.599813
-283.439366
-281.118470
-277.927239
-274.155784
-271.834888
-265.162313
-261.680970
-255.298507
-246.885261
-237.891791
-228.608209
-219.034515
-209.460821
-195.535448
-184.221082
-172.036381
-157.530784
-146.796642
-133.451493
-117.205224
-100.958955
-85.873134
-73.108209
-58.602612
-42.646455
-27.850746
-13.635261
0.919212
16.545813
30.946798
45.960591
60.974384
74.762562
88.244335
100.806897
113.982266
127.770443
140.639409
155.959606
167.296552
179.552709
196.711330
211.418719
221.836453
231.641379
238.995074
248.800000
258.911330
264.733005
273.925123
281.585222
287.406897
295.679803
298.131034
300.275862
300.888670
300.582266
301.195074
300.275862
300.582266
299.356650
298.437438
296.292611
293.534975
293.228571
289.245320
286.794089
283.423645
277.908374
274.231527
267.490640
261.362562
252.476847
242.978325
231.334975
221.223645
209.580296
195.179310
182.923153
166.377340
153.508374
138.494581
123.174384
105.402956
86.099507
71.392118
57.603941
40.138916
25.125123
6.128079
-7.833022
-22.628731
-37.424440
-51.349813
-64.114739
-78.330224
-90.224813
-103.860075
-116.334888
-126.488806
-142.154851
-152.308769
-165.653918
-175.227612
-188.862873
-202.788246
-216.713619
-224.256530
-232.089552
-241.083022
-250.366604
-257.909515
-264.872201
-271.834888
-277.637127
-286.630597
-291.562500
-295.914179
-296.204291
-297.654851
-298.815299
-298.525187
-297.364739
-298.525187
-296.494403
-295.333955
-293.593284
-292.432836
-289.821828
-288.371269
-284.309701
-281.698694
-276.766791
-273.285448
-268.353545
-260.810634
-253.557836
-245.144590
-233.830224
-225.707090
-214.102612
-202.788246
-188.862873
-174.357276
-161.592351
-146.506530
-133.451493
-116.334888
-100.378731
-85.002799
-71.657649
-57.442164
-41.776119
-26.400187
-11.894590
2.757635
17.465025
34.623645
47.186207
62.506404
75.375369
89.163547
101.419704
115.514286
128.076847
142.477833
157.185222
165.764532
179.552709
196.404926
211.418719
221.836453
230.415764
239.914286
250.332020
258.911330
266.571429
275.763547
281.891626
291.696552
295.986207
302.114286
303.646305
306.403941
306.710345
305.791133
305.791133
305.178325
304.259113
302.420690
301.195074
298.437438
295.986207
295.373399
290.470936
287.406897
283.423645
278.521182
272.699507
265.039409
257.072906
246.348768
235.624631
226.738916
212.031527
200.388177
183.229557
166.377340
153.508374
136.962562
123.174384
102.951724
85.180296
69.247291
53.314286
38.300493
20.222660
5.515271
-9.573694
-23.499067
-38.294776
-53.380597
-66.725746
-79.780784
-92.835821
-105.600746
-117.785448
-129.680037
-143.025187
-154.919776
-167.104478
-176.678172
-188.282649
-203.658582
-215.263060
-225.126866
-234.120336
-242.243470
-252.107276
-259.940299
-265.162313
-273.575560
-282.859142
-286.340485
-295.333955
-296.204291
-299.395522
-301.136194
-302.296642
-304.617537
-303.166978
-302.586754
-302.296642
-300.265858
-299.105410
-298.235075
-294.753731
-293.883396
-289.531716
-284.309701
-281.408582
-277.347015
-269.804104
-265.162313
-255.878731
-246.885261
-238.762127
-228.027985
-215.553172
-203.368470
-191.183769
-173.486940
-163.042910
-148.827425
-133.741604
-116.044776
-98.928172
-84.712687
-69.916978
-55.411381
-39.745336
-24.369403
-9.863806
3.676847
19.609852
34.930049
48.718227
62.812808
76.600985
89.163547
102.338916
116.127094
128.689655
142.784236
156.266010
166.990148
180.471921
196.404926
212.031527
221.223645
231.641379
240.527094
250.638424
259.830542
268.103448
274.844335
283.423645
290.470936
296.292611
301.807882
304.259113
305.178325
307.629557
308.242365
309.467980
307.016749
308.242365
305.791133
303.952709
302.727094
300.582266
296.905419
294.147783
290.164532
286.794089
279.746798
276.376355
268.103448
258.298522
247.574384
238.995074
227.658128
213.869951
199.162562
183.229557
166.990148
151.669951
139.107389
121.642365
101.726108
84.261084
68.634483
52.701478
37.381281
20.529064
3.983251
-10.153918
-25.239739
-39.455224
-54.541045
-67.886194
-80.651119
-92.545709
-106.180970
-118.075560
-130.260261
-143.315299
-155.790112
-167.684701
-176.678172
-189.152985
-205.109142
-217.003731
-225.416978
-234.120336
-243.113806
-252.397388
-261.971082
-266.902985
-275.606343
-282.859142
-289.241604
-295.624067
-299.975746
-300.265858
-302.296642
-304.037313
-304.617537
-305.487873
-303.166978
-304.907649
-302.586754
-301.426306
-299.685634
-297.944963
-295.914179
-290.982276
-287.210821
-285.470149
-280.538246
-275.026119
-266.322761
-257.909515
-248.916045
-237.601679
-227.737873
-215.553172
-203.658582
-190.023321
-172.906716
-159.851679
-146.506530
-132.871269
-114.884328
-97.477612
-82.972015
-68.466418
-54.541045
-38.584888
-23.208955
-9.283582
6.128079
20.835468
37.074877
50.863054
64.038424
77.213793
91.001970
104.177340
115.820690
129.608867
143.397044
157.798030
168.215764
181.084729
198.549754
212.337931
223.674877
231.641379
240.833498
251.251232
258.911330
268.409852
276.069951
283.423645
291.390148
299.050246
303.339901
304.871921
307.323153
308.242365
311.000000
309.467980
310.080788
309.774384
309.161576
308.855172
305.791133
302.727094
299.663054
296.905419
295.066995
288.938916
284.036453
275.457143
268.716256
259.830542
250.332020
239.914286
227.351724
213.563547
199.468966
182.923153
167.296552
150.444335
137.575369
120.110345
101.726108
83.341872
68.021675
51.782266
35.236453
18.690640
1.838424
-11.604478
-26.110075
-41.776119
-54.250933
-69.046642
-80.070896
-92.835821
-106.471082
-118.655784
-131.710821
-144.185634
-155.790112
-167.104478
-177.838619
-191.473881
-204.819030
-218.744403
-227.737873
-234.700560
-244.274254
-255.588619
-262.841418
-268.643657
-277.056903
-282.859142
-291.852612
-296.204291
-300.265858
-302.876866
-304.037313
-304.617537
-304.327425
-305.777985
-305.777985
-304.907649
-305.197761
-303.457090
-300.555970
-299.395522
-295.624067
-293.593284
-290.982276
-286.050373
-280.828358
-275.026119
-266.032649
-258.489739
-248.335821
-239.052239
-229.478545
-216.423507
-203.078358
-188.572761
-173.777052
-160.722015
-146.796642
-132.581157
-114.013993
-97.477612
-82.391791
-68.466418
-54.541045
-37.424440
-22.918843
-6.962687
6.434483
21.141872
36.768473
50.556650
63.732020
78.133005
90.082759
102.951724
116.433498
129.302463
144.929064
156.878818
166.683744
181.391133
198.243350
211.112315
223.062069
232.254187
242.365517
251.557635
261.056158
269.635468
276.682759
284.955665
292.309360
297.824631
305.178325
306.097537
307.629557
309.161576
309.467980
309.467980
310.080788
309.774384
308.548768
307.629557
306.097537
303.339901
301.195074
298.131034
293.841379
288.326108
282.504433
276.682759
268.409852
259.524138
248.187192
238.995074
226.738916
213.257143
199.775369
183.229557
167.296552
150.750739
136.349754
120.110345
100.500493
82.729064
67.408867
50.863054
36.155665
19.609852
3.370443
-11.314366
-27.270522
-40.325560
-54.541045
-67.886194
-81.521455
-93.706157
-105.600746
-118.365672
-129.099813
-142.154851
-155.209888
-167.394590
-177.258396
-190.893657
-205.109142
-217.874067
-226.577425
-234.700560
-245.144590
-254.428172
-262.841418
-269.513993
-277.056903
-283.149254
-290.692164
-297.364739
-300.265858
-302.876866
-304.037313
-305.777985
-305.197761
-306.068097
-306.068097
-306.068097
-306.068097
-303.166978
-301.136194
-297.944963
-297.364739
-294.173507
-290.692164
-286.050373
-280.538246
-276.186567
-268.353545
-259.360075
-249.496269
-239.052239
-229.478545
-216.713619
-203.078358
-189.443097
-174.357276
-160.141791
-147.086754
-132.000933
-113.433769
-97.187500
-80.941231
-67.596082
-52.220149
-36.844216
-21.178172
-6.382463
6.128079
22.367488
36.155665
51.169458
64.344828
77.520197
91.001970
103.564532
116.433498
130.221675
144.316256
157.185222
166.990148
181.391133
198.549754
213.257143
223.981281
233.479803
243.897537
252.783251
262.588177
270.248276
276.989163
285.262069
292.002956
299.356650
303.033498
306.403941
307.935961
309.774384
310.387192
310.387192
310.387192
310.080788
310.387192
307.629557
305.791133
303.646305
301.195074
297.824631
292.002956
288.326108
283.423645
276.989163
268.716256
259.524138
248.493596
237.156650
225.819704
212.337931
196.711330
182.003941
165.458128
149.831527
136.349754
118.271921
99.274877
81.809852
65.876847
49.331034
34.317241
18.077833
0.919212
-12.474813
-27.850746
-42.066231
-55.411381
-69.336754
-80.941231
-93.996269
-107.921642
-120.396455
-130.840485
-143.025187
-156.370336
-167.684701
-178.708955
-190.603545
-205.979478
-218.164179
-228.318097
-236.441231
-246.305037
-255.298507
-263.711754
-270.674440
-278.217351
-285.760261
-293.303172
-297.654851
-301.716418
-303.457090
-303.457090
-305.777985
-305.777985
-306.068097
-307.808769
-306.358209
-305.197761
-304.037313
-302.296642
-299.975746
-298.525187
-295.043843
-291.272388
-287.500933
-281.698694
-276.766791
-268.353545
-260.810634
-249.786381
-240.212687
-228.608209
-216.713619
-203.078358
-187.992537
-173.486940
-159.271455
-145.346082
-130.840485
-111.402985
-96.027052
-80.651119
-65.855410
-51.059701
-35.683769
-19.437500
-6.092351
7.660099
23.286700
38.300493
52.701478
67.102463
78.745813
91.921182
105.096552
117.659113
130.834483
144.622660
157.491626
167.296552
181.697537
198.856158
211.725123
223.062069
232.866995
242.978325
253.396059
261.362562
269.329064
277.295567
284.649261
293.841379
300.275862
303.952709
306.710345
308.242365
310.080788
309.467980
310.387192
311.000000
310.080788
310.387192
306.710345
306.403941
303.646305
301.195074
297.824631
292.922167
288.632512
282.504433
275.457143
269.022660
259.217734
249.719212
236.237438
226.432512
212.337931
198.243350
181.391133
164.232512
149.218719
135.124138
117.659113
98.968473
80.277833
65.570443
49.637438
33.704433
16.545813
0.612808
-12.764925
-28.140858
-41.486007
-55.411381
-69.046642
-81.811567
-94.866604
-107.341418
-119.526119
-130.840485
-143.895522
-157.240672
-169.135261
-178.418843
-191.473881
-204.819030
-218.454291
-227.737873
-235.861007
-246.885261
-255.008396
-263.421642
-270.964552
-277.056903
-286.340485
-291.852612
-299.685634
-301.716418
-303.457090
-304.907649
-304.617537
-306.068097
-308.098881
-306.938433
-306.938433
-305.487873
-305.197761
-303.166978
-301.716418
-297.654851
-295.914179
-290.982276
-286.050373
-280.828358
-275.316231
-268.933769
-259.069963
-249.206157
-240.212687
-228.027985
-217.293843
-202.498134
-188.282649
-174.067164
-158.691231
-145.346082
-129.970149
-112.273321
-95.446828
-80.070896
-66.435634
-51.059701
-34.233209
-19.727612
-5.222015
8.579310
23.899507
38.606897
52.395074
65.264039
79.358621
91.308374
105.096552
117.965517
131.447291
144.929064
158.717241
168.522167
182.923153
198.549754
212.950739
223.674877
232.254187
242.059113
253.089655
261.975369
269.941872
277.601970
284.955665
292.309360
299.356650
303.952709
306.097537
307.629557
309.467980
310.387192
311.000000
310.080788
310.693596
308.855172
307.323153
305.178325
303.033498
301.195074
298.437438
292.922167
289.551724
283.423645
276.376355
268.103448
258.298522
247.880788
237.156650
226.126108
212.031527
195.792118
180.471921
163.619704
149.218719
133.898522
117.046305
99.274877
80.277833
64.957635
50.250246
34.317241
16.852217
0.919212
-13.055037
-27.850746
-42.066231
-55.991604
-69.336754
-82.681903
-94.286381
-107.921642
-120.686567
-131.420709
-144.475746
-155.790112
-167.974813
-178.418843
-191.473881
-205.979478
-217.874067
-229.188433
-237.021455
-245.724813
-255.298507
-264.291978
-270.964552
-278.797575
-284.309701
-292.722948
-297.944963
-302.296642
-302.876866
-305.487873
-306.068097
-307.808769
-306.358209
-306.648321
-306.068097
-305.487873
-304.327425
-302.876866
-301.716418
-297.944963
-294.173507
-292.142724
-286.340485
-281.698694
-276.766791
-267.483209
-259.360075
-250.076493
-239.342351
-228.318097
-215.553172
-203.078358
-187.702425
-172.616604
-159.271455
-145.926306
-129.970149
-111.693097
-94.866604
-80.070896
-66.145522
-51.349813
-34.813433
-20.597948
-6.382463
7.660099
22.980296
37.381281
51.782266
64.038424
78.133005
90.389163
103.870936
117.965517
129.608867
143.090640
157.491626
166.377340
182.310345
197.324138
212.644335
223.062069
234.092611
242.365517
252.783251
261.362562
269.635468
276.376355
284.342857
291.696552
299.969458
303.339901
306.097537
307.323153
309.161576
309.467980
309.774384
309.774384
309.774384
308.855172
307.629557
307.016749
303.339901
300.275862
296.599015
292.309360
286.794089
281.891626
276.376355
268.103448
258.604926
246.961576
236.850246
224.287685
211.112315
195.179310
180.471921
163.313300
148.605911
133.898522
117.659113
97.742857
80.277833
64.344828
48.105419
31.559606
16.239409
-0.290112
-13.055037
-29.011194
-43.226679
-56.281716
-70.207090
-82.681903
-95.156716
-108.791978
-119.526119
-131.130597
-144.765858
-156.660448
-169.425373
-178.708955
-191.473881
-206.269590
-219.904851
-229.188433
-238.472015
-247.755597
-257.039179
-264.872201
-272.125000
-279.958022
-286.050373
-292.432836
-299.685634
-301.716418
-304.327425
-305.777985
-306.648321
-307.228545
-308.388993
-308.388993
-307.808769
-305.777985
-303.747201
-303.166978
-301.136194
-297.944963
-296.494403
-291.562500
-286.050373
-280.828358
-275.896455
-267.773321
-258.779851
-249.496269
-240.212687
-228.027985
-217.583955
-202.498134
-188.572761
-173.196828
-158.401119
-145.636194
-129.099813
-110.822761
-95.446828
-79.780784
-65.855410
-51.059701
-34.813433
-19.437500
-6.382463
7.966502
22.980296
37.687685
50.863054
64.651232
78.133005
91.308374
104.177340
117.965517
129.608867
144.009852
156.266010
167.296552
181.697537
197.324138
212.644335
223.062069
232.866995
243.591133
254.008867
261.362562
270.861084
277.908374
285.874877
293.228571
299.969458
303.952709
305.791133
307.629557
308.855172
309.774384
310.693596
309.161576
309.467980
308.548768
307.323153
306.403941
303.646305
299.969458
296.292611
292.309360
288.632512
282.504433
275.150739
267.184236
259.217734
247.880788
235.011823
224.900493
210.499507
195.792118
178.633498
162.700493
146.154680
132.060099
116.127094
96.517241
79.358621
63.732020
47.186207
31.866010
14.707389
-0.000000
-15.375933
-28.140858
-42.936567
-56.281716
-70.497201
-82.391791
-96.027052
-107.921642
-121.266791
-132.581157
-145.636194
-157.820896
-169.425373
-180.449627
-191.763993
-206.849813
-219.904851
-230.348881
-238.181903
-248.045709
-256.458955
-265.162313
-272.415112
-279.667910
-287.210821
-294.463619
-301.136194
-302.586754
-304.907649
-306.938433
-307.518657
-308.098881
-306.938433
-307.808769
-308.098881
-307.518657
-305.197761
-304.617537
-302.006530
-298.525187
-295.914179
-290.982276
-286.630597
-281.408582
-276.766791
-267.773321
-260.230410
-249.496269
-239.342351
-229.188433
-215.843284
-202.788246
-187.702425
-172.616604
-158.401119
-145.346082
-129.389925
-110.532649
-95.156716
-78.910448
-64.694963
-49.319030
-34.813433
-20.017724
-5.222015
8.272906
23.593103
38.300493
51.782266
65.570443
78.745813
91.614778
104.177340
117.659113
130.221675
145.235468
158.104433
167.909360
181.391133
199.775369
212.337931
225.206897
232.866995
244.510345
251.864039
261.975369
270.248276
278.214778
285.874877
292.922167
299.969458
304.565517
305.791133
307.629557
308.548768
309.467980
310.080788
310.387192
309.161576
309.467980
306.710345
305.178325
303.339901
301.195074
296.905419
292.309360
287.713300
282.198030
275.763547
267.490640
257.072906
246.042365
234.399015
222.755665
211.725123
194.566502
180.471921
161.168473
147.686700
132.672906
114.595074
96.823645
78.133005
63.119212
46.573399
30.640394
14.094581
-2.320896
-15.375933
-29.591418
-43.806903
-57.152052
-70.787313
-82.391791
-96.897388
-109.372201
-120.976679
-132.581157
-145.346082
-158.401119
-171.456157
-179.579291
-192.924440
-208.590485
-221.065299
-230.348881
-238.472015
-248.045709
-257.909515
-266.322761
-272.125000
-280.828358
-286.630597
-295.333955
-300.555970
-303.166978
-305.197761
-307.518657
-308.388993
-308.388993
-308.679104
-308.969216
-308.098881
-308.098881
-304.327425
-303.166978
-302.876866
-298.525187
-297.364739
-292.142724
-287.791045
-283.439366
-276.766791
-269.513993
-259.940299
-251.236940
-239.922575
-227.737873
-216.133396
-202.788246
-187.122201
-172.616604
-156.950560
-145.055970
-127.649254
-110.242537
-93.706157
-79.780784
-64.694963
-49.609142
-35.393657
-19.437500
-6.092351
9.192118
23.286700
38.913300
51.475862
65.876847
79.052217
91.614778
105.402956
118.578325
131.140887
144.929064
157.798030
166.683744
182.616749
200.081773
213.257143
224.900493
233.479803
243.284729
253.702463
262.588177
270.554680
276.376355
284.649261
294.147783
299.050246
304.871921
306.403941
307.629557
309.774384
308.855172
310.387192
309.467980
309.774384
309.161576
307.016749
305.178325
303.339901
299.969458
295.373399
291.083744
288.938916
281.278818
276.376355
266.265025
257.379310
246.655172
235.318227
222.449261
209.273892
193.953695
179.246305
160.862069
147.073892
132.979310
113.982266
94.678818
77.826601
62.200000
45.654187
30.946798
13.481773
-2.611007
-15.956157
-29.591418
-43.226679
-57.442164
-72.237873
-83.552239
-97.477612
-109.372201
-121.266791
-132.581157
-146.506530
-157.530784
-171.456157
-181.900187
-193.794776
-208.880597
-221.645522
-230.638993
-238.472015
-249.786381
-258.199627
-266.032649
-274.445896
-279.958022
-288.371269
-296.204291
-300.846082
-303.747201
-304.907649
-307.808769
-308.098881
-309.839552
-308.679104
-309.259328
-308.098881
-308.098881
-304.907649
-304.037313
-301.426306
-299.105410
-295.624067
-293.013060
-288.081157
-282.859142
-276.476679
-269.804104
-258.489739
-250.656716
-239.342351
-227.737873
-217.003731
-202.208022
-187.122201
-172.616604
-157.240672
-145.055970
-127.649254
-110.822761
-93.996269
-79.490672
-64.694963
-49.028918
-35.103545
-18.857276
-4.931903
8.579310
24.512315
38.606897
51.782266
64.957635
79.665025
91.308374
104.177340
117.659113
129.915271
144.622660
156.878818
167.296552
183.229557
198.856158
214.789163
223.674877
234.092611
243.897537
252.783251
263.200985
269.329064
278.214778
284.955665
293.228571
299.969458
304.565517
306.097537
307.323153
308.242365
310.080788
308.855172
309.161576
309.161576
309.161576
307.016749
305.178325
302.727094
301.195074
294.760591
291.390148
287.100493
279.746798
274.231527
266.571429
255.847291
246.655172
232.866995
223.674877
207.435468
194.260099
178.020690
160.555665
146.154680
130.834483
113.675862
94.678818
76.600985
60.667980
45.960591
30.027586
13.788177
-2.611007
-15.666045
-29.011194
-44.677239
-57.442164
-72.237873
-84.712687
-98.057836
-110.532649
-121.556903
-133.451493
-146.796642
-158.111007
-171.166045
-181.029851
-193.794776
-209.750933
-221.355410
-231.799440
-239.922575
-249.496269
-259.940299
-267.193097
-272.415112
-281.408582
-287.210821
-295.333955
-301.716418
-303.457090
-304.327425
-306.938433
-308.098881
-309.549440
-308.969216
-308.969216
-309.839552
-307.518657
-305.777985
-304.037313
-301.716418
-298.815299
-296.494403
-291.272388
-289.241604
-283.729478
-277.056903
-268.353545
-259.940299
-249.496269
-238.472015
-228.898321
-217.293843
-201.627799
-188.572761
-172.906716
-158.401119
-144.475746
-127.939366
-110.532649
-93.125933
-78.910448
-64.114739
-49.319030
-35.683769
-19.147388
-5.802239
9.192118
23.899507
37.994089
51.782266
65.570443
78.745813
90.695567
103.564532
117.046305
130.528079
144.316256
157.491626
166.683744
182.310345
199.162562
212.644335
223.368473
233.173399
242.671921
253.396059
262.894581
269.635468
277.601970
284.955665
292.309360
299.663054
302.420690
305.484729
306.403941
307.935961
309.467980
309.467980
309.467980
308.855172
307.935961
305.178325
305.178325
301.807882
299.356650
294.760591
291.696552
286.181281
279.746798
274.231527
265.958621
256.153695
244.203941
234.705419
223.981281
208.354680
193.953695
176.488670
160.249261
145.235468
131.447291
113.369458
94.985222
77.826601
60.974384
45.347783
30.333990
12.868966
-2.030784
-16.536381
-29.301306
-44.387127
-57.442164
-71.657649
-84.422575
-97.767724
-109.372201
-120.976679
-134.031716
-146.506530
-157.820896
-172.326493
-181.610075
-194.665112
-209.460821
-221.065299
-231.799440
-239.922575
-249.496269
-259.069963
-268.063433
-273.285448
-281.118470
-287.791045
-295.333955
-301.426306
-304.327425
-306.068097
-307.808769
-308.388993
-309.549440
-308.098881
-309.259328
-308.679104
-308.098881
-306.358209
-304.617537
-302.586754
-298.815299
-295.624067
-292.142724
-288.951493
-283.149254
-275.896455
-269.513993
-259.069963
-250.076493
-238.472015
-228.318097
-216.713619
-201.337687
-187.702425
-172.906716
-156.660448
-145.346082
-127.649254
-110.532649
-93.706157
-79.200560
-64.404851
-50.189366
-34.233209
-19.147388
-5.222015
9.192118
23.593103
38.606897
52.088670
65.264039
79.358621
91.001970
105.096552
117.352709
129.915271
144.316256
157.491626
167.296552
182.616749
198.856158
214.482759
223.062069
233.173399
242.671921
252.783251
261.975369
268.409852
277.601970
286.181281
292.002956
299.969458
303.339901
305.791133
307.016749
308.242365
308.548768
309.467980
309.161576
309.467980
307.629557
306.403941
304.565517
301.195074
298.437438
294.760591
291.390148
285.568473
280.053202
274.231527
265.345813
255.847291
244.510345
233.786207
221.530049
206.516256
193.340887
176.182266
159.942857
144.622660
130.528079
112.143842
93.759606
75.988177
60.361576
45.347783
29.414778
11.336946
-2.611007
-17.116604
-30.461754
-44.387127
-58.602612
-72.527985
-85.002799
-98.347948
-110.532649
-122.137127
-134.611940
-146.506530
-159.271455
-171.746269
-182.480410
-194.665112
-211.491604
-222.515858
-231.219216
-240.792910
-250.656716
-259.650187
-267.193097
-274.155784
-281.408582
-290.402052
-295.624067
-302.296642
-304.327425
-305.777985
-308.388993
-309.259328
-310.129664
-309.839552
-310.129664
-308.969216
-307.518657
-306.068097
-303.457090
-301.426306
-298.815299
-296.494403
-292.142724
-288.661381
-283.439366
-276.476679
-268.063433
-258.199627
-249.786381
-238.762127
-228.318097
-215.553172
-201.627799
-188.282649
-172.616604
-158.111007
-144.185634
-127.939366
-110.532649
-93.125933
-79.200560
-64.404851
-49.899254
-34.233209
-18.857276
-4.351679
8.885714
24.205911
37.994089
51.782266
65.570443
78.439409
91.308374
103.870936
116.739901
130.528079
144.009852
156.572414
166.990148
183.229557
199.162562
212.337931
224.900493
233.173399
244.510345
253.089655
261.362562
271.473892
277.295567
285.568473
292.615764
298.131034
302.727094
306.097537
306.710345
308.242365
307.629557
308.242365
308.855172
307.935961
307.629557
306.097537
304.259113
301.501478
299.356650
295.986207
289.858128
286.487685
278.827586
274.231527
266.265025
254.008867
245.123153
232.866995
220.610837
207.435468
191.808867
175.875862
159.942857
144.009852
129.608867
112.143842
94.678818
75.375369
60.361576
43.202956
28.495567
11.336946
-4.061567
-16.536381
-31.332090
-45.257463
-58.892724
-73.108209
-85.002799
-98.638060
-110.822761
-121.266791
-134.902052
-146.506530
-158.401119
-172.036381
-181.029851
-195.245336
-210.331157
-222.515858
-231.219216
-240.502799
-250.076493
-259.940299
-267.773321
-274.736007
-280.248134
-288.081157
-296.494403
-301.716418
-304.617537
-306.938433
-308.388993
-309.549440
-309.259328
-310.129664
-311.000000
-308.969216
-308.679104
-306.358209
-304.037313
-302.296642
-299.395522
-295.333955
-292.722948
-288.081157
-284.019590
-276.186567
-269.513993
-259.069963
-250.656716
-238.762127
-228.027985
-215.553172
-201.917910
-187.412313
-172.326493
-156.950560
-143.315299
-127.359142
-109.082090
-92.835821
-78.910448
-63.824627
-50.189366
-34.523321
-18.857276
-5.222015
8.885714
23.899507
38.300493
51.475862
65.264039
79.358621
91.308374
103.870936
117.046305
130.834483
144.622660
158.104433
167.602956
182.616749
200.081773
212.644335
223.981281
233.173399
243.897537
253.089655
261.056158
270.554680
276.989163
286.181281
293.228571
299.969458
303.952709
304.565517
306.403941
309.467980
309.161576
308.855172
308.855172
308.855172
307.323153
305.484729
303.952709
302.420690
299.969458
295.066995
289.858128
285.874877
279.133990
273.618719
265.958621
254.928079
244.816749
232.866995
221.530049
206.822660
191.502463
176.182266
158.410837
144.929064
128.383251
111.837438
93.453202
75.068966
58.523153
44.734975
28.495567
11.030542
-4.351679
-17.406716
-31.332090
-45.547575
-59.472948
-72.818097
-85.002799
-99.508396
-110.242537
-122.717351
-136.642724
-147.666978
-160.722015
-172.616604
-183.930970
-195.245336
-212.071828
-223.386194
-232.379664
-241.373134
-250.946828
-259.650187
-268.353545
-275.606343
-282.859142
-289.531716
-295.333955
-302.876866
-304.327425
-306.358209
-308.679104
-310.129664
-310.129664
-309.839552
-310.129664
-310.419776
-309.259328
-307.228545
-305.777985
-303.457090
-299.975746
-297.364739
-293.303172
-287.791045
-282.859142
-276.476679
-268.933769
-260.520522
-250.366604
-238.472015
-228.027985
-217.003731
-201.047575
-187.412313
-172.036381
-156.660448
-144.765858
-126.778918
-109.952425
-93.125933
-76.879664
-63.824627
-49.319030
-34.233209
-18.857276
-4.641791
9.804926
24.205911
37.994089
52.701478
65.570443
79.358621
91.921182
104.177340
117.965517
130.221675
144.622660
156.266010
167.296552
182.923153
198.243350
213.563547
224.287685
233.786207
243.591133
253.089655
261.975369
269.329064
277.908374
285.874877
293.534975
300.275862
302.420690
305.484729
306.710345
307.935961
308.855172
309.467980
309.161576
308.855172
307.016749
306.097537
303.646305
302.114286
298.743842
293.841379
289.858128
285.262069
278.521182
274.231527
265.345813
255.847291
244.203941
232.866995
221.223645
206.209852
191.196059
175.875862
158.410837
144.009852
128.996059
112.143842
93.146798
74.762562
59.748768
42.896552
27.269951
11.336946
-3.771455
-17.696828
-31.041978
-45.547575
-59.182836
-73.398321
-86.453358
-98.347948
-111.402985
-123.877799
-135.482276
-149.117537
-160.431903
-173.196828
-183.350746
-196.405784
-210.911381
-223.096082
-232.379664
-240.792910
-251.236940
-260.230410
-268.063433
-275.026119
-283.149254
-288.661381
-297.074627
-303.457090
-304.907649
-306.358209
-308.388993
-310.129664
-311.000000
-310.419776
-309.549440
-310.419776
-309.549440
-306.648321
-304.327425
-302.296642
-299.975746
-296.784515
-293.303172
-288.371269
-284.019590
-276.766791
-268.063433
-259.360075
-249.496269
-239.342351
-228.027985
-216.713619
-202.208022
-187.122201
-170.295709
-156.370336
-143.895522
-127.069030
-109.662313
-92.835821
-79.490672
-63.534515
-49.609142
-34.523321
-18.857276
-4.931903
9.498522
23.899507
37.687685
51.475862
65.876847
79.052217
90.695567
103.870936
118.271921
131.140887
144.929064
157.491626
166.070936
182.923153
198.856158
213.257143
223.368473
233.479803
243.591133
253.396059
261.056158
269.635468
278.214778
285.874877
293.228571
299.663054
302.114286
305.791133
306.403941
308.242365
308.242365
308.855172
307.935961
307.323153
306.403941
305.484729
304.565517
302.420690
298.437438
293.841379
288.326108
284.649261
280.053202
274.231527
265.652217
255.234483
242.978325
231.947783
220.304433
205.903448
191.196059
174.956650
158.104433
143.090640
128.076847
111.531034
91.921182
75.375369
59.135961
43.815764
27.576355
10.111330
-4.061567
-17.406716
-31.912313
-45.837687
-60.343284
-72.818097
-86.453358
-99.218284
-111.402985
-122.427239
-135.482276
-148.247201
-159.851679
-172.906716
-182.190299
-195.825560
-212.652052
-222.515858
-232.669776
-241.663246
-251.817164
-259.650187
-268.643657
-276.186567
-283.149254
-289.531716
-297.944963
-302.876866
-305.197761
-306.358209
-308.388993
-309.839552
-310.419776
-308.969216
-310.129664
-309.549440
-308.679104
-306.358209
-304.907649
-303.457090
-300.265858
-297.364739
-293.593284
-288.081157
-283.729478
-275.316231
-268.643657
-259.650187
-250.076493
-238.762127
-227.737873
-215.843284
-200.757463
-186.541978
-172.326493
-157.530784
-144.765858
-127.069030
-109.372201
-93.125933
-78.330224
-64.404851
-49.028918
-33.652985
-18.857276
-4.351679
9.804926
23.899507
38.300493
52.088670
65.570443
79.052217
90.695567
104.177340
117.659113
130.528079
144.622660
157.185222
168.215764
182.310345
199.468966
213.257143
223.368473
233.479803
243.591133
252.783251
261.668966
269.635468
277.295567
284.342857
291.390148
299.356650
302.420690
304.871921
307.629557
307.629557
308.855172
308.855172
308.548768
308.855172
307.323153
304.259113
302.420690
300.275862
297.211823
293.841379
289.245320
284.342857
279.133990
273.312315
264.120197
254.008867
243.591133
232.254187
219.691626
205.597044
191.808867
176.182266
157.491626
143.397044
128.689655
111.224631
92.840394
74.762562
59.748768
43.509360
26.963547
10.111330
-4.641791
-17.696828
-32.202425
-45.837687
-59.763060
-73.398321
-86.453358
-98.928172
-111.112873
-123.007463
-135.772388
-148.247201
-160.431903
-172.616604
-183.930970
-195.535448
-212.071828
-223.096082
-231.799440
-241.663246
-251.236940
-260.230410
-268.643657
-275.026119
-282.859142
-289.531716
-297.364739
-302.296642
-305.197761
-308.098881
-309.259328
-309.259328
-309.839552
-310.129664
-310.419776
-310.129664
-308.969216
-307.518657
-304.037313
-302.876866
-299.975746
-296.784515
-293.883396
-288.371269
-282.569030
-276.476679
-267.773321
-259.360075
-248.625933
-238.181903
-228.318097
-215.263060
-201.627799
-186.832090
-170.875933
-156.080224
-144.765858
-126.778918
-109.952425
-91.385261
-77.750000
-63.244403
-49.609142
-33.652985
-18.567164
-5.802239
9.498522
24.512315
38.606897
51.475862
66.183251
78.133005
90.389163
103.564532
117.352709
130.528079
144.929064
157.491626
166.683744
181.697537
199.162562
212.031527
223.062069
232.866995
243.284729
253.702463
261.668966
269.329064
277.601970
285.568473
292.922167
298.131034
303.033498
304.871921
307.016749
307.016749
307.935961
308.855172
308.548768
307.935961
307.016749
305.484729
302.114286
300.275862
297.518227
293.228571
290.777340
284.955665
279.133990
272.699507
263.813793
254.008867
241.752709
231.947783
219.385222
205.597044
189.970443
174.037438
156.878818
142.477833
127.770443
110.305419
91.614778
74.149754
59.442365
43.815764
26.657143
11.030542
-5.512127
-17.986940
-32.782649
-46.417910
-60.053172
-73.398321
-86.453358
-98.928172
-110.822761
-122.427239
-136.932836
-147.376866
-160.722015
-172.906716
-183.930970
-195.825560
-211.201493
-223.096082
-232.089552
-241.083022
-251.236940
-259.940299
-269.223881
-276.476679
-282.859142
-289.821828
-297.944963
-302.006530
-305.197761
-307.518657
-308.098881
-310.129664
-309.259328
-311.000000
-309.839552
-308.679104
-309.259328
-306.358209
-304.327425
-302.876866
-300.846082
-295.914179
-293.593284
-287.791045
-283.729478
-275.896455
-268.063433
-259.940299
-248.625933
-238.762127
-227.157649
-214.682836
-201.047575
-185.381530
-171.746269
-156.080224
-143.895522
-127.359142
-109.082090
-91.965485
-77.169776
-63.534515
-49.028918
-33.362873
-18.857276
-4.641791
9.192118
23.593103
38.606897
51.169458
64.344828
79.358621
91.614778
105.402956
117.046305
131.447291
144.622660
158.104433
166.683744
182.616749
199.162562
213.257143
223.062069
232.866995
243.284729
254.008867
261.362562
268.409852
276.069951
284.649261
292.309360
298.743842
303.033498
304.871921
306.403941
306.710345
307.323153
308.855172
307.935961
309.161576
307.016749
304.259113
303.339901
300.888670
298.131034
294.147783
289.245320
284.036453
278.827586
272.086700
263.200985
253.702463
242.671921
231.947783
218.159606
206.209852
189.664039
174.956650
157.798030
141.558621
128.076847
110.305419
92.227586
