-289.336832
-288.149809
-283.698473
-277.466603
-269.750954
-262.925573
-253.726145
-243.933206
-233.250000
-222.566794
-210.399809
-196.452290
-181.020992
-164.699427
-150.455153
-136.210878
-118.702290
-101.490458
-84.872137
-69.144084
-53.119275
-37.687977
-21.959924
-5.638359
8.869365
22.888684
35.477461
47.780129
60.941122
73.816007
87.263109
98.993560
110.151794
120.165593
133.040478
147.345906
158.218031
168.517939
182.823367
198.845446
211.434223
221.734131
230.889604
242.906164
254.350506
264.936523
267.797608
273.233671
286.108556
294.119595
294.119595
297.552898
306.994480
311.000000
306.422263
302.702852
310.427783
307.280589
307.280589
302.130635
309.283349
301.844526
296.408464
293.833487
294.977921
288.683533
283.819687
275.522539
268.369825
262.933763
253.206072
242.620055
233.178473
222.020239
209.145354
195.984361
180.820607
167.087397
151.637534
136.759890
120.737810
102.999080
86.118675
70.382705
54.646734
40.627415
23.747010
8.011040
-5.638359
-19.585878
-34.423664
-46.590649
-59.351145
-73.001908
-85.465649
-97.039122
-109.206107
-121.076336
-135.023855
-146.894084
-159.951336
-170.634542
-184.285305
-201.793893
-215.444656
-224.940840
-235.030534
-245.713740
-253.726145
-263.815840
-271.828244
-280.137405
-287.556298
-296.755725
-301.800573
-305.955153
-307.438931
-309.219466
-311.000000
-311.000000
-310.406489
-310.406489
-310.109733
-307.438931
-305.955153
-302.987595
-302.097328
-298.536260
-293.491412
-288.446565
-284.588740
-280.137405
-271.234733
-263.815840
-255.209924
-243.339695
-233.250000
-221.676527
-209.212786
-195.265267
-178.943702
-162.918893
-148.674618
-134.133588
-118.405534
-99.413168
-82.201336
-66.770038
-50.151718
-35.017176
-18.992366
-2.967557
9.441582
23.460902
36.621895
49.210672
62.943882
74.960442
87.263109
98.993560
110.437902
122.168353
134.471021
147.345906
158.790248
169.662374
182.537259
198.559338
212.864765
221.734131
231.175713
241.189512
251.203312
259.500460
268.942042
276.953082
283.533579
292.116835
297.266789
300.700092
302.702852
303.847286
305.563937
304.419503
305.277829
305.277829
305.277829
303.275069
300.986201
298.125115
296.122355
292.689052
288.397424
284.391904
279.814167
274.091996
266.939282
259.214351
248.628335
239.472861
229.172953
217.728611
205.425943
191.120515
176.528979
161.079117
146.773689
132.468261
115.873965
98.421343
81.827047
67.235511
51.785649
36.621895
20.885925
6.294388
-8.012405
-21.663168
-35.907443
-49.261450
-62.912214
-77.156489
-89.323473
-101.490458
-112.767176
-124.043893
-136.804389
-149.861641
-162.028626
-173.008588
-186.956107
-203.871183
-216.631679
-225.534351
-235.920802
-246.010496
-256.100191
-263.815840
-273.015267
-281.324427
-288.743321
-296.458969
-301.503817
-305.064885
-306.548664
-307.735687
-308.922710
-309.812977
-308.922710
-310.109733
-309.219466
-307.142176
-304.768130
-302.097328
-300.613550
-297.349237
-292.007634
-288.743321
-281.917939
-276.873092
-269.454198
-261.738550
-251.945611
-241.262405
-230.875954
-220.192748
-206.838740
-192.891221
-177.756679
-161.435115
-146.894084
-132.649809
-114.547710
-98.226145
-82.201336
-65.286260
-49.261450
-33.830153
-17.211832
-2.374046
11.444342
25.463661
38.052438
51.499540
63.229991
76.390984
88.693652
99.565777
110.151794
121.596136
135.043238
147.345906
159.648574
169.948482
183.395584
199.417663
212.578657
221.448022
231.747930
241.475621
252.061638
260.931003
269.228151
276.094756
284.391904
291.830727
296.408464
300.413983
302.416743
303.847286
305.850046
305.277829
305.563937
305.563937
304.705612
303.847286
300.700092
298.983441
296.122355
292.689052
289.827967
284.678013
279.528059
272.947562
265.794848
257.783809
249.200552
239.472861
228.314627
216.584177
204.567617
190.548298
175.670653
160.793008
146.487580
131.609936
114.729531
97.276909
81.254830
66.663293
51.785649
36.049678
20.313707
5.149954
-6.825382
-22.553435
-35.610687
-48.667939
-62.912214
-76.562977
-88.729962
-100.896947
-111.580153
-123.450382
-137.101145
-150.455153
-161.731870
-172.711832
-187.846374
-204.167939
-216.631679
-224.940840
-235.030534
-245.120229
-256.100191
-264.706107
-272.718511
-281.027672
-287.853053
-296.458969
-301.800573
-304.174618
-308.032443
-309.219466
-309.516221
-310.109733
-310.703244
-308.922710
-307.735687
-307.142176
-304.471374
-301.503817
-299.723282
-296.458969
-292.007634
-286.369275
-282.214695
-275.982824
-267.673664
-260.254771
-251.055344
-240.668893
-229.688931
-219.005725
-205.948473
-191.704198
-176.569656
-160.248092
-146.300573
-130.869275
-113.657443
-95.555344
-78.640267
-63.208969
-46.887405
-32.049618
-16.024809
-0.296756
13.733211
26.321987
39.196872
52.930083
64.374425
77.821527
90.410304
100.996320
112.726771
123.598896
136.187672
149.634775
160.506900
171.951242
185.684453
200.848206
214.295308
221.448022
232.892364
243.478381
252.919963
262.647654
270.944802
277.811408
286.108556
294.119595
297.839006
301.272309
302.702852
304.991720
304.419503
305.563937
305.277829
304.991720
305.277829
303.275069
300.413983
298.125115
296.122355
292.975161
288.683533
284.391904
279.241950
272.375345
266.080957
256.639374
248.342226
238.328427
226.884085
217.156394
203.995400
188.831647
175.098436
158.504140
144.770929
130.465501
112.440662
96.132475
80.968721
64.660534
50.355106
35.477461
18.024839
3.719411
-10.683206
-24.037214
-37.984733
-51.635496
-64.395992
-78.937023
-91.104008
-102.380725
-113.657443
-125.230916
-138.881679
-152.235687
-162.622137
-173.602099
-189.330153
-205.058206
-217.521947
-226.721374
-236.514313
-247.494275
-256.990458
-265.893130
-273.312023
-280.730916
-290.227099
-296.755725
-301.800573
-305.361641
-306.845420
-308.922710
-308.329198
-308.625954
-309.219466
-308.625954
-308.032443
-305.955153
-304.768130
-301.503817
-299.723282
-295.865458
-292.007634
-288.446565
-281.917939
-274.795802
-266.783397
-259.661260
-249.274809
-239.481870
-228.798664
-217.521947
-203.871183
-189.330153
-173.305344
-158.467557
-144.520038
-129.385496
-112.470420
-93.478053
-77.453244
-62.021947
-45.403626
-30.862595
-13.947519
0.858326
14.591536
28.610856
40.913523
53.788408
66.091076
78.679853
91.554738
102.999080
114.443422
126.173873
139.334867
151.351426
162.509660
173.381785
187.973321
203.709292
216.298068
224.309108
234.895124
244.908924
254.636615
263.792088
270.944802
278.955842
286.108556
293.833487
298.983441
301.558418
303.275069
305.563937
305.277829
305.850046
305.850046
305.850046
304.419503
303.275069
301.272309
297.839006
296.408464
291.830727
289.255750
284.964121
278.669733
272.947562
265.222631
257.211592
247.483901
238.328427
227.170193
216.011960
202.564857
188.545538
174.812328
158.218031
144.484821
130.465501
112.440662
95.560258
78.965961
64.374425
49.210672
33.760810
17.738730
3.147194
-9.496183
-24.037214
-37.687977
-51.041985
-63.802481
-78.046756
-90.510496
-102.083969
-113.954198
-124.043893
-139.178435
-152.532443
-162.918893
-175.382634
-189.330153
-205.058206
-216.928435
-226.127863
-237.107824
-245.416985
-255.803435
-264.409351
-272.421756
-281.027672
-289.633588
-296.162214
-302.097328
-305.658397
-306.251908
-307.735687
-308.922710
-308.625954
-309.516221
-308.032443
-308.032443
-305.658397
-303.284351
-300.910305
-298.833015
-294.975191
-291.414122
-286.072519
-281.027672
-274.499046
-267.080153
-257.880725
-249.571565
-238.888359
-229.095420
-216.631679
-202.387405
-189.033397
-173.008588
-157.577290
-143.629771
-128.495229
-111.283397
-92.884542
-75.969466
-60.834924
-45.700382
-30.565840
-13.354008
0.572217
14.305428
28.038638
41.485741
54.360626
66.949402
79.538178
91.554738
102.712971
114.443422
125.029439
138.190432
150.779209
160.793008
172.809568
188.259430
203.709292
216.870285
224.309108
234.895124
245.481141
254.922723
262.933763
271.517019
278.955842
288.111316
294.405704
298.411224
301.844526
303.561178
304.991720
305.277829
305.277829
305.563937
304.991720
303.847286
302.988960
300.700092
298.697332
296.980681
291.830727
288.397424
284.105796
278.383625
273.233671
264.650414
256.067157
246.625575
236.039558
226.311868
214.867525
201.134315
186.828887
171.951242
156.215271
142.768169
129.034959
111.010120
93.271389
78.107636
62.085557
47.494020
32.330267
17.166513
2.288868
-11.573473
-25.817748
-39.765267
-53.712786
-65.879771
-80.420802
-93.181298
-103.270992
-115.141221
-127.011450
-140.068702
-153.719466
-163.215649
-176.272901
-190.220420
-206.245229
-219.302481
-227.018130
-239.185115
-247.494275
-256.990458
-266.783397
-273.905534
-281.917939
-290.227099
-299.129771
-303.284351
-305.658397
-308.032443
-308.922710
-310.109733
-308.625954
-308.625954
-308.032443
-307.735687
-306.251908
-303.284351
-300.910305
-298.536260
-294.678435
-290.523855
-285.479008
-280.730916
-273.905534
-266.189885
-258.177481
-248.087786
-238.591603
-227.908397
-216.038168
-202.387405
-187.549618
-172.415076
-156.687023
-143.036260
-127.604962
-109.502863
-91.994275
-76.266221
-59.944656
-43.919847
-28.488550
-12.463740
1.716651
14.877645
29.755290
42.057958
54.932843
67.807728
79.824287
92.126955
102.712971
113.871205
125.887764
139.334867
151.637534
161.937443
173.954002
188.831647
203.709292
216.584177
224.309108
235.181233
245.767249
255.208832
263.505980
270.944802
279.241950
285.822447
294.405704
297.839006
300.127875
303.561178
304.991720
305.850046
305.563937
305.850046
305.850046
304.419503
302.988960
299.841766
298.411224
295.550138
292.689052
287.252990
282.961362
279.241950
272.375345
264.078197
255.781049
246.625575
236.325667
225.453542
214.581417
201.134315
187.401104
171.379025
156.215271
143.340386
128.176633
109.579577
93.557498
77.821527
62.085557
47.494020
31.758050
16.880405
1.430543
-11.870229
-25.520992
-39.468511
-52.822519
-66.770038
-79.827290
-92.587786
-103.270992
-114.547710
-126.714695
-140.662214
-153.125954
-164.402672
-177.163168
-191.110687
-208.322519
-217.818702
-228.501908
-238.591603
-248.087786
-258.474237
-266.783397
-275.686069
-283.401718
-291.117366
-298.239504
-302.097328
-303.877863
-307.142176
-308.032443
-309.516221
-308.625954
-307.438931
-308.032443
-308.329198
-305.064885
-303.581107
-300.910305
-298.536260
-295.271947
-290.227099
-285.775763
-280.434160
-273.608779
-265.596374
-257.287214
-247.791031
-237.107824
-226.424618
-214.851145
-200.903626
-187.549618
-170.337786
-155.796756
-142.442748
-125.230916
-107.722328
-89.916985
-74.782443
-59.647901
-44.810115
-27.598282
-12.463740
2.574977
16.594296
29.755290
43.774609
56.077277
68.666053
82.399264
94.415823
105.001840
116.732291
128.176633
141.051518
152.495860
163.367985
175.670653
190.262190
205.139834
217.156394
226.025759
236.325667
245.481141
255.494940
264.078197
272.661454
280.672493
288.969641
294.405704
298.983441
302.130635
303.275069
305.277829
305.850046
305.277829
305.277829
304.419503
304.419503
302.702852
299.841766
298.697332
295.264029
292.116835
288.111316
282.675253
277.811408
270.944802
263.219871
255.494940
246.339466
235.753450
225.167433
212.864765
199.989880
186.256670
169.662374
154.498620
141.051518
125.315547
107.862925
91.554738
74.102116
61.513339
45.205152
30.327507
15.163753
0.572217
-14.541031
-27.598282
-41.842557
-55.196565
-67.660305
-81.014313
-94.071565
-104.754771
-116.921756
-130.572519
-142.442748
-154.609733
-166.183206
-178.053435
-194.078244
-207.729008
-221.676527
-228.501908
-239.481870
-249.868321
-258.474237
-266.783397
-275.092557
-284.291985
-291.710878
-299.129771
-303.284351
-305.361641
-308.032443
-309.516221
-309.516221
-309.219466
-308.625954
-309.219466
-307.735687
-305.361641
-303.284351
-302.394084
-298.239504
-294.381679
-290.523855
-283.995229
-279.840649
-273.312023
-264.706107
-256.396947
-246.010496
-235.327290
-226.424618
-213.367366
-199.123092
-185.472328
-170.041031
-153.422710
-140.662214
-124.637405
-106.238550
-89.323473
-70.627863
-55.790076
-40.952290
-25.520992
-10.089695
4.291628
18.310948
33.188592
45.777369
58.366145
71.527139
83.257590
95.560258
106.718491
118.448942
129.607176
143.054278
155.070837
164.798528
178.531739
193.695492
208.000920
219.445262
227.170193
236.897884
246.625575
256.925483
266.080957
273.233671
281.816927
288.969641
295.836247
299.555658
302.702852
304.133395
306.136155
306.136155
306.708372
306.422263
306.136155
305.563937
302.416743
300.413983
298.411224
295.550138
291.830727
288.683533
283.819687
278.383625
271.517019
263.505980
254.922723
245.767249
235.467341
224.022999
212.578657
199.417663
184.826127
169.662374
154.212511
141.337626
126.459982
107.576817
90.982521
75.532659
61.513339
47.207912
30.041398
14.591536
-0.000000
-14.837786
-27.598282
-42.139313
-54.899809
-67.363550
-81.014313
-93.774809
-104.754771
-116.031489
-127.901718
-142.739504
-154.016221
-165.292939
-177.756679
-192.891221
-208.322519
-220.192748
-228.501908
-240.075382
-249.274809
-258.770992
-267.673664
-273.608779
-283.698473
-291.710878
-297.942748
-302.394084
-305.361641
-306.548664
-308.329198
-308.329198
-308.922710
-307.735687
-307.735687
-306.548664
-305.361641
-302.097328
-300.316794
-297.052481
-294.084924
-288.446565
-284.291985
-279.247137
-273.015267
-265.002863
-255.803435
-246.307252
-236.514313
-224.050573
-211.883588
-197.342557
-183.098282
-167.666985
-152.532443
-139.771947
-121.966603
-104.458015
-86.949427
-70.627863
-56.383588
-40.358779
-24.630725
-8.309160
5.436063
18.883165
33.188592
46.349586
58.652254
72.385465
82.971481
95.560258
107.290708
118.162833
129.607176
144.198712
155.929163
166.229071
178.817847
193.981601
209.145354
219.731371
228.028519
238.900644
248.342226
257.211592
266.653174
273.805888
281.816927
290.114075
295.264029
301.558418
302.702852
304.419503
304.991720
306.422263
306.422263
306.708372
305.850046
304.133395
302.416743
299.841766
297.266789
295.836247
291.544618
288.111316
282.961362
277.239190
270.372585
262.933763
254.922723
244.622815
234.895124
223.736891
212.006440
199.131555
183.967801
169.090156
153.354186
139.620975
123.885005
106.718491
90.124195
73.529899
58.938362
43.202392
27.752530
12.874885
-1.780534
-15.728053
-28.785305
-43.326336
-56.680344
-70.034351
-83.091603
-95.555344
-106.535305
-117.515267
-131.462786
-143.333015
-156.687023
-166.776718
-180.724237
-195.858779
-210.399809
-221.379771
-229.392176
-241.262405
-250.758588
-259.958015
-268.267176
-275.982824
-283.995229
-292.007634
-298.833015
-301.207061
-304.768130
-307.438931
-307.438931
-309.219466
-308.625954
-308.032443
-308.032443
-307.142176
-304.174618
-303.284351
-300.613550
-297.645992
-292.897901
-289.336832
-283.995229
-278.950382
-271.531489
-262.332061
-255.803435
-244.526718
-234.733779
-223.160305
-210.993321
-196.749046
-183.098282
-165.886450
-150.455153
-137.991412
-119.295802
-103.567748
-84.872137
-70.627863
-54.306298
-38.875000
-21.959924
-6.231870
6.866605
20.599816
34.905244
47.494020
61.799448
73.529899
85.546458
98.135235
108.149034
120.451702
131.609936
144.770929
157.359706
167.373505
180.534499
195.412144
210.289788
220.875805
229.745170
239.186753
250.917203
258.356026
266.939282
274.950322
282.103036
290.686293
295.550138
300.127875
302.702852
304.419503
305.277829
305.563937
305.850046
306.136155
305.563937
304.419503
303.275069
300.700092
298.411224
294.977921
291.830727
287.825207
283.247470
276.953082
270.944802
262.647654
253.778289
244.336707
233.750690
222.592456
211.434223
197.414903
183.395584
167.373505
152.781969
139.334867
123.026679
105.574057
89.265869
73.529899
58.366145
44.632935
28.610856
12.588776
-1.187023
-16.024809
-29.675573
-42.436069
-56.383588
-70.034351
-84.278626
-95.258588
-106.238550
-118.108779
-131.166031
-143.926527
-156.687023
-167.370229
-179.833969
-196.452290
-210.993321
-221.676527
-228.798664
-240.668893
-250.165076
-259.958015
-267.673664
-276.279580
-283.698473
-292.304389
-298.833015
-302.690840
-304.174618
-306.845420
-308.922710
-307.142176
-307.438931
-308.032443
-307.438931
-306.251908
-303.877863
-302.394084
-300.316794
-295.865458
-293.194656
-288.446565
-284.291985
-277.763359
-270.047710
-263.519084
-254.319656
-244.823473
-233.250000
-223.160305
-210.103053
-196.452290
-181.911260
-166.183206
-151.642176
-137.101145
-120.482824
-101.193702
-85.168893
-69.737595
-54.009542
-38.875000
-20.772901
-6.825382
7.438822
21.172033
34.046918
47.494020
60.368905
73.243790
85.260350
96.990800
107.576817
118.448942
131.896044
144.484821
156.501380
167.087397
179.390064
195.984361
209.717571
220.017479
228.886845
240.045078
249.200552
259.214351
266.939282
274.091996
282.389144
290.400184
296.408464
300.127875
302.988960
304.133395
305.277829
306.422263
306.994480
305.850046
306.136155
304.419503
303.561178
300.413983
298.125115
295.550138
291.544618
288.111316
282.961362
277.239190
270.086477
262.361546
253.206072
243.764489
234.322907
221.734131
210.862006
196.556578
181.965041
167.945722
151.637534
138.476541
121.310028
103.857406
88.121435
72.957682
56.935603
43.488500
26.894204
12.016559
-2.374046
-16.024809
-30.269084
-43.326336
-56.680344
-70.331107
-82.794847
-94.961832
-106.832061
-118.999046
-131.166031
-143.926527
-156.687023
-167.370229
-180.724237
-196.749046
-211.883588
-221.676527
-230.579198
-241.559160
-250.758588
-261.145038
-268.563931
-277.466603
-284.588740
-292.897901
-299.129771
-302.394084
-305.361641
-306.251908
-307.142176
-307.735687
-308.032443
-307.735687
-306.845420
-305.955153
-304.471374
-300.910305
-299.129771
-297.052481
-292.304389
-286.666031
-282.511450
-275.982824
-269.750954
-261.441794
-251.945611
-242.449427
-232.359733
-221.973282
-209.212786
-194.671756
-181.020992
-163.809160
-148.971374
-135.320611
-118.108779
-100.600191
-83.981870
-68.253817
-51.932252
-35.313931
-20.179389
-5.044847
8.583257
22.030359
35.763569
49.210672
62.657774
74.388224
88.121435
98.707452
109.293468
121.596136
134.184913
146.773689
158.790248
169.662374
182.251150
198.273229
211.720331
221.448022
231.747930
241.189512
250.631095
258.928243
268.083717
276.380865
284.391904
292.116835
298.411224
300.413983
304.419503
304.991720
305.563937
306.708372
305.277829
305.850046
305.563937
304.705612
301.844526
300.413983
298.697332
296.122355
291.258510
287.252990
282.961362
277.239190
270.086477
260.931003
252.919963
242.906164
233.178473
221.161914
208.859246
196.556578
181.392824
165.656854
150.206992
137.045998
119.879485
102.426863
86.690892
70.096596
56.077277
40.055198
25.749770
9.441582
-4.451336
-17.805344
-32.643130
-45.700382
-59.054389
-71.518130
-85.762405
-96.742366
-109.206107
-120.482824
-132.649809
-146.003817
-159.061069
-169.150763
-182.801527
-198.826336
-212.773855
-222.566794
-232.062977
-242.449427
-251.945611
-261.441794
-270.047710
-278.060115
-286.072519
-293.491412
-299.426527
-302.987595
-305.361641
-306.845420
-308.625954
-308.032443
-307.735687
-307.438931
-306.548664
-305.955153
-303.877863
-301.800573
-299.426527
-296.162214
-291.710878
-287.853053
-281.917939
-275.982824
-269.454198
-259.958015
-251.945611
-242.152672
-231.172710
-221.379771
-208.916031
-194.968511
-179.833969
-164.105916
-149.564885
-134.727099
-117.515267
-100.600191
-83.685115
-67.066794
-51.041985
-35.313931
-19.289122
-4.451336
8.869365
22.602576
37.480221
49.782889
62.657774
74.674333
88.121435
99.851886
109.865685
121.596136
133.612695
147.059798
158.790248
168.804048
181.965041
197.987121
211.720331
222.020239
231.461822
241.189512
251.489420
260.358786
268.369825
275.808648
285.250230
292.402944
297.266789
300.986201
303.275069
304.991720
305.277829
306.708372
305.850046
305.850046
305.277829
304.419503
302.702852
299.269549
296.980681
293.833487
290.686293
286.108556
281.244710
276.094756
268.369825
261.217111
251.489420
241.761730
232.034039
219.445262
208.000920
193.981601
179.676173
164.512420
148.204232
135.615455
117.876725
101.282429
84.115915
69.524379
54.360626
39.769089
23.747010
7.724931
-4.748092
-19.289122
-31.752863
-47.480916
-60.538168
-74.188931
-86.355916
-97.929389
-110.393130
-121.669847
-134.133588
-147.784351
-159.654580
-169.447519
-184.582061
-198.529580
-213.367366
-222.566794
-233.250000
-243.636450
-253.726145
-261.738550
-271.234733
-278.356870
-286.962786
-294.084924
-299.723282
-304.174618
-305.361641
-306.548664
-307.735687
-308.032443
-308.329198
-308.625954
-306.251908
-305.658397
-302.987595
-301.800573
-299.129771
-294.678435
-291.414122
-287.853053
-282.214695
-275.982824
-268.860687
-259.958015
-251.648855
-241.262405
-231.172710
-219.599237
-207.432252
-192.000954
-177.756679
-160.544847
-146.894084
-132.056298
-114.844466
-97.632634
-81.311069
-64.989504
-49.261450
-33.830153
-17.211832
-1.780534
12.016559
25.463661
38.910764
50.641214
64.374425
76.677093
90.124195
101.282429
111.582337
123.598896
136.473781
149.920883
160.793008
171.092916
185.684453
200.562098
213.723091
223.450782
232.034039
242.906164
251.489420
261.789328
269.228151
278.383625
285.536339
293.547378
298.697332
300.986201
304.991720
305.563937
306.422263
306.994480
306.994480
306.422263
306.422263
304.419503
302.702852
299.555658
297.266789
294.119595
289.255750
285.822447
281.244710
275.808648
268.369825
260.644894
251.775529
241.475621
230.603496
220.589696
207.428703
193.123275
179.103956
164.512420
149.062557
135.615455
118.448942
100.137994
84.402024
69.810488
53.502300
39.196872
22.888684
8.583257
-5.638359
-18.102099
-32.939885
-46.590649
-59.647901
-74.485687
-85.465649
-97.039122
-108.315840
-121.669847
-134.133588
-146.597328
-159.061069
-170.337786
-186.065840
-200.903626
-214.257634
-223.753817
-232.953244
-243.042939
-252.835878
-262.925573
-271.234733
-278.060115
-286.666031
-293.491412
-299.723282
-303.877863
-305.064885
-306.845420
-308.329198
-307.142176
-307.438931
-306.548664
-307.438931
-305.361641
-303.284351
-300.613550
-297.942748
-294.975191
-290.820611
-286.072519
-280.730916
-274.499046
-267.673664
-259.661260
-250.461832
-240.075382
-229.985687
-219.005725
-207.135496
-192.297710
-177.163168
-161.138359
-146.894084
-132.649809
-114.844466
-97.039122
-79.827290
-64.692748
-48.964695
-34.126908
-17.211832
-1.780534
11.730451
25.749770
38.052438
51.213431
64.660534
77.249310
89.265869
100.424103
110.437902
123.312787
135.329347
148.204232
159.934683
169.662374
184.826127
201.134315
213.723091
223.164673
232.034039
242.333947
253.778289
262.075437
269.228151
278.097516
286.108556
294.119595
298.983441
301.844526
303.847286
304.991720
306.422263
306.422263
306.136155
305.850046
305.277829
304.991720
302.130635
300.127875
298.125115
293.833487
291.544618
286.394664
281.244710
275.522539
268.369825
260.358786
250.917203
241.475621
230.603496
220.017479
206.856486
191.978841
178.245630
162.509660
147.632015
133.898804
116.732291
100.710212
83.543698
67.807728
53.788408
38.624655
23.174793
7.724931
-6.231870
-19.882634
-33.830153
-46.887405
-60.241412
-73.892176
-86.059160
-99.116412
-110.393130
-121.966603
-135.023855
-148.081107
-159.654580
-171.228053
-185.769084
-200.903626
-213.367366
-224.347328
-234.140267
-244.823473
-253.132634
-263.815840
-271.531489
-278.653626
-287.259542
-295.271947
-300.613550
-302.690840
-305.361641
-307.142176
-305.361641
-307.142176
-307.438931
-306.845420
-306.251908
-305.361641
-303.581107
-299.723282
-298.239504
-294.084924
-290.227099
-285.775763
-280.730916
-274.795802
-266.486641
-259.364504
-248.978053
-239.778626
-229.095420
-218.412214
-205.058206
-190.517176
-175.085878
-159.061069
-145.113550
-130.275763
-113.063931
-94.368321
-78.343511
-63.505725
-46.887405
-31.752863
-15.728053
-0.890267
12.588776
26.608096
39.769089
54.074517
65.804968
78.965961
91.554738
102.426863
113.012879
125.029439
137.904324
151.351426
161.079117
172.809568
187.114995
202.564857
215.153634
224.022999
234.609016
243.478381
254.064397
262.647654
269.800368
278.955842
287.252990
293.833487
298.411224
302.130635
304.705612
306.136155
306.136155
307.566697
306.994480
306.422263
306.422263
304.705612
302.130635
298.983441
297.839006
293.833487
290.114075
285.822447
280.100276
275.522539
266.653174
258.928243
250.058878
239.758970
229.745170
217.442502
205.712052
191.978841
176.528979
161.365225
147.059798
132.182153
115.015639
98.135235
81.254830
66.377185
52.071757
35.763569
20.027599
5.722171
-8.309160
-22.553435
-36.500954
-49.261450
-62.912214
-75.969466
-88.433206
-100.303435
-112.173664
-123.747137
-137.101145
-149.861641
-161.731870
-172.711832
-186.659351
-202.684160
-215.741412
-225.534351
-234.140267
-245.416985
-254.022901
-263.815840
-271.531489
-280.137405
-287.259542
-294.975191
-298.833015
-302.987595
-305.658397
-307.438931
-307.438931
-308.922710
-307.438931
-306.251908
-306.548664
-304.174618
-302.987595
-299.723282
-298.833015
-294.678435
-290.820611
-285.775763
-279.840649
-274.499046
-266.783397
-258.177481
-248.978053
-238.888359
-227.611641
-217.521947
-204.464695
-189.626908
-175.976145
-158.170802
-144.223282
-130.275763
-111.876908
-94.368321
-78.343511
-62.318702
-46.590649
-31.159351
-15.431298
-0.296756
13.733211
27.180313
41.199632
54.074517
66.377185
79.252070
90.410304
102.140754
113.871205
125.029439
137.618215
151.065317
162.223551
173.667893
187.114995
203.137075
215.725851
224.022999
234.609016
244.622815
255.208832
263.219871
269.800368
278.955842
287.252990
294.119595
299.269549
302.416743
304.705612
306.136155
306.422263
307.566697
306.422263
306.708372
305.277829
304.419503
301.558418
298.983441
296.694572
292.975161
289.255750
285.250230
280.100276
274.950322
266.367065
258.069917
249.772769
238.900644
228.028519
216.870285
204.567617
190.262190
174.812328
160.506900
145.629255
131.609936
114.729531
96.990800
80.968721
65.804968
51.213431
34.619135
19.741490
4.577737
-9.496183
-23.740458
-37.984733
-48.964695
-64.099237
-77.156489
-90.213740
-101.193702
-113.063931
-124.043893
-137.991412
-151.938931
-162.325382
-174.195611
-188.439885
-204.464695
-216.631679
-226.127863
-234.733779
-245.120229
-255.803435
-263.815840
-272.125000
-280.137405
-288.149809
-294.975191
-301.503817
-304.174618
-305.658397
-308.032443
-308.625954
-307.438931
-307.438931
-307.438931
-306.548664
-305.361641
-303.581107
-301.207061
-298.239504
-294.084924
-289.336832
-284.885496
-279.543893
-273.608779
-265.893130
-258.177481
-247.791031
-236.217557
-227.611641
-216.334924
-201.497137
-188.143130
-172.118321
-156.983779
-141.255725
-128.495229
-110.096374
-92.291031
-75.375954
-59.351145
-43.623092
-28.785305
-11.573473
2.574977
17.166513
30.041398
44.060718
55.505060
68.379945
81.540938
92.985281
104.429623
115.873965
126.746090
140.479301
151.923643
163.654094
175.670653
189.976081
204.281509
218.873045
226.884085
236.039558
245.767249
256.067157
263.505980
272.947562
278.955842
288.111316
294.691812
299.555658
302.702852
304.419503
306.136155
306.422263
307.280589
306.708372
306.136155
307.852806
304.705612
301.558418
299.555658
296.408464
293.833487
290.400184
284.964121
280.386385
273.519779
266.653174
258.069917
249.486661
238.900644
229.172953
217.156394
204.567617
189.117755
175.670653
159.362466
145.343146
131.323827
113.012879
96.704692
80.682613
64.946642
50.927323
35.191352
18.310948
4.863845
-9.199427
-22.256679
-36.500954
-51.041985
-63.208969
-76.859733
-89.916985
-101.490458
-112.173664
-124.340649
-137.397901
-150.455153
-161.138359
-173.602099
-188.143130
-204.761450
-216.928435
-224.347328
-235.920802
-245.416985
-255.209924
-263.519084
-271.234733
-280.730916
-288.743321
-294.975191
-300.316794
-303.284351
-306.548664
-306.251908
-307.438931
-307.142176
-307.142176
-306.845420
-305.658397
-304.768130
-301.800573
-299.723282
-297.052481
-293.491412
-289.336832
-284.291985
-279.247137
-273.608779
-265.596374
-257.287214
-247.494275
-237.701336
-227.018130
-214.554389
-201.200382
-186.065840
-171.524809
-155.203244
-141.255725
-126.417939
-107.722328
-89.916985
-74.485687
-59.351145
-44.810115
-28.191794
-11.573473
3.147194
17.166513
30.613615
44.919043
56.935603
70.096596
83.257590
94.988040
106.146274
116.732291
127.890524
141.337626
152.781969
165.084637
176.815087
190.548298
205.998160
218.300828
226.597976
236.897884
246.911684
256.353266
265.222631
272.089236
279.814167
289.255750
294.691812
300.413983
303.561178
306.708372
306.422263
306.708372
307.280589
307.280589
306.708372
305.563937
304.705612
301.844526
299.269549
296.408464
293.261270
290.686293
284.964121
280.386385
273.519779
266.367065
257.497700
248.914443
238.614535
226.884085
216.584177
202.564857
187.973321
173.381785
157.645814
144.484821
128.462741
111.582337
93.843606
78.107636
62.371665
47.780129
33.188592
17.166513
3.147194
-10.979962
-25.224237
-38.875000
-52.229008
-65.583015
-78.640267
-91.994275
-102.083969
-114.250954
-126.714695
-138.881679
-152.532443
-164.105916
-175.679389
-191.110687
-206.541985
-219.005725
-227.611641
-237.107824
-246.307252
-255.209924
-265.299618
-273.312023
-280.434160
-289.633588
-294.381679
-301.207061
-303.877863
-305.064885
-306.548664
-306.845420
-307.142176
-308.032443
-306.845420
-306.548664
-304.174618
-302.987595
-300.020038
-297.052481
-292.897901
-289.336832
-284.588740
-278.950382
-271.531489
-264.706107
-255.803435
-245.713740
-235.920802
-225.831107
-213.960878
-199.716603
-185.472328
-170.041031
-155.500000
-140.958969
-124.637405
-107.425573
-88.433206
-73.001908
-57.273855
-42.436069
-26.411260
-10.089695
4.577737
18.024839
32.330267
45.777369
57.793928
69.810488
82.685373
95.846366
106.718491
117.304508
129.893284
142.768169
155.356946
165.370745
177.387305
192.837167
207.142594
218.873045
228.314627
238.042318
248.056118
257.497700
265.508740
273.233671
281.530819
288.111316
296.122355
300.413983
303.847286
305.277829
306.708372
308.711132
307.566697
307.280589
307.852806
305.563937
305.563937
300.986201
299.555658
296.694572
293.547378
290.114075
285.250230
279.241950
273.805888
264.936523
256.925483
246.911684
236.897884
227.170193
215.725851
201.992640
187.401104
172.237351
156.501380
143.340386
128.176633
109.865685
93.557498
76.963201
62.085557
47.780129
31.758050
16.594296
1.430543
-10.979962
-24.927481
-39.468511
-52.229008
-66.176527
-78.937023
-91.697519
-103.864504
-114.844466
-127.604962
-140.662214
-153.422710
-163.512405
-175.976145
-192.000954
-206.245229
-218.412214
-226.721374
-236.514313
-247.791031
-256.693702
-265.893130
-272.421756
-280.434160
-289.930344
-297.942748
-301.503817
-305.064885
-305.658397
-307.142176
-306.845420
-307.735687
-307.438931
-306.845420
-305.955153
-303.284351
-302.394084
-299.723282
-296.162214
-292.601145
-288.743321
-283.995229
-278.060115
-271.531489
-263.815840
-254.913168
-246.900763
-235.030534
-225.534351
-211.883588
-200.013359
-184.582061
-169.150763
-153.422710
-139.178435
-124.340649
-106.238550
-89.026718
-73.001908
-56.383588
-41.842557
-24.630725
-8.309160
4.291628
17.738730
31.758050
44.632935
57.507820
69.810488
82.971481
94.988040
105.574057
117.304508
127.890524
141.623735
155.356946
165.656854
177.673413
191.692732
207.428703
218.586937
227.456302
238.614535
247.197792
257.211592
265.508740
273.233671
281.530819
289.255750
294.691812
300.986201
303.275069
304.419503
306.422263
305.563937
306.994480
307.566697
306.136155
306.708372
303.275069
301.844526
299.555658
295.550138
293.547378
288.397424
284.964121
278.669733
272.089236
263.505980
256.067157
246.911684
236.039558
226.025759
213.436983
201.134315
186.256670
171.951242
156.787489
143.054278
127.890524
110.437902
93.271389
78.393744
61.513339
47.494020
31.185833
16.022079
2.574977
-13.057252
-25.817748
-40.062023
-53.416031
-65.879771
-79.233779
-91.994275
-103.567748
-114.844466
-127.308206
-140.662214
-154.312977
-163.512405
-176.569656
-192.594466
-207.729008
-218.115458
-228.501908
-237.107824
-248.087786
-257.287214
-265.893130
-273.905534
-282.214695
-289.930344
-295.568702
-302.394084
-302.987595
-305.658397
-306.251908
-306.845420
-306.548664
-306.845420
-306.548664
-305.955153
-303.877863
-301.800573
-298.239504
-296.162214
-292.304389
-287.556298
-283.104962
-277.169847
-270.641221
-264.112595
-255.209924
-245.416985
-235.624046
-224.347328
-212.477099
-198.529580
-183.395038
-168.557252
-151.642176
-138.584924
-121.076336
-104.754771
-88.136450
-71.221374
-55.790076
-40.358779
-23.146947
-9.199427
5.722171
18.310948
32.044158
45.491260
58.938362
73.243790
83.543698
96.418583
107.576817
118.162833
129.893284
143.912603
156.215271
165.370745
177.673413
194.267709
208.287029
220.017479
228.028519
238.900644
248.342226
257.783809
267.225391
274.091996
282.103036
290.686293
296.122355
301.558418
302.416743
305.850046
306.708372
306.994480
307.280589
306.994480
306.708372
305.277829
303.561178
301.272309
297.839006
296.408464
291.830727
288.969641
283.247470
278.097516
271.230911
263.505980
254.922723
244.908924
235.753450
224.881325
213.436983
200.275989
185.398344
169.376265
155.070837
140.765409
124.743330
107.290708
90.982521
75.532659
59.796688
45.205152
29.755290
14.019319
-0.296756
-14.541031
-28.191794
-42.139313
-54.899809
-68.550573
-82.201336
-93.774809
-105.348282
-117.218511
-129.979008
-142.739504
-155.203244
-167.666985
-178.943702
-193.484733
-209.212786
-220.489504
-227.908397
-238.888359
-248.087786
-256.990458
-266.189885
-273.905534
-282.214695
-291.117366
-296.755725
-301.207061
-304.768130
-305.658397
-305.361641
-308.922710
-307.142176
-308.032443
-307.735687
-306.251908
-303.284351
-301.207061
-299.723282
-295.865458
-292.601145
-286.072519
