0.386882
0.459392
0.459392
0.427166
0.338543
0.225750
0.177410
0.048503
-0.015950
-0.007893
-0.032063
-0.007893
-0.080403
-0.040120
-0.048176
-0.040120
-0.056233
-0.056233
-0.040120
-0.072346
-0.056233
-0.048176
-0.048176
-0.032063
-0.056233
-0.088459
-0.048176
-0.064290
-0.032063
-0.112629
-0.040120
-0.040120
-0.032063
-0.048176
0.000164
-0.040120
-0.064290
-0.040120
-0.015950
-0.056233
-0.007893
-0.032063
-0.024006
-0.032063
-0.072346
-0.048176
-0.040120
0.000164
-0.048176
-0.007893
-0.056233
-0.048176
-0.015950
-0.024006
-0.007893
0.000164
-0.015950
0.000164
0.008220
-0.007893
0.000164
-0.056233
-0.088459
-0.273762
-0.402668
-0.434895
-0.491291
-0.386555
-0.305989
-0.257649
-0.136799
-0.072346
-0.007893
0.016277
0.056560
0.016277
0.040447
0.056560
0.016277
0.080730
0.072673
0.032390
0.088787
0.056560
0.104900
0.080730
0.080730
0.040447
0.064617
0.072673
0.024334
0.040447
0.064617
0.064617
0.032390
0.088787
0.024334
0.040447
0.032390
0.024334
0.040447
0.048503
0.024334
0.032390
0.048503
0.040447
0.008220
0.040447
0.040447
0.000164
0.024334
0.080730
0.032390
0.040447
0.016277
0.008220
0.048503
0.040447
0.024334
0.040447
0.048503
0.008220
0.016277
0.000164
-0.015950
0.000164
0.161296
0.217693
0.386882
0.443279
0.427166
0.402996
0.362712
0.217693
0.145183
0.032390
-0.072346
-0.015950
0.016277
-0.015950
0.024334
-0.056233
-0.096516
-0.024006
-0.072346
-0.040120
-0.040120
-0.040120
-0.056233
-0.040120
-0.032063
-0.072346
-0.040120
-0.080403
-0.048176
-0.096516
-0.015950
-0.056233
-0.104573
-0.040120
-0.007893
-0.056233
-0.056233
-0.048176
-0.056233
-0.024006
-0.064290
-0.024006
0.000164
-0.032063
-0.024006
-0.048176
-0.040120
0.008220
-0.024006
-0.056233
-0.015950
-0.032063
0.016277
-0.032063
0.024334
-0.015950
0.000164
-0.040120
0.016277
0.000164
0.016277
0.024334
0.000164
-0.015950
-0.136799
-0.257649
-0.386555
-0.467122
-0.434895
-0.434895
-0.322102
-0.209309
-0.120686
-0.072346
-0.007893
0.008220
0.040447
0.080730
0.048503
0.072673
0.048503
0.016277
0.048503
0.056560
0.064617
0.024334
0.064617
0.040447
0.088787
0.064617
0.056560
0.024334
0.072673
0.153240
0.104900
0.129070
0.040447
0.040447
0.040447
0.048503
0.040447
0.056560
0.008220
0.024334
0.032390
0.080730
0.040447
0.048503
0.016277
0.008220
0.032390
0.056560
0.096843
0.032390
0.024334
0.032390
0.048503
0.048503
0.056560
0.072673
0.088787
0.008220
0.008220
0.008220
0.000164
0.008220
0.000164
0.024334
0.032390
0.257976
0.378826
0.467449
0.467449
0.435222
0.338543
0.274089
0.104900
0.104900
-0.032063
-0.015950
-0.040120
-0.007893
-0.007893
-0.064290
0.000164
-0.056233
0.008220
-0.072346
-0.040120
-0.032063
-0.080403
-0.056233
-0.080403
-0.032063
-0.056233
-0.064290
-0.072346
-0.048176
-0.015950
-0.088459
-0.048176
-0.032063
-0.032063
-0.015950
-0.072346
-0.048176
-0.048176
-0.032063
-0.048176
-0.032063
-0.015950
-0.040120
-0.024006
-0.056233
-0.032063
0.016277
-0.015950
-0.088459
-0.040120
-0.015950
-0.056233
-0.015950
-0.064290
-0.064290
0.032390
0.008220
-0.040120
-0.032063
-0.040120
0.000164
-0.007893
-0.007893
-0.128743
-0.289875
-0.362385
-0.442952
-0.507405
-0.386555
-0.338215
-0.225422
-0.056233
-0.064290
0.000164
-0.040120
0.040447
0.032390
0.096843
0.056560
0.072673
0.048503
0.088787
0.088787
0.080730
0.056560
0.072673
0.032390
0.072673
0.040447
0.112957
0.008220
0.040447
0.032390
0.032390
0.040447
0.048503
0.008220
0.040447
0.048503
0.072673
0.024334
0.056560
0.032390
0.048503
0.056560
0.064617
0.000164
0.024334
0.048503
0.040447
0.056560
0.024334
0.032390
0.040447
0.040447
0.040447
0.040447
0.040447
0.016277
-0.007893
-0.032063
-0.015950
0.024334
-0.015950
0.040447
0.000164
0.000164
0.121013
0.225750
0.419109
0.427166
0.467449
0.394939
0.314373
0.201580
0.153240
0.032390
-0.040120
0.016277
-0.032063
0.000164
-0.072346
-0.040120
-0.032063
-0.048176
-0.024006
-0.064290
-0.032063
-0.088459
-0.072346
-0.048176
-0.080403
-0.080403
-0.088459
-0.104573
-0.032063
-0.048176
-0.048176
-0.048176
-0.015950
-0.040120
-0.040120
-0.072346
-0.032063
-0.088459
-0.064290
-0.040120
-0.040120
-0.048176
-0.056233
-0.040120
-0.056233
-0.056233
-0.056233
-0.032063
-0.032063
-0.056233
-0.024006
-0.088459
-0.048176
-0.048176
-0.024006
-0.024006
-0.064290
0.008220
-0.024006
0.008220
-0.040120
0.000164
0.000164
-0.007893
-0.144856
-0.273762
-0.394612
-0.499348
-0.491291
-0.426838
-0.322102
-0.225422
-0.120686
-0.048176
0.000164
0.008220
0.072673
0.040447
0.016277
0.088787
0.024334
0.040447
0.048503
0.096843
0.016277
0.048503
0.088787
0.040447
0.056560
0.096843
0.040447
0.032390
0.104900
0.040447
0.064617
0.000164
0.080730
0.056560
0.072673
0.064617
0.032390
0.056560
0.040447
0.040447
0.072673
0.056560
0.000164
0.040447
0.024334
0.016277
0.040447
0.040447
0.024334
0.024334
0.024334
0.056560
0.064617
0.048503
0.056560
0.016277
0.016277
0.024334
0.000164
0.040447
0.032390
0.032390
0.008220
-0.015950
0.121013
0.257976
0.394939
0.475505
0.443279
0.386882
0.322429
0.233806
0.129070
0.048503
-0.015950
-0.024006
-0.048176
-0.040120
-0.072346
-0.024006
-0.040120
-0.048176
-0.040120
-0.080403
-0.024006
-0.064290
-0.072346
-0.048176
-0.040120
-0.072346
-0.088459
-0.096516
-0.032063
-0.072346
-0.040120
-0.048176
-0.056233
-0.072346
-0.032063
-0.024006
-0.088459
-0.024006
-0.040120
-0.064290
-0.040120
-0.072346
-0.056233
-0.048176
-0.048176
-0.048176
-0.024006
-0.015950
-0.072346
-0.007893
-0.024006
-0.072346
-0.007893
-0.032063
-0.015950
-0.032063
-0.024006
0.008220
-0.040120
0.000164
0.024334
0.016277
0.008220
-0.024006
-0.128743
-0.289875
-0.402668
-0.507405
-0.451008
-0.386555
-0.297932
-0.257649
-0.136799
-0.064290
-0.007893
0.000164
0.024334
0.072673
0.024334
0.032390
0.016277
0.008220
0.080730
0.080730
0.096843
0.024334
0.016277
0.032390
0.064617
0.088787
0.072673
0.096843
0.088787
0.088787
0.040447
0.048503
0.040447
0.032390
0.072673
0.064617
0.048503
0.048503
0.024334
0.040447
0.024334
0.000164
0.016277
0.064617
0.064617
0.024334
0.032390
0.048503
0.016277
0.000164
0.040447
0.048503
0.088787
0.064617
0.024334
0.032390
0.024334
0.000164
0.024334
0.032390
-0.040120
0.040447
0.008220
-0.032063
0.096843
0.298259
0.394939
0.491619
0.411052
0.435222
0.338543
0.233806
0.137127
0.048503
0.016277
-0.024006
-0.032063
-0.040120
-0.056233
0.000164
-0.007893
-0.015950
-0.064290
-0.024006
-0.104573
-0.056233
-0.040120
-0.064290
-0.032063
-0.024006
-0.048176
-0.064290
-0.072346
-0.064290
-0.064290
-0.048176
-0.056233
-0.072346
-0.040120
-0.032063
-0.048176
-0.048176
-0.024006
-0.056233
-0.040120
-0.048176
-0.040120
-0.015950
-0.024006
0.000164
-0.056233
-0.024006
-0.048176
-0.032063
0.000164
-0.024006
-0.032063
-0.032063
-0.040120
-0.015950
-0.040120
-0.056233
0.008220
-0.015950
0.008220
0.008220
0.008220
-0.024006
-0.177082
-0.314045
-0.418782
-0.491291
-0.491291
-0.418782
-0.346272
-0.217366
-0.072346
-0.015950
-0.015950
0.024334
0.032390
0.056560
0.024334
0.056560
0.064617
0.080730
0.080730
0.064617
0.048503
0.072673
0.056560
0.080730
0.072673
0.088787
0.080730
0.096843
0.088787
0.080730
0.056560
0.048503
0.056560
0.040447
0.040447
0.016277
0.056560
0.088787
0.032390
0.056560
0.064617
0.056560
0.056560
0.064617
0.064617
0.032390
0.032390
0.016277
0.040447
0.040447
0.040447
0.032390
0.072673
0.072673
0.040447
0.008220
-0.007893
0.024334
0.016277
0.032390
-0.032063
-0.024006
0.032390
0.040447
0.145183
0.298259
0.435222
0.483562
0.451335
0.394939
0.322429
0.241863
0.153240
0.032390
-0.024006
0.008220
0.000164
-0.015950
-0.080403
-0.024006
-0.024006
-0.024006
-0.072346
-0.032063
-0.040120
-0.064290
-0.048176
-0.088459
-0.032063
-0.056233
-0.080403
-0.024006
-0.088459
-0.056233
-0.104573
-0.056233
-0.064290
-0.048176
-0.056233
-0.072346
-0.024006
-0.056233
0.008220
0.016277
-0.048176
0.000164
-0.048176
-0.048176
-0.015950
-0.048176
0.000164
-0.032063
-0.032063
-0.007893
-0.056233
-0.048176
0.016277
-0.015950
-0.024006
-0.024006
-0.024006
-0.015950
0.024334
-0.040120
0.008220
-0.024006
0.016277
0.016277
-0.088459
-0.281819
-0.362385
-0.491291
-0.434895
-0.426838
-0.297932
-0.225422
-0.104573
-0.040120
0.016277
0.032390
0.048503
0.048503
0.056560
0.072673
0.040447
0.032390
0.104900
0.032390
0.064617
0.048503
0.048503
0.056560
0.056560
0.056560
0.129070
0.080730
0.088787
0.104900
0.088787
0.064617
0.080730
0.064617
0.072673
0.040447
0.064617
0.064617
0.032390
0.032390
0.056560
0.024334
0.024334
0.032390
0.056560
0.072673
0.064617
0.048503
0.008220
0.048503
0.040447
0.032390
0.016277
0.064617
0.056560
0.040447
0.048503
0.040447
0.032390
0.032390
0.008220
0.032390
-0.007893
0.024334
0.137127
0.306316
0.427166
0.467449
0.515789
0.394939
0.330486
0.225750
0.137127
0.016277
0.000164
-0.015950
0.000164
0.048503
-0.040120
-0.024006
-0.048176
-0.040120
-0.024006
-0.032063
-0.056233
-0.048176
-0.048176
-0.056233
-0.048176
-0.072346
-0.056233
-0.032063
-0.007893
0.008220
-0.040120
-0.007893
-0.015950
-0.048176
-0.032063
-0.056233
-0.056233
-0.007893
0.000164
-0.007893
-0.007893
0.000164
-0.040120
-0.024006
-0.048176
-0.056233
-0.048176
-0.024006
-0.007893
-0.032063
-0.056233
-0.056233
-0.032063
-0.048176
-0.056233
0.000164
0.016277
0.016277
0.000164
0.016277
0.000164
-0.024006
-0.024006
-0.040120
-0.088459
-0.281819
-0.370442
-0.475178
-0.483235
-0.402668
-0.297932
-0.201252
-0.088459
-0.088459
0.000164
0.024334
0.024334
0.040447
0.016277
0.048503
0.056560
0.056560
0.040447
0.080730
0.016277
0.032390
0.040447
0.016277
0.072673
0.056560
0.072673
0.032390
0.032390
0.048503
0.104900
0.048503
0.072673
0.088787
0.080730
0.008220
0.024334
0.064617
0.064617
0.064617
0.072673
0.056560
0.032390
0.072673
0.008220
0.008220
-0.007893
0.040447
0.048503
0.032390
0.080730
0.137127
0.121013
0.064617
0.040447
0.048503
0.032390
0.008220
-0.024006
0.032390
-0.015950
0.008220
-0.024006
0.016277
0.161296
0.290203
0.451335
0.475505
0.459392
0.419109
0.322429
0.225750
0.088787
0.048503
0.000164
0.024334
0.056560
0.008220
0.000164
-0.056233
-0.040120
-0.064290
-0.064290
-0.048176
-0.048176
-0.015950
-0.056233
-0.056233
-0.056233
-0.072346
-0.072346
-0.072346
-0.048176
-0.072346
-0.040120
-0.040120
-0.007893
-0.007893
-0.064290
-0.064290
-0.056233
-0.024006
0.016277
-0.024006
-0.056233
0.008220
-0.056233
-0.064290
-0.015950
-0.064290
-0.024006
-0.040120
-0.072346
-0.032063
-0.032063
-0.007893
0.000164
-0.007893
-0.032063
0.008220
0.000164
0.016277
-0.015950
0.008220
0.000164
-0.015950
0.016277
-0.032063
-0.128743
-0.257649
-0.386555
-0.426838
-0.434895
-0.386555
-0.281819
-0.233479
-0.136799
-0.064290
0.016277
0.016277
0.072673
0.032390
0.088787
0.080730
0.104900
0.080730
0.040447
0.032390
0.080730
0.072673
0.064617
0.072673
0.104900
0.145183
0.072673
0.121013
0.048503
0.048503
0.080730
0.048503
0.032390
0.064617
0.048503
0.064617
0.088787
0.024334
0.072673
0.072673
0.080730
0.024334
0.096843
0.048503
0.080730
0.008220
0.016277
0.048503
0.008220
0.048503
0.096843
0.096843
0.112957
0.032390
0.056560
0.000164
0.008220
0.064617
0.016277
0.032390
0.000164
0.000164
-0.015950
0.032390
0.145183
0.282146
0.411052
0.475505
0.491619
0.427166
0.338543
0.233806
0.145183
0.024334
-0.007893
0.032390
0.072673
0.048503
0.048503
0.032390
-0.015950
-0.032063
-0.064290
-0.056233
-0.072346
-0.048176
-0.080403
-0.048176
-0.088459
-0.072346
-0.104573
-0.056233
-0.056233
-0.056233
-0.064290
-0.056233
-0.056233
-0.064290
-0.088459
-0.048176
-0.056233
-0.024006
-0.064290
-0.048176
-0.056233
-0.032063
0.000164
-0.048176
-0.040120
-0.024006
-0.040120
-0.048176
-0.007893
-0.024006
-0.064290
-0.096516
-0.015950
-0.056233
-0.080403
0.000164
0.000164
-0.040120
-0.015950
-0.040120
-0.015950
-0.015950
0.000164
-0.024006
-0.144856
-0.322102
-0.418782
-0.499348
-0.426838
-0.370442
-0.297932
-0.209309
-0.104573
-0.064290
-0.024006
-0.007893
0.040447
0.008220
0.072673
0.016277
0.048503
0.048503
0.024334
0.008220
0.048503
0.080730
0.016277
0.032390
0.104900
0.024334
0.024334
0.080730
0.072673
0.064617
0.056560
0.040447
0.056560
0.032390
0.096843
0.056560
0.080730
0.040447
0.048503
0.056560
0.056560
0.040447
0.056560
0.040447
0.080730
0.000164
0.016277
0.056560
0.000164
0.056560
0.024334
0.032390
0.040447
0.024334
0.016277
0.024334
0.032390
-0.007893
0.048503
0.016277
0.008220
-0.007893
0.008220
0.016277
0.145183
0.282146
0.419109
0.459392
0.394939
0.411052
0.322429
0.185466
0.112957
0.008220
-0.015950
-0.048176
-0.040120
-0.072346
-0.072346
-0.056233
-0.040120
-0.080403
-0.040120
-0.048176
-0.032063
-0.048176
-0.048176
-0.072346
-0.048176
-0.072346
-0.056233
-0.040120
-0.088459
-0.088459
-0.048176
-0.080403
-0.032063
-0.080403
-0.048176
-0.040120
-0.072346
-0.040120
-0.056233
-0.056233
-0.040120
-0.064290
-0.040120
-0.015950
-0.040120
-0.032063
-0.040120
-0.015950
-0.040120
-0.032063
0.000164
-0.064290
-0.032063
-0.032063
-0.032063
-0.032063
-0.056233
-0.015950
-0.007893
-0.056233
-0.024006
0.008220
-0.015950
-0.032063
-0.144856
-0.330159
-0.426838
-0.483235
-0.467122
-0.378498
-0.314045
-0.217366
-0.080403
-0.056233
-0.032063
0.048503
0.008220
0.024334
0.080730
0.016277
0.040447
0.032390
0.072673
0.016277
0.056560
0.072673
0.024334
0.088787
0.032390
0.072673
0.032390
0.048503
0.080730
0.024334
0.032390
0.040447
0.016277
0.040447
0.040447
0.048503
0.040447
0.064617
0.024334
0.032390
0.040447
0.040447
0.040447
0.024334
0.056560
0.072673
0.048503
0.032390
0.048503
0.048503
0.032390
-0.007893
0.040447
0.040447
-0.024006
-0.024006
0.008220
-0.007893
-0.007893
0.032390
0.008220
-0.015950
0.024334
0.016277
0.129070
0.282146
0.402996
0.394939
0.435222
0.394939
0.330486
0.217693
0.145183
0.072673
-0.064290
-0.015950
-0.024006
-0.064290
-0.007893
-0.088459
-0.056233
0.000164
-0.072346
-0.088459
-0.024006
-0.056233
-0.080403
-0.096516
-0.024006
-0.088459
-0.104573
-0.040120
-0.080403
-0.040120
-0.056233
-0.056233
-0.048176
-0.040120
-0.056233
-0.056233
-0.048176
-0.048176
-0.032063
-0.024006
-0.056233
-0.072346
-0.064290
-0.015950
-0.040120
-0.040120
-0.007893
-0.032063
-0.048176
-0.048176
-0.056233
-0.064290
-0.024006
-0.024006
-0.015950
-0.056233
0.008220
-0.007893
-0.024006
0.000164
-0.015950
-0.007893
0.040447
-0.024006
-0.185139
-0.305989
-0.475178
-0.499348
-0.467122
-0.426838
-0.273762
-0.225422
-0.096516
-0.072346
0.032390
0.040447
0.024334
0.080730
0.008220
0.048503
0.016277
0.040447
0.032390
0.032390
0.056560
0.048503
0.064617
0.008220
0.048503
0.072673
0.056560
0.016277
0.008220
0.048503
0.040447
0.072673
0.048503
0.024334
0.056560
0.024334
0.048503
0.040447
0.008220
0.040447
0.016277
0.024334
0.024334
0.024334
0.048503
-0.007893
0.056560
0.024334
0.056560
0.048503
0.032390
0.024334
0.000164
0.048503
0.008220
0.016277
0.008220
0.000164
0.000164
0.016277
0.040447
-0.015950
-0.015950
0.032390
0.137127
0.257976
0.419109
0.451335
0.435222
0.394939
0.298259
0.217693
0.112957
0.080730
-0.007893
-0.040120
-0.048176
-0.048176
-0.088459
-0.024006
-0.048176
-0.056233
-0.072346
-0.024006
-0.048176
-0.048176
-0.015950
-0.080403
-0.064290
-0.040120
-0.048176
-0.040120
-0.056233
-0.072346
-0.064290
-0.032063
-0.064290
-0.096516
-0.048176
-0.056233
-0.056233
-0.048176
-0.072346
-0.056233
-0.032063
-0.040120
-0.080403
-0.056233
-0.056233
-0.064290
-0.007893
-0.048176
-0.064290
-0.048176
-0.040120
-0.056233
-0.032063
-0.064290
-0.015950
-0.024006
-0.056233
-0.048176
-0.007893
0.032390
-0.007893
-0.024006
0.024334
-0.007893
-0.152913
-0.314045
-0.434895
-0.483235
-0.434895
-0.426838
-0.289875
-0.201252
-0.096516
-0.032063
0.024334
0.024334
0.056560
0.048503
0.016277
0.048503
0.064617
0.048503
0.024334
0.056560
0.032390
0.048503
0.064617
0.072673
0.072673
0.048503
0.064617
0.056560
0.032390
0.032390
0.072673
0.048503
0.032390
0.064617
0.024334
0.064617
0.064617
0.024334
0.032390
0.056560
0.008220
0.032390
0.024334
0.104900
0.008220
0.016277
0.032390
0.024334
0.032390
0.024334
0.080730
0.016277
0.048503
0.040447
0.024334
-0.007893
-0.007893
0.016277
0.000164
0.064617
0.000164
0.008220
0.040447
-0.007893
0.161296
0.314373
0.443279
0.467449
0.491619
0.394939
0.306316
0.249919
0.104900
0.024334
-0.024006
-0.015950
-0.015950
-0.056233
-0.015950
-0.064290
-0.015950
-0.024006
-0.048176
-0.072346
-0.048176
-0.015950
-0.064290
-0.056233
-0.048176
-0.072346
-0.080403
-0.072346
-0.040120
-0.056233
-0.048176
-0.015950
-0.064290
-0.040120
-0.064290
-0.048176
-0.056233
-0.040120
-0.015950
-0.064290
-0.112629
-0.040120
-0.056233
-0.024006
-0.064290
-0.048176
-0.040120
-0.056233
-0.056233
0.000164
-0.072346
-0.048176
-0.015950
-0.048176
-0.040120
0.016277
-0.040120
-0.024006
-0.015950
-0.015950
-0.007893
-0.032063
0.024334
-0.072346
-0.144856
-0.297932
-0.434895
-0.467122
-0.491291
-0.394612
-0.338215
-0.209309
-0.112629
-0.064290
0.000164
0.008220
-0.007893
0.032390
0.056560
-0.015950
0.024334
0.064617
0.024334
0.048503
0.032390
0.072673
0.096843
0.072673
0.040447
0.072673
0.032390
0.048503
0.080730
0.040447
0.048503
0.024334
0.040447
0.024334
0.040447
0.048503
0.040447
0.008220
0.024334
0.040447
0.056560
0.024334
0.008220
0.032390
0.024334
0.040447
-0.007893
0.040447
0.024334
0.040447
0.064617
0.008220
0.064617
0.000164
0.000164
0.000164
0.008220
0.088787
0.016277
-0.015950
0.000164
0.032390
-0.007893
0.064617
0.201580
0.330486
0.475505
0.475505
0.475505
0.362712
0.306316
0.193523
0.096843
0.032390
0.000164
-0.024006
-0.032063
-0.064290
-0.024006
-0.048176
-0.056233
-0.088459
-0.040120
-0.096516
-0.064290
-0.048176
-0.080403
-0.072346
-0.064290
-0.080403
-0.056233
-0.056233
-0.040120
-0.056233
-0.080403
-0.048176
-0.048176
-0.040120
-0.104573
-0.032063
-0.080403
-0.048176
-0.024006
-0.015950
-0.015950
-0.032063
-0.048176
-0.048176
-0.015950
-0.024006
-0.080403
-0.032063
-0.056233
-0.032063
0.000164
-0.064290
-0.032063
-0.007893
-0.048176
-0.015950
-0.040120
-0.015950
-0.015950
-0.007893
-0.015950
-0.015950
0.016277
-0.015950
-0.169026
-0.314045
-0.426838
-0.459065
-0.459065
-0.346272
-0.281819
-0.233479
-0.112629
-0.040120
-0.032063
0.008220
0.032390
0.008220
0.040447
0.016277
0.032390
0.096843
0.040447
0.048503
0.040447
0.072673
0.056560
0.064617
0.040447
0.064617
0.064617
0.016277
0.088787
0.064617
0.056560
0.072673
0.048503
0.024334
0.080730
0.072673
0.048503
0.048503
0.016277
0.048503
0.040447
0.032390
0.040447
0.040447
0.032390
0.000164
0.032390
0.040447
0.032390
0.040447
0.008220
0.032390
0.064617
0.040447
0.016277
0.016277
-0.024006
0.016277
0.000164
0.032390
0.000164
-0.007893
-0.024006
0.008220
0.161296
0.257976
0.411052
0.443279
0.475505
0.419109
0.298259
0.193523
0.137127
0.000164
0.032390
0.000164
-0.048176
-0.056233
-0.048176
-0.080403
-0.056233
-0.048176
-0.064290
-0.048176
-0.072346
-0.072346
-0.032063
-0.072346
-0.064290
-0.088459
-0.072346
-0.056233
-0.056233
-0.072346
-0.064290
-0.032063
-0.032063
-0.056233
-0.032063
-0.048176
-0.080403
-0.032063
-0.056233
-0.088459
-0.015950
-0.048176
-0.024006
-0.040120
-0.032063
-0.024006
-0.056233
-0.064290
-0.040120
-0.072346
-0.056233
-0.080403
0.008220
-0.015950
-0.007893
-0.007893
-0.032063
-0.024006
-0.024006
-0.024006
-0.015950
-0.007893
-0.007893
-0.007893
-0.169026
-0.289875
-0.459065
-0.451008
-0.459065
-0.394612
-0.289875
-0.217366
-0.080403
-0.007893
-0.024006
0.048503
0.008220
0.032390
0.064617
0.040447
0.048503
0.040447
0.072673
0.064617
0.064617
0.096843
0.080730
0.040447
0.056560
0.072673
0.024334
0.048503
0.040447
0.056560
0.088787
0.040447
0.040447
0.040447
0.056560
0.048503
0.048503
0.056560
-0.007893
0.040447
0.000164
0.032390
0.024334
0.024334
0.032390
0.040447
0.040447
-0.015950
0.032390
0.016277
0.008220
0.024334
0.008220
0.024334
0.000164
0.024334
-0.007893
0.024334
0.008220
0.008220
-0.040120
0.000164
-0.007893
0.056560
0.145183
0.298259
0.411052
0.499675
0.459392
0.402996
0.322429
0.209636
0.096843
0.040447
0.000164
-0.032063
0.008220
-0.024006
-0.056233
-0.040120
-0.104573
-0.015950
-0.056233
-0.064290
-0.056233
-0.048176
-0.048176
-0.056233
-0.032063
-0.064290
-0.072346
-0.064290
-0.072346
-0.040120
-0.048176
-0.088459
-0.032063
-0.048176
-0.080403
-0.048176
-0.072346
-0.056233
-0.072346
0.008220
-0.096516
0.000164
-0.056233
-0.048176
-0.040120
-0.072346
-0.024006
-0.056233
-0.024006
-0.064290
-0.056233
-0.032063
-0.015950
-0.007893
-0.032063
-0.024006
-0.015950
-0.024006
0.016277
-0.015950
-0.024006
0.024334
-0.007893
-0.056233
-0.144856
-0.322102
-0.442952
-0.442952
-0.442952
-0.394612
-0.265706
-0.209309
-0.056233
-0.056233
0.000164
0.000164
0.056560
0.048503
0.040447
0.032390
0.032390
0.040447
0.088787
0.024334
0.088787
0.064617
0.048503
0.056560
0.072673
0.024334
0.064617
0.080730
0.056560
0.056560
0.024334
0.024334
0.024334
0.056560
0.080730
0.048503
0.032390
0.056560
0.040447
0.008220
0.048503
0.024334
0.032390
0.024334
-0.007893
0.040447
0.032390
0.024334
0.040447
0.024334
0.008220
0.008220
0.048503
0.000164
0.000164
0.040447
-0.007893
-0.015950
-0.007893
0.000164
-0.007893
0.024334
-0.015950
0.056560
0.153240
0.314373
0.459392
0.483562
0.491619
0.402996
0.314373
0.217693
0.088787
0.072673
-0.024006
-0.015950
-0.056233
-0.048176
-0.056233
-0.072346
-0.048176
-0.072346
-0.048176
-0.072346
-0.056233
-0.088459
-0.056233
-0.048176
-0.032063
-0.064290
-0.104573
-0.088459
-0.064290
-0.015950
-0.056233
-0.040120
-0.032063
-0.104573
-0.032063
-0.056233
-0.040120
-0.048176
-0.040120
-0.064290
-0.064290
-0.024006
0.008220
-0.056233
-0.007893
-0.015950
-0.007893
-0.056233
-0.032063
-0.015950
-0.048176
-0.040120
-0.040120
-0.048176
-0.080403
0.000164
0.008220
-0.080403
0.000164
-0.040120
-0.024006
-0.007893
-0.032063
-0.072346
-0.128743
-0.297932
-0.434895
-0.442952
-0.459065
-0.378498
-0.289875
-0.185139
-0.112629
-0.015950
0.016277
0.040447
0.024334
0.040447
0.048503
0.008220
0.064617
0.040447
0.040447
0.024334
0.064617
0.072673
0.072673
0.040447
0.048503
0.064617
0.040447
0.064617
0.000164
0.072673
0.064617
0.032390
0.064617
0.056560
0.024334
0.072673
0.064617
0.056560
0.040447
0.024334
0.024334
0.040447
0.008220
0.056560
0.048503
0.016277
0.040447
0.048503
0.064617
0.008220
0.040447
0.032390
0.064617
0.000164
0.008220
0.016277
0.040447
0.056560
0.064617
0.016277
-0.007893
-0.032063
-0.015950
0.016277
0.169353
0.330486
0.459392
0.491619
0.459392
0.362712
0.290203
0.193523
0.145183
0.024334
0.016277
-0.032063
-0.032063
-0.048176
-0.032063
-0.048176
-0.072346
-0.015950
-0.072346
-0.072346
-0.040120
-0.072346
-0.048176
-0.088459
-0.072346
-0.080403
-0.064290
-0.072346
-0.048176
-0.064290
-0.056233
-0.056233
-0.096516
-0.088459
-0.048176
-0.032063
-0.080403
-0.032063
-0.056233
-0.048176
-0.032063
-0.024006
-0.056233
-0.024006
-0.056233
-0.088459
0.000164
-0.040120
-0.032063
-0.024006
-0.048176
0.016277
-0.056233
-0.032063
-0.024006
-0.032063
-0.032063
-0.015950
0.000164
-0.015950
-0.015950
-0.024006
-0.024006
-0.064290
-0.160969
-0.305989
-0.426838
-0.434895
-0.434895
-0.386555
-0.241536
-0.209309
-0.112629
-0.015950
0.008220
0.016277
0.008220
0.016277
0.056560
0.040447
0.040447
0.080730
0.024334
0.064617
0.056560
0.048503
0.032390
0.032390
0.032390
0.056560
0.064617
0.024334
0.064617
0.056560
0.048503
0.040447
0.040447
0.024334
0.048503
0.064617
0.024334
0.008220
0.016277
0.008220
0.032390
0.056560
0.016277
0.032390
0.032390
0.040447
0.016277
0.024334
0.048503
0.056560
0.040447
0.016277
0.016277
0.024334
0.024334
0.032390
-0.024006
0.024334
0.008220
0.008220
0.000164
0.016277
-0.015950
0.048503
0.145183
0.346599
0.435222
0.499675
0.475505
0.338543
0.298259
0.193523
0.056560
0.032390
0.008220
-0.048176
-0.007893
-0.064290
-0.040120
-0.048176
-0.056233
-0.032063
-0.064290
-0.064290
-0.080403
-0.056233
-0.072346
-0.072346
-0.040120
-0.048176
-0.072346
-0.056233
-0.056233
-0.024006
-0.048176
-0.096516
-0.040120
-0.080403
-0.080403
-0.064290
-0.088459
-0.040120
-0.080403
-0.064290
-0.032063
-0.048176
-0.088459
-0.048176
0.000164
-0.007893
-0.032063
-0.064290
-0.007893
-0.032063
-0.032063
-0.056233
-0.040120
-0.024006
-0.064290
-0.032063
-0.024006
-0.007893
0.024334
0.032390
-0.032063
0.016277
0.000164
-0.040120
-0.169026
-0.346272
-0.467122
-0.507405
-0.410725
-0.402668
-0.257649
-0.169026
-0.072346
-0.024006
0.000164
0.080730
0.032390
0.048503
0.040447
0.000164
0.000164
0.040447
0.032390
0.016277
0.024334
0.112957
0.040447
0.056560
0.080730
0.056560
0.040447
-0.015950
0.088787
0.000164
0.056560
0.064617
0.040447
0.040447
0.048503
0.016277
0.080730
0.024334
0.088787
-0.007893
0.016277
0.064617
0.048503
0.032390
0.032390
0.080730
0.016277
0.008220
0.024334
0.040447
0.000164
0.000164
0.048503
0.048503
0.024334
0.000164
0.016277
0.024334
-0.007893
0.000164
-0.015950
-0.007893
0.000164
0.048503
0.233806
0.322429
0.451335
0.459392
0.435222
0.402996
0.314373
0.193523
0.096843
0.032390
0.032390
-0.024006
-0.056233
-0.032063
-0.088459
-0.056233
-0.080403
-0.007893
-0.048176
-0.064290
-0.056233
-0.056233
-0.072346
-0.072346
-0.048176
-0.080403
-0.056233
-0.080403
-0.072346
-0.072346
-0.032063
-0.072346
-0.080403
-0.056233
-0.032063
-0.072346
-0.048176
-0.048176
-0.032063
-0.048176
-0.064290
-0.080403
-0.072346
-0.056233
-0.048176
-0.048176
-0.040120
-0.032063
-0.056233
-0.040120
-0.080403
-0.048176
-0.015950
-0.032063
-0.040120
-0.032063
-0.015950
-0.024006
-0.007893
-0.024006
-0.024006
-0.032063
-0.040120
-0.007893
-0.201252
-0.281819
-0.434895
-0.459065
-0.442952
-0.386555
-0.249592
-0.185139
-0.120686
-0.024006
-0.007893
0.040447
0.008220
0.032390
0.032390
0.032390
0.048503
0.080730
0.032390
0.040447
0.040447
0.040447
0.048503
0.080730
0.032390
0.000164
0.080730
0.040447
0.072673
0.016277
0.040447
0.048503
0.032390
0.048503
0.064617
0.048503
0.040447
0.000164
0.040447
0.016277
0.072673
0.016277
0.064617
0.024334
0.000164
0.016277
0.048503
0.064617
0.000164
0.040447
0.016277
0.016277
0.008220
-0.007893
0.024334
0.000164
0.008220
0.024334
-0.007893
0.024334
0.000164
-0.015950
-0.007893
0.008220
0.201580
0.282146
0.451335
0.499675
0.475505
0.370769
0.306316
0.217693
0.112957
0.032390
0.008220
0.000164
-0.064290
-0.056233
-0.056233
-0.032063
-0.048176
-0.032063
-0.056233
-0.096516
-0.040120
-0.056233
-0.104573
-0.072346
-0.032063
-0.088459
-0.088459
-0.048176
-0.056233
-0.032063
-0.048176
-0.096516
-0.056233
-0.056233
-0.048176
-0.096516
-0.072346
-0.015950
-0.064290
-0.032063
-0.056233
-0.048176
-0.015950
-0.064290
-0.024006
-0.064290
-0.024006
-0.048176
-0.056233
-0.015950
-0.048176
-0.064290
0.008220
-0.015950
-0.024006
-0.032063
-0.040120
0.032390
-0.048176
-0.032063
0.008220
-0.015950
-0.015950
-0.064290
-0.152913
-0.289875
-0.434895
-0.426838
-0.442952
-0.354329
-0.281819
-0.177082
-0.056233
-0.024006
0.008220
0.040447
0.016277
0.008220
0.016277
0.080730
0.008220
0.032390
0.056560
0.016277
0.056560
0.040447
0.048503
0.048503
0.040447
0.056560
0.080730
0.040447
0.056560
0.040447
0.016277
0.080730
0.024334
0.088787
0.040447
0.088787
0.032390
0.024334
0.024334
0.096843
-0.007893
0.032390
0.032390
0.016277
0.056560
0.000164
0.048503
0.016277
0.016277
0.056560
0.048503
0.016277
0.016277
0.016277
0.072673
-0.007893
0.008220
0.024334
0.000164
0.048503
0.048503
0.024334
-0.015950
0.056560
0.209636
0.322429
0.459392
0.467449
0.475505
0.378826
0.330486
0.225750
0.129070
0.008220
0.016277
-0.024006
-0.056233
-0.032063
-0.048176
-0.048176
-0.064290
-0.056233
-0.048176
-0.056233
-0.072346
-0.072346
-0.024006
-0.072346
-0.064290
-0.048176
-0.064290
-0.064290
-0.104573
-0.032063
-0.064290
-0.032063
-0.048176
-0.064290
-0.015950
-0.040120
-0.032063
-0.032063
-0.064290
-0.072346
-0.007893
-0.015950
-0.024006
-0.032063
-0.112629
-0.040120
-0.032063
-0.064290
-0.040120
-0.064290
-0.064290
-0.024006
-0.032063
-0.015950
-0.048176
-0.007893
-0.032063
-0.015950
-0.007893
-0.040120
-0.040120
-0.015950
0.016277
-0.048176
-0.177082
-0.378498
-0.459065
-0.483235
-0.434895
-0.338215
-0.265706
-0.160969
-0.024006
-0.056233
0.008220
0.040447
0.016277
0.008220
0.048503
0.032390
0.024334
0.040447
0.032390
0.064617
0.032390
0.032390
0.024334
0.048503
0.072673
0.088787
0.072673
0.040447
0.008220
0.064617
0.072673
0.040447
0.064617
0.056560
0.064617
0.056560
0.056560
0.032390
0.040447
0.024334
0.056560
0.048503
0.048503
0.056560
0.016277
0.016277
0.016277
0.024334
0.016277
0.040447
0.008220
0.024334
0.008220
0.024334
0.008220
0.008220
0.048503
0.040447
-0.040120
-0.007893
0.024334
-0.007893
0.000164
0.064617
0.177410
0.330486
