0.243546
0.219376
0.130753
0.082413
0.009903
-0.038437
-0.014267
-0.054550
-0.046493
-0.070663
-0.030380
-0.030380
-0.014267
0.009903
0.026017
-0.006210
-0.014267
-0.038437
-0.054550
-0.030380
-0.038437
-0.046493
-0.030380
-0.038437
-0.078720
-0.094833
-0.070663
-0.022323
0.017960
-0.014267
0.058243
-0.030380
-0.038437
-0.078720
-0.054550
-0.062606
-0.030380
-0.030380
-0.086776
-0.078720
-0.046493
-0.014267
-0.022323
-0.022323
-0.022323
-0.102890
-0.006210
-0.070663
-0.014267
0.009903
-0.006210
0.058243
0.001847
-0.006210
-0.054550
-0.014267
-0.054550
0.001847
0.090470
0.058243
0.017960
0.001847
-0.119003
-0.183456
-0.231796
-0.199569
-0.078720
-0.054550
0.050186
0.058243
0.034073
0.034073
0.017960
0.034073
0.122696
0.098526
0.050186
0.090470
0.042130
0.090470
0.050186
0.017960
0.050186
0.074356
0.026017
0.106583
0.082413
0.138810
0.138810
0.074356
0.042130
0.009903
0.050186
0.058243
0.034073
0.042130
0.082413
0.074356
0.090470
0.082413
0.034073
-0.006210
0.017960
0.074356
0.082413
0.122696
0.098526
0.114640
0.074356
0.034073
0.017960
-0.014267
0.042130
0.009903
0.026017
0.074356
0.058243
0.066300
-0.014267
0.026017
0.009903
0.009903
0.009903
-0.014267
0.001847
0.050186
0.106583
0.162979
0.203263
0.243546
0.187149
0.114640
0.017960
0.058243
0.026017
-0.014267
-0.062606
-0.006210
-0.046493
-0.046493
-0.102890
-0.038437
-0.078720
-0.054550
-0.038437
-0.030380
-0.022323
-0.046493
-0.094833
-0.110946
-0.046493
-0.054550
-0.070663
-0.030380
-0.054550
-0.054550
-0.038437
-0.078720
-0.102890
-0.062606
-0.030380
0.009903
-0.038437
0.001847
0.009903
0.017960
0.026017
-0.006210
-0.054550
-0.062606
-0.070663
-0.046493
-0.006210
0.017960
0.026017
0.026017
-0.046493
0.001847
-0.046493
0.009903
-0.030380
-0.014267
0.017960
-0.022323
0.026017
0.017960
-0.006210
-0.006210
0.034073
-0.006210
-0.062606
-0.127060
-0.110946
-0.175399
-0.110946
-0.094833
-0.070663
0.009903
0.050186
0.082413
0.034073
0.001847
0.074356
0.122696
0.050186
0.009903
0.026017
0.034073
0.082413
0.009903
0.114640
0.074356
0.026017
0.042130
0.034073
0.026017
-0.006210
0.026017
0.050186
0.050186
0.090470
0.106583
0.074356
0.050186
0.042130
0.017960
0.026017
0.017960
0.017960
0.058243
0.042130
0.066300
0.098526
0.001847
0.034073
0.026017
0.058243
0.042130
0.058243
0.026017
0.001847
0.050186
0.009903
0.009903
0.034073
0.098526
0.026017
0.034073
0.017960
0.026017
-0.022323
-0.022323
-0.054550
0.034073
0.106583
0.138810
0.251603
0.154923
0.171036
0.074356
0.066300
0.001847
-0.014267
-0.046493
-0.070663
-0.062606
-0.078720
0.001847
-0.078720
-0.070663
-0.062606
-0.094833
-0.030380
0.009903
-0.006210
-0.022323
-0.038437
-0.046493
-0.094833
-0.062606
-0.038437
-0.046493
0.042130
0.026017
0.017960
-0.054550
-0.062606
-0.070663
-0.054550
-0.110946
0.001847
0.001847
-0.062606
-0.046493
-0.022323
-0.030380
0.009903
-0.046493
-0.062606
-0.030380
-0.022323
-0.062606
-0.022323
0.042130
0.042130
-0.014267
0.009903
0.009903
-0.006210
-0.030380
-0.062606
0.009903
0.034073
0.017960
0.017960
0.017960
0.009903
-0.062606
-0.062606
-0.167343
-0.102890
-0.094833
-0.102890
-0.078720
-0.006210
-0.014267
-0.014267
0.034073
0.058243
0.154923
0.090470
0.074356
0.066300
0.026017
0.026017
0.001847
0.066300
0.122696
0.066300
0.050186
0.090470
0.066300
0.082413
0.042130
0.009903
0.058243
0.050186
0.066300
0.066300
0.106583
0.114640
0.082413
0.074356
0.090470
0.017960
0.026017
0.042130
0.066300
0.114640
0.074356
0.090470
0.082413
0.050186
0.034073
0.026017
0.050186
0.114640
0.146866
0.066300
0.017960
0.034073
-0.030380
0.034073
-0.006210
0.050186
0.001847
0.009903
0.034073
0.001847
-0.006210
-0.014267
0.009903
0.106583
0.171036
0.211319
0.171036
0.162979
0.195206
0.082413
-0.030380
-0.006210
-0.046493
-0.054550
-0.022323
-0.062606
0.026017
0.001847
-0.046493
-0.022323
-0.054550
-0.062606
-0.078720
-0.062606
-0.054550
-0.038437
0.034073
-0.006210
-0.022323
-0.022323
-0.054550
-0.070663
-0.062606
-0.014267
-0.038437
-0.062606
0.001847
0.001847
-0.062606
-0.062606
-0.062606
-0.094833
-0.078720
-0.014267
-0.046493
-0.038437
0.026017
-0.022323
-0.006210
0.026017
-0.022323
-0.070663
-0.062606
-0.062606
-0.014267
0.034073
0.042130
0.026017
0.001847
-0.014267
-0.022323
0.009903
0.009903
-0.014267
0.017960
0.034073
-0.022323
-0.110946
-0.175399
-0.215683
-0.175399
-0.094833
-0.006210
0.009903
0.058243
0.042130
0.017960
0.042130
0.009903
-0.014267
0.017960
0.090470
0.058243
0.074356
0.058243
0.098526
0.106583
0.082413
0.074356
0.082413
0.034073
0.026017
0.058243
0.090470
0.066300
0.106583
0.058243
0.042130
0.042130
0.042130
0.042130
0.058243
0.058243
0.114640
0.114640
0.074356
0.058243
0.001847
0.050186
0.058243
0.042130
0.001847
0.034073
0.082413
0.098526
0.034073
0.090470
0.058243
0.017960
0.026017
0.042130
0.009903
0.017960
0.009903
-0.022323
-0.038437
-0.022323
0.058243
0.034073
0.017960
0.050186
0.114640
0.195206
0.171036
0.162979
0.154923
0.138810
0.050186
0.042130
0.026017
0.066300
0.026017
-0.070663
-0.022323
-0.054550
-0.006210
-0.102890
-0.086776
-0.030380
-0.094833
-0.054550
-0.070663
-0.078720
-0.135116
-0.046493
-0.054550
0.034073
0.017960
0.009903
0.026017
-0.022323
-0.046493
-0.078720
-0.038437
0.034073
0.009903
0.034073
-0.022323
0.001847
-0.030380
-0.022323
-0.062606
0.034073
0.042130
0.017960
0.001847
-0.030380
0.017960
-0.030380
-0.062606
-0.094833
-0.062606
-0.046493
-0.030380
-0.022323
0.009903
0.050186
0.009903
0.050186
0.034073
0.026017
-0.022323
0.042130
0.042130
0.009903
-0.030380
-0.143173
-0.135116
-0.175399
-0.143173
-0.094833
-0.006210
0.066300
0.074356
0.074356
0.106583
0.050186
0.042130
-0.006210
0.034073
0.090470
0.090470
0.066300
0.090470
0.058243
0.034073
0.009903
0.034073
0.066300
0.090470
0.138810
0.050186
0.090470
0.009903
0.042130
0.034073
0.050186
0.009903
0.026017
0.106583
0.082413
0.050186
0.017960
0.017960
0.034073
0.001847
-0.054550
0.001847
-0.014267
0.001847
0.042130
-0.022323
-0.014267
0.017960
0.042130
0.009903
0.001847
-0.006210
0.001847
0.009903
-0.022323
0.034073
-0.062606
-0.014267
-0.022323
-0.030380
-0.022323
-0.014267
0.034073
0.154923
0.211319
0.211319
0.171036
0.090470
0.074356
-0.030380
-0.022323
-0.054550
-0.030380
-0.014267
-0.046493
-0.078720
-0.054550
-0.046493
-0.086776
-0.119003
-0.022323
-0.062606
-0.054550
-0.078720
-0.086776
-0.094833
-0.030380
-0.070663
-0.110946
-0.046493
-0.070663
-0.110946
-0.030380
-0.022323
-0.054550
-0.094833
-0.062606
-0.046493
-0.086776
-0.062606
-0.070663
-0.070663
-0.038437
-0.062606
-0.078720
-0.094833
-0.038437
-0.038437
-0.054550
-0.046493
-0.046493
-0.014267
-0.094833
-0.094833
0.009903
-0.062606
-0.006210
-0.022323
-0.030380
-0.046493
-0.022323
-0.038437
-0.014267
-0.006210
0.001847
-0.054550
-0.046493
-0.143173
-0.183456
-0.272079
-0.223739
-0.151230
-0.143173
-0.046493
-0.006210
-0.006210
0.009903
-0.006210
0.042130
0.042130
-0.014267
0.042130
0.034073
0.058243
0.017960
0.042130
0.009903
0.058243
0.009903
0.026017
0.106583
0.034073
0.066300
0.082413
-0.006210
0.034073
0.034073
0.034073
0.034073
0.034073
0.058243
0.034073
0.042130
-0.014267
0.009903
0.034073
-0.022323
0.009903
0.001847
0.042130
0.034073
0.009903
-0.006210
0.066300
0.009903
0.042130
0.009903
-0.014267
0.034073
0.001847
0.009903
0.026017
0.017960
0.026017
0.009903
-0.030380
-0.022323
-0.022323
-0.022323
-0.030380
0.026017
0.106583
0.219376
0.187149
0.171036
0.090470
0.050186
0.017960
-0.046493
-0.006210
-0.054550
-0.030380
-0.030380
-0.070663
-0.046493
-0.086776
-0.086776
-0.094833
-0.062606
-0.038437
-0.062606
-0.062606
-0.054550
-0.054550
-0.102890
-0.062606
-0.062606
-0.102890
-0.038437
-0.030380
-0.054550
-0.062606
-0.030380
-0.054550
-0.086776
-0.046493
-0.046493
-0.070663
-0.022323
-0.078720
-0.038437
-0.078720
-0.102890
-0.070663
-0.086776
-0.030380
-0.086776
-0.054550
-0.022323
0.001847
-0.014267
-0.014267
-0.014267
-0.030380
-0.022323
-0.070663
-0.046493
0.001847
-0.014267
-0.038437
0.009903
-0.014267
-0.014267
0.009903
-0.022323
-0.167343
-0.183456
-0.207626
-0.183456
-0.127060
-0.127060
-0.046493
-0.014267
-0.062606
0.026017
0.017960
0.026017
0.050186
0.090470
0.017960
0.017960
0.034073
0.026017
0.026017
0.026017
0.026017
0.050186
0.058243
0.066300
0.017960
0.017960
0.026017
0.042130
0.042130
0.026017
0.026017
0.050186
0.050186
0.042130
0.026017
0.074356
0.034073
0.034073
0.001847
0.034073
0.074356
0.034073
0.009903
0.082413
-0.006210
0.034073
0.017960
0.001847
0.026017
-0.006210
0.001847
0.017960
-0.006210
0.009903
0.001847
0.026017
-0.022323
-0.006210
-0.014267
0.034073
-0.006210
-0.030380
-0.014267
0.017960
0.090470
0.219376
0.162979
0.154923
0.122696
0.074356
0.034073
0.017960
0.026017
0.001847
-0.054550
-0.078720
-0.070663
-0.054550
-0.062606
-0.038437
-0.094833
-0.054550
-0.070663
-0.094833
-0.110946
-0.078720
-0.062606
-0.062606
-0.070663
-0.070663
-0.062606
-0.086776
-0.086776
-0.070663
-0.094833
-0.030380
-0.062606
-0.102890
-0.038437
-0.062606
-0.086776
-0.014267
-0.078720
-0.014267
-0.070663
-0.030380
-0.078720
-0.062606
-0.038437
-0.054550
-0.054550
-0.062606
-0.062606
-0.038437
-0.070663
-0.038437
-0.022323
-0.046493
-0.022323
-0.022323
-0.046493
-0.014267
-0.030380
-0.030380
-0.022323
-0.006210
-0.022323
-0.070663
-0.135116
-0.167343
-0.191513
-0.183456
-0.119003
-0.086776
-0.070663
-0.030380
-0.046493
-0.006210
0.017960
0.017960
0.026017
0.017960
0.106583
0.058243
0.050186
0.001847
0.001847
0.066300
0.066300
0.034073
0.017960
0.042130
0.026017
0.058243
0.026017
0.058243
0.009903
0.009903
0.066300
0.034073
0.090470
0.050186
0.058243
0.001847
0.034073
0.026017
-0.006210
0.026017
0.050186
0.034073
0.001847
-0.006210
-0.014267
0.017960
-0.006210
-0.006210
0.017960
-0.006210
-0.030380
0.009903
-0.006210
0.001847
0.042130
-0.006210
0.001847
-0.046493
0.017960
0.009903
0.009903
-0.022323
0.026017
0.017960
0.114640
0.146866
0.171036
0.130753
0.114640
0.058243
-0.006210
-0.070663
0.001847
-0.030380
-0.038437
-0.062606
-0.054550
-0.110946
-0.014267
-0.086776
-0.078720
-0.070663
-0.030380
-0.078720
-0.070663
-0.062606
-0.143173
-0.062606
-0.038437
-0.014267
-0.094833
0.001847
-0.086776
-0.070663
-0.078720
-0.094833
-0.054550
-0.062606
-0.102890
-0.102890
-0.030380
-0.078720
-0.062606
-0.070663
-0.046493
-0.078720
-0.046493
-0.078720
-0.022323
-0.086776
-0.054550
-0.046493
-0.046493
-0.030380
-0.062606
-0.038437
-0.070663
-0.030380
-0.014267
-0.038437
0.001847
-0.038437
0.001847
-0.022323
-0.022323
0.001847
-0.022323
-0.086776
-0.191513
-0.199569
-0.247909
-0.167343
-0.167343
-0.094833
-0.046493
-0.030380
-0.014267
0.009903
0.017960
0.001847
0.042130
0.026017
0.034073
-0.006210
0.034073
0.042130
0.034073
0.106583
0.058243
0.042130
0.066300
0.001847
0.050186
0.026017
0.001847
-0.022323
0.050186
0.082413
0.050186
0.001847
-0.022323
0.066300
0.042130
0.009903
-0.038437
0.042130
-0.014267
-0.014267
0.050186
0.017960
0.042130
0.001847
-0.022323
0.042130
-0.022323
0.017960
0.042130
0.026017
0.034073
0.026017
0.009903
-0.030380
0.009903
0.001847
-0.030380
-0.014267
0.001847
-0.014267
-0.046493
-0.038437
-0.014267
-0.014267
0.114640
0.211319
0.162979
0.187149
0.122696
0.074356
-0.046493
0.034073
-0.030380
-0.014267
-0.062606
-0.046493
-0.046493
-0.054550
-0.046493
-0.046493
-0.046493
-0.054550
-0.070663
-0.086776
-0.102890
-0.086776
-0.102890
-0.094833
-0.070663
-0.078720
-0.102890
-0.102890
-0.062606
-0.086776
-0.086776
-0.062606
-0.070663
-0.054550
-0.054550
-0.094833
-0.046493
-0.119003
-0.038437
-0.054550
-0.022323
-0.062606
-0.046493
-0.062606
-0.046493
-0.054550
-0.078720
-0.078720
-0.054550
-0.054550
-0.054550
-0.030380
-0.070663
-0.062606
-0.054550
-0.030380
-0.022323
-0.046493
-0.030380
-0.038437
-0.054550
-0.022323
-0.022323
-0.038437
-0.183456
-0.247909
-0.199569
-0.207626
-0.110946
-0.102890
-0.094833
-0.014267
0.009903
0.034073
0.001847
0.001847
0.026017
0.017960
0.034073
0.042130
0.026017
0.034073
0.017960
-0.006210
0.082413
0.017960
0.026017
-0.014267
0.074356
0.017960
0.026017
0.026017
0.066300
0.050186
0.017960
0.017960
0.017960
0.074356
-0.014267
0.066300
0.017960
0.001847
0.026017
0.034073
0.026017
-0.014267
0.009903
-0.006210
0.026017
0.058243
-0.038437
0.017960
0.034073
-0.006210
-0.030380
0.017960
0.017960
-0.014267
0.009903
-0.030380
0.009903
0.009903
-0.006210
-0.030380
-0.054550
-0.046493
-0.046493
0.009903
0.130753
0.138810
0.203263
0.130753
0.122696
0.042130
-0.006210
0.017960
-0.054550
-0.070663
-0.062606
-0.070663
-0.046493
-0.078720
-0.062606
-0.062606
-0.086776
-0.038437
-0.102890
-0.046493
-0.127060
-0.110946
-0.086776
-0.094833
-0.046493
-0.078720
-0.102890
-0.038437
-0.078720
-0.094833
-0.038437
-0.070663
-0.078720
-0.102890
-0.038437
-0.086776
-0.038437
-0.102890
-0.046493
-0.078720
-0.078720
-0.038437
-0.038437
-0.078720
-0.086776
-0.046493
-0.046493
-0.030380
-0.070663
-0.030380
-0.030380
-0.070663
-0.014267
-0.054550
-0.022323
0.034073
0.034073
0.074356
-0.006210
0.017960
-0.014267
0.034073
0.042130
-0.046493
-0.038437
-0.135116
-0.183456
-0.175399
-0.143173
-0.127060
-0.022323
0.017960
0.098526
0.114640
0.058243
0.058243
0.009903
0.034073
0.017960
0.050186
0.074356
0.146866
0.114640
0.106583
0.106583
0.082413
0.009903
0.026017
0.026017
0.066300
0.122696
0.074356
0.082413
0.050186
0.114640
0.017960
0.001847
0.017960
0.017960
0.066300
0.009903
0.058243
0.146866
0.130753
0.082413
0.042130
0.066300
0.017960
0.050186
0.058243
0.130753
0.090470
0.098526
0.050186
0.058243
0.058243
0.017960
-0.014267
0.034073
0.034073
0.042130
0.066300
-0.022323
0.009903
0.001847
-0.014267
-0.038437
0.074356
0.146866
0.187149
0.203263
0.171036
0.114640
0.026017
0.026017
-0.038437
-0.030380
-0.006210
-0.062606
0.001847
0.017960
-0.070663
-0.062606
-0.078720
-0.070663
-0.086776
-0.078720
-0.030380
0.001847
0.001847
0.009903
-0.022323
-0.102890
-0.086776
-0.086776
-0.086776
-0.022323
-0.038437
-0.014267
0.009903
-0.070663
-0.062606
-0.030380
-0.078720
0.026017
0.001847
0.026017
-0.030380
0.001847
-0.030380
-0.062606
-0.110946
-0.022323
-0.014267
0.017960
0.017960
-0.038437
-0.046493
-0.054550
-0.038437
-0.062606
-0.022323
-0.030380
-0.022323
-0.006210
-0.014267
0.001847
-0.014267
-0.038437
0.001847
0.009903
-0.038437
-0.151230
-0.167343
-0.167343
-0.119003
-0.014267
-0.006210
0.042130
0.066300
0.017960
0.074356
0.066300
0.042130
0.034073
0.009903
0.034073
0.058243
0.082413
0.050186
0.050186
0.026017
0.066300
0.090470
0.074356
0.066300
0.050186
0.026017
0.074356
0.042130
0.042130
0.066300
0.098526
0.058243
0.042130
0.058243
0.082413
0.066300
0.058243
0.050186
0.050186
0.001847
-0.014267
0.050186
0.058243
0.058243
-0.022323
0.042130
0.001847
0.050186
0.017960
-0.006210
0.074356
0.017960
0.074356
0.042130
-0.046493
0.009903
0.001847
0.034073
0.058243
0.042130
0.026017
-0.030380
0.066300
0.050186
0.130753
0.219376
0.243546
0.227433
0.195206
0.034073
0.001847
0.001847
-0.022323
-0.046493
-0.030380
-0.014267
-0.022323
-0.062606
-0.070663
-0.062606
-0.086776
-0.094833
-0.094833
-0.062606
-0.046493
-0.054550
-0.102890
-0.014267
-0.006210
-0.030380
-0.006210
-0.038437
-0.062606
-0.038437
-0.022323
0.017960
-0.006210
-0.030380
0.050186
-0.038437
-0.046493
-0.038437
-0.086776
-0.014267
0.009903
0.017960
-0.038437
0.001847
-0.030380
-0.078720
-0.038437
-0.014267
-0.054550
-0.030380
-0.014267
-0.022323
-0.030380
0.001847
-0.014267
-0.006210
-0.030380
-0.022323
0.042130
0.001847
0.026017
-0.006210
-0.030380
-0.046493
-0.175399
-0.159286
-0.247909
-0.199569
-0.135116
-0.094833
-0.070663
-0.038437
-0.006210
-0.022323
0.009903
0.009903
0.026017
0.017960
0.001847
0.009903
0.050186
0.001847
-0.022323
0.050186
0.042130
0.034073
0.001847
0.026017
0.009903
0.034073
0.066300
-0.006210
0.090470
-0.014267
0.009903
0.026017
0.026017
0.009903
0.050186
0.026017
0.001847
-0.006210
0.026017
0.034073
0.017960
0.001847
0.001847
-0.030380
0.042130
0.009903
0.017960
-0.014267
-0.038437
0.001847
0.066300
0.017960
0.017960
-0.014267
-0.038437
-0.022323
-0.014267
0.017960
-0.070663
-0.006210
-0.078720
-0.054550
0.001847
0.058243
0.090470
0.203263
0.179093
0.106583
0.082413
0.026017
0.001847
-0.038437
-0.038437
-0.022323
-0.038437
-0.094833
-0.062606
-0.062606
-0.062606
-0.062606
-0.094833
-0.078720
-0.070663
-0.078720
-0.094833
-0.054550
-0.086776
-0.070663
-0.102890
-0.062606
-0.086776
-0.110946
-0.094833
-0.022323
-0.054550
-0.062606
-0.102890
-0.062606
-0.046493
-0.046493
-0.070663
-0.086776
-0.030380
-0.054550
-0.054550
0.017960
-0.006210
0.026017
0.017960
-0.046493
-0.046493
-0.054550
-0.022323
-0.046493
-0.022323
0.042130
0.058243
-0.006210
-0.054550
-0.022323
-0.006210
-0.046493
-0.038437
-0.038437
0.026017
0.026017
-0.022323
-0.062606
-0.151230
-0.183456
-0.199569
-0.191513
-0.127060
-0.110946
-0.006210
-0.014267
0.017960
0.058243
0.066300
0.082413
0.034073
0.001847
0.042130
0.074356
0.106583
0.130753
0.130753
0.098526
0.050186
0.042130
0.050186
0.082413
0.082413
0.138810
0.122696
0.106583
0.058243
0.050186
0.042130
0.026017
0.042130
-0.006210
0.050186
0.001847
0.026017
0.026017
0.034073
-0.038437
0.001847
0.001847
0.026017
-0.006210
0.009903
0.009903
0.001847
0.017960
0.009903
-0.038437
-0.006210
-0.030380
0.017960
-0.014267
-0.030380
0.034073
-0.006210
-0.030380
-0.006210
-0.006210
-0.014267
-0.046493
-0.022323
0.050186
0.106583
0.162979
0.187149
0.187149
0.058243
0.106583
-0.022323
-0.014267
-0.070663
-0.038437
-0.078720
-0.054550
-0.062606
-0.030380
-0.062606
-0.062606
-0.086776
-0.054550
-0.022323
-0.078720
-0.030380
-0.054550
-0.127060
-0.054550
-0.070663
-0.078720
-0.086776
-0.070663
-0.078720
-0.102890
-0.094833
-0.062606
-0.094833
-0.038437
-0.086776
-0.046493
-0.054550
-0.062606
-0.078720
-0.070663
-0.038437
-0.070663
-0.062606
-0.070663
-0.054550
-0.046493
-0.078720
-0.014267
-0.038437
-0.030380
-0.086776
-0.062606
-0.070663
0.001847
-0.078720
-0.006210
-0.070663
-0.022323
0.009903
0.026017
-0.030380
-0.022323
-0.022323
-0.054550
-0.151230
-0.167343
-0.215683
-0.207626
-0.102890
-0.102890
-0.054550
-0.006210
0.001847
0.042130
0.026017
0.001847
0.042130
0.050186
0.042130
0.058243
0.001847
0.058243
0.042130
0.050186
0.050186
0.042130
0.090470
0.034073
0.034073
0.074356
0.090470
0.106583
0.130753
0.114640
0.114640
0.074356
0.017960
0.034073
0.106583
0.098526
0.066300
0.114640
0.106583
-0.014267
0.009903
0.034073
0.114640
0.042130
0.082413
0.050186
0.001847
0.042130
0.042130
0.017960
0.009903
0.050186
0.050186
0.026017
0.034073
0.001847
0.034073
0.042130
0.026017
0.034073
-0.046493
-0.014267
0.001847
0.034073
0.243546
0.219376
0.283829
0.227433
0.098526
0.009903
0.001847
0.042130
0.058243
0.026017
-0.022323
0.009903
-0.054550
-0.038437
-0.086776
-0.046493
-0.054550
-0.078720
-0.070663
-0.014267
-0.046493
-0.046493
-0.078720
-0.062606
-0.046493
-0.038437
-0.038437
0.017960
-0.038437
0.042130
0.009903
-0.006210
-0.030380
-0.078720
-0.078720
-0.038437
-0.046493
-0.038437
-0.038437
-0.054550
-0.030380
-0.038437
-0.006210
-0.070663
-0.070663
-0.054550
-0.006210
-0.006210
0.017960
0.009903
0.026017
-0.014267
0.034073
-0.054550
-0.046493
-0.006210
0.026017
0.050186
0.066300
0.017960
-0.022323
-0.014267
0.034073
-0.086776
-0.143173
-0.175399
-0.175399
-0.135116
-0.143173
-0.078720
-0.022323
-0.030380
0.042130
0.050186
0.034073
-0.022323
0.058243
0.042130
0.042130
0.050186
-0.006210
0.050186
0.026017
0.026017
0.034073
0.034073
0.026017
0.026017
0.034073
0.050186
0.001847
0.034073
0.074356
0.050186
0.082413
0.066300
0.066300
0.082413
0.034073
-0.014267
0.009903
0.050186
0.066300
0.066300
0.074356
0.001847
0.042130
0.026017
0.082413
0.050186
0.066300
0.122696
0.082413
0.058243
0.050186
0.034073
-0.022323
0.050186
0.034073
0.050186
0.058243
0.009903
0.017960
-0.006210
-0.030380
-0.014267
0.017960
0.050186
0.187149
0.187149
0.179093
0.154923
0.138810
0.026017
0.017960
-0.014267
-0.038437
-0.022323
-0.006210
0.009903
0.058243
-0.022323
-0.030380
-0.054550
-0.046493
-0.110946
-0.078720
-0.110946
-0.070663
-0.078720
-0.006210
-0.062606
-0.046493
-0.127060
-0.046493
0.009903
-0.030380
-0.014267
-0.086776
-0.062606
-0.030380
-0.078720
-0.086776
-0.014267
-0.006210
-0.038437
0.009903
-0.062606
0.026017
0.050186
0.017960
-0.054550
-0.014267
-0.038437
-0.006210
-0.062606
-0.030380
0.017960
-0.054550
-0.014267
-0.086776
-0.038437
-0.086776
0.001847
-0.022323
0.074356
0.042130
-0.014267
0.042130
0.017960
0.001847
-0.046493
-0.135116
-0.183456
-0.135116
-0.094833
-0.038437
-0.038437
-0.006210
-0.014267
0.009903
0.058243
0.058243
0.106583
0.106583
0.066300
0.066300
0.042130
0.017960
0.042130
0.026017
0.026017
0.122696
0.098526
0.034073
0.082413
0.017960
0.026017
0.034073
0.026017
0.034073
0.050186
0.017960
0.034073
0.050186
0.082413
0.058243
0.034073
0.017960
0.050186
0.106583
0.082413
0.074356
0.106583
0.106583
0.050186
-0.006210
0.034073
0.001847
0.066300
0.042130
0.034073
0.074356
0.066300
0.058243
0.034073
-0.030380
0.026017
-0.014267
0.050186
0.017960
-0.022323
0.017960
-0.030380
0.009903
0.050186
0.162979
0.227433
0.219376
0.179093
0.098526
0.106583
0.042130
0.042130
-0.046493
-0.086776
-0.094833
-0.046493
-0.054550
-0.054550
-0.054550
0.001847
-0.006210
-0.022323
-0.094833
-0.086776
-0.086776
-0.030380
-0.046493
-0.030380
-0.006210
-0.022323
-0.070663
-0.070663
-0.078720
-0.022323
-0.046493
-0.022323
0.009903
-0.014267
-0.046493
-0.062606
-0.070663
-0.054550
-0.078720
-0.014267
-0.014267
-0.022323
-0.038437
-0.022323
-0.062606
-0.054550
-0.038437
-0.022323
-0.046493
-0.054550
-0.062606
-0.054550
-0.038437
0.001847
-0.038437
-0.038437
-0.054550
-0.054550
-0.046493
0.042130
0.042130
0.066300
0.034073
-0.127060
-0.288192
-0.296249
-0.336532
-0.239853
-0.127060
-0.070663
-0.030380
0.009903
0.009903
-0.014267
0.042130
0.001847
0.017960
0.074356
0.042130
0.066300
0.050186
0.009903
0.034073
-0.006210
0.058243
0.098526
0.074356
0.130753
0.058243
0.042130
0.026017
-0.022323
0.026017
0.034073
0.090470
0.098526
0.042130
0.058243
0.098526
0.074356
0.009903
0.017960
0.026017
0.026017
0.114640
0.066300
0.074356
0.026017
-0.006210
0.050186
0.026017
0.026017
0.042130
0.066300
0.114640
0.082413
0.090470
0.082413
0.058243
0.009903
-0.006210
0.009903
0.017960
0.058243
0.042130
0.130753
0.203263
0.364395
0.396622
0.412735
0.404679
0.299942
0.251603
0.211319
0.106583
0.009903
0.009903
-0.046493
-0.022323
-0.030380
-0.054550
-0.038437
-0.086776
-0.086776
-0.038437
-0.030380
-0.022323
-0.078720
-0.086776
-0.094833
-0.022323
-0.102890
-0.046493
-0.038437
-0.006210
0.017960
-0.054550
-0.030380
-0.102890
-0.030380
-0.022323
-0.070663
-0.038437
-0.030380
-0.078720
-0.014267
-0.062606
-0.062606
-0.046493
-0.054550
-0.062606
0.026017
0.026017
-0.086776
-0.070663
-0.062606
-0.038437
0.017960
0.017960
0.042130
0.042130
-0.014267
-0.038437
-0.022323
-0.038437
0.001847
0.001847
0.074356
0.026017
-0.014267
-0.207626
-0.336532
-0.425155
-0.473495
-0.457382
-0.352646
-0.247909
-0.207626
-0.054550
-0.022323
0.001847
0.001847
0.050186
-0.014267
0.026017
0.058243
0.098526
0.090470
0.050186
0.146866
0.114640
0.114640
0.050186
0.058243
0.058243
0.098526
0.106583
0.106583
0.090470
0.017960
0.026017
0.017960
0.074356
0.090470
0.074356
0.090470
0.042130
0.066300
0.001847
0.034073
0.001847
0.001847
0.001847
0.090470
0.058243
0.034073
0.026017
0.034073
-0.038437
0.009903
0.058243
0.026017
0.009903
-0.006210
-0.006210
0.001847
0.009903
-0.006210
0.009903
-0.054550
0.017960
0.058243
0.050186
0.050186
0.187149
0.356339
0.461075
0.404679
0.388565
0.299942
0.283829
0.162979
0.138810
0.082413
0.017960
0.026017
-0.062606
-0.022323
-0.078720
-0.054550
0.009903
-0.022323
0.026017
-0.046493
-0.086776
-0.094833
-0.094833
-0.086776
-0.078720
-0.046493
-0.006210
-0.022323
-0.070663
-0.046493
-0.078720
-0.086776
-0.062606
-0.078720
-0.038437
-0.062606
-0.078720
-0.014267
-0.006210
0.034073
0.009903
-0.014267
-0.086776
-0.022323
-0.038437
0.001847
0.034073
0.042130
0.026017
0.017960
-0.022323
-0.078720
-0.030380
-0.006210
-0.014267
0.026017
0.082413
0.009903
0.026017
0.001847
-0.062606
-0.006210
0.009903
-0.046493
-0.199569
-0.384872
-0.457382
-0.465439
-0.376815
-0.360702
-0.304306
-0.199569
-0.062606
0.034073
0.001847
0.026017
0.050186
0.001847
0.026017
0.017960
0.058243
0.017960
0.026017
0.017960
0.042130
0.066300
0.122696
0.026017
0.017960
0.050186
0.017960
0.050186
0.026017
0.042130
0.042130
0.017960
0.074356
0.026017
0.009903
0.058243
0.066300
0.114640
0.114640
0.122696
0.114640
0.074356
0.026017
0.009903
0.034073
0.082413
0.106583
0.074356
0.050186
0.017960
0.026017
0.026017
0.034073
0.042130
0.017960
0.042130
0.017960
0.017960
0.042130
0.050186
0.009903
-0.038437
-0.022323
0.001847
0.130753
0.340226
0.396622
0.356339
0.348282
0.324112
0.219376
0.082413
0.034073
-0.022323
-0.014267
0.034073
-0.006210
-0.030380
-0.014267
-0.038437
-0.062606
-0.022323
-0.014267
-0.014267
-0.054550
-0.022323
-0.086776
-0.094833
-0.070663
-0.062606
-0.014267
-0.030380
-0.014267
0.034073
-0.030380
-0.038437
-0.102890
-0.062606
-0.030380
-0.046493
-0.022323
0.017960
-0.070663
-0.054550
-0.086776
-0.086776
-0.054550
-0.070663
-0.022323
-0.030380
-0.022323
-0.038437
-0.046493
-0.022323
-0.070663
-0.030380
-0.046493
-0.070663
-0.046493
0.017960
0.001847
0.026017
0.042130
0.058243
0.009903
-0.006210
-0.022323
-0.086776
-0.143173
-0.296249
-0.368759
-0.384872
-0.352646
-0.328476
-0.215683
-0.167343
-0.127060
-0.038437
0.042130
0.098526
0.082413
0.026017
0.034073
0.017960
0.034073
0.009903
0.066300
0.074356
0.001847
0.042130
0.050186
0.082413
0.058243
0.026017
0.001847
-0.006210
0.026017
0.009903
0.098526
0.082413
0.098526
0.066300
0.058243
0.050186
0.042130
0.058243
0.017960
0.034073
0.082413
0.082413
0.098526
0.058243
0.042130
0.026017
0.042130
0.042130
0.026017
0.042130
0.026017
0.026017
0.050186
-0.022323
0.026017
0.050186
0.090470
0.074356
0.050186
0.034073
-0.030380
-0.030380
-0.022323
0.026017
0.187149
0.332169
0.453019
0.412735
0.420792
0.299942
0.275772
0.154923
0.034073
-0.030380
-0.014267
-0.030380
-0.038437
-0.038437
0.009903
-0.014267
-0.054550
-0.046493
-0.062606
-0.046493
-0.014267
0.026017
-0.038437
-0.038437
-0.046493
-0.062606
-0.078720
-0.119003
-0.078720
-0.022323
-0.006210
-0.006210
0.009903
-0.046493
-0.038437
-0.030380
-0.078720
-0.046493
-0.054550
-0.014267
-0.038437
-0.110946
-0.030380
-0.086776
-0.054550
-0.046493
-0.054550
-0.030380
0.001847
-0.030380
-0.022323
-0.086776
0.001847
-0.038437
-0.014267
-0.086776
-0.030380
-0.062606
-0.030380
-0.030380
0.026017
0.017960
-0.022323
-0.078720
-0.215683
-0.376815
-0.465439
-0.457382
-0.409042
-0.288192
-0.207626
-0.110946
-0.078720
-0.022323
-0.038437
0.050186
0.090470
0.090470
0.082413
0.090470
0.042130
0.026017
0.066300
0.066300
0.042130
0.098526
0.122696
0.146866
0.074356
0.082413
0.009903
0.074356
0.017960
0.074356
0.090470
0.082413
0.026017
0.009903
0.042130
0.026017
0.009903
0.017960
0.009903
0.001847
0.026017
0.026017
0.034073
0.058243
0.114640
0.058243
0.050186
0.026017
0.034073
0.017960
0.058243
0.017960
0.026017
0.009903
-0.030380
0.009903
0.026017
-0.030380
-0.014267
0.009903
0.042130
-0.014267
0.001847
0.074356
0.211319
0.356339
0.404679
0.396622
0.324112
0.316056
0.203263
0.098526
0.082413
0.034073
0.009903
0.074356
0.017960
-0.030380
-0.038437
-0.094833
-0.046493
-0.030380
-0.006210
0.026017
0.034073
-0.030380
-0.078720
-0.086776
-0.030380
-0.070663
-0.054550
-0.094833
-0.062606
-0.054550
-0.070663
-0.078720
-0.054550
-0.062606
-0.062606
-0.038437
-0.038437
-0.022323
-0.046493
-0.022323
-0.046493
-0.070663
-0.038437
-0.062606
-0.062606
-0.054550
-0.030380
-0.022323
0.026017
0.042130
-0.038437
-0.014267
-0.086776
-0.046493
0.001847
0.026017
0.058243
0.074356
0.042130
0.017960
-0.046493
-0.030380
-0.038437
-0.086776
-0.223739
-0.264022
-0.433212
-0.417099
-0.409042
-0.360702
-0.231796
-0.127060
-0.006210
0.050186
0.050186
0.082413
-0.006210
0.050186
0.017960
0.042130
0.009903
0.017960
0.042130
0.050186
0.122696
0.122696
0.130753
0.122696
0.074356
0.058243
0.017960
0.034073
0.058243
0.074356
0.106583
0.138810
0.090470
0.074356
0.066300
0.017960
0.034073
0.017960
0.009903
0.050186
0.066300
0.074356
0.034073
0.009903
0.026017
0.034073
0.050186
0.050186
0.034073
0.042130
0.026017
0.001847
0.026017
-0.014267
0.026017
0.017960
0.026017
0.009903
-0.006210
-0.006210
0.034073
-0.022323
-0.006210
0.034073
0.195206
0.332169
0.420792
0.412735
