0.258504
0.153768
0.121541
0.000692
0.016805
0.000692
0.016805
0.024862
-0.039591
-0.039591
-0.063761
-0.063761
-0.071818
-0.087931
-0.023478
-0.095988
-0.047648
-0.087931
-0.047648
-0.047648
-0.039591
-0.063761
-0.063761
-0.047648
-0.047648
-0.079875
-0.039591
-0.071818
-0.007365
-0.047648
-0.031535
-0.063761
-0.079875
-0.047648
-0.047648
-0.015421
-0.063761
-0.007365
-0.007365
-0.063761
-0.047648
-0.039591
-0.023478
-0.031535
-0.015421
0.008748
-0.055705
0.032918
-0.031535
-0.039591
-0.031535
0.049032
0.016805
-0.023478
0.024862
-0.023478
0.000692
0.000692
-0.031535
-0.007365
0.008748
-0.007365
-0.112101
-0.184611
-0.200724
-0.152384
-0.071818
-0.071818
-0.055705
0.008748
0.008748
-0.007365
0.032918
0.008748
0.008748
0.049032
0.049032
0.057088
0.057088
0.040975
0.097371
0.129598
0.073202
0.097371
0.105428
0.081258
0.049032
0.040975
0.073202
0.081258
0.073202
0.073202
0.105428
0.057088
0.073202
0.000692
0.032918
0.032918
0.040975
0.008748
0.065145
0.032918
-0.007365
-0.015421
0.040975
0.008748
-0.015421
0.040975
0.032918
0.024862
0.040975
0.016805
0.008748
0.016805
-0.007365
-0.023478
0.016805
-0.015421
0.032918
0.016805
0.057088
0.049032
0.081258
0.008748
0.024862
0.153768
0.161825
0.210164
0.194051
0.137655
0.113485
0.065145
-0.007365
-0.007365
-0.055705
-0.023478
-0.055705
-0.071818
-0.047648
-0.071818
-0.047648
-0.087931
-0.039591
-0.079875
-0.039591
-0.047648
-0.095988
-0.104045
-0.071818
-0.071818
-0.055705
-0.079875
-0.039591
-0.063761
-0.039591
-0.095988
-0.015421
-0.079875
-0.071818
-0.047648
-0.095988
-0.031535
-0.071818
-0.047648
-0.104045
0.000692
-0.063761
-0.055705
-0.047648
-0.007365
-0.071818
-0.015421
-0.031535
-0.047648
-0.063761
-0.055705
-0.031535
-0.039591
-0.063761
-0.031535
0.016805
-0.047648
0.008748
-0.015421
-0.015421
-0.015421
0.000692
-0.007365
-0.023478
-0.079875
-0.152384
-0.184611
-0.176554
-0.112101
-0.071818
-0.071818
-0.031535
0.008748
0.024862
-0.015421
0.032918
0.000692
0.049032
0.065145
0.049032
0.049032
0.049032
0.057088
0.024862
0.040975
0.040975
0.049032
0.073202
0.121541
0.137655
0.129598
0.065145
0.049032
0.089315
0.032918
0.089315
0.057088
0.040975
0.049032
0.040975
0.065145
0.040975
0.040975
0.040975
0.049032
0.081258
0.057088
0.049032
0.049032
0.065145
-0.031535
0.024862
0.024862
0.065145
0.097371
0.073202
0.016805
0.049032
0.016805
0.016805
0.065145
-0.007365
-0.015421
-0.015421
-0.007365
0.000692
0.032918
0.057088
0.089315
0.161825
0.202108
0.194051
0.145711
0.113485
0.016805
-0.007365
-0.007365
-0.047648
-0.055705
0.000692
-0.007365
-0.007365
0.000692
-0.023478
-0.079875
-0.079875
-0.055705
-0.079875
-0.023478
-0.071818
-0.039591
-0.039591
-0.063761
-0.087931
-0.055705
-0.079875
-0.039591
-0.095988
-0.079875
-0.047648
-0.055705
-0.055705
-0.031535
-0.039591
-0.055705
-0.039591
-0.023478
-0.023478
-0.031535
-0.047648
-0.023478
0.008748
-0.039591
-0.007365
-0.047648
-0.039591
-0.071818
-0.071818
-0.039591
0.008748
0.024862
-0.007365
0.024862
-0.007365
-0.023478
0.024862
0.000692
-0.007365
0.032918
-0.031535
0.008748
-0.047648
-0.104045
-0.144328
-0.168498
-0.192668
-0.087931
-0.079875
-0.007365
0.040975
-0.007365
0.024862
0.016805
0.016805
0.032918
0.073202
0.049032
0.016805
0.057088
0.049032
0.073202
0.089315
0.057088
0.073202
0.065145
0.040975
0.073202
0.073202
0.081258
0.032918
0.065145
0.024862
0.016805
0.032918
0.049032
0.121541
0.097371
0.081258
0.089315
0.081258
0.065145
0.040975
0.081258
0.073202
0.000692
0.089315
-0.007365
0.040975
-0.007365
0.057088
0.008748
0.008748
0.040975
0.008748
0.000692
0.049032
0.032918
-0.015421
0.016805
-0.015421
0.000692
-0.039591
0.000692
0.008748
-0.007365
0.024862
0.049032
0.177938
0.210164
0.185995
0.145711
0.081258
0.016805
-0.047648
-0.007365
-0.047648
-0.047648
-0.063761
-0.039591
0.000692
-0.055705
-0.047648
-0.063761
-0.071818
-0.055705
-0.087931
-0.047648
-0.047648
-0.120158
-0.055705
-0.055705
-0.071818
-0.079875
-0.063761
-0.063761
-0.071818
-0.023478
-0.031535
-0.071818
-0.039591
-0.031535
-0.063761
-0.095988
-0.023478
-0.047648
-0.087931
-0.039591
-0.071818
0.008748
-0.063761
-0.055705
-0.079875
-0.055705
-0.015421
-0.031535
-0.063761
-0.039591
-0.007365
-0.015421
-0.047648
0.016805
-0.015421
-0.007365
-0.039591
-0.031535
-0.055705
0.000692
0.032918
0.000692
-0.007365
-0.047648
-0.128214
-0.176554
-0.152384
-0.144328
-0.055705
0.000692
0.049032
0.040975
0.032918
0.049032
-0.007365
-0.015421
0.065145
0.081258
0.121541
0.089315
0.081258
0.073202
0.049032
0.097371
0.032918
0.089315
0.049032
0.089315
0.073202
0.081258
0.057088
0.081258
0.097371
0.032918
0.057088
0.049032
0.049032
0.049032
0.073202
0.057088
0.008748
0.040975
0.024862
0.016805
0.065145
0.040975
0.097371
0.081258
0.081258
0.049032
0.032918
0.057088
0.008748
0.065145
0.049032
0.040975
0.032918
0.057088
0.040975
-0.015421
0.016805
-0.023478
0.040975
0.000692
0.016805
0.065145
0.065145
0.145711
0.194051
0.210164
0.218221
0.097371
0.089315
0.089315
-0.007365
0.032918
-0.039591
-0.023478
-0.055705
-0.023478
-0.023478
-0.039591
-0.063761
-0.039591
-0.071818
-0.063761
-0.063761
-0.112101
-0.047648
-0.047648
-0.087931
-0.079875
-0.063761
-0.023478
-0.071818
-0.079875
-0.047648
-0.071818
-0.055705
-0.023478
-0.039591
-0.063761
-0.047648
-0.047648
-0.063761
-0.047648
-0.039591
-0.055705
-0.055705
-0.039591
0.024862
0.008748
-0.031535
-0.039591
-0.071818
-0.023478
-0.047648
-0.071818
-0.039591
0.016805
0.016805
-0.031535
0.016805
0.024862
0.000692
0.032918
-0.015421
-0.031535
0.032918
-0.007365
-0.031535
-0.087931
-0.168498
-0.152384
-0.208781
-0.104045
-0.112101
-0.047648
0.049032
0.032918
0.081258
0.081258
0.057088
0.024862
0.065145
0.065145
0.065145
0.089315
0.081258
0.081258
0.065145
0.089315
0.024862
0.057088
0.073202
0.089315
0.129598
0.137655
0.097371
0.089315
0.081258
0.057088
0.016805
0.032918
0.024862
0.016805
0.024862
0.040975
0.040975
0.081258
0.097371
0.016805
-0.015421
0.049032
0.000692
0.032918
0.057088
0.016805
0.049032
0.040975
0.049032
-0.023478
0.040975
-0.015421
0.016805
-0.007365
0.008748
0.016805
-0.007365
0.008748
-0.031535
-0.007365
-0.023478
-0.015421
0.032918
0.121541
0.145711
0.169881
0.145711
0.105428
0.049032
0.032918
-0.007365
-0.007365
-0.039591
-0.023478
-0.023478
-0.079875
-0.055705
-0.055705
-0.031535
-0.079875
-0.079875
-0.031535
-0.063761
-0.079875
-0.087931
-0.071818
-0.071818
-0.071818
-0.055705
-0.055705
-0.055705
-0.039591
-0.063761
-0.031535
-0.079875
-0.071818
-0.063761
-0.023478
-0.023478
-0.015421
-0.039591
-0.031535
-0.039591
-0.047648
-0.039591
-0.039591
-0.023478
-0.039591
0.000692
-0.031535
-0.055705
-0.055705
-0.047648
-0.047648
-0.047648
-0.047648
0.024862
-0.047648
-0.015421
-0.063761
0.008748
0.016805
0.016805
0.024862
0.016805
0.040975
-0.047648
-0.095988
-0.176554
-0.160441
-0.136271
-0.095988
-0.047648
-0.031535
-0.031535
0.024862
-0.015421
0.016805
0.065145
0.040975
0.129598
0.073202
0.073202
0.073202
0.065145
0.049032
0.024862
0.097371
0.057088
0.024862
0.097371
0.065145
0.089315
0.113485
0.065145
0.032918
0.065145
0.008748
0.040975
0.040975
0.089315
0.081258
0.049032
0.049032
0.049032
0.065145
-0.007365
0.081258
0.016805
0.073202
0.016805
0.040975
0.073202
0.049032
0.040975
0.024862
0.049032
0.057088
0.089315
0.121541
0.049032
0.049032
-0.007365
0.000692
0.057088
0.032918
-0.031535
0.024862
0.000692
-0.031535
0.129598
0.169881
0.194051
0.210164
0.185995
0.153768
0.032918
0.049032
0.000692
0.008748
-0.023478
-0.079875
-0.007365
-0.055705
-0.055705
-0.063761
-0.071818
-0.055705
-0.063761
-0.023478
-0.087931
-0.063761
-0.079875
-0.063761
-0.071818
-0.071818
-0.039591
-0.087931
-0.055705
-0.047648
-0.039591
-0.071818
-0.047648
-0.063761
-0.071818
-0.071818
-0.063761
-0.031535
-0.039591
-0.079875
-0.031535
-0.047648
-0.039591
-0.031535
-0.055705
-0.047648
-0.031535
-0.015421
-0.023478
-0.015421
0.057088
-0.031535
-0.007365
-0.079875
-0.023478
0.016805
0.008748
-0.015421
-0.031535
-0.023478
0.032918
0.032918
0.089315
0.008748
-0.023478
-0.136271
-0.192668
-0.241007
-0.184611
-0.087931
-0.071818
-0.023478
-0.007365
0.000692
0.024862
-0.007365
0.016805
0.008748
0.008748
0.032918
0.024862
0.049032
0.032918
0.016805
0.049032
0.040975
0.040975
0.016805
0.040975
0.024862
0.040975
0.032918
0.081258
0.032918
0.065145
0.040975
0.032918
0.073202
0.040975
0.057088
0.008748
0.040975
0.032918
0.065145
0.008748
0.008748
0.024862
0.024862
0.008748
0.049032
0.024862
0.049032
0.024862
0.040975
0.000692
0.016805
0.057088
-0.007365
0.008748
-0.015421
0.024862
0.024862
-0.023478
-0.007365
-0.015421
-0.031535
0.040975
0.024862
0.008748
0.145711
0.194051
0.194051
0.137655
0.137655
0.105428
-0.007365
-0.007365
-0.007365
-0.023478
0.000692
-0.047648
-0.071818
0.000692
-0.071818
-0.071818
-0.063761
-0.095988
-0.063761
-0.071818
-0.071818
-0.087931
-0.047648
-0.087931
-0.063761
-0.031535
-0.063761
-0.047648
-0.047648
-0.063761
-0.055705
-0.039591
-0.039591
-0.007365
-0.047648
-0.055705
-0.015421
-0.055705
-0.039591
-0.047648
-0.039591
-0.015421
-0.039591
-0.047648
-0.015421
-0.071818
-0.047648
-0.007365
-0.071818
-0.055705
-0.055705
-0.007365
0.008748
-0.023478
0.016805
0.016805
0.000692
0.016805
-0.047648
-0.023478
0.024862
0.000692
0.024862
-0.007365
-0.087931
-0.112101
-0.208781
-0.112101
-0.112101
-0.112101
0.008748
0.049032
0.081258
0.073202
0.008748
0.073202
-0.023478
0.016805
0.081258
0.049032
0.024862
0.073202
0.040975
0.089315
0.065145
0.089315
0.073202
0.016805
0.089315
0.040975
0.016805
0.065145
0.073202
0.024862
0.040975
0.073202
0.065145
0.032918
0.057088
0.032918
0.081258
0.040975
0.073202
0.089315
0.049032
0.057088
0.016805
0.032918
0.032918
0.032918
0.032918
0.049032
0.040975
0.032918
0.073202
0.065145
0.024862
0.016805
-0.031535
0.024862
0.032918
-0.023478
0.024862
0.000692
-0.039591
-0.015421
-0.031535
0.016805
0.121541
0.177938
0.202108
0.153768
0.121541
0.089315
0.040975
-0.015421
-0.023478
-0.039591
-0.087931
-0.063761
-0.047648
-0.063761
-0.079875
-0.071818
-0.047648
-0.063761
-0.079875
-0.047648
-0.031535
-0.039591
-0.047648
-0.047648
-0.047648
-0.071818
-0.023478
-0.063761
-0.023478
-0.055705
-0.079875
-0.055705
-0.031535
0.008748
-0.039591
-0.031535
-0.079875
-0.071818
-0.039591
-0.007365
0.016805
-0.007365
-0.079875
-0.023478
0.000692
-0.055705
-0.039591
0.008748
-0.039591
-0.015421
-0.039591
-0.007365
-0.063761
-0.023478
-0.023478
-0.055705
-0.007365
-0.055705
-0.023478
0.008748
-0.007365
0.049032
-0.023478
-0.047648
-0.112101
-0.176554
-0.208781
-0.168498
-0.112101
-0.055705
-0.023478
-0.007365
-0.015421
0.024862
-0.007365
0.040975
0.032918
0.032918
0.049032
0.073202
0.032918
0.016805
0.065145
0.008748
0.065145
0.032918
0.024862
0.049032
0.065145
0.057088
0.040975
0.097371
0.040975
0.024862
0.073202
0.024862
0.057088
0.000692
0.049032
0.032918
0.049032
0.032918
0.000692
0.057088
0.032918
0.040975
0.016805
0.032918
0.040975
0.024862
0.032918
-0.007365
0.016805
0.016805
0.016805
0.049032
0.024862
0.032918
0.000692
-0.039591
-0.023478
-0.023478
-0.031535
-0.007365
-0.015421
-0.023478
-0.015421
0.073202
0.161825
0.202108
0.185995
0.185995
0.121541
0.121541
-0.007365
-0.007365
-0.015421
-0.047648
-0.047648
-0.007365
-0.015421
-0.007365
-0.047648
-0.079875
-0.071818
-0.055705
-0.071818
-0.047648
-0.063761
-0.063761
-0.087931
-0.071818
-0.063761
-0.055705
-0.047648
-0.055705
-0.112101
-0.031535
-0.079875
-0.015421
-0.047648
-0.031535
-0.031535
-0.079875
-0.039591
0.000692
-0.047648
-0.039591
-0.079875
-0.015421
0.000692
-0.031535
-0.015421
-0.023478
-0.039591
-0.031535
-0.047648
-0.015421
-0.039591
-0.007365
-0.007365
-0.031535
-0.063761
-0.031535
-0.023478
0.016805
-0.031535
0.008748
0.008748
0.024862
-0.007365
-0.079875
-0.112101
-0.144328
-0.184611
-0.184611
-0.095988
-0.071818
-0.047648
0.016805
-0.015421
0.057088
0.024862
0.040975
0.049032
0.024862
0.040975
0.065145
0.032918
0.057088
0.105428
-0.015421
0.073202
0.057088
0.024862
0.049032
0.057088
0.040975
0.081258
0.097371
0.065145
0.049032
0.040975
0.032918
0.049032
0.016805
0.024862
0.057088
0.040975
0.032918
0.024862
0.032918
0.032918
0.008748
0.008748
-0.007365
0.008748
0.016805
0.057088
0.073202
0.024862
0.032918
0.024862
0.024862
0.032918
0.016805
0.008748
0.040975
0.000692
-0.007365
-0.023478
-0.007365
0.008748
-0.047648
-0.023478
0.065145
0.145711
0.194051
0.185995
0.121541
0.145711
0.097371
0.040975
-0.031535
-0.023478
-0.015421
-0.015421
-0.047648
-0.039591
-0.023478
-0.087931
-0.063761
-0.063761
-0.047648
-0.071818
-0.055705
-0.104045
-0.055705
-0.047648
-0.055705
-0.055705
-0.023478
-0.063761
-0.112101
-0.047648
-0.039591
-0.063761
-0.071818
-0.079875
-0.015421
-0.055705
-0.039591
-0.039591
-0.023478
-0.047648
-0.039591
-0.031535
-0.047648
-0.039591
-0.039591
-0.015421
-0.039591
-0.031535
-0.071818
-0.015421
-0.047648
-0.063761
-0.031535
-0.047648
-0.039591
-0.039591
-0.007365
-0.039591
-0.023478
-0.023478
0.008748
-0.015421
-0.015421
-0.015421
-0.031535
-0.120158
-0.232951
-0.168498
-0.152384
-0.112101
-0.104045
-0.007365
-0.007365
0.024862
-0.007365
0.024862
0.040975
0.016805
0.032918
0.032918
0.032918
0.040975
0.024862
0.032918
0.040975
0.024862
0.040975
0.057088
0.065145
0.057088
0.065145
0.040975
0.040975
0.057088
0.032918
0.049032
0.065145
0.008748
0.097371
0.097371
0.040975
0.000692
0.049032
0.040975
0.016805
0.024862
0.057088
0.024862
0.000692
0.065145
0.032918
-0.007365
0.000692
0.016805
0.024862
0.049032
0.008748
0.000692
0.016805
0.024862
0.073202
0.073202
0.097371
0.065145
0.049032
-0.039591
-0.023478
-0.039591
0.049032
0.129598
0.194051
0.129598
0.169881
0.129598
0.065145
0.008748
0.008748
0.000692
-0.031535
-0.031535
-0.071818
0.000692
0.024862
0.008748
0.016805
0.008748
-0.079875
-0.063761
-0.095988
-0.063761
-0.047648
-0.055705
-0.047648
-0.063761
-0.095988
-0.023478
-0.087931
-0.031535
-0.087931
-0.079875
-0.047648
-0.031535
-0.055705
-0.055705
-0.071818
-0.063761
-0.039591
-0.047648
-0.063761
-0.047648
-0.023478
-0.031535
-0.055705
-0.079875
-0.031535
-0.039591
-0.023478
-0.023478
-0.063761
-0.007365
0.008748
0.024862
0.016805
0.008748
-0.055705
-0.015421
0.000692
0.032918
-0.031535
0.000692
0.065145
0.000692
-0.063761
-0.152384
-0.184611
-0.152384
-0.152384
-0.112101
0.016805
0.024862
0.008748
0.065145
0.016805
0.040975
0.089315
0.081258
0.105428
0.113485
0.097371
0.032918
0.065145
0.016805
0.057088
0.065145
0.129598
0.105428
0.105428
0.073202
0.073202
0.057088
0.089315
0.016805
0.049032
0.065145
0.016805
0.016805
0.040975
0.057088
0.065145
0.089315
0.024862
0.032918
0.024862
0.024862
0.049032
0.032918
0.089315
0.105428
0.089315
0.073202
0.024862
0.024862
0.073202
0.024862
0.008748
0.057088
0.049032
0.016805
0.024862
0.000692
-0.015421
0.040975
0.000692
0.016805
-0.031535
-0.007365
0.024862
0.129598
0.153768
0.145711
0.129598
0.049032
0.081258
0.016805
-0.047648
-0.023478
-0.031535
-0.015421
-0.047648
-0.079875
-0.047648
-0.055705
-0.087931
-0.087931
-0.055705
-0.039591
-0.079875
-0.055705
-0.047648
-0.079875
-0.079875
-0.063761
-0.047648
-0.047648
-0.055705
-0.047648
-0.071818
-0.063761
-0.063761
-0.047648
-0.071818
-0.055705
-0.039591
-0.031535
-0.063761
-0.031535
-0.055705
-0.047648
-0.055705
-0.023478
-0.047648
-0.063761
-0.031535
-0.079875
-0.031535
-0.015421
-0.039591
-0.071818
-0.015421
-0.047648
0.024862
-0.015421
-0.047648
-0.007365
-0.023478
-0.007365
-0.007365
0.016805
-0.023478
-0.023478
-0.055705
-0.176554
-0.176554
-0.200724
-0.160441
-0.120158
-0.079875
-0.023478
-0.031535
0.032918
0.008748
0.049032
0.024862
0.057088
0.016805
0.040975
0.040975
0.081258
0.016805
0.057088
0.057088
0.016805
0.049032
0.065145
0.057088
0.049032
0.049032
0.081258
0.024862
0.057088
0.057088
0.032918
0.049032
0.016805
0.008748
0.040975
-0.023478
0.049032
0.000692
0.040975
0.057088
0.032918
0.000692
0.008748
0.049032
0.024862
0.008748
0.016805
0.040975
-0.015421
0.024862
0.040975
0.016805
-0.023478
0.000692
-0.015421
0.008748
0.000692
0.032918
0.008748
-0.039591
-0.055705
-0.015421
-0.015421
0.065145
0.153768
0.169881
0.161825
0.137655
0.121541
0.065145
-0.007365
0.032918
-0.055705
-0.031535
-0.047648
-0.071818
-0.015421
-0.063761
-0.063761
-0.063761
-0.071818
-0.055705
-0.055705
-0.055705
-0.039591
-0.063761
-0.039591
-0.095988
-0.023478
-0.071818
-0.031535
-0.071818
-0.055705
-0.039591
-0.095988
-0.039591
-0.071818
-0.079875
-0.023478
-0.023478
-0.063761
-0.047648
-0.007365
-0.031535
-0.087931
-0.063761
-0.039591
-0.063761
-0.047648
-0.071818
-0.095988
0.000692
-0.031535
-0.047648
-0.039591
-0.023478
-0.015421
-0.055705
-0.031535
0.000692
-0.039591
-0.007365
-0.015421
0.016805
-0.015421
-0.023478
-0.007365
-0.176554
-0.249064
-0.297404
-0.257121
-0.232951
-0.176554
-0.112101
-0.071818
0.000692
0.024862
0.016805
0.040975
0.024862
0.057088
0.040975
0.016805
0.008748
0.008748
0.073202
0.057088
0.032918
0.113485
0.032918
0.024862
0.089315
0.057088
0.057088
0.040975
0.032918
0.049032
0.016805
0.032918
0.049032
0.089315
0.129598
0.081258
0.105428
0.032918
0.008748
0.049032
0.049032
0.089315
0.145711
0.089315
0.105428
0.081258
0.040975
0.032918
0.024862
0.032918
0.024862
0.008748
0.008748
0.008748
-0.007365
-0.007365
-0.031535
-0.031535
0.016805
-0.047648
-0.007365
-0.015421
0.040975
0.194051
0.290731
0.411580
0.379354
0.339071
0.266561
0.202108
0.145711
0.049032
0.000692
-0.023478
-0.031535
-0.047648
-0.047648
-0.055705
-0.063761
-0.055705
-0.039591
-0.055705
-0.087931
-0.079875
-0.023478
-0.079875
-0.039591
-0.039591
-0.095988
-0.039591
-0.071818
-0.071818
-0.079875
-0.031535
-0.087931
-0.039591
-0.063761
-0.055705
-0.031535
-0.039591
-0.055705
-0.079875
-0.023478
-0.063761
-0.039591
-0.079875
-0.055705
-0.055705
-0.015421
-0.055705
-0.031535
-0.023478
-0.039591
-0.047648
-0.047648
-0.031535
0.008748
-0.007365
0.008748
-0.023478
-0.023478
0.008748
0.008748
-0.023478
0.008748
0.040975
-0.015421
-0.128214
-0.313517
-0.434367
-0.418254
-0.426310
-0.305461
-0.249064
-0.079875
-0.015421
0.016805
0.008748
0.032918
0.040975
0.024862
0.113485
0.121541
0.169881
0.121541
0.097371
0.113485
0.024862
0.089315
0.081258
0.040975
0.089315
0.049032
0.073202
0.057088
0.105428
0.097371
0.065145
0.049032
0.057088
0.065145
0.032918
0.040975
0.032918
0.097371
0.121541
0.065145
0.057088
0.040975
0.024862
0.049032
0.089315
0.065145
0.065145
0.089315
0.057088
0.049032
0.016805
0.057088
0.016805
0.073202
0.105428
0.081258
0.097371
0.049032
-0.007365
0.032918
0.024862
0.024862
0.065145
0.153768
0.250448
0.411580
0.395467
0.395467
0.371297
0.274618
0.234334
0.153768
0.049032
0.024862
0.016805
0.057088
0.000692
-0.047648
-0.031535
-0.031535
-0.055705
-0.063761
-0.063761
-0.039591
0.016805
-0.047648
-0.063761
-0.071818
-0.031535
-0.104045
-0.071818
0.000692
-0.063761
-0.039591
-0.055705
-0.063761
-0.063761
-0.063761
-0.055705
-0.039591
-0.055705
-0.055705
-0.063761
-0.079875
-0.031535
-0.087931
-0.031535
-0.047648
-0.023478
-0.039591
-0.055705
-0.023478
-0.047648
-0.023478
-0.031535
-0.063761
-0.055705
-0.031535
-0.015421
0.008748
-0.015421
0.008748
0.065145
-0.015421
-0.007365
0.000692
0.000692
-0.023478
-0.184611
-0.289347
-0.345744
-0.377970
-0.369914
-0.273234
-0.249064
-0.104045
-0.031535
0.113485
0.057088
0.049032
0.073202
0.000692
0.065145
0.032918
0.065145
0.057088
0.097371
0.137655
0.137655
0.145711
0.040975
0.049032
0.040975
0.089315
0.049032
0.057088
0.049032
0.016805
0.057088
0.024862
0.040975
0.065145
0.049032
0.049032
0.008748
0.008748
0.049032
0.049032
0.024862
0.057088
0.016805
0.008748
0.024862
0.008748
0.057088
0.049032
0.040975
0.024862
-0.023478
0.049032
0.000692
0.024862
0.024862
0.032918
-0.007365
0.008748
-0.023478
0.000692
0.024862
-0.063761
0.024862
0.073202
0.226278
0.314901
0.443807
0.427694
0.355184
0.290731
0.202108
0.145711
0.081258
0.016805
-0.023478
-0.023478
-0.071818
-0.023478
-0.112101
-0.031535
-0.055705
-0.039591
-0.063761
-0.055705
-0.071818
-0.055705
-0.079875
-0.047648
-0.047648
-0.071818
-0.087931
-0.039591
-0.047648
-0.087931
-0.079875
-0.079875
-0.055705
-0.055705
-0.023478
-0.047648
-0.071818
-0.071818
-0.047648
-0.023478
-0.087931
-0.031535
-0.055705
-0.039591
-0.039591
-0.007365
-0.007365
-0.031535
-0.015421
-0.055705
-0.031535
-0.063761
-0.039591
-0.063761
-0.007365
0.024862
0.040975
0.024862
0.016805
0.032918
-0.007365
-0.031535
-0.047648
-0.087931
-0.265177
-0.369914
-0.402140
-0.418254
-0.345744
-0.329630
-0.249064
-0.168498
-0.071818
-0.015421
0.032918
0.016805
0.081258
0.057088
0.008748
0.089315
0.089315
0.040975
0.081258
0.113485
0.097371
0.121541
0.145711
0.089315
0.065145
0.081258
0.097371
0.097371
0.097371
0.081258
0.081258
0.081258
0.065145
0.049032
0.065145
0.049032
0.032918
0.089315
0.049032
0.016805
0.032918
0.065145
0.049032
0.024862
0.049032
0.129598
0.105428
0.065145
0.057088
0.057088
0.081258
0.073202
0.032918
0.016805
0.024862
0.065145
0.008748
0.008748
0.089315
0.065145
0.089315
0.016805
-0.031535
0.049032
0.274618
0.419637
0.467977
0.411580
0.371297
0.290731
0.210164
0.137655
0.024862
-0.007365
0.032918
0.024862
0.008748
-0.015421
-0.015421
-0.047648
-0.047648
0.008748
0.008748
0.008748
0.040975
0.000692
0.016805
-0.087931
-0.063761
-0.039591
-0.055705
0.016805
-0.031535
-0.007365
-0.039591
-0.023478
-0.031535
-0.063761
-0.039591
-0.071818
-0.095988
-0.007365
-0.047648
-0.055705
-0.039591
-0.023478
-0.063761
-0.007365
-0.039591
-0.047648
-0.039591
-0.031535
0.024862
-0.015421
0.032918
0.032918
-0.023478
-0.007365
-0.047648
-0.015421
0.016805
-0.039591
-0.007365
0.008748
0.024862
-0.007365
-0.055705
-0.095988
-0.249064
-0.426310
-0.410197
-0.402140
-0.394084
-0.313517
-0.241007
-0.200724
-0.079875
-0.039591
-0.015421
0.024862
0.024862
0.024862
0.040975
0.057088
0.024862
0.049032
0.049032
0.049032
0.000692
0.057088
0.040975
0.016805
0.057088
0.040975
0.016805
-0.015421
0.049032
0.032918
0.040975
0.057088
0.016805
0.016805
0.049032
0.016805
0.032918
0.040975
0.049032
0.016805
0.032918
0.049032
0.024862
0.032918
0.016805
0.024862
0.016805
0.024862
0.016805
0.008748
0.016805
0.000692
0.016805
0.040975
0.040975
0.016805
-0.031535
-0.015421
0.016805
0.000692
-0.031535
-0.007365
0.024862
0.065145
0.250448
0.371297
0.395467
0.379354
0.314901
0.242391
0.185995
0.105428
0.024862
-0.015421
0.008748
-0.031535
-0.055705
0.008748
0.065145
0.040975
0.016805
-0.031535
-0.063761
-0.047648
-0.039591
-0.071818
-0.031535
0.024862
0.016805
-0.055705
-0.079875
-0.055705
-0.071818
-0.015421
-0.063761
-0.039591
-0.071818
-0.015421
-0.047648
-0.039591
-0.104045
-0.071818
-0.039591
-0.055705
-0.039591
-0.063761
-0.047648
-0.047648
-0.007365
-0.031535
-0.079875
-0.023478
-0.055705
-0.023478
-0.047648
-0.031535
-0.015421
-0.039591
-0.007365
-0.015421
-0.007365
-0.015421
-0.031535
0.016805
0.040975
0.000692
-0.031535
-0.128214
-0.305461
-0.410197
-0.418254
-0.345744
-0.273234
-0.224894
-0.176554
-0.087931
-0.039591
0.008748
0.016805
0.121541
0.113485
0.137655
0.121541
0.032918
0.081258
0.040975
0.032918
0.049032
0.032918
0.073202
0.049032
0.073202
0.049032
0.057088
0.008748
0.040975
0.016805
0.049032
0.000692
0.040975
0.049032
0.040975
0.049032
0.008748
0.049032
0.065145
0.057088
0.057088
0.032918
0.049032
0.032918
0.024862
-0.007365
0.040975
0.016805
0.032918
0.008748
0.057088
0.049032
0.016805
0.024862
0.016805
0.024862
0.000692
0.008748
0.032918
0.024862
0.016805
-0.007365
-0.007365
-0.015421
0.097371
0.242391
0.371297
0.411580
0.395467
0.331014
0.306844
0.218221
0.129598
0.049032
-0.007365
-0.015421
-0.023478
-0.055705
-0.087931
-0.055705
-0.055705
-0.079875
-0.055705
-0.031535
-0.047648
-0.071818
-0.063761
-0.063761
-0.063761
-0.087931
-0.047648
-0.023478
-0.063761
-0.023478
-0.063761
-0.104045
-0.023478
-0.055705
-0.063761
-0.055705
-0.087931
-0.047648
-0.039591
-0.023478
-0.007365
-0.015421
-0.047648
-0.087931
-0.023478
-0.031535
-0.023478
-0.015421
-0.047648
-0.047648
0.000692
-0.015421
-0.031535
-0.031535
-0.015421
-0.023478
-0.047648
0.008748
-0.007365
-0.031535
-0.039591
-0.039591
0.016805
-0.007365
-0.152384
-0.305461
-0.418254
-0.482707
-0.458537
-0.394084
-0.321574
-0.241007
-0.128214
-0.095988
-0.015421
0.000692
0.040975
0.016805
0.032918
0.049032
0.000692
0.073202
0.057088
0.065145
0.024862
0.032918
0.089315
0.016805
0.065145
0.049032
0.032918
0.040975
0.057088
0.032918
0.065145
0.032918
0.057088
0.024862
0.024862
0.032918
0.049032
0.065145
0.057088
0.016805
0.057088
0.008748
0.057088
0.040975
0.016805
0.032918
0.024862
0.040975
0.032918
0.024862
0.008748
0.000692
0.065145
0.032918
-0.015421
0.024862
0.016805
-0.015421
-0.023478
0.032918
0.000692
-0.007365
-0.007365
-0.007365
0.081258
0.266561
0.347127
0.443807
0.427694
0.371297
0.258504
0.202108
0.121541
0.065145
0.000692
-0.047648
-0.015421
-0.055705
-0.023478
-0.039591
-0.063761
-0.055705
-0.071818
-0.071818
-0.055705
-0.071818
-0.104045
-0.087931
-0.063761
-0.063761
-0.047648
-0.087931
-0.071818
-0.047648
-0.063761
-0.023478
-0.071818
-0.039591
-0.079875
-0.071818
-0.079875
-0.055705
-0.047648
-0.055705
-0.047648
-0.047648
-0.055705
-0.023478
-0.007365
-0.047648
-0.039591
-0.055705
-0.023478
-0.055705
-0.023478
-0.039591
-0.015421
-0.055705
-0.039591
-0.047648
-0.023478
-0.015421
-0.063761
-0.039591
-0.031535
0.000692
-0.007365
-0.055705
-0.176554
-0.321574
-0.410197
-0.490763
-0.498820
-0.353800
-0.313517
-0.224894
-0.104045
-0.047648
-0.007365
0.008748
0.073202
0.016805
0.024862
0.024862
0.032918
0.049032
0.049032
0.032918
0.016805
0.024862
0.040975
0.049032
0.049032
0.065145
0.032918
0.040975
0.057088
0.089315
0.024862
0.032918
0.040975
0.057088
0.040975
0.008748
0.113485
0.057088
0.057088
0.040975
0.057088
0.097371
0.065145
0.057088
0.040975
0.024862
0.008748
0.040975
-0.007365
0.000692
0.008748
0.032918
0.040975
0.016805
-0.023478
-0.015421
0.016805
0.016805
-0.007365
-0.007365
0.049032
0.024862
-0.015421
0.032918
0.081258
0.274618
0.379354
0.411580
0.387411
0.339071
0.282674
0.250448
0.129598
0.049032
0.008748
-0.031535
-0.031535
-0.031535
-0.071818
-0.031535
-0.031535
-0.071818
-0.079875
-0.055705
-0.063761
-0.063761
-0.087931
-0.055705
-0.039591
-0.104045
-0.047648
-0.063761
-0.095988
-0.063761
-0.087931
-0.031535
-0.079875
-0.079875
-0.071818
-0.055705
-0.071818
-0.055705
-0.023478
-0.047648
-0.087931
-0.031535
-0.047648
-0.071818
-0.023478
-0.015421
-0.039591
-0.055705
-0.047648
-0.039591
-0.063761
-0.047648
-0.031535
-0.047648
-0.015421
-0.015421
-0.047648
-0.015421
-0.023478
0.049032
-0.087931
-0.015421
-0.023478
-0.015421
-0.168498
-0.313517
-0.377970
-0.482707
-0.450480
-0.394084
-0.289347
-0.265177
-0.136271
-0.071818
-0.007365
-0.015421
0.024862
0.008748
0.049032
0.057088
0.024862
0.040975
0.081258
0.040975
0.008748
0.057088
0.032918
0.024862
0.057088
0.024862
0.032918
0.040975
0.073202
0.024862
0.081258
0.024862
0.073202
0.073202
-0.007365
0.065145
0.040975
0.073202
0.024862
0.049032
0.032918
0.000692
-0.007365
0.073202
0.016805
0.016805
0.032918
0.016805
0.024862
0.049032
0.040975
0.008748
0.032918
0.032918
-0.047648
-0.007365
-0.031535
0.000692
0.000692
-0.007365
-0.047648
-0.023478
-0.055705
0.032918
0.097371
0.258504
0.395467
0.427694
0.387411
0.331014
0.258504
0.210164
0.089315
0.024862
-0.023478
-0.047648
-0.007365
-0.047648
-0.087931
-0.055705
-0.063761
-0.087931
-0.079875
-0.079875
-0.047648
-0.063761
-0.063761
-0.087931
-0.136271
-0.063761
-0.071818
-0.104045
-0.031535
-0.079875
-0.071818
-0.055705
-0.047648
-0.063761
-0.039591
-0.055705
-0.039591
-0.087931
-0.063761
-0.055705
-0.095988
-0.095988
-0.055705
-0.031535
-0.055705
-0.039591
-0.047648
-0.047648
-0.015421
-0.031535
-0.047648
-0.079875
-0.015421
-0.023478
-0.015421
-0.031535
-0.031535
-0.039591
-0.007365
-0.007365
0.008748
0.000692
0.032918
-0.007365
-0.136271
-0.313517
-0.402140
-0.466593
-0.442423
-0.345744
-0.273234
-0.216838
-0.120158
-0.015421
-0.015421
0.024862
0.016805
0.008748
0.049032
0.024862
0.016805
0.057088
0.040975
0.024862
0.040975
0.016805
0.057088
0.089315
0.040975
0.057088
0.049032
0.040975
0.040975
0.057088
0.073202
0.016805
0.065145
0.032918
0.040975
0.040975
0.073202
0.016805
0.016805
0.065145
0.040975
0.049032
0.040975
0.016805
0.057088
0.008748
0.040975
0.008748
0.008748
0.024862
0.024862
0.008748
0.040975
0.024862
0.040975
0.024862
-0.023478
0.024862
-0.015421
0.049032
0.057088
0.024862
-0.023478
-0.031535
0.113485
0.274618
0.419637
0.363241
0.371297
0.322957
