262.180233
261.276163
270.015504
288.398256
292.315891
302.863372
306.479651
308.589147
309.493217
310.397287
309.493217
311.000000
309.191860
308.287791
306.178295
304.370155
301.657946
298.041667
294.726744
289.905039
284.179264
279.357558
273.029070
266.399225
257.659884
246.811047
237.468992
226.318798
214.565891
200.703488
186.539729
171.471899
156.102713
142.240310
127.473837
109.091085
91.612403
75.037791
59.668605
43.696705
25.012597
9.643411
-6.064067
-20.502321
-34.940576
-49.090065
-62.662024
-76.233983
-88.650882
-100.779016
-112.907149
-123.302693
-133.987001
-147.270195
-159.687094
-170.371402
-181.633240
-195.493965
-210.220984
-222.637883
-231.300836
-242.562674
-252.091922
-261.043640
-268.262767
-276.348189
-283.278552
-293.096565
-298.871866
-304.647168
-306.668524
-307.246054
-308.978644
-309.556175
-308.689879
-308.689879
-308.689879
-306.957289
-305.513463
-302.914578
-301.470752
-298.871866
-293.674095
-290.208914
-285.588672
-280.390901
-273.460539
-266.241411
-259.311049
-249.493036
-239.386258
-228.413185
-216.573816
-203.290622
-191.162488
-177.012999
-160.842154
-146.981430
-133.120706
-115.506035
-98.757660
-82.875580
-68.726091
-51.977716
-35.806871
-20.791086
-5.197772
9.643411
24.409884
38.573643
53.340116
66.901163
79.558140
91.913760
103.365310
115.419574
125.062984
139.528101
153.390504
162.129845
173.581395
188.649225
204.621124
216.675388
226.921512
237.468992
248.016473
257.057171
265.495155
273.330426
281.768411
290.206395
298.041667
303.466085
306.479651
306.178295
307.986434
309.191860
310.095930
309.191860
309.191860
308.287791
306.178295
304.068798
301.959302
297.137597
294.124031
289.000969
284.480620
279.056202
272.125000
265.796512
257.358527
247.413760
236.564922
225.414729
212.757752
198.292636
185.334302
171.170543
154.897287
141.637597
126.871124
109.091085
90.708333
75.339147
59.065891
42.792636
24.409884
9.040698
-5.775302
-21.079851
-34.940576
-49.956360
-62.662024
-75.656453
-88.939647
-100.779016
-111.752089
-122.436397
-133.698236
-146.403900
-159.975859
-170.371402
-181.633240
-194.627669
-211.376045
-222.060353
-231.589601
-241.696379
-252.669452
-260.754875
-268.551532
-277.503250
-283.567317
-292.230269
-298.583101
-302.337047
-304.647168
-305.513463
-308.112349
-307.823584
-308.112349
-307.823584
-308.689879
-307.823584
-304.358403
-302.625812
-300.315692
-296.561746
-293.962860
-290.786444
-284.722377
-279.524605
-272.883008
-266.530176
-257.867224
-249.493036
-238.519963
-227.546890
-215.996286
-203.001857
-190.007428
-176.146704
-160.553389
-147.558960
-133.698236
-115.794800
-98.180130
-83.164345
-67.571031
-52.555246
-35.806871
-21.079851
-4.620241
9.342054
25.012597
39.176357
52.436047
67.202519
78.955426
91.311047
103.666667
115.720930
125.967054
139.829457
150.979651
162.431202
173.280039
188.950581
204.319767
216.374031
227.524225
238.071705
248.016473
258.262597
266.097868
274.535853
281.768411
292.315891
298.644380
303.767442
305.575581
307.082364
307.685078
308.890504
309.191860
308.589147
308.890504
308.287791
305.876938
304.068798
301.055233
297.740310
292.617248
289.000969
283.576550
277.850775
270.919574
264.289729
255.550388
246.208333
235.660853
224.812016
211.250969
198.593992
183.827519
168.759690
153.390504
139.528101
125.062984
106.077519
87.092054
71.421512
56.353682
40.683140
23.204457
6.629845
-8.085422
-23.101207
-37.250696
-52.266481
-64.683380
-78.255339
-90.961003
-102.800371
-114.928505
-125.901578
-136.585887
-149.291551
-161.708449
-171.815227
-183.654596
-196.937790
-213.108635
-224.081708
-232.167131
-245.161560
-252.669452
-261.909935
-269.706592
-277.214485
-285.588672
-293.096565
-299.738162
-303.203343
-304.358403
-306.668524
-306.957289
-307.823584
-309.267409
-308.689879
-309.556175
-307.823584
-306.090994
-302.914578
-300.315692
-297.716806
-293.096565
-288.765088
-284.433612
-278.947075
-272.305478
-265.375116
-256.712163
-248.337976
-239.097493
-227.258124
-216.285051
-202.424327
-189.718663
-174.991643
-160.842154
-147.270195
-132.543175
-114.928505
-97.891365
-82.009285
-67.282266
-51.111421
-34.651811
-22.234912
-4.909006
9.040698
25.012597
39.176357
53.340116
66.901163
79.859496
90.708333
102.762597
114.515504
125.062984
139.528101
152.185078
162.431202
174.485465
190.457364
206.127907
217.880814
227.825581
238.071705
248.317829
258.563953
265.796512
274.837209
282.973837
291.411822
298.945736
302.863372
304.972868
306.479651
307.082364
308.890504
308.890504
308.890504
308.287791
307.685078
306.178295
302.863372
300.452519
296.836240
291.713178
287.795543
282.672481
276.645349
270.015504
262.782946
254.947674
244.400194
234.154070
223.305233
210.045543
195.881783
183.526163
166.650194
152.185078
138.322674
122.953488
105.474806
86.790698
70.818798
55.449612
38.875000
21.396318
5.123062
-10.106778
-24.545032
-40.427112
-53.132776
-66.993500
-79.987929
-92.116063
-104.821727
-116.083565
-127.922934
-138.607242
-150.735376
-162.285980
-172.392758
-184.809656
-198.670381
-213.686165
-224.948004
-234.477252
-245.161560
-254.979573
-263.931291
-270.572888
-278.658310
-285.588672
-293.674095
-300.604457
-303.780873
-305.513463
-306.379759
-308.401114
-308.689879
-308.978644
-308.112349
-308.978644
-307.823584
-304.935933
-304.069638
-300.604457
-297.139276
-293.962860
-289.342618
-284.722377
-278.947075
-272.883008
-265.375116
-257.578459
-248.049211
-238.808728
-227.835655
-215.707521
-203.001857
-189.141133
-174.702878
-159.687094
-146.692665
-132.254410
-113.484680
-96.447539
-82.009285
-66.704735
-50.822656
-34.940576
-21.079851
-4.620241
9.342054
24.409884
38.875000
52.134690
66.599806
78.654070
91.009690
102.762597
113.912791
125.967054
138.624031
152.787791
161.225775
173.882752
189.553295
205.223837
217.880814
227.825581
238.674419
248.619186
257.961240
266.399225
274.535853
282.371124
291.110465
298.644380
303.466085
305.274225
306.781008
308.287791
307.986434
308.890504
308.589147
308.287791
307.082364
306.479651
302.863372
300.452519
295.932171
291.411822
288.096899
281.467054
277.248062
269.412791
263.084302
253.742248
242.592054
232.948643
221.798450
208.237403
195.881783
181.115310
166.348837
150.678295
136.213178
121.145349
102.159884
84.379845
69.312016
52.737403
36.162791
18.684109
3.616279
-11.261838
-27.432683
-41.004643
-54.865367
-69.014856
-81.431755
-94.426184
-106.554318
-116.661096
-127.634169
-139.473538
-151.312906
-164.884865
-174.414113
-185.387187
-199.247911
-214.841226
-226.391829
-234.188487
-245.739090
-254.402043
-263.353760
-271.439183
-279.235840
-286.454968
-293.674095
-300.893222
-304.358403
-306.668524
-307.823584
-308.401114
-309.267409
-309.267409
-309.267409
-309.556175
-307.246054
-306.379759
-302.625812
-301.470752
-297.428041
-294.251625
-289.920149
-284.433612
-279.813370
-272.594243
-265.086351
-257.578459
-247.471681
-238.519963
-227.258124
-216.573816
-202.135562
-188.852368
-175.280409
-159.109564
-146.115135
-131.965645
-113.773445
-96.736305
-81.431755
-65.838440
-50.245125
-34.363045
-19.058496
-3.753946
11.150194
25.615310
40.381783
53.641473
66.599806
79.256783
90.406977
103.063953
114.214147
127.172481
139.829457
153.390504
162.431202
174.184109
190.156008
205.525194
217.278101
226.921512
239.277132
249.221899
258.262597
267.001938
274.234496
283.275194
291.411822
298.343023
302.863372
304.671512
306.781008
307.685078
308.287791
307.986434
308.589147
307.986434
307.082364
304.972868
302.260659
299.548450
295.329457
291.411822
287.192829
281.467054
276.042636
269.412791
262.481589
252.235465
242.592054
232.044574
220.894380
208.237403
195.580426
181.115310
165.746124
150.075581
135.309109
119.939922
101.557171
83.777132
69.312016
52.436047
36.162791
18.382752
2.410853
-11.550604
-27.432683
-40.715877
-54.576602
-68.148561
-81.142990
-93.271123
-105.110492
-116.083565
-126.767874
-139.473538
-151.890436
-163.152275
-174.414113
-185.964717
-200.114206
-215.996286
-225.525534
-234.766017
-246.027855
-255.557103
-263.642526
-271.727948
-279.524605
-287.321263
-295.406685
-301.181987
-305.224698
-306.379759
-307.823584
-308.401114
-308.689879
-309.844940
-309.267409
-309.267409
-307.534819
-305.224698
-302.337047
-300.026927
-296.850511
-292.519034
-289.053853
-284.144847
-278.658310
-272.016713
-265.086351
-256.712163
-247.471681
-237.076137
-225.525534
-213.974930
-201.269266
-187.697307
-172.681523
-158.243268
-144.960074
-129.944290
-111.752089
-95.003714
-79.987929
-64.394615
-48.512535
-32.919220
-18.480966
-1.443825
12.054264
27.724806
40.381783
55.148256
70.216085
81.667636
93.420543
105.474806
116.323643
128.980620
141.336240
155.198643
164.239341
175.690891
193.169574
206.730620
220.593023
229.332364
240.181202
250.728682
259.769380
268.207364
275.138566
283.275194
292.617248
298.644380
303.767442
305.274225
306.479651
308.589147
307.986434
308.287791
308.890504
308.287791
306.479651
304.068798
301.959302
298.945736
295.028101
290.809109
285.987403
280.261628
275.138566
268.810078
261.276163
251.934109
242.290698
231.441860
219.990310
206.127907
193.470930
179.307171
163.335271
148.870155
135.911822
117.529070
100.050388
81.968992
66.599806
50.929264
33.751938
17.478682
0.904070
-13.860724
-28.876509
-43.603528
-57.464253
-70.458682
-82.875580
-95.292479
-107.420613
-118.393686
-128.211699
-140.628598
-153.045497
-166.039926
-174.702878
-187.986072
-203.001857
-216.862581
-226.680594
-236.498607
-246.605385
-256.423398
-264.508821
-272.883008
-279.813370
-288.765088
-295.984215
-301.470752
-305.224698
-306.379759
-307.534819
-308.689879
-308.689879
-308.978644
-308.978644
-309.267409
-307.246054
-305.224698
-303.203343
-299.449396
-296.272981
-292.807799
-289.631383
-283.278552
-279.235840
-271.439183
-264.220056
-256.423398
-246.894150
-237.076137
-225.236769
-213.397400
-200.402971
-186.831012
-172.392758
-157.376973
-144.960074
-128.789229
-112.329619
-95.292479
-79.410399
-65.838440
-48.801300
-32.919220
-19.058496
-3.176416
12.054264
27.423450
40.984496
55.750969
67.503876
80.763566
92.817829
104.269380
116.323643
127.473837
141.637597
153.993217
163.033915
175.992248
192.868217
207.936047
218.784884
230.236434
239.879845
250.125969
260.372093
267.604651
275.138566
284.179264
292.014535
299.849806
302.863372
305.274225
306.178295
307.082364
307.685078
308.287791
308.589147
307.082364
306.479651
304.972868
301.657946
298.644380
294.124031
290.206395
285.686047
281.165698
274.234496
268.207364
260.070736
251.331395
241.386628
230.236434
219.086240
205.826550
192.868217
178.101744
163.033915
148.267442
134.103682
117.830426
98.242248
80.160853
65.394380
49.121124
32.546512
16.875969
0.301357
-13.571959
-29.742804
-43.025998
-57.175487
-70.458682
-82.298050
-95.003714
-107.131848
-117.527391
-127.922934
-141.206128
-153.334262
-165.173630
-175.280409
-187.119777
-202.713092
-217.151346
-226.680594
-237.076137
-248.337976
-256.423398
-265.086351
-273.171773
-279.813370
-289.053853
-294.829155
-301.181987
-305.224698
-307.534819
-308.112349
-308.112349
-309.556175
-309.556175
-308.401114
-309.556175
-307.534819
-305.513463
-303.492108
-300.026927
-296.272981
-292.807799
-289.342618
-283.278552
-277.792015
-272.883008
-263.931291
-254.979573
-246.316620
-235.921077
-224.370474
-213.974930
-200.114206
-185.964717
-170.948932
-156.510678
-143.227484
-127.634169
-109.730734
-93.559889
-77.100279
-64.105850
-45.913649
-31.764160
-16.459610
-0.866295
13.259690
29.834302
42.792636
56.956395
70.818798
81.968992
94.324612
106.378876
117.529070
129.281977
144.349806
155.500000
164.239341
177.499031
193.470930
208.538760
220.593023
230.839147
241.687984
250.728682
260.673450
268.207364
276.042636
284.480620
292.014535
299.548450
302.863372
305.876938
307.082364
307.082364
308.287791
308.287791
308.589147
307.986434
305.575581
304.972868
302.260659
298.041667
294.124031
290.809109
285.686047
280.261628
273.933140
267.906008
259.468023
251.030039
239.578488
229.332364
218.182171
205.223837
191.361434
176.896318
160.623062
146.760659
131.994186
114.515504
96.434109
78.654070
64.490310
47.614341
31.642442
13.862403
-1.732591
-16.459610
-31.186630
-45.913649
-60.640669
-72.768802
-85.763231
-97.313835
-109.441968
-120.126277
-130.810585
-143.227484
-155.355617
-167.483751
-176.724234
-190.007428
-204.156917
-218.017642
-228.124420
-237.364903
-248.626741
-257.578459
-265.952646
-273.460539
-282.701021
-289.631383
-296.850511
-301.759517
-305.513463
-307.823584
-306.957289
-309.267409
-309.267409
-309.267409
-309.844940
-308.978644
-306.668524
-305.513463
-302.048282
-300.026927
-295.695450
-292.230269
-288.476323
-283.278552
-277.503250
-271.727948
-264.797586
-254.979573
-245.739090
-235.921077
-224.948004
-212.819870
-200.402971
-186.542247
-170.948932
-157.376973
-142.938719
-127.634169
-109.441968
-92.116063
-77.966574
-63.239554
-46.491179
-31.475395
-15.015785
-1.155060
13.259690
28.628876
41.888566
57.257752
69.914729
82.270349
95.228682
106.680233
117.529070
130.186047
143.445736
155.500000
165.143411
177.800388
195.881783
209.141473
220.593023
229.935078
241.687984
251.331395
261.577519
267.906008
277.549419
284.480620
293.219961
298.343023
302.562016
305.575581
306.479651
307.082364
307.383721
308.287791
307.383721
307.082364
305.274225
303.466085
301.356589
297.438953
293.822674
289.000969
285.384690
279.056202
273.631783
267.001938
258.865310
250.125969
238.674419
229.332364
215.771318
203.415698
190.156008
174.786822
160.020349
145.555233
130.487403
114.515504
94.927326
77.750000
62.380814
46.408915
29.532946
12.656977
-3.465181
-18.192201
-32.919220
-47.068709
-60.640669
-73.346332
-86.629526
-98.757660
-109.441968
-121.570102
-132.543175
-144.382544
-156.799443
-169.216342
-178.168059
-192.317549
-206.467038
-220.038997
-229.857010
-239.386258
-249.204271
-259.022284
-267.685237
-274.615599
-282.412256
-291.652739
-296.850511
-302.337047
-305.802228
-306.668524
-308.978644
-309.556175
-310.133705
-309.844940
-310.133705
-308.689879
-307.534819
-305.802228
-302.337047
-300.315692
-296.561746
-292.807799
-287.898793
-282.989786
-277.503250
-270.861653
-263.642526
-255.557103
-245.161560
-236.209842
-223.792943
-211.087279
-199.536676
-184.520891
-171.237697
-155.644383
-144.093779
-127.345404
-109.153203
-92.693593
-77.100279
-62.950789
-45.913649
-31.764160
-16.748375
-0.577530
14.465116
28.628876
43.998062
56.956395
69.914729
81.968992
94.324612
106.378876
116.625000
129.583333
142.843023
155.198643
165.143411
178.403101
195.580426
210.045543
221.195736
231.743217
241.687984
251.632752
260.673450
268.810078
276.343992
285.686047
293.822674
299.849806
303.767442
304.972868
306.781008
306.479651
307.383721
307.685078
307.383721
307.082364
305.274225
303.164729
300.452519
297.137597
293.219961
289.603682
284.781977
278.152132
272.426357
266.399225
258.865310
248.016473
237.770349
227.222868
215.771318
201.908915
187.745155
173.882752
157.910853
143.445736
129.884690
111.200581
94.324612
75.941860
61.175388
44.600775
27.423450
12.054264
-4.331476
-18.769731
-34.074280
-48.223770
-61.795729
-75.945218
-87.495822
-99.912721
-111.174559
-122.436397
-133.120706
-145.537604
-157.665738
-169.793872
-179.034355
-191.740019
-207.044568
-220.905292
-231.012071
-239.386258
-250.070566
-259.311049
-267.974002
-275.193129
-283.278552
-290.786444
-298.871866
-303.203343
-307.246054
-308.112349
-308.978644
-309.844940
-309.844940
-309.844940
-309.844940
-309.556175
-308.112349
-305.802228
-304.647168
-300.604457
-296.272981
-293.385330
-288.476323
-283.278552
-277.214485
-271.439183
-263.642526
-254.690808
-246.316620
-235.054782
-223.792943
-212.242340
-199.247911
-184.520891
-169.793872
-155.355617
-141.494893
-126.190344
-108.286908
-91.249768
-77.100279
-61.506964
-45.047354
-30.609099
-15.304550
-0.288765
15.067829
30.437016
44.600775
57.860465
71.421512
82.270349
95.530039
106.680233
116.625000
130.487403
142.843023
155.801357
164.842054
179.307171
194.676357
210.045543
221.798450
232.044574
241.989341
252.235465
260.673450
269.111434
276.042636
285.083333
294.124031
299.548450
303.466085
305.274225
304.671512
306.781008
306.479651
307.082364
307.685078
306.781008
304.972868
303.164729
299.849806
297.137597
292.014535
287.795543
284.179264
277.549419
272.426357
265.495155
257.961240
247.413760
236.866279
227.222868
213.963178
200.703488
188.950581
172.375969
157.308140
141.938953
127.775194
110.597868
92.215116
74.736434
60.271318
43.395349
25.313953
9.342054
-5.486537
-20.213556
-34.651811
-50.822656
-63.817084
-75.945218
-88.650882
-101.356546
-113.195915
-123.302693
-134.275766
-145.826370
-158.820799
-170.371402
-178.456825
-194.338904
-208.488394
-221.194058
-231.012071
-241.118849
-252.091922
-260.177344
-268.551532
-276.636955
-284.144847
-292.230269
-299.449396
-304.069638
-307.823584
-307.823584
-308.978644
-309.556175
-310.133705
-310.422470
-310.133705
-309.844940
-308.112349
-306.379759
-303.492108
-300.315692
-297.139276
-292.807799
-288.187558
-282.701021
-278.080780
-270.861653
-263.064995
-254.979573
-244.006500
-234.766017
-223.792943
-210.509749
-198.670381
-183.365831
-169.505107
-155.355617
-141.494893
-125.612813
-108.286908
-91.249768
-76.233983
-62.084494
-43.603528
-30.320334
-14.149489
0.301357
15.670543
30.437016
44.902132
58.764535
72.024225
82.873062
94.927326
106.981589
118.131783
131.090116
144.952519
155.801357
164.842054
181.115310
195.580426
210.346899
221.798450
231.743217
241.989341
252.536822
261.577519
268.810078
277.549419
285.083333
293.822674
300.452519
302.863372
304.370155
305.876938
307.082364
307.082364
307.082364
306.781008
306.178295
304.972868
302.562016
300.151163
296.233527
291.713178
288.398256
282.973837
277.549419
270.919574
265.193798
256.755814
246.811047
236.263566
226.017442
213.661822
199.498062
187.443798
170.869186
155.198643
141.034884
126.871124
109.392442
90.105620
74.133721
58.161822
41.888566
24.711240
8.136628
-6.641597
-21.368617
-37.539461
-51.111421
-64.394615
-77.389044
-89.805942
-103.377902
-113.773445
-124.746518
-136.297122
-148.714020
-160.842154
-171.526462
-182.788301
-194.627669
-209.932219
-223.792943
-231.878366
-241.696379
-251.514392
-261.043640
-270.284123
-276.636955
-285.299907
-292.807799
-299.160631
-304.647168
-307.823584
-307.534819
-308.978644
-308.978644
-309.556175
-310.133705
-310.711235
-309.556175
-306.957289
-305.802228
-303.492108
-300.026927
-297.139276
-292.807799
-288.765088
-282.989786
-276.636955
-270.861653
-262.487465
-254.690808
-244.006500
-234.188487
-222.060353
-209.354689
-197.226555
-182.499536
-166.906221
-153.911792
-139.473538
-123.013928
-105.688022
-89.517177
-75.078923
-59.485608
-41.582173
-28.010214
-12.994429
2.109496
17.177326
33.149225
46.408915
59.367248
73.832364
85.585271
96.434109
108.789729
119.337209
134.103682
145.856589
157.308140
166.951550
182.923450
197.388566
212.155039
222.401163
232.948643
243.496124
253.440891
261.878876
269.714147
278.152132
286.288760
292.918605
301.055233
302.863372
304.671512
306.178295
307.082364
307.082364
306.178295
307.082364
305.876938
303.466085
302.260659
299.548450
295.630814
292.315891
287.795543
282.973837
277.549419
270.919574
264.289729
255.550388
245.906977
235.058140
223.907946
212.757752
197.991279
185.334302
169.663760
154.595930
141.336240
125.062984
108.187016
89.502907
73.229651
58.161822
40.984496
24.108527
7.835271
-7.507892
-22.234912
-37.250696
-50.245125
-64.683380
-76.811513
-89.517177
-102.511606
-113.484680
-124.746518
-134.275766
-148.425255
-159.975859
-171.526462
-181.633240
-194.916435
-211.087279
-223.215413
-232.167131
-241.696379
-252.669452
-261.909935
-269.129062
-277.214485
-285.011142
-292.230269
-299.449396
-305.224698
-306.668524
-308.978644
-308.978644
-309.844940
-309.556175
-309.844940
-309.844940
-309.844940
-307.246054
-305.802228
-302.337047
-300.026927
-295.406685
-292.807799
-287.321263
-282.701021
-276.348189
-269.706592
-263.064995
-252.958217
-244.295265
-233.322191
-220.905292
-209.932219
-195.493965
-182.210771
-166.328691
-152.467967
-140.628598
-123.302693
-105.688022
-88.073352
-74.212628
-59.485608
-42.448468
-28.010214
-12.416899
3.013566
17.478682
31.943798
46.107558
60.874031
72.325581
85.886628
97.036822
109.693798
120.542636
132.596899
146.157946
157.609496
167.252907
183.224806
198.593992
212.155039
222.099806
232.948643
242.893411
253.742248
261.878876
270.015504
278.754845
286.891473
295.028101
300.151163
303.767442
305.274225
305.274225
307.383721
306.781008
307.082364
306.479651
305.575581
304.370155
301.657946
299.548450
295.329457
292.014535
286.590116
281.165698
276.946705
270.316860
263.687016
255.550388
244.400194
233.852713
224.510659
210.949612
196.484496
184.128876
168.156977
152.787791
140.130814
124.761628
107.282946
87.393411
71.421512
56.052326
39.176357
22.903101
6.328488
-8.085422
-24.256267
-38.116992
-52.555246
-66.415970
-77.966574
-91.249768
-103.377902
-115.217270
-126.767874
-137.163417
-148.714020
-160.842154
-171.526462
-182.499536
-197.226555
-212.531105
-224.659239
-233.610956
-243.428969
-254.113278
-261.909935
-269.995357
-278.080780
-285.588672
-293.096565
-300.604457
-305.513463
-307.534819
-308.978644
-308.978644
-309.556175
-310.422470
-310.422470
-310.133705
-309.844940
-306.668524
-305.224698
-301.759517
-299.738162
-295.984215
-292.807799
-287.898793
-281.834726
-276.348189
-268.840297
-261.621170
-252.669452
-242.851439
-233.033426
-220.038997
-207.333333
-194.050139
-180.478180
-165.462396
-151.890436
-138.029712
-121.570102
-104.244197
-87.784587
-73.057567
-57.753018
-41.293408
-26.566388
-11.550604
3.616279
18.684109
34.354651
47.915698
61.175388
74.736434
87.092054
98.543605
110.597868
120.843992
135.007752
147.664729
158.513566
168.759690
183.827519
199.498062
213.360465
223.305233
233.852713
245.002907
254.646318
262.782946
270.316860
279.658915
286.891473
295.329457
301.055233
303.466085
303.767442
306.479651
305.575581
307.082364
306.781008
306.479651
305.876938
303.767442
301.356589
298.945736
294.425388
291.713178
287.494186
281.768411
276.645349
270.015504
264.289729
254.043605
244.400194
234.154070
223.907946
211.250969
197.087209
183.827519
167.855620
152.486434
138.624031
124.158915
105.173450
87.092054
70.517442
55.449612
39.176357
21.999031
6.027132
-8.951718
-23.967502
-38.694522
-52.555246
-66.993500
-79.699164
-91.249768
-103.955432
-115.794800
-125.612813
-137.452182
-150.157846
-162.285980
-172.392758
-183.077066
-197.226555
-213.108635
-224.948004
-234.188487
-244.872795
-254.113278
-263.064995
-270.861653
-277.503250
-285.877437
-293.674095
-300.604457
-305.224698
-307.534819
-308.689879
-309.267409
-309.844940
-310.133705
-310.422470
-309.844940
-309.556175
-307.823584
-304.935933
-302.914578
-298.871866
-295.406685
-291.941504
-286.743733
-282.412256
-274.904364
-269.129062
-260.466110
-252.091922
-242.851439
-231.878366
-220.616527
-207.333333
-194.627669
-180.189415
-164.596100
-151.024141
-137.740947
-119.837512
-103.955432
-87.495822
-73.635097
-57.464253
-40.715877
-27.143918
-10.684308
2.410853
19.286822
32.546512
47.614341
60.572674
74.736434
86.489341
98.543605
109.693798
120.542636
134.103682
147.664729
158.814922
168.156977
184.430233
200.402132
213.360465
223.305233
234.756783
243.797481
254.947674
263.084302
271.220930
278.754845
286.891473
295.630814
299.849806
303.466085
304.068798
304.370155
306.178295
306.178295
307.082364
306.178295
304.671512
303.767442
301.959302
299.548450
295.329457
291.411822
285.987403
282.371124
276.343992
270.015504
262.782946
254.043605
243.496124
233.250000
222.702519
209.744186
196.785853
182.923450
167.252907
152.486434
138.021318
123.857558
104.570736
86.187984
72.024225
55.148256
38.272287
20.190891
5.123062
-9.818013
-24.256267
-38.116992
-54.287837
-67.859796
-80.854225
-92.693593
-104.821727
-116.083565
-126.190344
-138.029712
-149.291551
-161.708449
-172.970288
-182.499536
-198.092851
-213.108635
-223.792943
-233.610956
-243.717734
-254.113278
-263.064995
-269.995357
-279.524605
-286.454968
-295.117920
-301.181987
-305.513463
-307.246054
-308.112349
-309.556175
-309.556175
-309.844940
-310.133705
-309.844940
-309.556175
-306.957289
-304.069638
-302.337047
-298.583101
-295.695450
-292.230269
-287.032498
-281.834726
-274.904364
-268.551532
-261.043640
-252.091922
-242.273909
-230.434540
-219.750232
-206.178273
-192.895079
-179.034355
-163.729805
-150.735376
-137.452182
-119.259981
-101.067781
-86.340761
-72.480037
-56.309192
-39.849582
-24.545032
-9.529248
4.218992
19.889535
35.258721
48.819767
62.983527
76.243217
87.393411
99.146318
111.200581
122.652132
135.007752
149.171512
159.116279
169.965116
186.238372
201.004845
214.565891
224.510659
235.058140
245.605620
254.947674
264.289729
271.823643
280.562984
288.699612
295.932171
301.959302
303.466085
305.575581
305.575581
306.479651
307.082364
306.781008
306.781008
305.575581
303.164729
301.657946
297.438953
294.124031
289.603682
285.686047
280.562984
276.343992
268.810078
263.084302
252.838178
243.194767
232.647287
223.305233
208.840116
196.183140
180.813953
165.746124
150.678295
135.911822
120.843992
102.762597
83.475775
69.312016
53.340116
35.560078
18.382752
2.109496
-12.128134
-26.566388
-41.582173
-55.154132
-69.881151
-81.431755
-94.137419
-106.554318
-117.238626
-129.077994
-140.051068
-152.467967
-163.729805
-174.125348
-186.831012
-200.402971
-215.129991
-226.103064
-234.766017
-246.894150
-255.268338
-263.931291
-271.727948
-278.947075
-287.610028
-295.117920
-302.337047
-305.802228
-308.401114
-308.978644
-309.844940
-310.133705
-310.133705
-310.711235
-310.133705
-309.556175
-306.957289
-305.224698
-302.048282
-298.871866
-295.695450
-291.652739
-286.743733
-282.412256
-275.193129
-269.129062
-259.599814
-251.225627
-241.118849
-229.857010
-218.595172
-205.311978
-191.740019
-178.168059
-163.152275
-149.869081
-136.008357
-118.104921
-100.490251
-84.319406
-70.458682
-55.154132
-36.961931
-23.967502
-8.374188
7.533915
21.999031
37.669574
51.230620
64.188953
76.845930
88.900194
100.954457
112.707364
124.158915
137.117248
149.774225
160.321705
172.375969
187.142442
202.812984
215.168605
226.017442
235.359496
246.208333
255.550388
264.591085
271.522287
279.960271
289.000969
295.932171
301.959302
304.068798
305.274225
305.876938
306.178295
307.383721
305.876938
306.781008
306.178295
303.466085
301.959302
298.644380
294.124031
290.507752
285.384690
282.069767
276.042636
269.111434
262.481589
251.331395
242.592054
232.948643
220.593023
207.634690
194.375000
180.211240
163.937984
149.171512
135.007752
119.337209
101.557171
82.571705
67.805233
51.833333
35.560078
17.478682
2.410853
-12.705664
-28.587744
-43.314763
-56.309192
-70.169916
-82.875580
-94.714949
-107.131848
-117.527391
-129.077994
-140.628598
-152.756732
-164.884865
-174.991643
-187.408542
-201.269266
-216.862581
-226.391829
-235.632312
-246.605385
-256.423398
-264.797586
-272.016713
-280.102136
-287.610028
-295.695450
-302.625812
-305.513463
-308.401114
-308.689879
-309.844940
-309.844940
-311.000000
-310.133705
-310.133705
-308.689879
-307.534819
-304.935933
-301.470752
-299.738162
-294.829155
-291.363974
-287.032498
-280.968431
-274.615599
-267.685237
-259.022284
-251.225627
-240.252553
-229.279480
-217.440111
-205.889508
-191.451253
-177.590529
-162.863510
-149.291551
-136.008357
-116.661096
-99.912721
-85.185701
-69.014856
-53.710306
-36.961931
-23.389972
-7.507892
6.027132
22.300388
37.066860
50.326550
63.887597
76.243217
88.900194
100.050388
111.200581
124.158915
136.514535
151.281008
160.020349
172.074612
188.046512
203.717054
215.469961
226.017442
236.564922
245.906977
255.851744
263.687016
272.125000
279.960271
288.096899
296.534884
301.055233
303.164729
304.671512
305.575581
306.178295
306.781008
307.082364
307.383721
306.178295
304.068798
300.452519
297.438953
293.822674
289.000969
285.384690
280.261628
274.837209
267.906008
261.577519
251.030039
241.085271
232.345930
220.894380
207.031977
193.772287
180.211240
163.636628
149.774225
134.405039
119.337209
101.255814
82.270349
67.202519
50.627907
34.354651
18.081395
0.904070
-12.705664
-28.587744
-42.737233
-56.597957
-70.458682
-82.298050
-94.426184
-107.998143
-116.949861
-129.077994
-140.917363
-153.045497
-165.462396
-174.125348
-186.542247
-200.691736
-216.285051
-227.258124
-235.054782
-246.894150
-256.712163
-265.086351
-272.594243
-280.390901
-287.898793
-295.984215
-302.337047
-305.802228
-308.401114
-308.401114
-310.133705
-309.844940
-310.133705
-310.711235
-309.556175
-309.267409
-306.090994
-304.647168
-302.048282
-298.005571
-295.406685
-290.497679
-286.743733
-281.834726
-274.326834
-266.530176
-259.022284
-249.781801
-239.097493
-228.124420
-216.285051
-203.579387
-189.718663
-174.991643
-160.842154
-147.270195
-132.831941
-115.794800
-98.180130
-82.298050
-67.859796
-52.266481
-35.806871
-21.368617
-6.064067
8.437984
24.108527
38.875000
52.737403
66.599806
78.654070
91.009690
102.762597
115.419574
125.967054
139.528101
152.486434
161.225775
173.882752
189.251938
205.525194
217.278101
227.222868
238.373062
246.509690
257.659884
265.796512
273.631783
282.069767
290.206395
297.740310
302.260659
303.164729
305.876938
306.178295
307.383721
307.383721
306.781008
306.178295
305.876938
303.767442
300.753876
299.548450
293.822674
289.905039
285.384690
280.261628
274.535853
268.508721
261.577519
251.030039
240.482558
230.537791
219.990310
206.429264
193.470930
179.005814
162.431202
147.966085
133.802326
118.433140
99.749031
81.667636
66.599806
49.121124
32.847868
15.971899
0.602713
-13.571959
-29.165274
-43.603528
-58.330548
-70.747447
-83.164345
-95.581244
-107.998143
-118.104921
-129.944290
-141.494893
-153.911792
-166.039926
-176.146704
-186.831012
-202.713092
-216.285051
-227.835655
-235.921077
-246.027855
-256.423398
-265.375116
-273.460539
-280.968431
-289.053853
-296.272981
-301.759517
-305.802228
-308.112349
-308.978644
-309.844940
-309.844940
-310.711235
-310.133705
-311.000000
-308.401114
-307.823584
-303.492108
-301.759517
-298.583101
-295.117920
-290.208914
-285.299907
-280.102136
-273.171773
-266.241411
-257.867224
-248.626741
-239.386258
-227.546890
-215.996286
-203.001857
-190.296193
-176.146704
-160.553389
-147.270195
-132.543175
-113.773445
-98.180130
-82.009285
-68.437326
-51.111421
-35.229341
-21.079851
-5.197772
8.739341
23.807171
38.272287
51.230620
66.599806
78.654070
91.009690
102.762597
113.912791
125.665698
138.925388
151.883721
161.225775
174.485465
189.854651
204.922481
216.072674
227.524225
237.468992
247.715116
257.961240
265.495155
274.535853
282.069767
291.110465
297.438953
301.959302
304.068798
304.370155
305.274225
307.082364
306.479651
306.781008
305.575581
304.671512
303.164729
300.452519
298.041667
293.219961
289.000969
285.083333
279.960271
272.426357
267.604651
260.070736
250.427326
240.482558
229.633721
219.086240
204.621124
191.060078
177.800388
161.225775
147.664729
131.994186
116.022287
97.036822
79.256783
64.490310
48.819767
31.642442
14.163760
-1.443825
-15.882080
-31.764160
-45.047354
-60.063138
-72.191272
-84.896936
-97.313835
-109.153203
-121.281337
-131.676880
-143.516249
-156.221913
-167.194986
-177.590529
-189.141133
-205.023213
-218.595172
-228.413185
-237.942433
-248.337976
-257.578459
-265.952646
-273.749304
-282.412256
-290.208914
-296.272981
-302.625812
-306.379759
-308.978644
-309.267409
-309.556175
-310.711235
-310.422470
-310.422470
-309.844940
-308.689879
-306.668524
-304.358403
-302.337047
-298.583101
-294.540390
-291.652739
-285.877437
-280.968431
-272.594243
-265.663881
-258.444754
-249.493036
-238.519963
-227.835655
-215.996286
-202.135562
-188.852368
-174.414113
-159.975859
-147.270195
-131.676880
-114.062210
-96.158774
-81.142990
-68.148561
-51.688951
-35.229341
-19.636026
-5.197772
10.246124
24.108527
38.875000
52.737403
67.805233
78.955426
91.913760
102.461240
114.816860
125.967054
139.528101
153.089147
161.527132
174.786822
191.060078
206.429264
217.880814
228.126938
238.373062
248.016473
257.659884
266.097868
273.029070
282.069767
291.713178
298.343023
300.452519
304.068798
304.972868
306.178295
307.082364
306.781008
306.479651
306.479651
304.972868
301.959302
300.452519
296.534884
293.521318
289.302326
284.179264
279.960271
272.426357
266.700581
259.166667
249.824612
238.674419
229.332364
216.675388
204.319767
190.457364
176.293605
160.924419
145.253876
131.692829
114.515504
96.132752
78.051357
62.682171
47.312984
29.834302
12.958333
-2.310121
-17.037140
-33.207985
-46.779944
-60.063138
-73.635097
-85.474466
-97.602600
-111.174559
-121.570102
-132.254410
-144.093779
-156.799443
-168.927577
-178.456825
-190.584958
-205.311978
-220.038997
-229.857010
-238.808728
-250.359331
-258.444754
-267.107707
-274.038069
-282.701021
-290.497679
-297.139276
-304.069638
-308.401114
-308.978644
-310.133705
-309.844940
-310.422470
-311.000000
-310.711235
-310.133705
-309.556175
-306.668524
-304.069638
-301.470752
-298.005571
-295.117920
-290.208914
-285.588672
-280.102136
-272.883008
-266.530176
-257.578459
-247.471681
-237.942433
-226.680594
-215.129991
-201.269266
-187.986072
-173.836583
-159.398329
-146.692665
-131.388115
-113.484680
-96.736305
-80.854225
-67.571031
-49.667595
-35.229341
-19.347261
-4.331476
10.246124
25.012597
40.381783
52.436047
66.599806
78.955426
90.105620
103.365310
114.214147
125.665698
140.130814
152.486434
162.431202
174.485465
191.060078
207.333333
218.182171
228.428295
239.277132
248.619186
257.961240
266.097868
