311.000000
301.026239
301.328474
302.235180
310.395530
299.515063
305.257532
293.470360
290.145773
285.310010
292.261419
287.425656
280.474247
273.220603
265.060253
255.388727
244.206025
233.627794
221.840622
209.146744
195.243926
180.736638
165.624879
150.815355
137.517007
120.894072
101.853256
85.230321
71.327502
55.006803
39.290573
24.178814
7.253644
-6.418386
-22.172608
-36.176360
-50.763602
-63.600375
-76.728893
-89.565666
-101.235460
-114.363977
-125.450281
-138.870544
-151.415572
-164.544090
-174.171670
-188.467167
-203.929644
-216.474672
-226.393996
-235.146341
-245.940901
-254.693246
-263.737336
-271.030957
-279.199812
-287.368668
-293.787054
-299.330206
-303.122889
-304.289869
-305.456848
-306.040338
-306.040338
-306.332083
-305.748593
-305.748593
-304.289869
-303.122889
-300.497186
-297.579737
-294.662289
-289.994371
-284.451220
-277.741088
-271.906191
-264.320826
-255.276735
-245.065666
-234.562852
-222.601313
-209.472795
-195.469043
-182.048780
-166.586304
-149.956848
-134.494371
-120.782364
-104.444653
-85.481238
-69.435272
-52.805816
-37.926829
-21.880863
-7.001876
5.742468
21.760933
35.361516
48.357629
61.353741
72.838678
84.323615
96.413022
107.897959
118.173955
129.961127
141.446064
154.744412
166.531584
175.598639
189.501458
203.706511
217.004859
227.280855
235.441205
245.112731
253.877551
262.944606
269.291545
276.847425
284.705539
291.354713
299.212828
301.630709
303.444121
304.048591
305.862002
306.164237
307.070943
306.466472
306.164237
304.955296
303.444121
302.537415
298.306122
295.586006
291.354713
287.123421
281.380952
275.940719
269.593780
261.433431
251.761905
240.276968
230.605442
218.213800
205.217687
192.221574
177.412051
160.789116
148.397473
134.796890
118.173955
100.342080
82.812439
68.305151
52.891156
37.477162
21.156463
5.440233
-9.627580
-23.339587
-37.926829
-51.638837
-65.059099
-79.646341
-91.899625
-104.736398
-114.947467
-128.075985
-140.037523
-153.749531
-166.002814
-176.213884
-189.925891
-205.096623
-218.516886
-227.269231
-236.605066
-247.107880
-257.027205
-264.904315
-272.197936
-280.658537
-288.243902
-295.537523
-301.955910
-302.539400
-303.414634
-305.165103
-306.040338
-307.207317
-307.207317
-307.207317
-306.332083
-305.748593
-303.414634
-302.247655
-300.205441
-296.412758
-293.203565
-287.368668
-282.409006
-276.574109
-267.821764
-259.361163
-249.733583
-239.230769
-227.852720
-217.058161
-202.470919
-188.467167
-173.588180
-157.833959
-144.121951
-128.951220
-112.905253
-94.817073
-77.312383
-63.308630
-47.554409
-31.800188
-15.462477
-2.333959
11.787172
26.596696
40.197279
52.588921
66.189504
78.278912
89.159378
101.248785
113.338192
125.125364
138.121477
150.815355
162.602527
173.482993
186.479106
202.195335
213.982507
225.467444
233.930029
242.997085
252.366375
261.433431
268.082604
275.336249
283.194363
291.959184
297.701652
300.421769
301.932945
302.537415
305.559767
305.862002
306.164237
305.862002
305.559767
304.350826
303.141885
300.724004
298.910593
294.377065
290.750243
286.216715
280.474247
275.638484
268.082604
260.224490
251.157434
239.672498
229.396501
216.702624
203.102041
190.710398
174.994169
160.184645
145.979592
132.983479
116.360544
98.226433
80.999028
66.491740
51.077745
34.757046
19.343052
3.324587
-9.627580
-26.257036
-40.552533
-54.556285
-67.976548
-79.938086
-93.358349
-106.195122
-118.156660
-129.242964
-141.204503
-154.916510
-166.586304
-176.213884
-191.092871
-206.263602
-219.975610
-229.019700
-237.772045
-248.858349
-256.735460
-266.363039
-273.948405
-280.075047
-289.119137
-296.121013
-302.247655
-302.831144
-303.998124
-305.456848
-307.499062
-308.082552
-307.499062
-307.499062
-307.499062
-305.456848
-303.998124
-302.831144
-300.205441
-296.412758
-292.911820
-288.243902
-284.159475
-278.032833
-269.280488
-261.695122
-252.359287
-240.981238
-230.186679
-218.516886
-204.221388
-191.092871
-176.213884
-160.459662
-146.455910
-131.576923
-116.114447
-98.318011
-81.688555
-66.809568
-52.514071
-35.884615
-20.713884
-6.710131
7.253644
23.272109
36.570457
49.868805
63.167153
75.861030
86.741497
99.737609
111.524781
122.405248
136.005831
149.304179
161.091351
172.576288
185.572400
200.684159
213.680272
223.956268
232.721088
242.392614
251.459670
259.922255
268.687075
275.638484
283.496599
291.959184
297.399417
300.119534
301.630709
303.444121
304.048591
305.257532
306.164237
306.466472
305.559767
304.048591
302.235180
299.817298
297.097182
293.772595
290.448008
285.007775
280.172012
274.127308
267.175899
260.224490
249.041788
238.765792
228.792031
216.400389
204.915452
189.803693
174.691934
159.277940
145.979592
131.170068
113.942663
97.319728
79.185617
65.585034
49.264334
33.245870
18.738581
2.115646
-11.961538
-26.840525
-41.719512
-56.015009
-68.560038
-81.396811
-93.650094
-105.903377
-118.740150
-128.951220
-142.954972
-155.791745
-167.753283
-178.839587
-192.259850
-208.014071
-220.267355
-229.311445
-238.939024
-250.317073
-258.485929
-265.779550
-274.823640
-280.658537
-289.119137
-297.579737
-301.372420
-303.706379
-304.581614
-306.040338
-306.623827
-308.666041
-308.374296
-308.082552
-308.082552
-307.499062
-305.456848
-303.414634
-300.205441
-297.287992
-292.911820
-288.535647
-283.867730
-276.282364
-270.155722
-261.986867
-252.359287
-242.731707
-230.478424
-219.975610
-205.096623
-193.135084
-178.547842
-162.501876
-149.081614
-134.494371
-118.448405
-100.360225
-83.730769
-69.143527
-54.556285
-37.051595
-23.047842
-9.335835
6.044704
20.551992
35.059281
48.659864
60.749271
74.652089
86.137026
98.528669
110.920311
122.103013
135.401361
147.490768
159.882410
170.460641
184.665695
200.079689
212.471331
223.351798
232.418853
242.090379
250.855199
260.526725
268.384840
276.242954
283.798834
292.261419
298.003887
299.817298
301.026239
302.839650
304.653061
304.653061
305.257532
305.559767
304.350826
303.746356
301.932945
300.421769
296.794947
293.470360
289.239067
285.007775
279.567541
273.825073
267.175899
257.806608
249.041788
237.859086
227.583090
215.191448
202.799806
188.594752
173.180758
157.766764
143.259475
129.961127
113.035957
94.599611
77.976676
63.167153
47.753158
32.036929
16.018465
0.302235
-14.295497
-28.590994
-42.886492
-55.723265
-70.310507
-81.105066
-94.525328
-107.945591
-119.323640
-131.576923
-144.705441
-157.250469
-169.503752
-179.423077
-194.885553
-209.181051
-221.434334
-230.770169
-240.106004
-250.317073
-259.652908
-267.530019
-275.115385
-282.409006
-290.577861
-297.579737
-302.539400
-304.873358
-304.873358
-307.207317
-307.207317
-308.082552
-308.666041
-307.790807
-307.790807
-306.332083
-304.873358
-302.831144
-299.913696
-297.579737
-292.911820
-289.410882
-283.867730
-277.449343
-269.863977
-261.986867
-253.818011
-242.148218
-231.937148
-220.559099
-206.263602
-193.718574
-178.547842
-163.085366
-149.081614
-135.661351
-118.448405
-100.651970
-84.022514
-70.018762
-54.848030
-39.677298
-25.381801
-9.335835
4.231293
20.551992
33.245870
46.846453
61.051506
71.629738
84.625850
97.924198
110.315841
122.405248
135.099125
148.095238
159.277940
170.460641
184.665695
199.172983
213.680272
222.445092
232.116618
242.392614
251.459670
261.131195
267.175899
275.336249
284.705539
292.261419
296.492711
299.212828
300.724004
302.537415
303.746356
304.048591
304.653061
304.653061
305.559767
303.746356
301.328474
300.119534
297.701652
293.168124
288.634597
284.705539
278.963071
272.011662
266.571429
257.806608
246.926142
236.045675
226.071914
213.982507
201.288630
187.688047
172.274052
155.651118
143.863946
129.356657
112.431487
93.088435
77.372206
61.655977
45.637512
30.525753
13.600583
-0.875235
-15.462477
-30.633208
-43.178236
-57.765478
-71.185741
-83.147280
-96.567542
-107.362101
-120.782364
-131.868668
-145.288931
-157.833959
-169.503752
-180.881801
-195.469043
-210.931520
-222.893058
-231.645403
-240.689493
-250.900563
-259.652908
-267.821764
-275.990619
-282.992495
-290.577861
-298.163227
-302.247655
-304.289869
-305.165103
-306.332083
-307.790807
-307.790807
-308.957786
-308.082552
-308.374296
-305.456848
-304.873358
-303.706379
-299.621951
-297.287992
-293.787054
-287.952158
-283.867730
-277.449343
-270.739212
-263.153846
-253.526266
-242.731707
-231.353659
-220.559099
-207.430582
-193.135084
-179.423077
-163.960600
-149.956848
-136.244841
-119.615385
-101.818949
-84.606004
-71.185741
-56.015009
-39.969043
-25.673546
-11.378049
3.929057
18.738581
32.943635
45.335277
59.238095
73.140914
84.323615
97.017493
108.502430
120.289602
134.192420
147.793003
158.975705
169.553936
184.363460
199.777454
213.075802
222.142857
232.721088
241.788144
252.064140
260.828960
268.384840
276.242954
284.705539
291.656948
298.608358
299.817298
301.932945
304.048591
304.350826
305.257532
304.350826
305.257532
304.653061
302.839650
301.328474
299.212828
295.586006
292.563654
288.030126
284.403304
278.358601
272.011662
265.966958
256.295432
247.228377
235.138970
225.467444
212.471331
200.079689
186.479106
170.158406
154.744412
141.748299
126.636540
110.013605
91.275024
76.465500
61.655977
45.939747
28.712342
12.391642
-1.750469
-16.629456
-30.924953
-44.345216
-60.391182
-71.477486
-85.189493
-97.151032
-110.279550
-121.657598
-132.743902
-146.455910
-159.292683
-171.254221
-182.340525
-196.344278
-210.639775
-222.017824
-232.228893
-241.856473
-251.192308
-261.111632
-267.530019
-276.282364
-283.284240
-291.161351
-298.746717
-303.414634
-303.998124
-306.332083
-307.207317
-307.790807
-308.666041
-308.666041
-308.666041
-308.666041
-306.915572
-304.873358
-303.122889
-301.080675
-296.704503
-293.787054
-288.827392
-284.159475
-277.449343
-269.280488
-261.695122
-253.234522
-242.731707
-232.228893
-220.267355
-207.138837
-193.135084
-179.714822
-163.377111
-150.540338
-135.953096
-120.198874
-101.527205
-85.189493
-71.769231
-55.139775
-39.969043
-25.673546
-9.335835
3.929057
18.738581
32.641399
45.637512
58.633625
72.234208
83.416910
96.413022
109.409135
119.987366
133.890185
147.490768
157.766764
169.251701
184.061224
200.381924
213.075802
223.654033
233.023324
242.997085
252.064140
260.828960
268.687075
275.336249
284.101069
292.563654
298.003887
301.026239
301.026239
302.235180
303.141885
304.048591
305.559767
304.955296
305.257532
303.746356
301.932945
298.910593
296.190476
291.656948
287.123421
283.798834
278.056365
272.616132
265.362488
255.993197
245.414966
234.836735
225.769679
213.075802
198.568513
184.665695
168.949466
154.139942
140.237123
126.334305
109.106900
90.670554
74.652089
59.540330
43.219631
26.898931
12.391642
-3.500938
-17.796435
-32.091932
-46.387430
-61.558161
-73.811445
-85.772983
-99.484991
-112.030019
-123.408068
-133.910882
-146.747655
-160.167917
-172.129456
-182.048780
-196.636023
-211.515009
-224.060038
-232.228893
-241.564728
-252.651032
-261.403377
-269.280488
-277.449343
-283.575985
-292.620075
-298.454972
-303.706379
-305.748593
-306.623827
-307.790807
-308.666041
-309.249531
-308.082552
-309.249531
-308.082552
-307.207317
-305.165103
-303.414634
-300.205441
-296.996248
-293.787054
-289.119137
-283.575985
-277.741088
-270.739212
-262.570356
-253.818011
-242.731707
-231.937148
-220.267355
-208.014071
-193.718574
-178.547842
-164.252345
-150.248593
-136.244841
-118.448405
-101.818949
-86.356473
-71.185741
-56.890244
-41.136023
-25.673546
-11.086304
3.929057
17.831876
32.339164
45.939747
59.238095
71.327502
83.114674
96.110787
109.711370
121.498542
134.192420
147.793003
158.371234
168.949466
184.665695
200.684159
212.471331
222.445092
233.325559
242.694849
252.668610
261.131195
268.687075
275.638484
284.403304
292.261419
298.306122
300.119534
300.724004
303.141885
303.141885
304.048591
304.048591
304.048591
303.746356
302.235180
301.630709
299.515063
295.586006
291.354713
287.123421
283.496599
276.847425
270.500486
263.246842
255.086492
245.112731
234.836735
223.654033
210.960155
198.568513
184.363460
168.949466
152.628766
138.725948
125.125364
107.293489
88.554908
73.140914
58.029155
42.010690
25.992225
10.275996
-4.959662
-19.546904
-34.134146
-47.846154
-62.141651
-74.686679
-85.481238
-99.484991
-111.738274
-123.116323
-134.494371
-148.206379
-160.459662
-171.254221
-184.090994
-198.386492
-212.973734
-224.351782
-232.812383
-243.023452
-252.942777
-261.986867
-269.280488
-276.865854
-284.451220
-292.911820
-299.038462
-304.289869
-304.873358
-305.165103
-307.790807
-308.082552
-308.374296
-309.249531
-308.374296
-308.666041
-306.915572
-305.165103
-303.414634
-300.497186
-297.871482
-292.620075
-288.827392
-283.284240
-277.157598
-269.280488
-261.986867
-251.192308
-241.856473
-230.478424
-221.142589
-206.263602
-193.135084
-178.839587
-163.668856
-151.415572
-136.536585
-119.031895
-102.110694
-86.648218
-72.060976
-56.015009
-40.260788
-26.257036
-10.794559
2.720117
18.134111
32.339164
45.939747
58.935860
71.931973
84.323615
97.017493
108.804665
120.591837
133.890185
148.095238
158.975705
169.553936
185.874636
200.986395
212.773567
223.351798
233.023324
242.694849
252.970845
261.131195
268.989310
276.847425
284.705539
292.261419
297.701652
299.817298
300.724004
301.630709
303.444121
304.350826
304.350826
304.048591
304.048591
302.537415
300.724004
297.701652
294.981535
291.656948
286.821186
282.589893
276.545190
271.104956
263.851312
254.179786
244.508260
233.325559
223.049563
210.960155
197.359572
182.852284
168.042760
152.628766
138.121477
124.218659
106.084548
87.648202
71.931973
57.122449
40.801749
24.783285
9.671526
-5.251407
-21.005629
-35.592871
-49.596623
-62.725141
-75.270169
-87.231707
-100.360225
-113.488743
-124.575047
-136.244841
-149.373358
-161.626642
-173.004690
-183.215760
-198.969981
-214.140713
-224.935272
-233.395872
-243.023452
-252.942777
-262.278612
-269.572233
-277.741088
-285.326454
-293.495310
-299.913696
-303.998124
-305.748593
-306.623827
-307.790807
-308.957786
-308.957786
-309.541276
-308.666041
-308.666041
-308.082552
-304.581614
-303.706379
-300.497186
-296.412758
-293.203565
-288.535647
-282.992495
-277.449343
-269.863977
-261.111632
-252.651032
-240.981238
-231.353659
-219.975610
-207.138837
-193.135084
-178.256098
-163.377111
-149.665103
-136.244841
-118.448405
-101.235460
-85.772983
-71.477486
-55.723265
-38.802064
-25.673546
-10.794559
3.022352
19.040816
32.641399
45.637512
59.238095
71.931973
84.625850
96.110787
108.804665
121.800777
134.796890
148.699708
158.371234
169.553936
185.270165
200.381924
213.075802
223.049563
233.325559
243.601555
253.273081
261.735666
268.687075
276.847425
283.798834
292.261419
297.399417
298.306122
301.026239
302.235180
303.141885
303.141885
303.444121
303.141885
303.141885
302.537415
300.421769
298.003887
294.981535
291.959184
286.821186
282.287658
276.545190
270.500486
262.642371
253.877551
242.694849
232.116618
221.840622
209.146744
195.848397
181.643343
166.531584
150.815355
138.121477
122.707483
105.480078
86.439261
71.931973
55.611273
39.592809
24.178814
7.253644
-7.001876
-23.047842
-35.884615
-50.180113
-63.600375
-77.020638
-88.690432
-102.402439
-113.488743
-126.033771
-136.244841
-149.081614
-162.501876
-172.421201
-185.549719
-199.845216
-215.015947
-224.935272
-233.979362
-245.065666
-253.234522
-262.278612
-270.447467
-277.449343
-285.034709
-294.370544
-299.330206
-303.706379
-305.748593
-306.040338
-307.499062
-309.249531
-309.541276
-309.833021
-308.957786
-308.957786
-305.748593
-305.165103
-303.706379
-300.788931
-297.287992
-293.495310
-288.535647
-283.284240
-276.574109
-269.280488
-262.278612
-252.359287
-242.148218
-230.186679
-220.267355
-205.680113
-191.968105
-177.964353
-162.210131
-148.789869
-135.369606
-117.864916
-100.943715
-85.189493
-70.893996
-55.723265
-39.969043
-26.257036
-10.502814
3.929057
18.738581
33.850340
46.846453
60.447036
72.234208
84.021380
97.319728
110.315841
121.800777
134.796890
148.699708
158.975705
170.158406
187.083576
200.986395
213.982507
223.049563
233.627794
243.601555
252.970845
261.433431
268.989310
277.149660
285.914480
292.261419
298.003887
299.515063
301.026239
302.537415
302.839650
304.048591
303.746356
302.537415
303.444121
301.328474
300.421769
297.399417
293.772595
289.843537
285.007775
281.380952
275.940719
269.593780
262.037901
252.064140
242.090379
231.512148
221.538387
207.937804
196.150632
181.643343
164.718173
149.606414
136.610301
120.591837
103.666667
84.625850
70.118562
54.402332
38.988338
22.667638
6.951409
-8.168856
-22.756098
-36.759850
-51.638837
-65.350844
-76.728893
-89.857411
-102.402439
-114.655722
-126.325516
-137.411820
-151.123827
-163.085366
-173.879925
-185.549719
-201.303940
-215.891182
-225.810507
-235.438086
-244.482176
-254.984991
-263.737336
-271.030957
-279.199812
-285.909944
-293.787054
-300.205441
-304.581614
-305.165103
-306.040338
-307.790807
-309.249531
-309.541276
-310.124765
-310.124765
-308.666041
-307.207317
-305.165103
-303.122889
-301.080675
-296.996248
-294.078799
-287.952158
-282.700750
-276.282364
-268.113508
-261.403377
-251.192308
-240.981238
-231.353659
-219.392120
-205.971857
-192.259850
-177.964353
-163.377111
-150.540338
-134.786116
-117.281426
-100.068480
-83.730769
-70.602251
-56.015009
-40.260788
-24.798311
-9.335835
3.324587
21.156463
34.152575
46.846453
60.144801
72.536443
85.230321
97.017493
110.618076
121.196307
135.703596
148.699708
158.975705
170.762877
186.479106
201.893100
213.982507
223.351798
235.138970
243.299320
253.877551
261.735666
271.104956
278.056365
285.914480
293.470360
297.097182
299.817298
300.724004
301.328474
303.141885
303.444121
304.048591
303.444121
302.839650
302.235180
298.608358
297.399417
294.074830
289.843537
285.914480
281.078717
275.638484
268.989310
261.433431
250.855199
242.392614
231.209913
220.631681
207.333333
194.337221
180.434402
163.509232
149.606414
136.005831
119.987366
101.248785
82.812439
68.909621
53.193392
37.779397
21.760933
5.440233
-8.168856
-24.214822
-37.926829
-52.222326
-65.934334
-78.187617
-91.024390
-102.985929
-115.239212
-126.617261
-138.870544
-151.123827
-164.252345
-175.338649
-187.008443
-201.595685
-215.599437
-226.393996
-235.438086
-245.940901
-255.276735
-263.153846
-272.197936
-279.491557
-286.201689
-294.662289
-300.497186
-305.165103
-305.748593
-307.499062
-309.833021
-308.082552
-309.541276
-309.249531
-308.957786
-308.666041
-307.790807
-305.165103
-303.706379
-300.497186
-296.704503
-293.203565
-287.660413
-283.284240
-276.865854
-268.113508
-260.819887
-251.775797
-240.397749
-229.894934
-218.516886
-205.096623
-191.676360
-177.089118
-161.626642
-147.914634
-133.619137
-117.281426
-99.484991
-84.022514
-70.018762
-55.139775
-38.802064
-25.090056
-10.211069
4.231293
19.040816
34.454810
48.055394
59.540330
72.536443
85.230321
98.528669
110.315841
122.707483
135.703596
149.304179
158.975705
172.274052
187.688047
202.799806
214.889213
224.258503
234.836735
244.206025
253.575316
262.340136
270.198251
278.660836
286.821186
294.074830
297.701652
300.421769
299.817298
302.537415
302.235180
302.537415
303.444121
303.141885
303.141885
301.630709
299.515063
297.399417
292.865889
290.145773
285.310010
280.776482
274.429543
269.291545
261.735666
251.761905
241.183673
230.303207
219.120505
207.031098
192.523810
179.527697
164.113703
149.001944
134.494655
119.685131
100.342080
82.207969
67.398445
51.984451
36.268222
20.249757
4.231293
-10.794559
-25.673546
-40.260788
-53.972795
-67.684803
-79.938086
-92.483114
-104.444653
-116.406191
-127.200750
-139.454034
-151.415572
-164.835835
-175.046904
-187.883677
-202.470919
-217.641651
-227.560976
-235.438086
-246.816135
-255.276735
-265.196060
-271.614447
-280.366792
-288.243902
-294.954034
-302.247655
-305.456848
-305.748593
-307.207317
-308.957786
-309.833021
-309.833021
-309.833021
-308.957786
-308.957786
-306.915572
-304.581614
-303.706379
-300.205441
-297.579737
-293.203565
-288.827392
-282.992495
-275.698874
-268.988743
-259.361163
-250.608818
-240.397749
-228.436210
-217.933396
-203.929644
-190.509381
-177.089118
-161.334897
-147.914634
-133.327392
-116.697936
-99.484991
-83.147280
-70.018762
-53.972795
-38.218574
-24.506567
-7.877111
5.742468
20.249757
33.850340
47.450923
60.144801
71.931973
85.230321
97.924198
111.222546
123.009718
135.703596
150.210884
159.580175
172.274052
189.199223
203.706511
214.889213
225.467444
235.743440
244.206025
254.784257
262.642371
270.500486
277.451895
286.518950
293.772595
299.212828
300.421769
300.421769
302.235180
303.746356
302.839650
303.141885
303.141885
302.235180
300.724004
299.212828
296.190476
293.168124
289.541302
285.007775
280.474247
274.429543
268.687075
260.828960
250.855199
240.579203
229.698737
218.818270
205.217687
192.221574
177.714286
161.695821
146.886297
133.890185
118.173955
100.342080
81.301263
66.189504
50.473275
35.965986
19.343052
2.720117
-11.669794
-27.424015
-41.136023
-55.139775
-68.268293
-80.521576
-93.358349
-105.028143
-117.864916
-128.367730
-140.621013
-153.749531
-166.002814
-177.380863
-189.050657
-204.513133
-218.225141
-226.977486
-236.896811
-247.691370
-255.860225
-265.779550
-271.906191
-279.783302
-288.243902
-296.121013
-302.247655
-305.748593
-306.040338
-307.499062
-308.374296
-309.541276
-309.541276
-310.124765
-309.249531
-308.957786
-306.915572
-304.873358
-303.122889
-300.205441
-297.287992
-292.620075
-287.952158
-282.992495
-275.407129
-268.405253
-260.528143
-250.608818
-239.522514
-229.019700
-217.349906
-203.929644
-190.217636
-176.213884
-161.334897
-147.914634
-133.035647
-114.947467
-97.734522
-81.980300
-68.851782
-52.514071
-37.635084
-23.923077
-8.752345
6.346939
20.249757
35.361516
48.962099
61.655977
73.443149
85.532556
97.924198
110.920311
122.405248
136.610301
150.815355
161.393586
173.482993
190.105928
203.706511
216.098154
225.769679
234.534500
245.414966
254.482021
262.944606
270.802721
278.660836
287.123421
293.772595
298.910593
299.212828
301.026239
301.630709
302.235180
303.444121
301.932945
303.444121
302.235180
300.421769
298.910593
296.794947
292.563654
289.239067
284.705539
279.567541
274.127308
268.384840
259.922255
249.646259
238.765792
229.698737
217.609329
204.613217
191.314869
176.203110
160.789116
145.979592
132.076774
116.058309
98.226433
80.092323
64.980564
49.264334
33.850340
18.436346
2.417881
-12.253283
-27.424015
-42.303002
-55.723265
-69.727017
-82.272045
-93.941839
-107.070356
-118.156660
-130.118199
-141.787992
-154.333021
-167.169794
-176.797373
-189.634146
-205.096623
-218.808630
-229.311445
-237.188555
-248.566604
-256.735460
-266.363039
-273.364916
-280.658537
-288.827392
-295.537523
-302.831144
-305.456848
-306.040338
-308.082552
-309.541276
-309.249531
-310.708255
-309.541276
-308.957786
-309.249531
-306.915572
-304.873358
-303.706379
-299.330206
-296.704503
-292.620075
-288.535647
-281.533771
-275.407129
-268.113508
-259.069418
-249.150094
-239.522514
-229.019700
-217.058161
-203.346154
-189.342402
-174.463415
-160.459662
-147.039400
-132.160413
-114.072233
-98.318011
-82.563790
-67.684803
-53.097561
-37.343340
-23.339587
-7.585366
6.044704
20.551992
35.361516
48.659864
61.958212
75.256560
86.741497
99.133139
112.129252
123.614189
137.214772
150.815355
161.091351
173.785228
190.408163
205.217687
216.400389
226.071914
236.347911
246.623907
255.388727
264.153547
271.407191
278.358601
287.727891
294.074830
299.212828
300.119534
301.328474
301.630709
301.932945
304.048591
303.141885
303.141885
302.235180
301.026239
299.212828
296.190476
292.865889
288.634597
283.798834
279.869776
273.522838
268.082604
259.620019
248.739553
239.068027
228.792031
217.004859
204.008746
190.408163
175.598639
160.486880
145.375121
131.472303
113.640428
96.715258
78.581147
64.073858
48.357629
32.943635
17.529640
0.302235
-14.003752
-28.882739
-43.178236
-56.890244
-70.310507
-81.980300
-95.400563
-107.070356
-119.031895
-130.118199
-142.079737
-155.500000
-167.461538
-177.089118
-190.509381
-205.680113
-220.267355
-229.311445
-238.355535
-249.441839
-257.902439
-266.946529
-273.948405
-281.533771
-289.410882
-297.579737
-302.831144
-305.165103
-306.332083
-307.790807
-308.957786
-309.249531
-309.833021
-309.541276
-310.416510
-310.124765
-306.623827
-305.456848
-303.122889
-300.205441
-296.996248
-293.495310
-287.368668
-282.409006
-275.407129
-266.946529
-259.069418
-248.858349
-238.939024
-226.977486
-215.891182
-203.637899
-188.175422
-174.755159
-159.292683
-147.039400
-132.452158
-113.780488
-97.442777
-81.396811
-68.268293
-52.222326
-36.759850
-23.047842
-6.710131
6.649174
22.969874
36.268222
50.171040
63.771623
74.652089
87.043732
98.830904
112.431487
124.218659
137.819242
150.513120
160.789116
174.087464
191.012634
205.822157
216.702624
226.374150
237.254616
246.019436
255.388727
264.455782
271.407191
279.567541
286.821186
294.981535
297.399417
299.212828
300.421769
301.630709
302.839650
302.235180
303.444121
303.444121
302.537415
300.724004
298.306122
296.492711
292.261419
288.634597
284.705539
278.056365
273.220603
265.664723
257.806608
248.739553
237.859086
228.792031
216.098154
202.799806
189.199223
175.598639
158.673469
144.770651
130.263362
114.849368
95.204082
78.278912
62.864917
47.450923
30.525753
15.111759
-1.166979
-14.878987
-30.341463
-44.053471
-57.765478
-72.644465
-83.730769
-95.692308
-109.112570
-120.490619
-130.701689
-142.954972
-156.666979
-168.920263
-178.839587
-191.676360
-207.722326
-220.559099
-229.603189
-239.230769
-248.566604
-258.485929
-267.530019
-274.531895
-282.117261
-289.994371
-297.871482
-302.539400
-306.332083
-308.082552
-308.374296
-310.124765
-309.249531
-310.416510
-310.124765
-308.957786
-309.249531
-307.499062
-304.289869
-303.414634
-298.454972
-296.412758
-291.744841
-286.785178
-281.825516
-275.407129
-267.238274
-258.194184
-248.274859
-238.647280
-228.436210
-215.599437
-202.470919
-189.050657
-174.171670
-158.417448
-144.997186
-130.118199
-112.321764
-96.859287
-80.813321
-66.809568
-51.055347
-35.884615
-21.005629
-6.710131
8.160350
22.063168
36.268222
49.264334
61.958212
75.558795
87.345967
100.342080
113.035957
124.823129
139.330418
152.326531
161.695821
175.598639
192.221574
205.519922
216.702624
226.676385
236.952381
246.926142
256.295432
263.851312
272.313897
280.172012
287.727891
295.586006
297.701652
299.212828
301.932945
302.235180
301.932945
302.839650
302.839650
302.537415
301.932945
301.026239
298.306122
294.679300
291.959184
288.634597
282.892128
277.754130
273.522838
265.362488
257.806608
247.530612
236.952381
226.676385
215.493683
202.195335
188.594752
172.878523
157.766764
142.957240
129.054422
113.035957
93.390671
76.767736
62.562682
45.637512
30.827988
14.205053
-0.583490
-16.337711
-31.216698
-44.636961
-58.932458
-72.060976
-84.314259
-96.567542
-109.404315
-120.490619
-130.993433
-144.705441
-156.666979
-168.920263
-178.256098
-192.843340
-207.722326
-220.850844
-230.186679
-240.106004
-250.317073
-258.194184
-267.238274
-275.115385
-282.700750
-291.161351
-297.871482
-304.289869
-305.165103
-306.915572
-308.082552
-308.957786
-309.833021
-309.833021
-309.249531
-309.833021
-308.957786
-306.915572
-305.165103
-303.706379
-299.913696
-297.287992
-292.620075
-286.785178
-282.409006
-274.823640
-266.946529
-257.610694
-248.566604
-238.355535
-226.393996
-214.432458
-201.595685
-188.175422
-173.296435
-157.833959
-145.872420
-128.951220
-112.321764
-95.400563
-79.938086
-66.517824
-49.888368
-35.884615
-20.422139
-5.251407
9.369291
23.574344
37.174927
50.171040
64.376093
75.558795
88.252672
100.342080
112.733722
124.823129
139.330418
152.628766
161.998056
176.203110
192.826045
206.728863
218.213800
228.489796
236.650146
246.926142
257.202138
263.549077
272.313897
280.474247
288.936832
294.981535
297.399417
298.910593
300.724004
301.328474
302.235180
303.444121
302.839650
303.141885
302.235180
300.421769
297.399417
295.283771
291.959184
287.425656
282.892128
277.451895
272.616132
266.269193
256.899903
247.228377
237.556851
226.676385
215.191448
201.590865
187.688047
172.878523
156.255588
142.655005
128.752187
110.618076
92.786200
75.558795
61.051506
45.033042
29.316812
14.507289
-2.042214
-16.921201
-32.091932
-45.512195
-59.515947
-72.352720
-84.606004
-97.442777
-109.404315
-121.949343
-132.452158
-145.580675
-157.833959
-169.795497
-180.006567
-194.302064
-209.181051
-222.893058
-231.061914
-240.397749
-251.484053
-259.361163
-268.113508
-275.115385
-282.992495
-290.577861
-298.454972
-303.706379
-305.165103
-306.623827
-308.374296
-309.249531
-310.124765
-310.416510
-311.000000
-308.957786
-309.249531
-306.915572
-304.289869
-303.122889
-299.330206
-296.121013
-291.744841
-287.076923
-281.533771
-273.948405
-266.363039
-257.902439
-247.691370
-237.480300
-225.810507
-215.015947
-202.179174
-186.424953
-172.712946
-157.833959
-145.288931
-128.659475
-112.030019
-94.817073
-79.354597
-65.642589
-49.596623
-34.717636
-18.671670
-4.667917
9.973761
24.783285
38.081633
51.077745
64.678328
76.767736
88.252672
101.853256
114.547133
125.427600
140.237123
152.628766
162.300292
177.412051
194.034985
207.031098
218.213800
228.489796
238.463557
248.739553
257.504373
264.455782
272.616132
280.172012
288.634597
294.981535
298.003887
299.212828
301.328474
301.932945
302.537415
302.537415
302.537415
303.444121
302.235180
301.026239
298.306122
294.981535
291.959184
287.425656
283.798834
277.754130
271.407191
265.362488
255.690962
246.926142
236.045675
226.071914
213.075802
199.777454
186.781341
170.460641
155.651118
141.446064
127.845481
110.618076
92.181730
75.256560
60.447036
44.428571
28.712342
12.996113
-2.625704
-17.504690
-31.800188
-47.262664
-60.974672
-74.103189
-87.231707
-98.609756
-111.446529
-122.241088
-133.910882
-145.580675
-158.709193
-170.962477
-180.298311
-195.760788
-209.181051
-222.309568
-231.061914
-241.272983
-251.775797
-260.528143
-268.988743
-275.990619
-284.159475
-291.744841
-298.454972
-304.289869
-305.748593
-306.915572
-308.082552
-308.957786
-310.416510
-310.708255
-310.416510
-309.541276
-309.833021
-307.207317
-305.165103
-302.539400
-298.454972
-295.537523
-291.161351
-286.493433
-280.366792
-273.073171
-267.238274
-256.735460
-247.983114
-236.896811
-225.518762
-213.848968
-199.845216
-186.424953
-171.254221
-156.958724
-144.121951
-126.617261
-110.279550
-93.941839
-78.771107
-64.475610
-48.721388
-33.842402
-19.255159
-4.667917
10.578231
24.178814
39.592809
51.984451
64.678328
77.372206
90.066084
102.457726
114.547133
127.543246
141.143829
153.535471
163.811467
178.016521
194.337221
208.240039
217.609329
228.489796
237.556851
248.135083
257.806608
265.362488
273.522838
281.078717
289.239067
294.377065
299.212828
298.306122
300.119534
301.630709
302.537415
302.839650
301.630709
302.537415
301.328474
299.817298
297.701652
294.679300
291.354713
288.030126
282.892128
277.149660
271.709427
264.153547
256.295432
245.414966
235.138970
225.769679
213.075802
199.777454
186.176871
169.856171
154.442177
139.934888
126.334305
109.106900
90.972789
74.047619
58.331390
42.917396
26.596696
11.182702
-3.792683
-18.671670
-32.675422
-47.262664
-61.266417
-74.394934
-86.939962
-99.193246
-111.738274
-123.116323
-134.786116
-147.039400
-158.125704
-170.378987
-181.173546
-196.344278
-211.223265
-223.476548
-231.937148
-241.856473
-252.942777
-261.111632
-268.405253
-276.282364
-284.742964
-291.744841
-299.621951
-305.165103
-306.332083
-306.040338
-307.499062
-309.249531
-309.833021
-310.708255
-310.708255
-309.541276
-308.666041
-306.623827
-305.456848
-302.831144
-299.621951
-295.245779
-292.328330
-286.493433
-279.491557
-274.240150
-265.487805
-257.318949
-246.232645
-236.021576
-224.935272
-211.806754
-199.845216
-184.674484
-170.670732
-156.958724
-143.538462
-126.909006
-108.820826
-92.774859
-78.479362
-63.892120
-48.429644
-33.258912
-18.088180
-2.917448
11.182702
25.992225
39.895044
53.193392
65.887269
77.674441
90.368319
103.062196
115.756074
128.449951
141.446064
153.837707
164.415938
178.620991
195.243926
207.635569
219.120505
229.094266
239.370262
249.646259
258.411079
265.362488
273.825073
282.287658
289.843537
296.794947
298.608358
299.515063
301.630709
301.026239
303.141885
302.537415
301.932945
302.235180
301.630709
299.817298
297.399417
294.981535
291.354713
286.821186
282.287658
276.847425
271.407191
265.060253
255.086492
245.717201
234.232264
225.165209
211.262391
197.661808
185.270165
168.949466
154.139942
139.028183
125.125364
107.595724
89.763848
73.140914
58.029155
42.312925
25.992225
9.973761
-4.667917
-19.838649
-33.842402
-47.554409
-61.558161
-75.270169
-86.939962
-99.776735
-112.030019
-124.575047
-135.369606
-147.622889
-160.459662
-172.129456
-182.632270
-197.511257
-211.515009
-223.768293
-233.395872
-242.148218
-252.651032
-261.695122
-269.572233
-276.574109
-285.034709
-292.911820
-299.913696
-305.165103
-306.623827
-306.332083
-308.374296
-310.416510
-309.833021
-310.124765
-310.708255
-309.249531
-308.957786
-306.040338
-304.873358
-302.831144
-298.746717
-294.954034
-291.161351
-286.493433
-279.783302
-272.197936
-265.196060
-255.860225
-246.816135
-235.438086
-224.935272
-211.515009
-199.261726
-184.382739
-169.212008
-156.375235
-141.787992
-125.450281
-108.529081
-91.899625
-77.604128
-62.141651
-46.095685
-33.550657
-16.921201
-2.042214
12.391642
26.596696
40.499514
54.704568
65.887269
78.581147
90.368319
102.759961
116.058309
127.543246
142.050534
154.139942
164.718173
180.736638
195.546161
209.146744
218.818270
230.303207
239.974733
249.041788
258.411079
266.269193
273.825073
282.287658
289.541302
295.586006
298.003887
299.515063
301.630709
302.235180
302.235180
