253.104288
234.310916
223.095517
212.789474
208.545809
186.115010
176.112086
161.562378
147.012671
131.553606
111.547758
94.573099
78.204678
62.442495
44.255361
26.674464
10.912281
-4.895370
-19.005556
-33.691667
-48.377778
-61.336111
-73.430556
-86.964815
-98.195370
-109.713889
-120.368519
-132.750926
-144.845370
-157.227778
-167.018519
-178.537037
-193.511111
-208.773148
-219.715741
-230.082407
-239.585185
-249.375926
-258.302778
-266.941667
-273.852778
-281.627778
-289.402778
-295.737963
-300.345370
-303.512963
-304.376852
-306.968519
-306.104630
-306.680556
-306.392593
-304.952778
-303.512963
-301.785185
-300.057407
-298.329630
-294.010185
-291.130556
-285.659259
-282.203704
-275.868519
-269.245370
-263.198148
-254.271296
-245.056481
-235.265741
-224.611111
-213.092593
-199.558333
-186.024074
-173.353704
-158.379630
-145.709259
-129.871296
-112.593519
-96.755556
-80.053704
-65.943519
-50.105556
-33.115741
-18.717593
-3.743519
11.215400
26.068226
40.617934
54.561404
68.201754
81.235867
93.057505
104.576023
117.003899
128.825536
141.556530
154.590643
164.896686
177.021442
193.086745
208.848928
221.276803
231.279727
240.979532
251.285575
261.591618
269.472710
277.353801
286.144250
294.025341
301.906433
306.453216
308.878168
310.090643
310.090643
311.000000
311.000000
310.696881
311.000000
309.181287
307.362573
304.937622
302.209552
298.875244
294.025341
289.478558
284.325536
277.960039
272.503899
264.319688
254.619883
245.526316
233.704678
223.095517
209.152047
195.814815
181.568226
166.412281
150.953216
136.706628
120.338207
101.544834
83.963938
68.807992
52.136452
34.858674
17.277778
1.818713
-13.246296
-27.356481
-40.890741
-55.576852
-68.535185
-81.781481
-93.300000
-105.682407
-116.625000
-126.127778
-138.510185
-150.892593
-163.275000
-173.929630
-185.160185
-200.710185
-214.820370
-226.050926
-233.825926
-245.056481
-252.543519
-262.910185
-269.533333
-278.748148
-285.659259
-293.722222
-300.057407
-302.937037
-304.376852
-306.680556
-306.104630
-307.832407
-308.408333
-307.256481
-307.544444
-305.528704
-302.937037
-301.497222
-299.769444
-294.586111
-291.418519
-287.387037
-281.915741
-277.308333
-270.685185
-263.774074
-255.711111
-245.920370
-236.417593
-224.611111
-212.516667
-200.134259
-185.736111
-171.625926
-156.651852
-143.693519
-128.431481
-110.577778
-93.875926
-78.901852
-63.927778
-48.377778
-31.675926
-17.277778
-2.591667
12.124756
28.190058
41.527290
56.380117
69.717349
80.629630
93.966862
105.485380
117.610136
130.341131
142.769006
155.803119
166.109162
178.537037
194.905458
209.758285
221.276803
231.279727
242.192008
251.588694
261.288499
269.775828
277.656920
284.325536
293.722222
301.906433
305.240741
307.665692
307.665692
309.484405
310.090643
311.000000
311.000000
310.090643
308.271930
307.059454
303.118908
300.997076
295.844055
291.600390
287.962963
282.203704
277.656920
269.775828
263.107212
253.407407
243.101365
233.098441
219.761209
206.727096
193.389864
178.233918
162.774854
147.012671
133.978558
116.700780
99.119883
80.629630
64.261209
48.802144
32.433723
15.459064
-0.863889
-15.262037
-30.524074
-45.210185
-59.320370
-71.702778
-83.509259
-97.331481
-109.137963
-118.928704
-129.871296
-141.389815
-153.484259
-165.290741
-175.945370
-188.039815
-203.301852
-216.548148
-227.778704
-236.129630
-247.072222
-255.999074
-264.925926
-272.412963
-280.475926
-287.675000
-295.162037
-301.209259
-303.800926
-305.528704
-305.528704
-307.544444
-308.120370
-308.408333
-308.408333
-308.120370
-305.528704
-304.376852
-301.209259
-299.193519
-295.450000
-291.418519
-287.675000
-282.203704
-277.308333
-270.685185
-262.622222
-254.271296
-245.632407
-235.265741
-222.595370
-210.788889
-197.830556
-184.872222
-169.610185
-155.212037
-142.541667
-126.991667
-109.137963
-92.148148
-77.750000
-62.775926
-45.786111
-30.236111
-15.837963
-0.863889
14.246589
28.493177
43.346004
57.592593
70.323587
83.054581
94.876218
107.607212
118.519493
130.644250
144.284600
155.803119
165.806043
180.052632
196.117934
211.576998
222.792398
232.795322
243.101365
253.407407
262.804094
271.291423
278.263158
287.356725
295.844055
302.209552
305.846979
307.362573
308.575049
309.787524
309.787524
310.393762
309.787524
310.393762
307.665692
305.846979
304.028265
299.481481
295.844055
291.903509
287.356725
280.688109
274.928850
267.957115
260.682261
250.376218
240.979532
230.067251
217.639376
204.605263
190.964912
175.202729
159.743665
144.890838
130.341131
113.366472
94.269981
76.689084
62.139376
45.770955
28.493177
12.730994
-4.031481
-18.429630
-32.827778
-47.225926
-60.760185
-73.718519
-86.100926
-98.771296
-110.577778
-121.808333
-131.599074
-144.269444
-155.787963
-168.458333
-177.673148
-190.919444
-205.605556
-219.715741
-229.218519
-237.281481
-248.224074
-258.014815
-265.501852
-273.852778
-280.763889
-289.402778
-296.601852
-301.497222
-304.952778
-306.392593
-307.544444
-308.408333
-308.696296
-308.984259
-309.560185
-308.408333
-306.392593
-303.800926
-301.497222
-298.041667
-295.162037
-291.994444
-287.675000
-281.627778
-275.580556
-269.245370
-261.182407
-253.119444
-243.904630
-233.250000
-221.443519
-209.637037
-195.526852
-182.856481
-167.882407
-153.196296
-140.525926
-124.400000
-106.258333
-89.556481
-74.870370
-60.760185
-43.482407
-29.084259
-14.110185
0.606238
16.065302
31.524366
44.861598
59.108187
72.748538
84.873294
96.998051
108.819688
119.428850
132.159844
145.193957
158.834308
167.624756
183.083821
197.330409
213.092593
223.398635
233.098441
244.010721
254.316764
264.016569
271.594542
280.081871
288.266082
295.844055
301.906433
305.240741
306.453216
307.362573
309.181287
309.787524
310.090643
309.484405
307.968811
306.453216
305.846979
302.512671
298.875244
295.844055
291.600390
285.841131
280.384990
273.110136
267.653996
258.863548
248.860624
238.554581
228.551657
215.820663
201.574074
188.236842
172.474659
157.015595
142.162768
128.825536
109.729045
90.329435
73.961014
59.411306
42.739766
25.765107
8.487329
-6.623148
-21.597222
-35.995370
-49.529630
-64.215741
-75.734259
-88.116667
-101.650926
-112.881481
-123.824074
-134.766667
-146.285185
-157.803704
-169.898148
-180.840741
-194.087037
-209.925000
-222.019444
-230.946296
-240.737037
-249.951852
-259.742593
-266.941667
-275.292593
-283.643519
-291.418519
-297.465741
-303.512963
-304.952778
-306.968519
-306.968519
-308.120370
-308.984259
-308.408333
-308.696296
-307.832407
-305.816667
-304.088889
-300.921296
-299.193519
-294.298148
-290.266667
-286.523148
-281.339815
-275.292593
-268.669444
-260.318519
-252.543519
-242.464815
-230.658333
-219.715741
-207.333333
-194.950926
-180.264815
-165.866667
-152.044444
-138.510185
-122.096296
-105.106481
-88.116667
-73.430556
-58.744444
-41.466667
-26.780556
-12.382407
2.424951
16.974659
32.433723
46.680312
60.623782
72.748538
85.782651
97.907407
110.638402
120.944444
134.887914
146.406433
158.834308
168.837232
184.902534
201.574074
214.305068
225.217349
234.614035
245.526316
255.226121
264.622807
272.200780
279.778752
288.872320
297.056530
302.815789
305.846979
307.362573
308.575049
309.484405
310.090643
309.484405
309.181287
309.484405
306.453216
305.543860
301.603314
297.662768
293.419103
288.872320
284.628655
278.869396
272.807018
265.835283
256.438596
246.738791
236.129630
225.823587
212.486355
199.149123
184.902534
169.443470
154.590643
139.434698
125.491228
106.091618
87.601365
71.536062
56.380117
38.799220
21.824561
6.062378
-8.638889
-24.188889
-38.299074
-52.121296
-66.231481
-78.613889
-90.708333
-104.530556
-114.609259
-125.839815
-136.494444
-148.300926
-161.259259
-172.489815
-182.568519
-196.102778
-211.652778
-223.171296
-232.962037
-242.464815
-252.255556
-260.606481
-268.669444
-277.596296
-284.795370
-292.282407
-298.905556
-304.376852
-304.664815
-306.968519
-308.696296
-308.984259
-309.272222
-309.560185
-308.984259
-308.120370
-305.816667
-303.800926
-300.633333
-297.753704
-293.434259
-290.266667
-286.523148
-280.475926
-274.428704
-266.941667
-259.742593
-250.815741
-240.449074
-230.370370
-218.563889
-206.181481
-192.935185
-178.825000
-164.714815
-150.316667
-137.070370
-118.928704
-101.650926
-86.388889
-71.990741
-56.440741
-39.162963
-24.476852
-9.502778
4.546784
20.308967
35.161793
49.711501
62.139376
75.476608
87.601365
99.726121
110.941520
122.460039
135.191033
148.831384
159.440546
169.746589
186.721248
202.180312
216.123782
225.823587
235.523392
247.041910
257.347953
265.229045
272.807018
281.597466
289.478558
297.965887
302.815789
304.331384
306.150097
307.362573
307.968811
309.484405
309.181287
309.181287
307.665692
306.150097
304.028265
301.603314
296.753411
293.115984
287.962963
283.113060
277.656920
270.685185
264.622807
255.226121
244.920078
234.917154
222.792398
210.970760
197.027290
182.780702
167.321637
152.165692
138.222222
123.066277
104.272904
85.782651
70.020468
53.955166
37.586745
18.793372
3.031189
-10.942593
-26.492593
-40.026852
-55.000926
-67.383333
-79.765741
-93.012037
-104.242593
-115.761111
-125.839815
-137.646296
-149.740741
-161.259259
-172.777778
-183.432407
-197.542593
-213.956481
-224.611111
-233.250000
-243.904630
-253.695370
-262.910185
-269.821296
-277.308333
-285.083333
-293.434259
-299.481481
-304.376852
-305.816667
-307.544444
-308.408333
-308.696296
-309.560185
-308.696296
-308.984259
-308.120370
-305.240741
-302.937037
-300.921296
-297.465741
-294.298148
-289.114815
-285.083333
-279.036111
-273.276852
-266.077778
-258.590741
-248.224074
-238.433333
-228.354630
-216.836111
-203.013889
-190.631481
-176.233333
-161.835185
-147.437037
-133.902778
-116.049074
-98.195370
-83.509259
-69.111111
-53.561111
-37.147222
-22.173148
-7.775000
7.274854
21.218324
36.980507
51.833333
64.261209
78.810916
89.723197
101.544834
113.972710
125.491228
138.222222
151.256335
161.865497
173.080897
189.449318
204.908382
217.942495
227.339181
237.645224
248.254386
258.560429
267.653996
274.322612
282.809942
291.297271
300.087719
303.422027
306.150097
307.665692
308.575049
309.484405
308.878168
309.787524
309.484405
308.271930
305.543860
303.725146
300.390838
295.844055
291.600390
286.447368
282.506823
276.747563
270.685185
261.894737
252.801170
243.101365
232.492203
221.579922
207.939571
195.208577
180.052632
163.684211
150.043860
134.584795
118.519493
100.332359
82.145224
67.595517
49.711501
34.555556
16.368421
0.909357
-13.822222
-28.796296
-42.330556
-57.016667
-70.550926
-82.357407
-96.467593
-107.986111
-118.640741
-128.719444
-142.253704
-153.484259
-165.290741
-176.233333
-187.175926
-201.286111
-215.684259
-226.050926
-234.689815
-245.920370
-255.423148
-264.062037
-271.837037
-280.475926
-287.387037
-294.586111
-302.073148
-305.240741
-305.816667
-306.968519
-308.120370
-308.984259
-309.848148
-309.272222
-308.984259
-307.544444
-306.104630
-303.225000
-300.345370
-297.465741
-293.722222
-289.402778
-285.659259
-279.036111
-271.261111
-265.213889
-256.862963
-246.784259
-237.569444
-226.626852
-214.820370
-200.998148
-188.615741
-173.929630
-158.955556
-146.285185
-131.311111
-113.169444
-95.891667
-81.205556
-66.807407
-50.681481
-35.131481
-19.005556
-4.319444
10.306043
25.461988
40.011696
53.652047
68.201754
78.810916
92.451267
103.363548
117.003899
127.309942
141.253411
153.984405
163.381092
177.324561
192.480507
207.333333
219.761209
229.461014
239.767057
250.376218
259.772904
266.744639
275.838207
284.022417
293.115984
300.390838
304.028265
306.453216
307.362573
308.271930
309.484405
308.271930
308.575049
309.181287
307.665692
305.240741
302.512671
300.997076
294.631579
292.206628
287.659844
282.203704
274.928850
269.169591
261.591618
250.982456
242.495127
230.976608
219.154971
205.514620
192.783626
177.930799
162.471735
146.709552
132.462963
115.488304
96.391813
78.507797
64.867446
47.286550
31.827485
14.852827
-2.015741
-16.701852
-31.675926
-44.634259
-59.032407
-71.702778
-84.085185
-97.907407
-108.274074
-119.792593
-130.447222
-141.965741
-155.500000
-166.730556
-177.097222
-188.903704
-204.165741
-217.987963
-227.202778
-236.705556
-247.360185
-255.999074
-265.501852
-272.125000
-281.051852
-288.250926
-297.177778
-301.785185
-305.816667
-307.832407
-308.408333
-308.408333
-309.272222
-310.136111
-309.272222
-308.696296
-308.408333
-306.392593
-302.937037
-299.769444
-296.025926
-293.146296
-289.402778
-282.779630
-278.748148
-270.973148
-264.350000
-255.999074
-246.496296
-236.129630
-224.611111
-212.804630
-200.710185
-186.600000
-173.641667
-158.667593
-144.557407
-129.007407
-110.865741
-95.027778
-79.189815
-64.791667
-49.241667
-32.827778
-17.277778
-2.303704
12.124756
26.674464
40.921053
54.561404
67.292398
79.720273
93.360624
104.272904
115.185185
127.613060
141.253411
154.287524
164.896686
177.627680
193.996101
209.152047
220.064327
230.370370
240.070175
250.679337
260.379142
268.866472
276.747563
284.931774
294.025341
300.390838
304.937622
306.453216
307.362573
308.575049
308.271930
309.484405
307.968811
308.878168
306.453216
304.634503
302.209552
299.178363
294.631579
289.781676
285.538012
280.688109
274.322612
267.957115
260.076023
250.982456
239.767057
230.067251
216.730019
203.999025
190.358674
174.899610
159.137427
145.193957
131.553606
113.972710
94.269981
77.598441
63.654971
46.680312
29.705653
12.124756
-3.743519
-17.565741
-32.827778
-46.650000
-60.472222
-73.142593
-86.100926
-97.907407
-109.425926
-120.944444
-131.023148
-143.693519
-155.212037
-168.458333
-177.385185
-188.903704
-205.317593
-218.851852
-228.354630
-237.569444
-248.512037
-256.575000
-266.077778
-273.564815
-281.339815
-289.978704
-296.313889
-303.225000
-304.952778
-307.256481
-308.408333
-308.984259
-308.696296
-308.984259
-309.272222
-308.408333
-306.968519
-304.664815
-302.649074
-299.769444
-295.737963
-291.418519
-288.826852
-283.067593
-277.596296
-270.685185
-263.198148
-254.847222
-245.920370
-234.113889
-223.459259
-211.076852
-198.118519
-184.872222
-169.322222
-155.212037
-142.541667
-126.127778
-109.425926
-91.284259
-77.462037
-63.351852
-45.786111
-31.387963
-15.262037
-0.863889
15.155945
29.402534
43.346004
57.895712
70.020468
82.751462
94.876218
107.000975
118.519493
131.553606
144.284600
157.015595
166.715400
179.749513
197.027290
212.183236
221.883041
232.795322
242.798246
252.194932
262.500975
269.775828
278.263158
286.447368
295.540936
301.300195
305.543860
306.453216
307.665692
307.968811
309.484405
309.181287
309.181287
307.665692
306.756335
304.331384
301.906433
297.662768
293.722222
289.781676
284.628655
279.778752
274.019493
266.138402
258.560429
248.557505
238.251462
227.339181
214.001949
201.877193
187.933723
173.080897
157.015595
141.556530
127.309942
110.335283
91.238791
74.567251
59.714425
42.436647
25.461988
8.790448
-7.487037
-21.885185
-35.419444
-50.105556
-63.639815
-76.886111
-88.692593
-101.362963
-113.169444
-123.536111
-135.054630
-147.149074
-159.531481
-171.625926
-180.552778
-193.799074
-208.485185
-220.291667
-231.234259
-240.449074
-251.103704
-259.742593
-268.669444
-275.004630
-283.355556
-291.706481
-298.905556
-303.512963
-305.528704
-308.408333
-309.272222
-309.560185
-309.560185
-310.424074
-309.272222
-309.560185
-307.256481
-305.240741
-302.649074
-299.481481
-296.025926
-291.418519
-286.811111
-282.779630
-276.156481
-270.397222
-262.334259
-253.407407
-243.328704
-232.962037
-221.731481
-209.061111
-196.102778
-181.128704
-167.306481
-153.484259
-139.086111
-122.960185
-105.106481
-89.844444
-75.158333
-59.896296
-42.906481
-27.356481
-12.382407
1.818713
16.368421
32.130604
46.983431
60.320663
73.657895
85.782651
97.907407
108.516569
120.338207
133.069201
147.315789
158.228070
168.837232
183.386940
200.058480
214.305068
223.398635
234.007797
244.616959
254.619883
263.713450
271.291423
280.081871
288.266082
296.450292
302.815789
304.634503
305.543860
307.665692
307.059454
309.181287
308.271930
308.575049
308.575049
305.846979
304.028265
301.603314
297.965887
294.025341
289.478558
284.628655
278.263158
273.110136
266.138402
257.954191
246.435673
235.826511
225.217349
212.789474
198.239766
185.508772
170.049708
154.287524
139.434698
125.794347
106.697856
87.601365
71.839181
56.380117
40.921053
23.643275
6.062378
-8.350926
-23.900926
-38.299074
-51.833333
-65.655556
-78.613889
-90.708333
-103.666667
-113.745370
-125.551852
-136.494444
-148.012963
-160.107407
-171.625926
-181.416667
-195.526852
-209.925000
-224.035185
-231.522222
-241.600926
-251.967593
-260.606481
-269.821296
-277.020370
-285.371296
-292.570370
-300.345370
-304.088889
-305.528704
-307.256481
-308.408333
-308.696296
-308.984259
-310.136111
-309.848148
-309.560185
-306.392593
-304.376852
-302.361111
-298.905556
-294.874074
-290.842593
-286.811111
-281.339815
-274.716667
-268.093519
-260.606481
-251.679630
-242.176852
-230.658333
-219.715741
-206.469444
-194.375000
-180.552778
-165.578704
-151.468519
-137.934259
-120.368519
-104.242593
-87.252778
-73.142593
-57.304630
-40.602778
-25.916667
-11.230556
3.031189
19.096491
32.433723
46.680312
60.623782
73.051657
86.692008
97.907407
109.122807
121.853801
134.281676
148.225146
158.531189
168.837232
184.296296
201.574074
215.214425
224.611111
235.523392
245.526316
255.832359
263.713450
272.200780
279.475634
289.175439
296.450292
302.512671
303.725146
305.543860
306.756335
307.968811
309.181287
309.181287
308.575049
308.271930
305.846979
303.725146
300.997076
297.662768
292.812865
287.659844
283.416179
277.050682
270.078947
264.016569
255.226121
244.920078
234.917154
224.611111
210.667641
197.027290
183.083821
167.624756
152.771930
138.525341
123.066277
104.576023
86.388889
70.626706
54.864522
37.889864
20.005848
3.637427
-10.654630
-25.052778
-40.314815
-53.849074
-67.671296
-79.189815
-92.148148
-104.818519
-115.473148
-126.415741
-137.934259
-150.028704
-162.123148
-172.777778
-183.144444
-197.254630
-213.380556
-223.459259
-232.962037
-243.040741
-252.831481
-262.622222
-270.109259
-277.596296
-286.235185
-293.722222
-301.209259
-304.376852
-305.528704
-307.832407
-308.696296
-308.696296
-308.984259
-308.984259
-308.696296
-308.120370
-306.104630
-304.952778
-300.921296
-297.465741
-294.010185
-290.266667
-287.387037
-280.763889
-274.428704
-267.517593
-259.166667
-249.375926
-240.737037
-228.930556
-217.700000
-204.453704
-191.783333
-177.673148
-163.562963
-148.588889
-135.918519
-117.776852
-99.923148
-85.237037
-71.414815
-54.425000
-38.299074
-23.325000
-9.790741
4.849903
21.521442
36.071150
49.408382
63.351852
76.992203
88.510721
100.332359
112.760234
123.672515
137.312865
150.346979
161.562378
171.868421
188.236842
203.695906
215.517544
226.732943
235.826511
246.738791
256.741715
264.925926
274.322612
280.991228
290.387914
298.875244
302.512671
304.937622
305.846979
306.756335
308.575049
308.575049
308.575049
309.181287
307.059454
304.634503
303.118908
299.178363
296.450292
292.812865
287.659844
282.506823
277.656920
270.685185
263.107212
253.710526
243.404483
233.098441
221.579922
208.242690
195.208577
180.052632
165.199805
149.740741
134.887914
119.428850
101.241715
81.842105
67.292398
50.317739
35.161793
16.671540
1.212476
-14.110185
-28.508333
-42.618519
-55.864815
-69.399074
-82.069444
-94.163889
-106.834259
-117.200926
-129.295370
-140.237963
-152.908333
-165.290741
-175.081481
-186.312037
-200.710185
-215.396296
-226.626852
-234.977778
-245.632407
-254.559259
-265.213889
-271.261111
-279.036111
-287.675000
-294.298148
-301.209259
-304.952778
-306.392593
-307.832407
-308.984259
-309.848148
-309.848148
-308.984259
-310.424074
-308.120370
-306.392593
-305.528704
-301.785185
-298.617593
-293.722222
-291.130556
-286.235185
-279.900000
-272.412963
-266.077778
-258.014815
-248.224074
-237.857407
-228.066667
-215.684259
-203.589815
-189.479630
-175.369444
-162.411111
-147.437037
-133.902778
-115.185185
-98.483333
-82.645370
-68.535185
-52.985185
-36.283333
-21.597222
-7.199074
9.093567
22.733918
37.889864
51.227096
64.867446
77.598441
89.420078
102.454191
113.972710
125.188109
138.828460
152.771930
162.774854
174.293372
190.055556
205.817739
218.245614
227.642300
238.251462
249.163743
257.954191
267.350877
274.625731
282.809942
290.691033
298.875244
303.118908
304.634503
306.150097
306.756335
308.575049
307.665692
308.878168
307.968811
306.756335
304.937622
301.906433
299.481481
295.237817
291.297271
286.447368
281.597466
275.535088
268.563353
261.288499
250.982456
241.585770
231.279727
219.458090
205.817739
192.177388
177.930799
161.259259
147.618908
131.856725
116.700780
97.907407
80.023392
64.867446
47.286550
30.918129
13.943470
-1.727778
-16.125926
-31.100000
-45.498148
-58.168519
-73.142593
-84.949074
-97.331481
-109.137963
-119.504630
-131.023148
-142.541667
-154.636111
-167.018519
-177.097222
-188.615741
-203.877778
-217.700000
-226.626852
-236.129630
-247.072222
-255.999074
-266.077778
-272.988889
-280.763889
-287.675000
-296.889815
-302.649074
-306.392593
-306.392593
-308.408333
-309.560185
-310.424074
-309.848148
-309.560185
-309.848148
-308.120370
-305.240741
-304.664815
-300.057407
-297.177778
-294.298148
-289.690741
-284.795370
-279.612037
-272.700926
-264.637963
-256.287037
-248.512037
-237.281481
-225.475000
-214.244444
-200.998148
-188.327778
-173.929630
-158.091667
-145.709259
-130.447222
-112.593519
-96.467593
-81.493519
-67.095370
-50.393519
-34.267593
-19.293519
-4.319444
10.002924
24.552632
39.405458
52.439571
66.383041
79.114035
90.935673
102.454191
114.275828
126.703704
140.040936
154.590643
163.077973
176.718324
193.086745
208.848928
220.367446
229.461014
240.373294
250.073099
259.772904
268.866472
275.231969
284.325536
291.903509
299.481481
303.422027
304.937622
306.150097
307.968811
307.665692
307.968811
308.878168
307.362573
306.756335
304.634503
302.209552
299.178363
294.328460
290.387914
286.750487
280.081871
274.928850
267.047758
259.469786
250.982456
239.767057
229.764133
217.033138
203.392788
191.268031
175.808967
160.956140
145.800195
130.947368
113.972710
95.482456
78.204678
63.048733
46.680312
29.705653
13.943470
-3.455556
-18.429630
-32.539815
-46.650000
-60.472222
-73.718519
-84.949074
-97.043519
-110.001852
-120.944444
-130.735185
-142.829630
-154.636111
-167.594444
-178.249074
-190.919444
-205.605556
-219.715741
-229.218519
-238.145370
-249.087963
-257.726852
-266.365741
-274.140741
-282.203704
-289.978704
-297.753704
-303.225000
-304.664815
-306.104630
-308.696296
-309.272222
-309.848148
-310.136111
-309.272222
-309.560185
-308.120370
-306.104630
-302.649074
-300.345370
-296.889815
-292.858333
-289.402778
-282.779630
-278.460185
-271.261111
-263.486111
-255.135185
-245.632407
-234.977778
-223.171296
-211.940741
-198.982407
-185.736111
-171.050000
-156.651852
-143.693519
-127.279630
-109.137963
-93.012037
-78.037963
-63.927778
-46.937963
-32.539815
-16.989815
-2.303704
12.124756
28.190058
41.527290
55.167641
68.504873
81.235867
94.269981
105.788499
117.610136
129.128655
142.162768
155.196881
164.896686
178.233918
195.511696
209.455166
220.670565
231.279727
241.585770
251.285575
261.591618
268.866472
276.444444
284.931774
293.115984
300.997076
303.118908
304.634503
306.150097
307.059454
308.575049
308.575049
307.665692
307.665692
306.453216
303.725146
301.300195
297.662768
293.722222
289.175439
284.931774
279.778752
274.019493
266.744639
257.954191
249.466862
237.948343
227.339181
215.517544
201.574074
188.539961
172.171540
156.409357
142.465887
127.006823
110.941520
91.541910
73.657895
59.714425
43.346004
26.068226
9.093567
-6.047222
-20.157407
-36.283333
-49.529630
-63.063889
-76.022222
-88.116667
-101.362963
-113.169444
-123.536111
-134.766667
-146.285185
-158.091667
-170.762037
-179.112963
-193.511111
-208.197222
-222.019444
-231.522222
-239.585185
-251.391667
-259.166667
-267.517593
-276.156481
-283.931481
-291.418519
-299.193519
-304.376852
-306.392593
-307.256481
-308.408333
-309.272222
-309.560185
-309.560185
-309.560185
-309.848148
-307.832407
-305.240741
-302.937037
-300.057407
-296.025926
-292.282407
-287.962963
-283.067593
-277.884259
-269.821296
-261.758333
-253.983333
-245.344444
-234.113889
-223.459259
-209.925000
-197.254630
-183.720370
-169.034259
-154.060185
-141.677778
-125.551852
-107.122222
-91.860185
-76.310185
-61.912037
-43.770370
-30.236111
-14.398148
0.303119
14.549708
30.918129
43.952242
56.986355
71.536062
82.751462
96.391813
107.910331
117.913255
130.947368
145.193957
156.409357
167.018519
179.749513
197.633528
211.880117
223.095517
233.098441
243.707602
253.407407
261.894737
270.382066
278.263158
286.144250
294.328460
300.997076
301.906433
304.937622
306.453216
307.362573
307.665692
308.271930
309.181287
307.362573
305.846979
303.725146
301.300195
297.359649
292.509747
288.872320
283.416179
278.263158
273.110136
265.532164
257.651072
245.829435
236.735867
225.520468
212.486355
198.542885
185.205653
169.746589
154.287524
140.040936
124.884990
107.304094
88.510721
71.839181
56.986355
40.617934
22.733918
6.668616
-8.926852
-23.900926
-38.011111
-51.833333
-65.367593
-78.325926
-90.132407
-102.514815
-114.033333
-124.687963
-136.782407
-148.876852
-160.683333
-173.065741
-181.992593
-195.814815
-210.788889
-222.883333
-232.386111
-242.464815
-252.255556
-261.470370
-269.821296
-277.308333
-285.947222
-293.146296
-300.345370
-304.376852
-305.528704
-307.544444
-308.696296
-309.272222
-311.000000
-309.848148
-309.272222
-308.984259
-307.256481
-304.952778
-302.361111
-299.481481
-295.737963
-291.994444
-287.675000
-281.627778
-276.732407
-269.245370
-262.046296
-253.695370
-243.328704
-232.674074
-220.867593
-208.773148
-195.814815
-181.416667
-167.018519
-152.044444
-139.950000
-122.672222
-105.106481
-89.268519
-76.022222
-59.896296
-43.482407
-27.356481
-12.670370
1.212476
16.065302
31.221248
45.164717
59.108187
71.839181
83.963938
96.391813
108.516569
119.125731
132.462963
146.406433
157.621832
168.230994
183.083821
199.149123
212.486355
223.095517
234.310916
244.010721
254.316764
263.107212
271.291423
279.475634
287.053606
295.844055
301.300195
302.512671
304.937622
305.846979
306.756335
307.665692
308.271930
307.059454
307.362573
304.634503
303.422027
300.087719
296.147173
291.903509
287.962963
282.506823
277.960039
270.988304
264.622807
254.923002
244.920078
234.310916
223.701754
210.667641
196.724172
183.083821
167.018519
152.468811
137.009747
122.156920
104.879142
85.782651
70.323587
54.561404
37.586745
19.096491
3.637427
-11.806481
-26.780556
-40.314815
-53.849074
-68.535185
-80.341667
-93.875926
-105.106481
-116.912963
-126.127778
-138.222222
-149.452778
-162.123148
-173.929630
-184.296296
-198.118519
-212.804630
-225.475000
-233.825926
-244.192593
-254.271296
-262.334259
-270.109259
-277.884259
-285.659259
-293.434259
-300.345370
-304.376852
-305.816667
-307.256481
-308.984259
-309.848148
-309.272222
-310.136111
-309.560185
-309.848148
-308.120370
-305.528704
-301.785185
-299.481481
-295.737963
-291.706481
-287.962963
-281.627778
-275.004630
-268.381481
-261.470370
-251.967593
-241.600926
-230.082407
-218.851852
-207.045370
-193.799074
-179.688889
-164.714815
-150.604630
-136.782407
-119.504630
-101.938889
-85.812963
-71.990741
-55.864815
-39.738889
-25.052778
-8.926852
3.334308
19.702729
33.646199
48.802144
61.836257
74.870370
87.298246
98.513645
110.941520
122.156920
135.494152
149.134503
159.440546
170.352827
186.418129
202.180312
214.001949
225.520468
235.826511
246.435673
255.832359
265.229045
272.807018
279.778752
288.872320
296.147173
301.300195
302.815789
304.634503
307.059454
307.059454
308.575049
307.968811
307.665692
307.059454
304.028265
303.118908
299.178363
295.540936
291.903509
287.356725
282.203704
276.747563
270.382066
262.500975
254.013645
243.404483
232.189084
221.883041
207.939571
194.602339
180.961988
164.593567
150.346979
134.281676
120.338207
102.151072
81.842105
66.989279
51.833333
35.464912
17.884016
2.121832
-13.534259
-28.220370
-42.330556
-55.576852
-68.823148
-81.781481
-94.451852
-107.122222
-118.640741
-128.719444
-140.525926
-152.908333
-164.138889
-175.369444
-186.024074
-199.270370
-215.972222
-226.914815
-234.113889
-245.344444
-255.135185
-264.350000
-272.125000
-279.612037
-287.387037
-294.010185
-300.633333
-305.816667
-305.816667
-308.120370
-309.560185
-310.136111
-309.560185
-310.712037
-309.272222
-309.272222
-306.680556
-303.800926
-301.497222
-298.617593
-294.874074
-291.130556
-286.523148
-280.763889
-273.564815
-266.653704
-260.030556
-250.527778
-241.312963
-229.506481
-217.700000
-205.317593
-190.343519
-177.385185
-162.123148
-148.300926
-134.766667
-116.625000
-98.771296
-84.661111
-69.687037
-54.137037
-37.435185
-23.325000
-8.350926
6.971735
22.127680
36.980507
50.317739
63.654971
76.385965
89.420078
101.241715
113.669591
123.975634
136.706628
150.043860
160.046784
172.171540
188.843080
204.908382
216.426901
226.429825
237.342105
247.345029
257.347953
266.138402
273.413255
282.203704
291.297271
298.269006
301.300195
302.815789
304.634503
305.846979
307.968811
307.059454
307.665692
307.665692
307.362573
304.028265
302.815789
298.572125
295.237817
291.297271
286.447368
281.597466
274.625731
268.260234
260.682261
251.285575
241.282651
230.976608
218.851852
205.211501
192.480507
178.537037
162.471735
147.012671
133.675439
116.700780
97.301170
80.023392
64.867446
48.499025
31.524366
15.155945
-1.439815
-15.262037
-31.100000
-45.210185
-59.320370
-71.414815
-84.661111
-96.755556
-109.713889
-120.656481
-130.159259
-143.405556
-155.787963
-166.442593
-175.945370
-187.751852
-202.725926
-217.412037
-227.778704
-236.417593
-248.512037
-257.150926
-265.501852
-274.140741
-281.051852
-289.402778
-296.601852
-302.937037
-304.952778
-305.816667
-308.696296
-309.272222
-309.560185
-310.712037
-309.848148
-310.424074
-309.272222
-307.256481
-304.952778
-301.785185
-298.617593
-294.298148
-290.266667
-286.523148
-279.324074
-273.564815
-265.789815
-257.150926
-248.512037
-237.857407
-227.490741
-215.108333
-201.574074
-188.039815
-173.353704
-160.107407
-146.861111
-131.887037
-112.593519
-96.467593
-81.205556
-66.807407
-50.105556
-33.979630
-19.869444
-4.607407
9.699805
24.855750
39.708577
53.045809
66.989279
78.507797
91.238791
103.666667
115.488304
127.916179
140.647173
153.075049
164.290448
175.202729
192.480507
208.545809
218.548733
228.551657
240.070175
248.557505
259.166667
267.653996
274.322612
283.416179
292.206628
299.481481
302.512671
304.028265
306.150097
307.362573
307.968811
308.575049
308.575049
307.362573
305.846979
303.422027
301.906433
298.269006
293.722222
289.175439
285.538012
280.384990
274.928850
267.957115
260.076023
250.679337
240.676413
229.461014
217.639376
203.695906
192.480507
175.808967
160.046784
145.193957
132.159844
114.578947
95.179337
77.598441
63.351852
46.074074
29.402534
13.034113
-3.167593
-16.701852
-31.387963
-47.225926
-59.608333
-73.718519
-85.525000
-97.907407
-110.001852
-120.080556
-131.599074
-143.405556
-155.212037
-167.882407
-177.673148
-188.903704
-204.741667
-218.851852
-227.778704
-237.857407
-247.936111
-258.014815
-266.653704
-274.140741
-281.627778
-289.402778
-296.889815
-303.800926
-305.240741
-306.968519
-307.832407
-309.272222
-310.424074
-309.560185
-310.424074
-309.560185
-308.408333
-305.816667
-304.088889
-301.209259
-296.601852
-293.722222
-290.266667
-284.795370
-278.460185
-272.988889
-264.637963
-256.575000
-246.784259
-236.993519
-224.611111
-213.380556
-200.134259
-186.312037
-172.489815
-158.091667
-144.557407
-128.431481
-110.577778
-94.451852
-80.053704
-64.503704
-48.377778
-32.539815
-17.565741
-3.455556
11.518519
26.674464
40.314815
55.167641
67.595517
80.326511
92.451267
104.879142
116.397661
128.219298
142.465887
154.590643
163.987329
177.324561
192.783626
208.242690
220.367446
230.673489
241.282651
250.073099
260.682261
268.260234
276.747563
285.234893
293.115984
298.875244
302.512671
302.815789
305.543860
307.059454
307.059454
308.271930
307.968811
307.665692
305.240741
303.725146
300.087719
297.965887
294.328460
289.781676
285.538012
279.778752
274.322612
267.350877
257.954191
248.860624
237.645224
227.642300
215.517544
201.574074
188.843080
173.384016
157.621832
143.072125
129.431774
111.244639
92.451267
74.567251
60.623782
43.649123
26.977583
9.699805
-6.047222
-21.021296
-35.995370
-48.953704
-63.927778
-76.310185
-89.268519
-101.362963
-112.593519
-122.960185
-133.038889
-145.997222
-157.803704
-170.762037
-179.976852
-192.647222
-209.061111
-221.155556
-231.522222
-240.161111
-249.951852
-259.454630
-267.805556
-275.580556
-284.219444
-291.706481
-298.329630
-303.225000
-305.816667
-307.544444
-308.984259
-310.136111
-310.136111
-310.136111
-310.136111
-310.424074
-308.408333
-306.392593
-304.376852
-300.345370
-297.177778
-292.570370
-289.402778
-283.643519
-279.324074
-270.397222
-264.062037
-255.135185
-246.208333
-234.689815
-224.323148
-210.500926
-198.118519
-184.872222
-169.898148
-155.500000
-142.253704
-125.839815
-107.986111
-91.860185
-77.750000
-62.775926
-46.074074
-31.963889
-16.413889
-0.575926
13.337232
27.886940
41.830409
56.683236
69.111111
81.842105
93.663743
106.091618
117.307018
129.734893
143.981481
155.803119
165.199805
181.265107
195.511696
211.576998
221.579922
231.582846
242.495127
252.194932
260.682261
269.472710
276.444444
285.841131
293.722222
300.997076
304.028265
304.634503
306.756335
306.453216
308.878168
307.968811
308.575049
308.271930
304.331384
302.815789
300.390838
297.056530
292.509747
288.266082
284.022417
279.172515
272.200780
265.835283
256.438596
246.435673
237.038986
226.732943
212.486355
