0.672069
0.913769
0.978222
0.921825
0.937939
0.889599
0.849315
0.760692
0.680126
0.696239
0.664013
0.575390
0.559276
0.470653
0.454540
0.454540
0.406200
0.317577
0.301464
0.253124
0.228954
0.132274
0.067821
0.035595
0.059765
-0.044972
-0.085255
-0.141651
-0.270558
-0.302784
-0.447804
-0.447804
-0.512257
-0.544483
-0.592823
-0.625050
-0.649220
-0.713673
-0.721729
-0.753956
-0.810352
-0.866749
-0.923145
-0.979542
-1.011769
-1.019825
-1.132618
-1.140675
-1.140675
-1.132618
-1.189015
-1.189015
-1.269581
-1.261524
-1.285694
-1.285694
-1.261524
-1.285694
-1.261524
-1.293751
-1.309864
-1.269581
-1.285694
-1.317921
-1.358204
-1.325977
-1.269581
-1.325977
-1.293751
-1.285694
-1.261524
-1.309864
-1.567677
-2.171925
-2.880909
-3.525440
-4.250538
-4.822560
-5.418751
-5.877979
-6.272755
-6.627247
-6.877003
-7.038136
-7.126759
-7.094532
-6.997852
-6.868946
-6.603077
-6.296925
-5.877979
-5.378468
-4.911183
-4.226368
-3.565724
-2.888966
-2.115528
-1.293751
-0.778126
-0.423634
-0.181935
0.003368
0.188671
0.220898
0.301464
0.438427
0.518993
0.647899
0.744579
0.784862
0.945995
0.954052
1.099071
1.123241
1.219921
1.348827
1.389110
1.437450
1.614696
1.614696
1.751659
1.727489
1.856396
1.945019
2.090038
2.251171
2.637890
3.209911
4.096142
5.328808
6.859569
8.736767
11.153759
14.158886
17.260692
19.049267
19.750194
19.806591
19.830761
19.862987
19.830761
19.838817
19.798534
19.806591
19.838817
19.790478
19.742138
19.750194
19.766308
19.734081
19.685741
19.677685
19.685741
19.653515
19.653515
19.645458
19.629345
19.613231
19.589062
19.597118
19.581005
19.581005
19.129833
17.977733
15.834667
13.401562
11.210155
9.187939
7.536327
6.061962
4.716503
3.596630
2.484814
1.526073
0.736523
0.059765
-0.447804
-0.907032
-1.350147
-1.712696
-2.083302
-2.445851
-2.856739
-3.243458
-3.557667
-3.928272
-4.282765
-4.548634
-4.854786
-5.177052
-5.402638
-5.636280
-5.813526
-5.934376
-6.071339
-6.143849
-6.151905
-6.208302
-6.216358
-6.119679
-5.998829
-5.845753
-5.604054
-5.362354
-5.096485
-4.766163
-4.339161
-3.879933
-3.364308
-2.840626
-2.397511
-2.155811
-1.930226
-1.801319
-1.736866
-1.744923
-1.648243
-1.672413
-1.511280
-1.479054
-1.438770
-1.342091
-1.325977
-1.189015
-1.019825
-0.874806
-0.721729
-0.584767
-0.415577
-0.270558
-0.198048
-0.020802
0.019481
0.180614
0.196728
0.333690
0.398144
0.559276
0.615673
0.728466
0.744579
0.865429
0.986278
1.026562
1.066845
1.131298
1.268261
1.276317
1.332714
1.389110
1.372997
1.389110
1.485790
1.509960
1.558300
1.590526
1.663036
1.614696
1.703319
1.799999
1.799999
1.856396
1.848339
1.969189
2.009472
2.154491
2.363964
2.815136
3.427440
4.289501
5.135448
6.182812
7.141552
8.237255
9.284618
10.452831
11.556591
12.708690
13.659374
14.473095
15.141796
15.383495
15.423778
15.238476
14.779247
14.174999
13.304882
12.305858
11.137646
10.098339
8.978466
7.874706
6.843456
5.908886
4.974315
3.999462
3.153515
2.315624
1.518017
0.889599
0.277294
-0.198048
-0.560597
-0.874806
-1.043995
-1.221241
-1.358204
-1.414601
-1.535450
-1.632130
-1.704640
-1.744923
-1.769093
-1.833546
-1.873829
-1.841602
-1.962452
-1.978565
-2.018849
-1.978565
-2.075245
-2.099415
-2.107472
-2.163868
-2.163868
-2.131642
-2.204151
-2.228321
-2.236378
-2.204151
-2.204151
-2.228321
-2.188038
-2.163868
-2.188038
-2.188038
-2.171925
-2.115528
-2.220265
-2.284718
-2.413624
-2.494190
-2.655323
-2.792286
-2.929249
-3.082325
-3.130665
-3.162892
-3.170948
-3.098438
-2.953419
-2.743946
-2.534474
-2.204151
-1.914112
-1.591847
-1.253468
-0.987599
-0.681446
-0.496144
-0.270558
-0.109425
0.067821
0.212841
0.317577
0.454540
0.462597
0.583446
0.664013
0.784862
0.857372
0.954052
1.066845
1.074901
1.123241
1.179638
1.268261
1.268261
1.348827
1.389110
1.397167
1.485790
1.461620
1.493847
1.582470
1.582470
1.630810
1.590526
1.695263
1.679149
1.671093
1.735546
1.727489
1.751659
1.759716
1.832226
1.945019
2.154491
2.436474
2.944042
3.483837
4.112255
4.813183
5.409374
6.021679
6.650097
7.197948
7.649120
8.108349
8.285595
8.446728
8.535351
8.358105
8.132519
7.794140
7.359081
6.891796
6.263378
5.618847
5.030712
4.216991
3.580517
2.879589
2.162548
1.574413
0.945995
0.430370
0.003368
-0.375294
-0.633106
-0.898976
-1.052052
-1.172901
-1.269581
-1.390431
-1.446827
-1.511280
-1.624073
-1.680470
-1.704640
-1.736866
-1.793263
-1.873829
-1.873829
-1.914112
-2.018849
-1.946339
-2.067188
-2.018849
-2.083302
-2.139698
-2.131642
-2.188038
-2.204151
-2.188038
-2.260548
-2.220265
-2.228321
-2.236378
-2.252491
-2.252491
-2.228321
-2.252491
-2.276661
-2.292774
-2.373341
-2.639210
-2.840626
-3.066212
-3.372364
-3.638233
-4.000782
-4.186085
-4.371388
-4.468067
-4.532520
-4.500294
-4.460011
-4.194142
-4.016895
-3.670460
-3.324024
-2.921192
-2.494190
-2.139698
-1.672413
-1.237354
-0.898976
-0.600880
-0.326954
-0.101368
0.100048
0.261181
0.317577
0.486767
0.559276
0.615673
0.736523
0.760692
0.905712
0.978222
1.034618
1.107128
1.147411
1.187694
1.187694
1.252148
1.300487
1.316601
1.397167
1.364940
1.453564
1.509960
1.493847
1.526073
1.550243
1.703319
1.638866
1.646923
1.630810
1.695263
1.727489
1.695263
1.703319
1.767773
1.824169
1.945019
2.283398
2.637890
3.097118
3.564403
4.176708
4.724560
5.256298
5.691356
6.078075
6.384228
6.650097
6.770946
6.811230
6.787060
6.601757
6.295605
5.933056
5.497997
5.046825
4.426464
3.886669
3.338817
2.629833
2.090038
1.461620
0.945995
0.486767
-0.012745
-0.326954
-0.568653
-0.826466
-0.955372
-1.164845
-1.229298
-1.350147
-1.374317
-1.495167
-1.551563
-1.599903
-1.680470
-1.744923
-1.793263
-1.825489
-1.833546
-1.897999
-1.914112
-1.954395
-2.010792
-2.018849
-2.034962
-2.083302
-2.051075
-2.131642
-2.115528
-2.236378
-2.228321
-2.292774
-2.260548
-2.252491
-2.276661
-2.228321
-2.292774
-2.252491
-2.292774
-2.341114
-2.518360
-2.639210
-2.888966
-3.227345
-3.622120
-3.976612
-4.371388
-4.621144
-4.943409
-5.136769
-5.217335
-5.330128
-5.297901
-5.136769
-4.967579
-4.709767
-4.306935
-3.968556
-3.460987
-3.033985
-2.526417
-2.107472
-1.656300
-1.164845
-0.834522
-0.544483
-0.254444
-0.085255
0.164501
0.277294
0.365917
0.583446
0.623730
0.760692
0.817089
0.905712
0.921825
1.002392
1.074901
1.074901
1.147411
1.187694
1.252148
1.276317
1.300487
1.348827
1.364940
1.485790
1.461620
1.469677
1.518017
1.558300
1.582470
1.630810
1.630810
1.638866
1.695263
1.606640
1.646923
1.679149
1.727489
1.759716
1.824169
2.033642
2.331737
2.694286
3.161571
3.661083
4.128368
4.668163
5.014599
5.425487
5.715526
5.908886
6.078075
6.078075
6.045849
5.997509
5.691356
5.361034
4.958202
4.474804
3.943065
3.354931
2.847362
2.283398
1.695263
1.211864
0.712353
0.253124
-0.165821
-0.407520
-0.625050
-0.826466
-0.979542
-1.100392
-1.237354
-1.325977
-1.350147
-1.470997
-1.599903
-1.591847
-1.688526
-1.736866
-1.769093
-1.801319
-1.841602
-1.857716
-1.922169
-1.897999
-1.994679
-2.010792
-2.018849
-2.034962
-2.099415
-2.083302
-2.163868
-2.171925
-2.236378
-2.236378
-2.284718
-2.292774
-2.236378
-2.204151
-2.220265
-2.260548
-2.316944
-2.405567
-2.598927
-2.800343
-3.154835
-3.485157
-3.879933
-4.290821
-4.709767
-5.056202
-5.362354
-5.499317
-5.620167
-5.587940
-5.612110
-5.539601
-5.338185
-5.104542
-4.669483
-4.306935
-3.847706
-3.315968
-2.824513
-2.325001
-1.841602
-1.382374
-0.947315
-0.633106
-0.294727
-0.061085
0.100048
0.261181
0.382030
0.430370
0.615673
0.647899
0.800976
0.849315
0.937939
1.002392
1.026562
1.107128
1.107128
1.155468
1.187694
1.195751
1.195751
1.316601
1.284374
1.348827
1.397167
1.469677
1.421337
1.526073
1.542187
1.590526
1.558300
1.606640
1.574413
1.663036
1.574413
1.606640
1.630810
1.679149
1.759716
1.872509
2.210888
2.573437
2.919872
3.371044
3.926952
4.305614
4.732616
5.054882
5.409374
5.651073
5.747753
5.788036
5.779980
5.594677
5.377148
5.022655
4.652050
4.233105
3.725536
3.201855
2.645946
2.090038
1.582470
1.042675
0.551220
0.164501
-0.165821
-0.439747
-0.681446
-0.858692
-0.979542
-1.084278
-1.205128
-1.350147
-1.406544
-1.470997
-1.511280
-1.567677
-1.616017
-1.752979
-1.752979
-1.809376
-1.857716
-1.889942
-1.914112
-1.962452
-1.962452
-1.978565
-1.986622
-2.051075
-2.115528
-2.099415
-2.163868
-2.155811
-2.155811
-2.220265
-2.260548
-2.220265
-2.308888
-2.252491
-2.292774
-2.292774
-2.308888
-2.429737
-2.615040
-2.880909
-3.251515
-3.678517
-4.065235
-4.516407
-4.911183
-5.305958
-5.547657
-5.692677
-5.886036
-5.918263
-5.910206
-5.797413
-5.579884
-5.273731
-4.951466
-4.492237
-3.984669
-3.469044
-3.001759
-2.461964
-1.994679
-1.511280
-1.068165
-0.657276
-0.343067
-0.133595
0.091991
0.261181
0.365917
0.470653
0.551220
0.664013
0.760692
0.817089
0.921825
0.945995
1.034618
1.042675
1.091015
1.187694
1.131298
1.268261
1.276317
1.252148
1.300487
1.364940
1.429394
1.389110
1.453564
1.518017
1.550243
1.574413
1.590526
1.646923
1.630810
1.679149
1.614696
1.558300
1.646923
1.679149
1.751659
1.856396
2.146435
2.484814
2.871532
3.282421
3.806103
4.233105
4.611767
4.998485
5.256298
5.481884
5.634960
5.659130
5.594677
5.497997
5.256298
4.901806
4.474804
4.088085
3.636913
3.056835
2.573437
2.041698
1.453564
0.970165
0.518993
0.067821
-0.230274
-0.480030
-0.705616
-0.834522
-1.011769
-1.108448
-1.229298
-1.382374
-1.342091
-1.495167
-1.527394
-1.583790
-1.688526
-1.672413
-1.777149
-1.857716
-1.801319
-1.889942
-1.922169
-1.914112
-1.962452
-1.986622
-2.034962
-2.034962
-2.043019
-2.083302
-2.115528
-2.155811
-2.188038
-2.220265
-2.228321
-2.252491
-2.260548
-2.276661
-2.276661
-2.284718
-2.373341
-2.405567
-2.711720
-2.953419
-3.324024
-3.734913
-4.161915
-4.588917
-4.999806
-5.330128
-5.636280
-5.853810
-5.934376
-6.039112
-6.022999
-5.821583
-5.676563
-5.378468
-4.983692
-4.548634
-4.073292
-3.549610
-3.082325
-2.494190
-1.994679
-1.503224
-1.068165
-0.689503
-0.351124
-0.109425
0.091991
0.253124
0.341747
0.486767
0.575390
0.664013
0.817089
0.825146
0.881542
0.937939
0.978222
1.099071
1.155468
1.155468
1.195751
1.227978
1.268261
1.300487
1.348827
1.316601
1.405224
1.429394
1.437450
1.461620
1.542187
1.606640
1.558300
1.582470
1.630810
1.590526
1.630810
1.574413
1.646923
1.727489
1.711376
1.832226
2.065868
2.404247
2.799023
3.209911
3.661083
4.144481
4.603710
4.990429
5.240185
5.457714
5.562450
5.659130
5.546337
5.449657
5.199901
4.893749
4.490917
4.047802
3.524120
2.992382
2.428417
1.993358
1.389110
0.954052
0.494823
0.067821
-0.230274
-0.496144
-0.737843
-0.874806
-1.019825
-1.108448
-1.221241
-1.342091
-1.382374
-1.430714
-1.535450
-1.583790
-1.624073
-1.704640
-1.744923
-1.793263
-1.801319
-1.914112
-1.889942
-1.873829
-1.946339
-2.018849
-2.018849
-2.067188
-2.075245
-2.083302
-2.139698
-2.115528
-2.228321
-2.228321
-2.228321
-2.204151
-2.236378
-2.252491
-2.236378
-2.316944
-2.373341
-2.429737
-2.687550
-2.945362
-3.364308
-3.799366
-4.218311
-4.701710
-5.064259
-5.434864
-5.660450
-5.886036
-6.006886
-5.998829
-6.055226
-5.861866
-5.692677
-5.346241
-4.983692
-4.580860
-4.129688
-3.581837
-3.066212
-2.494190
-2.051075
-1.511280
-1.052052
-0.713673
-0.407520
-0.141651
0.091991
0.228954
0.333690
0.438427
0.543163
0.647899
0.760692
0.857372
0.889599
0.986278
0.970165
1.058788
1.042675
1.163524
1.147411
1.252148
1.300487
1.276317
1.308544
1.300487
1.397167
1.389110
1.453564
1.485790
1.518017
1.526073
1.542187
1.590526
1.558300
1.590526
1.574413
1.582470
1.574413
1.646923
1.727489
1.816112
2.033642
2.396190
2.758739
3.250194
3.693310
4.096142
4.539257
4.869579
5.207958
5.449657
5.514110
5.578564
5.538280
5.377148
5.151562
4.869579
4.450634
4.023632
3.459667
2.976269
2.476757
1.912792
1.461620
0.905712
0.494823
0.059765
-0.198048
-0.471974
-0.737843
-0.866749
-0.995655
-1.116505
-1.205128
-1.342091
-1.350147
-1.479054
-1.535450
-1.632130
-1.616017
-1.672413
-1.744923
-1.809376
-1.801319
-1.865772
-1.889942
-1.922169
-1.930226
-1.962452
-2.043019
-2.043019
-2.043019
-2.083302
-2.099415
-2.139698
-2.139698
-2.220265
-2.236378
-2.188038
-2.236378
-2.220265
-2.260548
-2.292774
-2.413624
-2.502247
-2.768116
-3.017872
-3.315968
-3.799366
-4.290821
-4.709767
-5.128712
-5.459034
-5.797413
-5.974659
-6.071339
-6.159962
-6.143849
-6.006886
-5.797413
-5.450977
-5.104542
-4.645313
-4.153858
-3.654347
-3.082325
-2.582813
-2.075245
-1.583790
-1.132618
-0.778126
-0.463917
-0.149708
0.043651
0.156444
0.301464
0.430370
0.551220
0.647899
0.696239
0.792919
0.913769
0.986278
0.970165
1.034618
1.066845
1.211864
1.187694
1.219921
1.227978
1.244091
1.268261
1.332714
1.348827
1.372997
1.397167
1.429394
1.526073
1.518017
1.518017
1.542187
1.518017
1.550243
1.582470
1.582470
1.542187
1.646923
1.646923
1.767773
2.057812
2.388134
2.758739
3.121288
3.580517
4.063915
4.418407
4.813183
5.095165
5.336864
5.457714
5.530224
5.441601
5.264355
5.079052
4.772899
4.418407
3.926952
3.459667
2.968212
2.420360
1.832226
1.332714
0.857372
0.470653
0.124218
-0.286671
-0.560597
-0.737843
-0.874806
-1.027882
-1.132618
-1.205128
-1.342091
-1.430714
-1.470997
-1.527394
-1.624073
-1.688526
-1.680470
-1.712696
-1.833546
-1.801319
-1.897999
-1.930226
-1.930226
-2.051075
-1.986622
-2.043019
-2.043019
-2.051075
-2.067188
-2.139698
-2.155811
-2.196095
-2.220265
-2.196095
-2.260548
-2.236378
-2.228321
-2.276661
-2.325001
-2.373341
-2.461964
-2.655323
-2.985645
-3.469044
-3.855763
-4.282765
-4.774220
-5.120655
-5.523487
-5.741017
-5.910206
-6.143849
-6.192188
-6.127735
-6.022999
-5.813526
-5.434864
-5.104542
-4.701710
-4.250538
-3.678517
-3.170948
-2.558644
-2.139698
-1.583790
-1.164845
-0.745899
-0.439747
-0.181935
0.019481
0.180614
0.317577
0.422314
0.527050
0.575390
0.704296
0.792919
0.825146
0.905712
0.954052
1.034618
1.107128
1.074901
1.155468
1.163524
1.195751
1.268261
1.211864
1.268261
1.316601
1.300487
1.397167
1.429394
1.526073
1.437450
1.461620
1.526073
1.542187
1.558300
1.582470
1.574413
1.630810
1.574413
1.646923
1.791942
2.033642
2.363964
2.670116
3.177685
3.548290
4.031689
4.474804
4.732616
5.095165
5.288524
5.417431
5.457714
5.481884
5.272411
5.054882
4.748730
4.353954
3.935009
3.508007
2.968212
2.452587
1.872509
1.308544
0.921825
0.454540
0.059765
-0.238331
-0.471974
-0.705616
-0.866749
-0.987599
-1.076222
-1.237354
-1.325977
-1.382374
-1.430714
-1.495167
-1.591847
-1.616017
-1.704640
-1.720753
-1.769093
-1.793263
-1.833546
-1.873829
-1.954395
-1.930226
-2.043019
-1.986622
-1.994679
-2.067188
-2.018849
-2.051075
-2.107472
-2.131642
-2.188038
-2.196095
-2.188038
-2.196095
-2.220265
-2.155811
-2.236378
-2.292774
-2.445851
-2.687550
-3.001759
-3.340138
-3.823536
-4.226368
-4.669483
-5.040089
-5.483204
-5.732960
-5.974659
-6.071339
-6.095509
-6.095509
-5.950489
-5.700733
-5.483204
-5.064259
-4.677540
-4.169972
-3.622120
-3.050099
-2.590870
-2.051075
-1.583790
-1.052052
-0.721729
-0.391407
-0.149708
0.011425
0.212841
0.317577
0.406200
0.527050
0.623730
0.704296
0.825146
0.865429
0.913769
1.010448
1.034618
1.010448
1.147411
1.131298
1.195751
1.219921
1.244091
1.268261
1.308544
1.316601
1.389110
1.421337
1.437450
1.509960
1.518017
1.518017
1.574413
1.550243
1.614696
1.574413
1.606640
1.614696
1.630810
1.695263
1.832226
2.033642
2.331737
2.758739
3.201855
3.669140
4.047802
4.539257
4.821239
5.119335
5.361034
5.497997
5.538280
5.514110
5.336864
5.111278
4.821239
4.450634
4.031689
3.548290
2.944042
2.476757
1.872509
1.405224
0.978222
0.494823
0.100048
-0.206104
-0.439747
-0.657276
-0.874806
-1.043995
-1.100392
-1.229298
-1.285694
-1.350147
-1.430714
-1.527394
-1.559620
-1.672413
-1.680470
-1.680470
-1.793263
-1.769093
-1.833546
-1.825489
-1.922169
-1.962452
-1.922169
-1.978565
-1.994679
-2.010792
-2.043019
-2.083302
-2.083302
-2.131642
-2.107472
-2.188038
-2.204151
-2.131642
-2.163868
-2.220265
-2.276661
-2.316944
-2.445851
-2.639210
-2.897022
-3.380421
-3.847706
-4.194142
-4.677540
-5.120655
-5.434864
-5.700733
-5.998829
-6.063282
-6.127735
-6.103565
-5.942433
-5.724903
-5.378468
-5.040089
-4.621144
-4.129688
-3.678517
-3.106495
-2.558644
-2.018849
-1.551563
-1.108448
-0.753956
-0.391407
-0.141651
0.059765
0.196728
0.317577
0.438427
0.615673
0.664013
0.760692
0.792919
0.849315
0.937939
0.986278
1.058788
1.042675
1.091015
1.147411
1.155468
1.227978
1.219921
1.284374
1.332714
1.340771
1.372997
1.389110
1.469677
1.469677
1.526073
1.526073
1.509960
1.518017
1.542187
1.574413
1.542187
1.590526
1.638866
1.663036
1.872509
2.025585
2.307567
2.815136
3.185741
3.628856
4.063915
4.507030
4.837353
5.143505
5.352978
5.506054
5.594677
5.473827
5.377148
5.095165
4.813183
4.482860
3.959179
3.516064
2.976269
2.508983
1.953075
1.397167
0.905712
0.502880
0.019481
-0.254444
-0.471974
-0.657276
-0.842579
-1.011769
-1.076222
-1.189015
-1.293751
-1.358204
-1.470997
-1.495167
-1.567677
-1.632130
-1.688526
-1.720753
-1.809376
-1.825489
-1.809376
-1.873829
-1.873829
-1.946339
-1.978565
-1.962452
-1.962452
-2.018849
-2.010792
-2.075245
-2.083302
-2.083302
-2.171925
-2.155811
-2.131642
-2.188038
-2.163868
-2.204151
-2.228321
-2.284718
-2.478077
-2.655323
-2.961476
-3.348194
-3.791310
-4.274708
-4.693653
-5.128712
-5.483204
-5.757130
-5.942433
-6.103565
-6.095509
-6.127735
-5.974659
-5.732960
-5.499317
-5.088429
-4.677540
-4.169972
-3.654347
-3.130665
-2.558644
-2.099415
-1.567677
-1.132618
-0.745899
-0.471974
-0.198048
0.035595
0.196728
0.309521
0.422314
0.527050
0.647899
0.680126
0.768749
0.889599
0.921825
0.970165
1.010448
1.058788
1.099071
1.107128
1.179638
1.195751
1.227978
1.308544
1.348827
1.316601
1.405224
1.397167
1.397167
1.453564
1.485790
1.526073
1.542187
1.542187
1.550243
1.469677
1.550243
1.550243
1.582470
1.695263
1.816112
2.001415
2.299511
2.734569
3.177685
3.685253
4.023632
4.515087
4.877636
5.175731
5.361034
5.473827
5.530224
5.506054
5.328808
5.151562
4.805126
4.426464
4.063915
3.475780
2.944042
2.396190
1.880565
1.389110
0.881542
0.462597
0.067821
-0.262501
-0.512257
-0.665333
-0.866749
-0.955372
-1.108448
-1.229298
-1.269581
-1.406544
-1.430714
-1.446827
-1.551563
-1.559620
-1.632130
-1.712696
-1.720753
-1.752979
-1.841602
-1.889942
-1.825489
-1.897999
-1.946339
-1.946339
-1.986622
-1.994679
-2.067188
-2.034962
-2.067188
-2.115528
-2.083302
-2.171925
-2.107472
-2.188038
-2.163868
-2.171925
-2.196095
-2.276661
-2.461964
-2.671436
-2.921192
-3.364308
-3.759083
-4.258595
-4.677540
-5.136769
-5.467091
-5.757130
-5.942433
-6.055226
-6.103565
-6.063282
-5.942433
-5.797413
-5.467091
-5.096485
-4.669483
-4.169972
-3.678517
-3.050099
-2.598927
-2.083302
-1.583790
-1.189015
-0.745899
-0.415577
-0.141651
0.043651
0.212841
0.309521
0.430370
0.527050
0.647899
0.680126
0.744579
0.849315
0.945995
0.986278
1.034618
1.042675
1.099071
1.147411
1.163524
1.211864
1.211864
1.227978
1.276317
1.308544
1.397167
1.437450
1.364940
1.469677
1.461620
1.518017
1.493847
1.437450
1.526073
1.526073
1.558300
1.526073
1.558300
1.646923
1.799999
2.001415
2.363964
2.734569
3.145458
3.612743
4.047802
4.515087
4.853466
5.135448
5.377148
5.506054
5.562450
5.449657
5.320751
5.062939
4.821239
4.426464
3.991405
3.540233
2.968212
2.460644
1.977245
1.372997
0.913769
0.454540
0.075878
-0.230274
-0.447804
-0.705616
-0.858692
-0.995655
-1.100392
-1.197071
-1.293751
-1.342091
-1.430714
-1.479054
-1.527394
-1.583790
-1.591847
-1.672413
-1.720753
-1.712696
-1.793263
-1.865772
-1.841602
-1.897999
-1.930226
-1.930226
-2.018849
-1.994679
-2.010792
-2.043019
-2.067188
-2.099415
-2.115528
-2.115528
-2.171925
-2.139698
-2.139698
-2.228321
-2.220265
-2.252491
-2.357227
-2.655323
-2.945362
-3.348194
-3.791310
-4.250538
-4.677540
-5.032032
-5.450977
-5.700733
-5.934376
-6.071339
-6.095509
-6.071339
-5.918263
-5.708790
-5.418751
-5.040089
-4.693653
-4.161915
-3.646290
-3.106495
-2.550587
-2.051075
-1.599903
-1.116505
-0.745899
-0.383351
-0.165821
-0.020802
0.196728
0.317577
0.382030
0.551220
0.607616
0.696239
0.800976
0.857372
0.945995
0.937939
1.010448
1.066845
1.058788
1.147411
1.155468
1.211864
1.195751
1.252148
1.300487
1.276317
1.284374
1.308544
1.397167
1.437450
1.485790
1.509960
1.429394
1.509960
1.485790
1.518017
1.550243
1.558300
1.590526
1.671093
1.791942
1.969189
2.363964
2.670116
3.121288
3.612743
4.047802
4.482860
4.845409
5.095165
5.320751
5.449657
5.562450
5.506054
5.352978
5.151562
4.805126
4.458690
3.999462
3.475780
3.032665
2.476757
1.993358
1.421337
0.954052
0.559276
0.140331
-0.173878
-0.463917
-0.600880
-0.834522
-0.947315
-1.100392
-1.148731
-1.221241
-1.285694
-1.374317
-1.495167
-1.559620
-1.591847
-1.672413
-1.672413
-1.680470
-1.769093
-1.793263
-1.857716
-1.841602
-1.897999
-1.946339
-1.914112
-1.946339
-2.010792
-1.962452
-2.075245
-2.099415
-2.099415
-2.163868
-2.171925
-2.099415
-2.139698
-2.163868
-2.155811
-2.171925
-2.308888
-2.405567
-2.647267
-2.897022
-3.340138
-3.799366
-4.210255
-4.701710
-5.120655
-5.491261
-5.692677
-5.918263
-6.095509
-6.119679
-6.159962
-6.006886
-5.757130
-5.459034
-5.096485
-4.669483
-4.186085
-3.686573
-3.138722
-2.623097
-2.139698
-1.616017
-1.132618
-0.745899
-0.480030
-0.149708
0.035595
0.188671
0.341747
0.430370
0.527050
0.623730
0.704296
0.768749
0.817089
0.865429
0.937939
1.091015
1.058788
1.107128
1.091015
1.155468
1.211864
1.211864
1.227978
1.308544
1.340771
1.316601
1.372997
1.372997
1.421337
1.437450
1.485790
1.542187
1.518017
1.518017
1.558300
1.526073
1.518017
1.582470
1.614696
1.816112
1.993358
2.315624
2.726513
3.201855
3.661083
4.112255
4.515087
4.845409
5.151562
5.320751
5.449657
5.497997
5.481884
5.304638
5.143505
4.837353
4.418407
4.007519
3.540233
2.976269
2.492870
1.977245
1.397167
0.937939
0.502880
0.075878
-0.238331
-0.496144
-0.649220
-0.770069
-0.995655
-1.043995
-1.164845
-1.293751
-1.325977
-1.438770
-1.462940
-1.511280
-1.591847
-1.616017
-1.704640
-1.704640
-1.744923
-1.793263
-1.825489
-1.841602
-1.865772
-1.914112
-1.922169
-1.978565
-1.986622
-2.034962
-1.978565
-2.051075
-2.051075
-2.099415
-2.131642
-2.107472
-2.115528
-2.196095
-2.163868
-2.188038
-2.260548
-2.381397
-2.647267
-2.977589
-3.307911
-3.767140
-4.218311
-4.701710
-5.064259
-5.459034
-5.797413
-5.982716
-6.087452
-6.143849
-6.103565
-5.974659
-5.765186
-5.459034
-5.152882
-4.693653
-4.169972
-3.678517
-3.106495
-2.566700
-2.083302
-1.632130
-1.164845
-0.737843
-0.463917
-0.133595
-0.028858
0.140331
0.317577
0.438427
0.543163
0.591503
0.712353
0.736523
0.817089
0.921825
0.921825
1.010448
1.002392
1.074901
1.155468
1.123241
1.155468
1.179638
1.195751
1.300487
1.284374
1.316601
1.284374
1.437450
1.389110
1.405224
1.429394
1.461620
1.509960
1.461620
1.509960
1.469677
1.437450
1.590526
1.590526
1.759716
2.001415
2.339794
2.750683
3.161571
3.604687
4.007519
4.450634
4.845409
5.151562
5.377148
5.506054
5.538280
5.506054
5.385204
5.167675
4.813183
4.458690
4.007519
3.540233
3.040722
2.492870
2.009472
1.437450
0.945995
0.518993
0.164501
-0.181935
-0.447804
-0.657276
-0.858692
-0.963429
-1.027882
-1.132618
-1.229298
-1.293751
-1.390431
-1.470997
-1.511280
-1.591847
-1.648243
-1.656300
-1.680470
-1.752979
-1.801319
-1.841602
-1.825489
-1.865772
-1.873829
-1.930226
-1.978565
-1.946339
-2.034962
-2.010792
-2.010792
-2.018849
-2.131642
-2.075245
-2.131642
-2.099415
-2.155811
-2.139698
-2.188038
-2.236378
-2.405567
-2.623097
-2.945362
-3.315968
-3.742970
-4.250538
-4.669483
-5.088429
-5.418751
-5.741017
-5.934376
-6.119679
-6.159962
-6.127735
-5.966602
-5.741017
-5.450977
-5.104542
-4.653370
-4.194142
-3.686573
-3.106495
-2.534474
-2.083302
-1.591847
-1.108448
-0.826466
-0.439747
-0.141651
-0.020802
0.164501
0.341747
0.398144
0.527050
0.583446
0.704296
0.736523
0.833202
0.905712
0.945995
0.954052
1.058788
1.058788
1.042675
1.147411
1.155468
1.187694
1.211864
1.252148
1.227978
1.300487
1.332714
1.340771
1.437450
1.364940
1.429394
1.461620
1.437450
1.485790
1.485790
1.582470
1.542187
1.582470
1.695263
1.751659
1.977245
2.339794
2.702343
3.153515
3.628856
4.047802
4.507030
4.877636
5.183788
5.352978
5.497997
5.578564
5.538280
5.336864
5.199901
4.877636
4.490917
4.055858
3.524120
3.040722
2.452587
1.953075
1.437450
0.937939
0.518993
0.100048
-0.222218
-0.439747
-0.665333
-0.874806
-0.923145
-1.100392
-1.164845
-1.237354
-1.350147
-1.414601
-1.495167
-1.535450
-1.559620
-1.632130
-1.656300
-1.704640
-1.736866
-1.744923
-1.793263
-1.825489
-1.897999
-1.897999
-1.922169
-1.954395
-1.946339
-1.954395
-2.034962
-2.018849
-2.034962
-2.107472
-2.139698
-2.163868
-2.155811
-2.155811
-2.139698
-2.228321
-2.341114
-2.470020
-2.671436
-2.985645
-3.380421
-3.791310
-4.258595
-4.725880
-5.056202
-5.402638
-5.732960
-6.022999
-5.982716
-6.159962
-6.159962
-6.063282
-5.797413
-5.434864
-5.136769
-4.693653
-4.161915
-3.726856
-3.162892
-2.598927
-2.099415
-1.583790
-1.164845
-0.786183
-0.463917
-0.198048
0.003368
0.124218
0.277294
0.406200
0.518993
0.607616
0.607616
0.768749
0.784862
0.800976
0.913769
0.937939
1.042675
0.970165
1.107128
1.123241
1.147411
1.179638
1.179638
1.244091
1.276317
1.227978
1.316601
1.332714
1.348827
1.429394
1.453564
1.453564
1.421337
1.469677
1.453564
1.469677
1.469677
1.526073
1.574413
1.816112
1.969189
2.235058
2.662060
3.153515
3.564403
4.055858
4.410351
4.780956
5.062939
5.288524
5.417431
5.481884
5.457714
5.328808
5.054882
4.805126
4.442577
3.910839
3.516064
2.992382
2.452587
1.945019
1.340771
0.937939
0.454540
0.091991
-0.206104
-0.480030
-0.681446
-0.834522
-0.907032
-1.084278
-1.140675
-1.285694
-1.325977
-1.374317
-1.462940
-1.479054
-1.559620
-1.648243
-1.648243
-1.704640
-1.752979
-1.769093
-1.833546
-1.889942
-1.865772
-1.889942
-1.954395
-1.954395
-1.962452
-2.034962
-2.010792
-2.034962
-2.099415
-2.115528
-2.099415
-2.115528
-2.131642
-2.171925
-2.163868
-2.196095
-2.284718
-2.373341
-2.655323
-2.913136
-3.307911
-3.775196
-4.274708
-4.725880
-5.136769
-5.467091
-5.765186
-6.006886
-6.103565
-6.192188
-6.103565
-6.039112
-5.797413
-5.515431
-5.120655
-4.758106
-4.250538
-3.726856
-3.195118
-2.623097
-2.139698
-1.616017
-1.100392
-0.858692
-0.512257
-0.173878
-0.044972
0.132274
0.261181
0.365917
0.438427
0.527050
0.615673
0.704296
0.817089
0.825146
0.857372
0.945995
1.042675
0.986278
1.002392
1.042675
1.091015
1.187694
1.195751
1.187694
1.227978
1.276317
1.300487
1.316601
1.372997
1.340771
1.429394
1.421337
1.421337
1.405224
1.421337
1.437450
1.453564
1.526073
1.582470
1.735546
1.912792
2.235058
2.702343
3.064892
3.580517
3.975292
4.386181
4.748730
5.046825
5.296581
5.425487
5.481884
5.449657
5.352978
5.111278
4.780956
4.386181
3.967235
3.483837
2.976269
2.428417
1.912792
1.405224
0.881542
0.470653
0.140331
-0.198048
-0.528370
-0.657276
-0.810352
-0.907032
-1.052052
-1.164845
-1.253468
-1.342091
-1.390431
-1.446827
-1.527394
-1.599903
-1.672413
-1.704640
-1.680470
-1.793263
-1.720753
-1.825489
-1.897999
-1.914112
-1.873829
-1.897999
-1.954395
-1.986622
-1.946339
-2.051075
-2.043019
-2.083302
-2.083302
-2.107472
-2.107472
-2.131642
-2.107472
-2.155811
-2.196095
-2.284718
-2.397511
-2.615040
-2.921192
-3.372364
-3.799366
-4.210255
-4.677540
-5.120655
-5.483204
-5.732960
-5.918263
-6.087452
-6.176075
-6.151905
-6.022999
-5.781300
-5.499317
-5.160938
-4.709767
-4.242481
-3.710743
-3.154835
-2.598927
-2.131642
-1.648243
-1.205128
-0.826466
-0.496144
-0.198048
-0.061085
0.100048
0.261181
0.341747
0.470653
0.607616
0.639843
0.696239
0.800976
0.817089
0.905712
0.978222
1.042675
1.010448
1.034618
1.107128
1.123241
1.099071
1.163524
1.187694
1.211864
1.268261
1.276317
1.316601
1.372997
1.316601
1.437450
1.348827
1.389110
1.437450
1.453564
1.405224
1.469677
1.437450
1.542187
1.767773
1.904735
2.243114
2.637890
3.121288
3.524120
3.975292
4.450634
4.789013
5.054882
5.272411
5.409374
5.449657
5.441601
5.272411
5.054882
4.724560
4.442577
3.943065
3.491894
2.968212
2.428417
1.904735
1.316601
0.913769
0.462597
0.091991
-0.270558
-0.447804
-0.705616
-0.834522
-0.931202
-1.052052
-1.189015
-1.317921
-1.358204
-1.430714
-1.511280
-1.495167
-1.591847
-1.648243
-1.712696
-1.744923
-1.809376
-1.865772
-1.914112
-1.922169
-1.930226
-1.954395
-1.978565
-2.010792
-2.018849
-1.946339
-1.994679
-2.051075
-2.010792
-2.115528
-2.083302
-2.139698
-2.075245
-2.163868
-2.155811
-2.171925
-2.308888
-2.437794
-2.671436
-2.953419
-3.340138
-3.791310
-4.250538
-4.709767
-5.088429
-5.467091
-5.757130
-6.022999
-6.184132
-6.224415
-6.184132
-6.063282
-5.741017
-5.515431
-5.152882
-4.709767
-4.186085
-3.702686
-3.162892
-2.615040
-2.139698
-1.624073
-1.164845
-0.786183
-0.496144
-0.254444
-0.044972
0.156444
0.245067
0.349804
0.382030
0.470653
0.591503
0.672069
0.736523
0.833202
0.817089
0.905712
0.889599
0.913769
0.978222
1.026562
1.034618
1.147411
1.155468
1.179638
