297.651142
293.106849
288.278539
285.154338
279.189954
272.657534
264.989041
256.184475
247.095890
237.439269
226.078539
213.297717
201.368950
186.884018
172.683105
159.050228
144.565297
130.364384
112.755251
95.998174
80.945205
64.756164
50.555251
33.230137
18.461187
2.272146
-5.727440
-25.487109
-41.237569
-56.701657
-69.588398
-82.475138
-94.789134
-106.530387
-118.558011
-129.726519
-143.758748
-154.927256
-164.950276
-176.405157
-191.869245
-207.906077
-219.360958
-228.524862
-238.547882
-247.139042
-256.016575
-263.748619
-272.626151
-280.644567
-288.090239
-296.395028
-302.122468
-304.127072
-305.272560
-307.849908
-309.281768
-308.422652
-308.995396
-311.000000
-306.704420
-306.418048
-304.413444
-302.695212
-300.117864
-297.254144
-290.953959
-287.517495
-281.217311
-273.198895
-266.325967
-256.589319
-247.425414
-237.402394
-226.806630
-214.779006
-201.319521
-188.146409
-173.827808
-159.222836
-146.622468
-130.585635
-111.971455
-95.361878
-81.043278
-65.579190
-50.115101
-33.505525
-17.182320
-2.577348
13.632877
28.117808
42.318721
55.667580
68.732420
80.661187
94.010046
105.086758
115.879452
128.376256
140.589041
153.085845
163.310502
174.955251
190.008219
204.777169
217.557991
226.078539
237.155251
246.811872
256.752511
264.705023
272.373516
279.757991
289.414612
296.231050
301.627397
303.615525
305.603653
307.307763
308.443836
308.727854
309.863927
308.443836
308.443836
307.307763
305.319635
302.763470
299.923288
296.515068
291.970776
287.426484
282.314155
274.077626
266.125114
256.752511
247.663927
238.007306
226.930594
215.853881
200.516895
186.884018
171.831050
157.914155
144.281279
128.376256
111.619178
94.578082
78.673059
63.336073
48.567123
31.242009
15.336986
-0.572744
-14.604972
-28.923573
-44.101289
-56.701657
-71.306630
-83.620626
-95.361878
-108.534991
-118.844383
-130.872007
-143.472376
-154.927256
-165.809392
-175.832413
-192.441989
-206.474217
-218.215470
-227.379374
-237.688766
-245.993554
-254.298343
-262.889503
-272.053407
-279.785451
-287.803867
-294.676796
-301.263352
-302.695212
-304.699816
-306.418048
-307.277164
-307.277164
-306.990792
-307.563536
-306.704420
-304.413444
-302.981584
-301.836096
-299.545120
-295.535912
-290.381215
-285.226519
-280.644567
-273.485267
-264.607735
-256.016575
-245.420810
-236.543278
-226.520258
-213.919890
-200.460405
-187.287293
-170.104972
-158.363720
-144.904236
-130.012891
-110.825967
-94.216390
-79.038674
-63.288214
-47.824125
-31.787293
-15.464088
-0.286372
14.484932
28.685845
42.034703
56.235616
68.732420
81.797260
93.726027
104.234703
117.299543
128.660274
141.157078
153.653881
164.730594
175.807306
191.144292
207.049315
216.989954
226.646575
238.007306
246.243836
255.616438
263.568950
271.805479
280.894064
288.278539
294.810959
301.343379
303.615525
305.887671
307.591781
308.443836
308.159817
308.159817
307.875799
308.159817
306.739726
304.467580
303.331507
300.207306
296.231050
291.118721
286.290411
281.746119
275.213699
267.545205
257.320548
247.095890
237.723288
225.510502
214.149772
200.516895
186.600000
171.831050
157.346119
144.281279
129.796347
109.915068
92.589954
76.968950
62.484018
46.578995
30.105936
14.484932
-1.145488
-15.464088
-29.496317
-43.814917
-57.274401
-70.447514
-83.620626
-95.361878
-107.103131
-118.271639
-130.585635
-143.758748
-154.927256
-166.095764
-176.405157
-192.441989
-207.046961
-218.788214
-227.093002
-237.116022
-247.139042
-256.589319
-262.603131
-271.194291
-279.499079
-287.803867
-293.817680
-299.258748
-301.836096
-304.413444
-306.131676
-308.136280
-307.277164
-306.704420
-306.704420
-306.418048
-305.558932
-303.840700
-301.263352
-299.545120
-294.676796
-290.094843
-284.940147
-279.499079
-273.198895
-264.607735
-255.443831
-246.279926
-236.543278
-225.088398
-213.347145
-199.601289
-186.714549
-171.536832
-158.077348
-144.045120
-128.008287
-111.398711
-93.070902
-78.179558
-63.001842
-47.824125
-32.073665
-15.177716
-0.286372
14.200913
28.401826
42.318721
56.803653
69.300457
81.797260
94.578082
105.654795
116.163470
129.228311
141.725114
153.937900
164.446575
175.523288
190.860274
206.765297
217.273973
226.646575
237.439269
246.811872
255.900457
263.284932
272.657534
281.462100
288.562557
295.094977
301.911416
303.331507
306.455708
307.591781
307.307763
309.295890
308.159817
308.159817
307.591781
306.171689
306.171689
302.195434
300.491324
295.947032
291.402740
287.710502
281.178082
274.929680
266.125114
257.036530
247.663927
236.019178
225.794521
213.013699
200.232877
186.600000
170.978995
156.210046
142.577169
127.808219
110.483105
92.873973
77.821005
63.052055
47.431050
29.821918
15.052968
-1.145488
-15.177716
-30.069061
-42.955801
-56.988029
-71.020258
-82.761510
-95.648250
-107.103131
-118.271639
-130.299263
-141.754144
-155.500000
-165.236648
-176.118785
-192.441989
-208.478821
-219.074586
-227.665746
-237.688766
-246.852670
-255.730203
-263.462247
-271.480663
-280.071823
-288.090239
-293.244936
-298.972376
-301.549724
-304.986188
-306.418048
-307.849908
-306.704420
-307.849908
-307.277164
-306.990792
-304.699816
-303.267956
-301.263352
-298.399632
-294.963168
-290.381215
-284.367403
-280.644567
-273.198895
-264.607735
-255.443831
-242.843462
-236.256906
-225.374770
-212.774401
-199.601289
-185.569061
-171.250460
-157.504604
-143.758748
-128.581031
-110.539595
-92.498158
-77.606814
-63.288214
-47.251381
-31.787293
-14.891344
0.852055
15.052968
28.969863
42.602740
56.519635
70.152511
81.229224
94.294064
105.086758
116.731507
130.080365
141.441096
153.937900
164.162557
175.807306
191.712329
206.481279
218.126027
227.782648
237.723288
247.095890
256.468493
265.841096
272.657534
281.462100
288.846575
295.094977
301.343379
303.899543
306.171689
308.727854
307.875799
309.295890
308.443836
307.875799
307.875799
306.739726
305.035616
302.479452
299.639269
295.947032
291.686758
286.006393
281.178082
273.793607
265.557078
256.184475
245.959817
236.019178
225.510502
212.729680
200.516895
185.179909
170.126941
156.778082
142.861187
128.092237
110.767123
93.157991
76.400913
63.052055
46.863014
29.821918
14.768950
-0.286372
-15.177716
-29.209945
-43.242173
-58.133517
-71.020258
-83.620626
-95.934622
-107.675875
-119.130755
-130.012891
-143.758748
-155.786372
-166.382136
-176.977901
-191.869245
-207.619705
-218.215470
-227.093002
-238.261510
-245.707182
-256.302947
-262.889503
-272.339779
-280.644567
-287.231123
-295.249540
-298.972376
-302.122468
-304.127072
-304.986188
-305.845304
-306.990792
-306.990792
-306.418048
-305.558932
-304.413444
-302.122468
-301.549724
-297.826888
-294.963168
-288.090239
-284.940147
-278.639963
-273.198895
-265.180479
-254.298343
-245.134438
-235.111418
-224.802026
-211.342541
-199.887661
-185.569061
-169.818600
-156.359116
-142.899632
-128.008287
-109.680479
-91.925414
-77.034070
-62.715470
-47.251381
-30.069061
-15.177716
0.568037
14.484932
29.253881
43.454795
57.087671
69.584475
83.501370
94.010046
105.938813
117.583562
129.512329
142.009132
154.505936
165.582648
176.375342
191.428311
207.049315
217.273973
227.214612
237.439269
247.663927
256.752511
264.421005
271.521461
280.894064
288.562557
295.663014
301.627397
303.899543
305.887671
308.443836
308.443836
308.443836
309.011872
308.727854
307.307763
305.603653
305.035616
302.763470
299.923288
295.663014
291.118721
286.858447
280.042009
274.077626
265.273059
255.900457
246.811872
236.871233
225.226484
213.297717
199.948858
185.463927
170.410959
154.789954
142.293151
127.524201
109.915068
92.021918
76.684932
62.200000
46.863014
29.821918
14.200913
-1.431860
-15.464088
-29.209945
-43.242173
-57.274401
-71.020258
-82.761510
-95.361878
-107.103131
-117.698895
-130.585635
-144.045120
-155.786372
-165.523020
-176.405157
-190.723757
-207.333333
-217.069982
-228.238490
-239.120626
-246.279926
-256.016575
-263.462247
-272.053407
-280.358195
-287.517495
-295.249540
-299.831492
-302.408840
-304.127072
-306.131676
-306.131676
-306.418048
-306.418048
-306.704420
-306.131676
-304.413444
-303.267956
-301.263352
-298.399632
-293.817680
-290.381215
-283.794659
-279.212707
-272.339779
-263.175875
-253.725599
-245.707182
-234.825046
-223.942910
-212.201657
-199.028545
-184.996317
-170.104972
-156.931860
-142.613260
-127.149171
-109.680479
-93.070902
-77.034070
-60.138122
-46.392265
-29.496317
-13.173112
1.136073
15.621005
29.253881
43.738813
56.519635
70.152511
83.217352
94.578082
106.506849
116.731507
130.080365
141.441096
153.937900
164.730594
175.523288
191.996347
207.333333
218.410046
227.498630
238.291324
247.379909
256.184475
264.421005
273.509589
281.178082
289.698630
296.231050
300.775342
303.899543
305.603653
307.307763
308.727854
308.159817
309.295890
308.443836
307.875799
306.739726
304.467580
303.331507
299.355251
296.515068
290.834703
286.858447
280.894064
272.657534
265.841096
255.900457
246.811872
236.303196
224.942466
212.729680
199.096804
185.463927
170.410959
155.642009
141.441096
127.240183
109.631050
92.305936
77.252968
63.052055
47.431050
31.242009
15.052968
-0.859116
-15.177716
-29.782689
-42.955801
-57.274401
-71.593002
-83.906998
-95.934622
-107.962247
-119.130755
-131.158379
-143.758748
-155.786372
-166.382136
-177.550645
-193.014733
-207.619705
-217.642726
-227.665746
-237.402394
-247.139042
-255.730203
-263.175875
-271.767035
-281.217311
-288.376611
-295.535912
-300.690608
-303.267956
-305.845304
-305.845304
-306.131676
-306.704420
-306.418048
-306.131676
-305.272560
-303.267956
-301.836096
-300.690608
-297.826888
-294.104052
-289.808471
-284.081031
-278.639963
-272.626151
-263.175875
-254.871087
-243.702578
-234.825046
-224.515654
-211.342541
-199.314917
-184.137201
-170.104972
-155.786372
-142.613260
-127.149171
-109.680479
-92.784530
-76.461326
-61.856354
-47.251381
-30.355433
-14.032228
0.568037
16.189041
29.253881
44.022831
57.087671
70.152511
82.933333
94.010046
105.370776
117.583562
130.080365
142.009132
155.073973
165.582648
177.227397
192.280365
207.617352
218.694064
227.498630
239.143379
248.515982
256.468493
264.421005
272.941553
281.746119
289.698630
296.231050
301.911416
303.899543
306.455708
307.307763
307.875799
309.295890
309.011872
307.875799
307.875799
307.307763
305.035616
303.331507
300.775342
296.515068
291.686758
287.426484
282.598174
273.509589
264.989041
255.900457
247.095890
236.587215
225.226484
213.297717
199.380822
185.747945
171.831050
156.494064
143.429224
128.944292
110.767123
94.010046
77.821005
63.336073
47.715068
30.957991
15.905023
-0.000000
-14.604972
-28.923573
-42.955801
-55.842541
-69.588398
-82.188766
-94.502762
-105.671271
-117.412523
-130.012891
-142.613260
-155.213628
-165.809392
-176.118785
-193.014733
-207.906077
-218.215470
-226.806630
-237.402394
-247.139042
-258.593923
-262.603131
-270.907919
-279.499079
-286.944751
-294.676796
-300.117864
-301.836096
-305.845304
-306.131676
-306.418048
-306.418048
-305.845304
-306.418048
-306.418048
-302.981584
-301.549724
-299.545120
-298.113260
-293.817680
-289.235727
-284.081031
-278.926335
-272.053407
-262.889503
-254.011971
-244.561694
-234.825046
-223.942910
-211.342541
-197.883057
-183.850829
-168.386740
-154.068140
-142.040516
-126.862799
-108.821363
-91.925414
-76.461326
-61.569982
-45.533149
-29.209945
-12.027624
1.704110
16.473059
31.526027
44.306849
59.359817
71.856621
84.637443
97.134247
107.642922
119.287671
131.500457
143.997260
156.778082
167.286758
178.931507
193.416438
209.321461
219.546119
228.066667
239.143379
248.515982
256.752511
264.705023
274.077626
282.030137
290.550685
296.799087
302.195434
304.751598
306.455708
308.443836
309.011872
309.579909
309.579909
309.011872
308.159817
307.307763
305.319635
303.047489
300.775342
297.083105
292.254795
287.426484
281.178082
274.929680
266.409132
256.752511
247.379909
237.155251
225.510502
212.729680
199.948858
185.463927
170.978995
156.210046
143.429224
127.808219
109.915068
93.442009
78.389041
63.336073
47.431050
30.957991
15.905023
1.136073
-14.604972
-29.209945
-43.242173
-57.560773
-70.161142
-82.761510
-95.075506
-106.530387
-117.698895
-131.158379
-143.758748
-155.786372
-164.950276
-175.832413
-191.582873
-207.046961
-218.215470
-228.238490
-238.261510
-246.279926
-255.443831
-263.175875
-272.339779
-279.785451
-286.658379
-294.390424
-299.831492
-302.122468
-303.840700
-306.418048
-306.704420
-305.558932
-306.418048
-305.845304
-304.986188
-302.981584
-301.263352
-299.545120
-296.395028
-292.385820
-288.376611
-282.935543
-277.208103
-272.626151
-262.316759
-253.725599
-243.988950
-234.538674
-223.942910
-211.342541
-199.028545
-183.850829
-169.532228
-154.927256
-140.895028
-126.576427
-108.821363
-92.784530
-76.461326
-61.569982
-45.819521
-28.923573
-12.313996
1.988128
17.041096
30.389954
44.874886
59.075799
71.004566
84.353425
97.418265
107.358904
119.571689
132.352511
143.997260
156.778082
167.002740
177.795434
193.416438
208.185388
219.262100
228.066667
239.143379
249.084018
257.036530
265.557078
273.793607
281.462100
290.550685
296.515068
302.195434
304.183562
307.023744
307.875799
309.011872
309.579909
309.011872
309.295890
309.011872
306.739726
305.603653
303.047489
301.343379
296.799087
291.970776
287.142466
281.462100
274.645662
266.693151
256.468493
246.811872
237.439269
225.794521
213.297717
200.232877
186.031963
170.694977
156.778082
143.145205
127.808219
109.915068
93.726027
78.105023
63.052055
47.147032
30.957991
15.336986
-0.859116
-14.604972
-29.209945
-42.669429
-57.274401
-71.020258
-82.761510
-94.502762
-106.244015
-117.985267
-129.726519
-142.613260
-155.500000
-165.236648
-176.691529
-191.010129
-207.333333
-218.788214
-226.806630
-238.547882
-246.852670
-255.730203
-262.889503
-271.480663
-280.644567
-286.944751
-294.963168
-299.258748
-302.122468
-304.413444
-306.418048
-306.418048
-305.845304
-306.131676
-305.845304
-303.267956
-302.408840
-301.263352
-299.545120
-296.967772
-293.244936
-287.517495
-284.081031
-277.494475
-270.907919
-262.889503
-253.439227
-245.134438
-234.538674
-223.942910
-210.483425
-198.169429
-183.850829
-169.818600
-155.213628
-141.467772
-126.003683
-108.248619
-90.779926
-77.034070
-60.997238
-46.392265
-29.496317
-12.886740
1.136073
16.189041
30.673973
45.158904
58.507763
71.572603
84.637443
96.566210
108.494977
119.855708
130.932420
144.565297
156.494064
165.866667
176.659361
192.564384
208.469406
219.546119
227.782648
238.859361
247.663927
257.604566
265.273059
273.793607
283.166210
290.834703
295.663014
301.343379
304.467580
306.739726
309.011872
309.295890
309.579909
309.863927
309.011872
309.295890
307.307763
305.319635
303.899543
301.343379
298.219178
292.254795
287.426484
281.178082
275.497717
266.125114
256.184475
246.811872
236.303196
225.510502
213.297717
199.948858
185.747945
170.978995
157.346119
143.997260
127.524201
108.778995
92.873973
77.821005
64.188128
47.431050
30.105936
15.336986
-0.000000
-14.318600
-28.923573
-43.242173
-56.128913
-69.588398
-82.761510
-95.075506
-106.530387
-118.271639
-130.299263
-143.186004
-156.072744
-165.523020
-176.405157
-191.869245
-207.333333
-218.215470
-226.806630
-237.975138
-245.993554
-256.589319
-262.316759
-271.480663
-280.644567
-287.517495
-294.676796
-299.545120
-302.408840
-303.554328
-305.558932
-306.418048
-306.418048
-306.131676
-306.418048
-305.272560
-303.267956
-301.263352
-299.545120
-296.681400
-292.385820
-288.090239
-283.221915
-277.208103
-270.621547
-261.744015
-253.725599
-244.561694
-234.252302
-223.370166
-210.197053
-197.883057
-183.278085
-169.245856
-155.500000
-141.181400
-125.717311
-108.248619
-91.066298
-75.602210
-60.997238
-46.392265
-28.923573
-12.600368
1.988128
16.189041
30.389954
44.590868
59.643836
72.424658
84.353425
96.566210
107.642922
119.287671
131.784475
142.861187
156.494064
166.718721
178.363470
193.416438
209.321461
219.262100
228.350685
239.143379
248.231963
258.172603
265.841096
273.509589
282.030137
289.698630
296.231050
301.627397
305.035616
306.739726
307.875799
309.863927
308.443836
309.863927
309.863927
308.727854
307.591781
305.035616
303.615525
301.627397
296.515068
292.254795
287.710502
281.746119
274.645662
266.125114
257.036530
246.811872
235.735160
224.090411
212.729680
199.948858
184.895890
171.547032
156.210046
143.429224
128.660274
109.915068
94.294064
78.389041
63.904110
47.999087
31.242009
15.336986
1.136073
-14.032228
-29.209945
-42.955801
-56.988029
-70.161142
-82.761510
-95.075506
-107.962247
-118.558011
-130.585635
-142.899632
-154.927256
-165.809392
-176.405157
-191.582873
-207.906077
-217.929098
-226.806630
-236.256906
-246.279926
-254.584715
-262.889503
-270.907919
-280.071823
-288.662983
-294.676796
-299.831492
-301.836096
-304.413444
-306.418048
-306.418048
-306.418048
-306.131676
-304.413444
-304.986188
-302.408840
-301.549724
-299.545120
-296.681400
-293.244936
-287.517495
-284.081031
-276.635359
-270.907919
-261.744015
-253.152855
-243.416206
-233.965930
-222.224678
-209.910681
-199.028545
-182.991713
-169.532228
-154.640884
-141.467772
-126.290055
-108.248619
-90.779926
-75.029466
-59.851750
-44.960405
-28.064457
-12.600368
1.704110
17.609132
30.957991
46.578995
58.791781
71.856621
84.921461
96.850228
108.494977
119.571689
131.216438
143.997260
156.210046
166.150685
178.647489
193.700457
209.321461
219.546119
227.498630
239.711416
249.084018
257.036530
265.841096
274.077626
283.450228
289.698630
296.515068
301.627397
305.035616
307.591781
309.011872
309.863927
309.863927
309.011872
309.579909
309.295890
307.591781
305.887671
303.615525
300.775342
297.367123
292.254795
287.994521
281.746119
274.361644
267.261187
257.036530
246.811872
236.303196
225.794521
213.297717
200.800913
185.747945
171.547032
156.210046
143.429224
128.660274
109.915068
94.010046
78.105023
63.620091
48.567123
31.242009
16.189041
-0.000000
-13.745856
-28.350829
-42.669429
-55.842541
-69.874770
-82.761510
-93.930018
-105.957643
-117.698895
-129.726519
-142.326888
-155.500000
-165.523020
-175.832413
-191.869245
-207.046961
-218.501842
-227.379374
-236.829650
-245.707182
-255.443831
-262.316759
-270.907919
-280.071823
-286.944751
-293.817680
-297.826888
-300.976980
-302.981584
-304.986188
-305.272560
-306.990792
-306.131676
-304.699816
-305.272560
-302.122468
-301.549724
-298.972376
-296.681400
-292.672192
-287.517495
-283.221915
-276.921731
-270.335175
-262.889503
-252.866483
-243.702578
-234.538674
-222.224678
-209.910681
-197.023941
-182.132597
-168.959484
-153.781768
-141.754144
-123.999079
-107.103131
-88.488950
-73.597606
-59.565378
-44.101289
-27.491713
-11.741252
4.260274
17.609132
32.946119
47.431050
60.211872
73.276712
85.773516
98.554338
108.778995
121.275799
132.636530
145.133333
159.334247
167.002740
178.931507
194.552511
209.889498
220.682192
230.622831
239.995434
249.084018
258.172603
266.409132
275.781735
282.598174
290.834703
297.367123
302.763470
305.887671
307.875799
308.727854
310.431963
310.147945
310.431963
309.579909
309.863927
307.307763
306.455708
303.899543
301.343379
297.367123
292.538813
287.142466
281.746119
276.065753
266.693151
257.604566
247.379909
236.019178
225.226484
213.013699
199.664840
186.031963
171.547032
156.778082
143.429224
127.808219
110.199087
93.726027
78.673059
64.188128
47.715068
32.094064
15.621005
0.568037
-14.604972
-28.923573
-42.669429
-56.701657
-69.588398
-82.761510
-95.075506
-105.957643
-117.985267
-130.299263
-142.040516
-155.500000
-164.950276
-175.259669
-191.582873
-206.474217
-218.215470
-226.806630
-237.688766
-246.852670
-255.443831
-263.748619
-271.194291
-279.499079
-287.231123
-294.104052
-299.545120
-301.836096
-303.840700
-305.558932
-304.986188
-305.272560
-306.131676
-305.272560
-303.554328
-302.122468
-299.831492
-298.686004
-295.249540
-292.385820
-288.090239
-282.362799
-276.921731
-269.476059
-261.171271
-253.439227
-243.702578
-233.679558
-221.651934
-210.197053
-198.455801
-183.278085
-168.673112
-153.781768
-140.322284
-125.144567
-107.389503
-90.493554
-75.029466
-59.851750
-44.101289
-27.778085
-12.313996
2.556164
16.757078
32.662100
46.294977
60.495890
72.992694
85.205479
97.418265
108.778995
120.139726
132.636530
145.133333
158.482192
166.718721
179.499543
193.984475
209.321461
219.830137
229.202740
239.711416
249.368037
257.036530
265.841096
274.361644
282.882192
291.402740
297.651142
303.331507
305.887671
307.307763
309.579909
309.579909
309.863927
309.579909
309.579909
309.863927
307.307763
305.887671
303.615525
301.343379
297.651142
293.106849
287.426484
282.030137
274.645662
266.693151
256.752511
247.379909
237.439269
226.078539
214.149772
200.516895
186.315982
171.831050
156.778082
143.429224
129.512329
110.483105
93.726027
78.105023
63.336073
47.431050
30.957991
15.905023
0.284018
-14.891344
-29.209945
-42.955801
-55.842541
-69.588398
-83.334254
-95.075506
-106.816759
-117.985267
-129.726519
-143.472376
-155.500000
-164.377532
-176.405157
-191.582873
-207.906077
-217.929098
-225.661142
-238.261510
-246.279926
-256.016575
-262.889503
-270.621547
-279.499079
-287.231123
-294.104052
-299.258748
-301.549724
-303.840700
-305.272560
-306.418048
-305.845304
-305.845304
-304.699816
-304.413444
-302.408840
-299.545120
-298.686004
-296.395028
-292.385820
-287.517495
-283.508287
-276.348987
-269.762431
-262.316759
-252.866483
-242.270718
-233.106814
-221.365562
-209.624309
-196.737569
-182.705341
-168.959484
-153.209024
-140.322284
-126.003683
-107.103131
-90.779926
-74.743094
-60.138122
-44.960405
-29.209945
-12.313996
3.408219
18.461187
31.526027
46.578995
59.643836
72.708676
86.341553
98.270320
109.063014
120.139726
132.636530
144.565297
157.062100
167.002740
179.499543
194.836530
209.321461
219.830137
229.486758
239.427397
249.936073
258.456621
265.841096
275.497717
281.746119
290.834703
297.651142
302.763470
305.603653
307.591781
309.295890
309.579909
309.863927
309.863927
310.431963
309.295890
307.875799
305.603653
303.047489
301.059361
297.083105
292.254795
287.710502
281.462100
274.929680
265.557078
256.184475
247.379909
235.735160
224.942466
213.013699
199.664840
186.600000
171.263014
157.630137
143.429224
128.092237
109.915068
92.589954
77.252968
63.052055
47.431050
32.662100
16.473059
-0.000000
-13.745856
-29.209945
-42.383057
-56.415285
-69.588398
-82.475138
-95.075506
-106.530387
-117.412523
-130.299263
-141.754144
-155.500000
-164.663904
-176.405157
-191.869245
-207.333333
-217.642726
-226.233886
-237.402394
-246.279926
-255.157459
-262.603131
-270.907919
-279.499079
-286.372007
-294.104052
-297.826888
-300.976980
-302.981584
-305.558932
-306.418048
-305.558932
-304.413444
-304.699816
-303.840700
-301.836096
-300.690608
-299.258748
-295.822284
-292.385820
-287.517495
-283.221915
-276.062615
-270.048803
-262.030387
-252.293738
-243.129834
-233.106814
-221.365562
-209.337937
-197.023941
-182.132597
-166.954880
-153.495396
-140.322284
-124.858195
-106.530387
-89.061694
-74.170350
-58.419890
-44.101289
-27.491713
-11.741252
2.840183
18.461187
32.378082
46.578995
60.211872
72.992694
86.341553
98.554338
109.063014
122.127854
133.772603
144.849315
158.198174
167.854795
179.499543
195.688584
210.173516
220.398174
230.338813
240.563470
250.504110
258.456621
266.125114
275.213699
283.166210
291.402740
298.503196
303.331507
305.887671
308.727854
308.443836
309.863927
310.715982
311.000000
309.579909
309.863927
307.875799
306.739726
304.467580
301.911416
297.083105
292.254795
287.426484
281.746119
275.213699
265.841096
257.036530
247.095890
236.303196
224.942466
213.297717
199.948858
185.747945
171.263014
156.778082
143.997260
127.524201
110.199087
93.726027
77.821005
63.620091
47.431050
31.526027
16.473059
1.420091
-13.745856
-29.209945
-42.383057
-56.128913
-69.588398
-82.475138
-94.216390
-106.530387
-117.985267
-129.440147
-142.613260
-155.500000
-163.518416
-176.405157
-191.582873
-207.333333
-217.642726
-226.806630
-238.261510
-246.566298
-255.157459
-262.889503
-272.053407
-279.785451
-287.231123
-294.104052
-299.258748
-301.549724
-303.554328
-304.413444
-305.272560
-304.986188
-304.986188
-305.558932
-304.986188
-301.836096
-301.549724
-299.545120
-296.108656
-292.672192
-286.658379
-282.362799
-276.062615
-270.048803
-261.744015
-252.007366
-242.557090
-233.106814
-221.079190
-210.197053
-196.451197
-182.132597
-167.527624
-152.922652
-139.749540
-125.144567
-106.530387
-89.348066
-74.456722
-58.706262
-43.528545
-26.632597
-11.454880
2.840183
17.893151
33.230137
47.147032
59.927854
73.276712
86.341553
97.986301
109.063014
120.707763
133.204566
145.701370
157.062100
167.002740
179.215525
195.120548
210.457534
220.114155
230.054795
241.131507
249.652055
258.172603
266.693151
274.361644
284.018265
291.686758
297.651142
303.615525
306.171689
308.443836
309.011872
310.715982
310.431963
309.863927
310.147945
309.579909
307.591781
306.739726
303.331507
302.195434
297.367123
292.538813
289.414612
282.030137
274.645662
266.693151
256.468493
246.811872
237.155251
225.226484
214.149772
200.232877
185.747945
171.263014
156.494064
143.429224
128.376256
109.631050
94.294064
78.105023
62.768037
47.431050
30.673973
16.473059
0.284018
-14.318600
-29.209945
-43.242173
-56.701657
-70.161142
-82.475138
-93.930018
-106.244015
-117.698895
-131.158379
-143.186004
-155.500000
-164.950276
-175.832413
-192.155617
-207.619705
-217.642726
-227.665746
-237.688766
-246.566298
-254.584715
-262.603131
-270.907919
-278.926335
-286.372007
-294.390424
-299.258748
-300.404236
-302.408840
-305.845304
-305.845304
-306.131676
-305.272560
-304.986188
-303.554328
-302.408840
-300.976980
-298.686004
-296.681400
-292.099448
-286.085635
-281.790055
-276.348987
-268.903315
-261.457643
-252.007366
-243.129834
-231.961326
-220.792818
-209.624309
-196.451197
-182.132597
-167.241252
-153.209024
-140.322284
-124.858195
-107.103131
-89.634438
-73.311234
-58.706262
-43.242173
-26.059853
-10.882136
4.544292
18.745205
34.650228
47.147032
60.779909
74.128767
87.193607
98.270320
109.347032
122.695890
134.056621
146.553425
159.050228
168.422831
180.635616
195.688584
210.741553
220.682192
229.770776
241.699543
250.220091
258.740639
266.693151
274.929680
283.166210
290.834703
298.787215
302.763470
306.171689
306.739726
309.295890
309.863927
309.863927
310.431963
310.431963
309.863927
308.443836
307.591781
303.899543
301.627397
296.231050
291.970776
287.994521
282.314155
275.497717
266.977169
257.320548
246.811872
236.303196
225.226484
212.729680
199.096804
186.315982
171.831050
157.630137
143.145205
128.092237
110.767123
93.157991
78.957078
63.620091
47.999087
30.673973
15.905023
1.136073
-14.318600
-29.209945
-42.669429
-56.988029
-70.161142
-82.475138
-94.216390
-105.671271
-118.271639
-130.012891
-143.186004
-156.072744
-165.523020
-176.691529
-192.728361
-207.333333
-217.929098
-226.806630
-237.402394
-244.561694
-254.298343
-262.316759
-269.189687
-279.212707
-287.231123
-293.531308
-298.399632
-301.263352
-303.267956
-305.272560
-305.845304
-306.418048
-304.413444
-305.272560
-303.840700
-301.549724
-300.117864
-297.826888
-295.249540
-291.240331
-286.372007
-281.217311
-275.776243
-270.621547
-261.744015
-252.293738
-242.843462
-232.534070
-221.079190
-209.051565
-196.451197
-182.418969
-166.954880
-153.209024
-140.035912
-124.285451
-105.671271
-89.348066
-74.456722
-59.279006
-43.814917
-27.205341
-11.741252
2.272146
18.461187
32.946119
46.578995
61.347945
73.844749
86.057534
98.554338
108.778995
121.275799
133.772603
144.849315
158.766210
167.286758
179.783562
195.120548
210.741553
220.682192
229.486758
240.563470
251.072146
259.024658
265.841096
274.361644
283.450228
291.686758
297.367123
302.763470
305.319635
307.591781
309.579909
309.863927
310.715982
310.431963
310.715982
309.863927
307.307763
307.023744
303.331507
300.775342
296.799087
292.538813
287.710502
281.178082
274.645662
265.841096
256.752511
247.663927
236.303196
224.374429
213.297717
199.380822
186.031963
170.694977
156.778082
143.997260
128.092237
109.631050
93.726027
78.389041
63.052055
48.567123
31.526027
15.336986
0.568037
-14.604972
-28.350829
-42.669429
-56.415285
-70.161142
-82.761510
-93.930018
-105.384899
-117.412523
-130.872007
-142.326888
-154.640884
-164.950276
-175.832413
-191.010129
-207.619705
-217.929098
-226.520258
-237.402394
-245.993554
-255.157459
-262.030387
-270.048803
-278.067219
-286.658379
-293.531308
-299.258748
-300.976980
-303.554328
-304.699816
-304.699816
-304.699816
-306.418048
-303.554328
-303.554328
-301.836096
-299.258748
-298.972376
-295.535912
-291.526703
-287.231123
-281.503683
-276.921731
-270.335175
-260.025783
-252.866483
-241.984346
-232.820442
-220.220074
-209.624309
-195.305709
-182.132597
-166.095764
-152.636280
-140.322284
-123.139963
-105.957643
-89.634438
-73.311234
-59.279006
-43.814917
-26.918969
-10.595764
3.976256
18.745205
33.514155
47.999087
61.063927
73.844749
86.909589
98.270320
109.631050
122.411872
133.488584
146.553425
158.198174
169.274886
179.215525
195.688584
210.741553
220.966210
230.338813
241.415525
250.788128
258.740639
266.409132
276.065753
282.598174
291.970776
297.935160
303.615525
306.739726
307.875799
309.011872
310.431963
309.863927
310.147945
310.431963
309.579909
307.591781
307.023744
304.183562
301.343379
297.083105
291.970776
287.994521
282.598174
274.929680
266.693151
256.468493
247.379909
236.587215
226.362557
213.297717
199.948858
185.747945
171.263014
157.346119
143.145205
127.808219
109.915068
93.157991
78.105023
63.052055
46.578995
30.957991
14.200913
-0.286372
-14.032228
-30.355433
-42.955801
-56.128913
-70.161142
-83.047882
-93.643646
-106.530387
-118.271639
-130.585635
-141.754144
-156.072744
-165.236648
-176.691529
-192.441989
-207.333333
-218.501842
-226.233886
-237.116022
-247.139042
-252.866483
-261.744015
-269.762431
-278.926335
-287.517495
-293.531308
-298.972376
-300.404236
-303.554328
-303.267956
-306.418048
-304.127072
-305.845304
-304.986188
-302.981584
-301.836096
-300.404236
-297.826888
-295.249540
-291.240331
-286.658379
-282.362799
-275.203499
-268.903315
-260.312155
-252.293738
-242.270718
-233.106814
-221.365562
-208.765193
-196.451197
-181.559853
-167.527624
-153.209024
-138.890424
-123.712707
-105.957643
-89.348066
-74.170350
-57.847145
-42.955801
-26.346225
-10.309392
3.408219
19.029224
33.230137
47.147032
61.347945
73.844749
86.909589
98.838356
109.915068
122.127854
133.204566
145.985388
158.766210
168.422831
180.351598
195.404566
211.025571
220.966210
230.054795
240.847489
251.356164
258.456621
267.261187
276.065753
283.450228
291.402740
298.219178
303.331507
306.171689
307.875799
309.011872
310.147945
311.000000
310.431963
311.000000
309.295890
307.591781
305.887671
304.467580
301.627397
297.651142
292.822831
288.278539
283.166210
274.645662
265.841096
256.184475
245.959817
237.439269
224.658447
213.013699
199.380822
184.895890
170.978995
155.926027
144.281279
128.092237
110.199087
93.726027
78.389041
63.904110
46.863014
30.389954
15.621005
-0.572744
-14.604972
-29.496317
-42.955801
-56.128913
-69.588398
-82.761510
-95.075506
-105.957643
-118.558011
-129.440147
-141.754144
-154.640884
-164.091160
-175.832413
-190.723757
-205.901473
-217.929098
-226.233886
-237.402394
-246.279926
-255.157459
-262.603131
-271.767035
-279.785451
-286.944751
-294.676796
-300.117864
-300.976980
-302.122468
-303.267956
-304.413444
-306.418048
-305.558932
-304.699816
-303.554328
-301.549724
-300.117864
-298.399632
-295.249540
-291.813076
-286.944751
-281.790055
-276.348987
-268.616943
-260.884899
-252.580110
-241.984346
-231.961326
-221.079190
-209.051565
-194.732965
-182.418969
-166.095764
-153.209024
-140.035912
-123.426335
-105.671271
-89.348066
-74.170350
-58.706262
-43.528545
-26.059853
-10.882136
3.408219
19.597260
33.230137
47.715068
60.779909
73.844749
87.193607
98.270320
110.199087
122.127854
134.624658
146.837443
159.050228
168.422831
180.635616
195.688584
211.309589
220.966210
230.906849
240.847489
250.220091
258.740639
267.545205
275.781735
284.586301
291.686758
298.503196
303.899543
306.171689
308.443836
309.579909
310.431963
310.431963
310.147945
310.147945
309.579909
308.159817
306.171689
303.331507
301.627397
297.083105
292.538813
287.426484
281.462100
275.781735
266.693151
257.604566
247.379909
236.871233
224.658447
213.013699
200.232877
184.895890
171.547032
156.494064
143.145205
128.092237
109.631050
93.726027
77.536986
62.768037
47.431050
30.957991
15.621005
-0.000000
-13.745856
-28.350829
-43.242173
-55.556169
-69.302026
-83.047882
-94.502762
-105.957643
-115.980663
-130.299263
-142.613260
-154.927256
-165.236648
-176.118785
-192.441989
-207.333333
-217.929098
-227.093002
-237.116022
-245.993554
-254.584715
-262.603131
-270.907919
-279.212707
-286.085635
-293.817680
-299.258748
-301.549724
-302.122468
-305.272560
-305.845304
-306.131676
-304.413444
-303.267956
-303.554328
-301.836096
-299.545120
-299.258748
-296.681400
-292.099448
-286.944751
-282.649171
-275.776243
-268.616943
-260.884899
-251.720994
-242.843462
-230.815838
-219.933702
-209.051565
-194.732965
-181.846225
-166.095764
-152.922652
-140.322284
-123.139963
-105.098527
-89.348066
-72.738490
-58.706262
-42.383057
-26.059853
-9.736648
3.408219
19.029224
33.798174
47.431050
60.211872
74.128767
87.193607
99.406393
110.483105
121.843836
134.056621
146.269406
159.902283
168.706849
180.919635
196.256621
211.593607
221.534247
230.338813
241.415525
251.640183
259.592694
266.977169
275.497717
284.586301
290.834703
298.219178
304.183562
307.023744
308.159817
309.295890
309.863927
310.147945
310.715982
310.147945
309.011872
308.443836
306.739726
304.751598
