-311.000000
-292.383803
-292.931338
-292.931338
-294.026408
-293.752641
-292.657570
-291.836268
-290.467430
-287.729754
-286.634683
-282.528169
-278.969190
-274.588908
-268.566021
-263.638204
-255.425176
-246.664613
-237.082746
-227.774648
-218.192782
-207.242077
-194.375000
-181.507923
-167.272007
-153.036092
-140.990317
-127.028169
-108.959507
-93.902289
-78.571303
-63.787852
-50.373239
-33.399648
-17.794894
-3.011444
7.967063
26.177493
42.111619
56.907594
69.711802
81.377859
94.466606
105.848124
118.083257
130.318390
141.984446
155.073193
164.747484
176.413541
191.209515
206.859103
218.525160
226.207685
237.873742
246.978957
256.653248
265.189387
273.440988
280.554437
289.944190
295.350412
301.610247
304.455627
305.593779
306.731930
307.301006
307.301006
307.585544
308.154620
307.585544
306.731930
304.740165
302.463861
301.325709
296.773102
292.505032
286.245197
280.838975
274.294602
265.473925
255.799634
246.978957
236.166514
225.069533
214.257091
200.883806
186.372370
171.291857
156.780421
143.122598
129.180238
111.254346
94.751144
77.963403
63.451967
48.371455
31.299177
15.649588
-0.273768
-14.783451
-26.829225
-41.338908
-54.753521
-67.620599
-79.940141
-92.259683
-102.662852
-113.613556
-124.838028
-136.883803
-149.203345
-158.511444
-170.283451
-183.424296
-198.207746
-208.884683
-217.919014
-228.048415
-237.082746
-245.022007
-253.235035
-260.900528
-268.292254
-275.136444
-281.980634
-288.824824
-290.741197
-293.752641
-294.573944
-294.847711
-295.942782
-295.121479
-295.669014
-295.121479
-293.205106
-292.931338
-289.646127
-286.908451
-283.897007
-280.611796
-275.410211
-269.934859
-263.090669
-256.246479
-246.664613
-236.535211
-226.679577
-216.550176
-206.147007
-193.279930
-180.960387
-165.903169
-153.309859
-139.895246
-125.659331
-109.233275
-92.533451
-77.476232
-62.966549
-47.909331
-32.304577
-16.426056
-1.095070
13.373285
28.738335
42.396157
56.907594
69.711802
83.369625
95.889296
106.417200
118.652333
130.887466
143.691674
156.495883
166.454712
177.836231
191.778591
206.859103
217.956084
226.776761
237.589204
247.548033
256.368710
264.335773
272.587374
281.123513
289.944190
295.919488
301.610247
303.317475
305.878317
307.870082
307.870082
308.154620
307.870082
308.439158
307.585544
306.162855
305.309241
303.032937
301.041171
296.773102
291.082342
287.383349
281.408051
273.725526
265.473925
255.799634
247.263495
235.597438
224.784995
213.403477
199.461116
185.518756
171.291857
155.926807
143.691674
128.326624
110.685270
93.897530
77.394328
62.882891
47.233303
31.299177
14.511436
-1.368838
-15.057218
-28.198063
-41.886444
-55.027289
-68.715669
-80.487676
-91.985915
-103.484155
-113.613556
-125.385563
-137.705106
-149.750880
-159.606514
-169.188380
-183.971831
-198.481514
-208.337148
-217.097711
-225.584507
-235.987676
-244.474472
-251.592430
-260.626761
-268.566021
-275.957746
-281.980634
-287.729754
-290.467430
-292.383803
-293.752641
-294.300176
-295.395246
-294.300176
-294.573944
-294.573944
-293.205106
-292.110035
-289.098592
-287.455986
-284.170775
-279.516725
-275.136444
-269.113556
-262.269366
-252.687500
-245.022007
-235.987676
-226.679577
-216.550176
-206.147007
-192.458627
-180.139085
-165.355634
-152.762324
-139.347711
-125.111796
-108.138204
-92.259683
-76.654930
-63.240317
-47.909331
-31.483275
-16.152289
-0.547535
13.373285
27.884721
41.827081
56.338518
69.142726
82.800549
95.604758
106.701738
117.514181
129.749314
142.553522
154.504117
165.601098
176.698079
192.916743
208.281793
218.525160
227.914913
238.158280
247.548033
256.084172
265.189387
273.156450
280.838975
290.513266
297.057640
301.610247
304.740165
307.016468
306.731930
308.723696
308.154620
307.870082
308.439158
307.870082
307.301006
305.024703
303.032937
300.472095
297.057640
291.651418
286.814273
280.838975
273.725526
265.473925
256.084172
245.840805
235.312900
224.215919
212.549863
198.892040
184.665142
170.438243
155.357731
141.984446
128.042086
109.262580
93.043916
76.256176
61.744739
46.379689
30.161025
14.226898
-1.916373
-15.604754
-30.388204
-42.707746
-56.669894
-68.715669
-80.761444
-93.902289
-104.305458
-114.434859
-126.754401
-139.073944
-150.024648
-160.154049
-170.830986
-185.066901
-200.124120
-210.253521
-218.192782
-228.048415
-235.166373
-244.748239
-251.318662
-259.805458
-268.018486
-276.231514
-282.528169
-286.908451
-290.741197
-292.657570
-295.121479
-295.395246
-294.300176
-294.573944
-294.300176
-294.026408
-292.110035
-289.919894
-289.098592
-285.813380
-283.075704
-278.969190
-273.493838
-269.113556
-261.995599
-253.508803
-245.022007
-235.440141
-225.858275
-216.550176
-205.051937
-191.637324
-179.865317
-165.081866
-151.941021
-138.526408
-125.111796
-107.316901
-90.343310
-76.107394
-61.050176
-46.540493
-31.757042
-15.330986
-0.821303
13.942360
28.738335
42.111619
57.192132
69.142726
83.654163
95.604758
106.132662
117.514181
130.318390
142.838060
155.926807
165.601098
177.836231
193.485819
208.281793
219.094236
228.768527
239.296432
248.117109
256.937786
265.473925
274.294602
281.692589
288.806038
295.634950
302.748399
304.455627
307.016468
308.154620
308.723696
308.439158
308.439158
309.008234
307.870082
306.162855
305.024703
302.463861
300.472095
297.057640
291.366880
287.098811
281.408051
273.440988
264.620311
254.376944
245.271729
234.743824
224.500457
211.411711
198.892040
183.811528
169.300091
155.357731
141.415371
126.903934
109.262580
92.190302
76.825252
60.891125
46.095151
29.307411
13.657823
-2.190141
-16.152289
-30.114437
-43.529049
-56.669894
-68.989437
-81.582746
-92.533451
-104.031690
-115.256162
-126.206866
-139.073944
-150.572183
-159.880282
-171.104754
-185.888204
-200.124120
-209.979754
-218.740317
-228.869718
-236.808979
-245.569542
-251.866197
-260.900528
-268.292254
-274.862676
-282.528169
-286.087148
-289.919894
-292.383803
-293.205106
-294.573944
-295.121479
-294.847711
-294.573944
-293.752641
-291.562500
-290.467430
-289.372359
-286.087148
-283.623239
-278.969190
-272.946303
-267.470951
-259.531690
-253.235035
-244.748239
-234.618838
-225.584507
-215.455106
-202.861796
-192.184859
-179.044014
-164.534331
-150.298415
-137.978873
-123.742958
-106.769366
-90.343310
-75.286092
-61.050176
-45.992958
-30.388204
-14.783451
0.284538
14.511436
29.876487
43.249771
57.476670
71.419030
83.369625
95.889296
107.555352
118.936871
131.741080
143.691674
156.780421
166.739250
178.120769
193.485819
209.135407
219.663312
228.199451
239.011894
248.117109
257.791400
265.189387
274.010064
282.261665
291.082342
297.057640
302.463861
304.740165
306.447392
307.585544
308.723696
309.008234
308.723696
308.154620
309.292772
306.447392
304.740165
303.032937
300.187557
296.204026
291.651418
286.814273
280.554437
273.725526
265.189387
256.084172
246.125343
235.028362
223.362306
211.980787
198.038426
184.380604
169.300091
153.935041
141.130833
126.050320
108.978042
91.621226
75.687100
61.744739
45.810613
29.022873
13.657823
-1.916373
-15.878521
-30.388204
-43.255282
-56.943662
-69.810739
-82.677817
-93.902289
-104.031690
-114.434859
-127.028169
-139.621479
-150.845951
-160.975352
-171.104754
-185.888204
-200.397887
-209.705986
-218.192782
-228.595951
-238.177817
-245.843310
-252.139965
-260.900528
-268.566021
-273.493838
-281.706866
-287.182218
-289.646127
-290.193662
-293.205106
-292.931338
-293.478873
-294.300176
-293.478873
-294.026408
-291.288732
-289.919894
-288.277289
-286.087148
-282.528169
-278.147887
-272.398768
-267.744718
-261.174296
-252.139965
-243.926937
-234.892606
-225.036972
-214.633803
-202.861796
-192.184859
-178.222711
-163.986796
-150.845951
-137.705106
-122.647887
-106.221831
-89.248239
-75.286092
-60.502641
-46.266725
-30.388204
-14.509683
0.284538
14.795974
28.738335
43.534309
57.761208
71.134492
83.938701
96.173833
107.555352
118.652333
130.887466
143.122598
157.064959
166.739250
178.405306
194.339433
208.850869
219.378774
229.622141
239.580970
249.255261
257.791400
266.327539
274.579140
281.977127
291.082342
297.626715
303.032937
305.593779
306.162855
308.154620
308.439158
309.577310
309.577310
308.154620
308.723696
307.301006
305.024703
303.602013
300.187557
296.773102
291.651418
287.383349
280.269899
273.440988
264.620311
255.230558
245.271729
235.597438
223.077768
211.980787
197.753888
183.811528
168.731016
154.219579
141.415371
126.050320
108.408966
91.052150
76.540714
60.891125
46.379689
29.022873
12.235133
-2.737676
-15.878521
-30.114437
-44.076585
-56.122359
-70.358275
-82.677817
-93.902289
-105.126761
-114.708627
-126.754401
-138.252641
-151.393486
-159.880282
-172.199824
-186.435739
-199.029049
-210.801056
-218.740317
-228.595951
-237.356514
-246.117077
-253.508803
-260.626761
-268.018486
-275.957746
-281.706866
-286.634683
-289.098592
-292.657570
-292.657570
-293.752641
-293.752641
-293.205106
-294.026408
-292.657570
-292.110035
-289.919894
-288.003521
-285.265845
-282.254401
-278.147887
-272.398768
-266.923415
-260.626761
-252.139965
-243.105634
-234.071303
-225.036972
-214.360035
-202.314261
-190.542254
-177.675176
-163.439261
-149.750880
-137.705106
-121.552817
-105.400528
-88.426937
-74.738556
-59.407570
-45.719190
-29.840669
-13.414613
0.569076
15.080512
30.445563
42.965233
58.899360
70.849954
84.223239
96.742909
107.839890
120.075023
131.741080
144.545288
157.064959
166.739250
179.258920
194.623971
209.419945
220.232388
229.622141
239.580970
248.686185
257.791400
265.758463
273.440988
283.115279
290.797804
297.342177
302.748399
305.024703
307.301006
308.439158
308.439158
309.292772
308.723696
308.439158
308.723696
306.447392
306.162855
303.032937
300.472095
296.488564
291.366880
286.814273
280.269899
272.302836
265.189387
254.661482
245.840805
234.174748
223.646844
211.980787
197.184812
183.811528
169.300091
155.357731
143.122598
126.334858
108.693504
91.052150
75.971638
60.891125
44.956999
28.169259
13.088747
-3.011444
-16.973592
-30.935739
-44.076585
-57.217430
-70.084507
-82.130282
-93.080986
-104.852993
-114.982394
-128.123239
-139.621479
-151.941021
-160.427817
-172.747359
-185.888204
-200.945423
-211.074824
-219.014085
-228.869718
-236.535211
-245.569542
-253.508803
-260.079225
-269.113556
-276.505282
-281.980634
-286.087148
-289.372359
-292.383803
-292.110035
-292.931338
-294.300176
-292.931338
-293.478873
-292.931338
-291.014965
-290.741197
-288.003521
-285.265845
-282.254401
-277.052817
-274.041373
-267.197183
-261.174296
-252.139965
-244.748239
-233.797535
-224.489437
-214.360035
-201.492958
-189.994718
-177.127641
-160.975352
-148.655810
-136.883803
-121.279049
-105.126761
-88.153169
-73.369718
-59.407570
-44.350352
-29.293134
-12.867077
1.138152
16.503202
31.583715
44.387923
58.330284
71.703568
84.223239
96.458371
107.555352
120.359561
131.741080
144.260750
156.780421
166.739250
178.689844
194.054895
210.273559
220.516926
230.760293
239.865508
250.108875
257.791400
266.896615
274.863678
283.968893
291.366880
298.480329
302.748399
305.024703
307.301006
308.154620
307.870082
309.008234
309.577310
309.292772
306.731930
307.870082
304.740165
303.032937
300.756633
296.488564
291.651418
286.245197
279.985361
272.871912
264.620311
254.661482
244.418115
234.743824
223.077768
210.842635
198.607502
182.673376
169.015554
153.935041
141.130833
125.765782
107.839890
91.905764
75.971638
60.606587
46.095151
28.453797
13.942360
-2.737676
-15.878521
-30.935739
-43.802817
-57.217430
-69.536972
-82.130282
-94.176056
-104.031690
-116.351232
-127.575704
-139.073944
-151.941021
-160.154049
-172.199824
-186.161972
-200.945423
-211.074824
-219.561620
-229.417254
-237.630282
-246.117077
-252.961268
-260.900528
-268.292254
-276.505282
-281.980634
-286.360915
-289.372359
-292.110035
-292.931338
-294.300176
-293.752641
-293.752641
-293.752641
-293.205106
-291.014965
-289.646127
-288.277289
-284.444542
-281.433099
-277.600352
-271.851232
-267.197183
-259.805458
-250.771127
-242.284331
-233.250000
-223.668134
-211.622359
-202.040493
-190.268486
-175.758803
-162.617958
-148.655810
-134.967430
-121.552817
-104.852993
-87.331866
-73.095951
-58.312500
-44.350352
-27.650528
-12.045775
1.422690
17.641354
31.299177
45.810613
60.037511
72.557182
85.645929
97.311985
108.408966
119.790485
132.594694
145.683440
157.918573
167.308326
180.112534
194.908509
210.842635
220.516926
230.475755
241.572736
250.393413
257.791400
266.896615
274.863678
282.830741
291.651418
297.626715
302.179323
304.740165
307.870082
308.439158
308.723696
309.008234
309.008234
309.861848
309.008234
306.731930
305.593779
303.602013
299.903019
296.204026
291.935956
287.383349
280.554437
272.871912
264.051235
254.946020
244.702653
234.174748
222.224154
210.842635
197.753888
183.242452
168.446478
153.650503
140.561757
125.765782
107.555352
91.336688
75.118024
59.752973
44.387923
27.884721
11.666057
-3.011444
-17.521127
-30.935739
-45.171655
-58.312500
-70.084507
-83.225352
-93.902289
-104.579225
-114.982394
-127.575704
-140.716549
-151.667254
-160.975352
-173.568662
-186.709507
-201.219190
-210.801056
-219.561620
-229.417254
-237.630282
-246.117077
-253.235035
-261.995599
-269.387324
-276.505282
-283.349472
-286.360915
-289.372359
-291.562500
-292.931338
-293.752641
-292.657570
-294.026408
-292.931338
-292.931338
-290.741197
-289.372359
-288.003521
-284.718310
-281.980634
-276.505282
-271.029930
-265.280810
-259.531690
-251.318662
-242.010563
-232.702465
-222.846831
-212.717430
-200.671655
-188.625880
-176.032570
-161.249120
-148.108275
-134.967430
-120.457746
-104.031690
-87.605634
-72.548415
-58.860035
-44.350352
-26.829225
-12.319542
2.560842
16.787740
31.868253
46.379689
59.752973
72.841720
85.076853
98.450137
109.262580
121.213175
133.163769
145.398902
158.772187
167.877402
180.112534
195.762123
210.558097
221.086002
230.475755
240.434584
250.108875
258.645014
267.750229
276.001830
283.968893
291.082342
297.911253
302.748399
306.447392
307.585544
308.723696
309.292772
309.292772
309.577310
308.723696
307.585544
307.301006
304.455627
303.317475
299.903019
295.919488
291.366880
285.960659
280.269899
272.871912
264.620311
254.946020
244.702653
234.174748
222.793230
210.558097
197.753888
182.957914
168.731016
153.935041
140.846295
123.774016
107.555352
90.483074
74.833486
60.891125
44.103385
28.169259
11.666057
-3.558979
-16.699824
-31.209507
-43.802817
-56.669894
-71.179577
-82.677817
-94.723592
-105.126761
-116.351232
-128.123239
-139.621479
-151.393486
-162.070423
-173.294894
-187.804577
-200.945423
-211.074824
-218.466549
-229.143486
-238.451585
-246.117077
-252.961268
-261.995599
-268.839789
-276.505282
-283.623239
-286.908451
-289.646127
-291.836268
-292.657570
-293.478873
-292.931338
-293.752641
-292.657570
-292.657570
-291.836268
-289.098592
-287.729754
-284.170775
-281.433099
-277.874120
-270.756162
-264.733275
-258.984155
-251.044894
-242.010563
-231.333627
-223.120599
-212.443662
-200.397887
-188.899648
-176.032570
-160.701585
-147.013204
-134.693662
-119.910211
-102.662852
-87.058099
-71.727113
-57.491197
-44.076585
-27.924296
-10.950704
2.560842
17.925892
32.437328
46.664227
60.037511
73.126258
85.930467
97.881061
109.262580
120.359561
132.594694
145.114364
157.634035
167.877402
180.112534
196.615737
211.411711
221.939616
230.760293
241.288198
250.962489
259.783166
267.181153
275.717292
283.399817
291.935956
299.049405
302.748399
305.309241
307.016468
308.439158
309.008234
309.008234
309.861848
308.723696
309.008234
306.447392
305.309241
303.602013
299.903019
295.919488
291.366880
285.960659
279.131747
272.587374
263.482159
253.807868
244.418115
234.174748
221.655078
210.558097
196.615737
182.388838
168.161940
153.081427
141.415371
124.912168
106.701738
89.344922
74.833486
60.891125
44.387923
27.315645
10.812443
-3.832746
-18.616197
-31.483275
-45.445423
-58.860035
-71.453345
-83.772887
-94.997359
-105.948063
-116.625000
-128.670775
-140.442782
-151.941021
-162.070423
-173.568662
-188.352113
-200.945423
-212.169894
-220.109155
-229.964789
-238.177817
-246.390845
-253.508803
-261.174296
-269.113556
-277.052817
-282.801937
-287.729754
-289.098592
-291.288732
-292.931338
-292.931338
-294.026408
-292.931338
-292.931338
-290.741197
-290.741197
-289.372359
-286.908451
-284.170775
-280.885563
-277.052817
-272.125000
-265.828345
-258.984155
-249.128521
-241.463028
-232.976232
-223.120599
-211.348592
-200.397887
-187.804577
-174.663732
-159.880282
-146.191901
-134.146127
-118.815141
-101.567782
-86.236796
-70.358275
-57.491197
-42.707746
-27.102993
-10.676937
3.129918
18.210430
33.006404
46.379689
61.175663
73.695334
86.499543
98.734675
110.116194
122.066789
134.017383
146.537054
159.625801
168.446478
181.819762
196.900274
212.265325
221.939616
231.613907
241.857274
250.962489
259.498628
267.750229
276.286368
284.822507
291.935956
299.049405
303.317475
306.162855
308.439158
309.861848
309.861848
309.861848
309.577310
309.008234
309.008234
307.301006
306.162855
302.463861
301.041171
297.057640
291.366880
287.098811
279.985361
273.156450
263.482159
253.807868
244.418115
233.890210
222.224154
210.842635
196.615737
182.104300
167.592864
152.227813
139.708143
123.774016
107.270814
89.913998
74.264410
58.899360
43.249771
27.031107
10.527905
-3.832746
-17.521127
-32.578345
-45.171655
-58.586268
-71.727113
-83.772887
-93.902289
-105.674296
-117.172535
-129.492077
-141.264085
-152.762324
-162.070423
-173.294894
-188.078345
-202.314261
-212.169894
-220.382923
-229.691021
-238.999120
-247.212148
-253.508803
-261.174296
-269.387324
-276.779049
-283.075704
-288.277289
-289.919894
-291.836268
-292.931338
-292.931338
-292.657570
-293.205106
-292.931338
-292.657570
-289.372359
-289.372359
-286.360915
-284.718310
-280.611796
-275.136444
-270.756162
-264.733275
-257.889085
-249.949824
-241.463028
-231.333627
-220.656690
-211.074824
-200.124120
-188.352113
-174.389965
-159.606514
-146.739437
-133.598592
-118.267606
-102.662852
-84.594190
-71.453345
-56.122359
-41.065141
-25.186620
-10.129401
4.268070
18.494968
34.429094
46.948765
61.744739
73.410796
87.353156
98.165599
109.547118
121.782251
134.017383
147.106130
159.625801
169.015554
182.104300
197.184812
211.127173
221.370540
231.044831
241.288198
252.100640
259.498628
266.896615
276.286368
284.253431
291.935956
298.480329
303.317475
305.593779
307.870082
309.292772
310.146386
309.577310
309.577310
309.008234
309.008234
306.731930
305.878317
303.602013
301.325709
296.488564
291.366880
285.391583
279.700823
272.587374
263.482159
253.807868
244.133577
233.321134
222.224154
209.989021
196.615737
183.242452
167.592864
153.081427
139.708143
124.058554
105.279048
89.629460
73.979872
59.468435
43.249771
26.746569
10.527905
-4.106514
-18.342430
-31.757042
-46.266725
-58.038732
-71.453345
-84.320423
-95.271127
-105.674296
-117.993838
-129.218310
-141.264085
-153.583627
-160.701585
-174.663732
-189.173415
-202.040493
-211.896127
-220.109155
-229.964789
-238.451585
-246.664613
-253.508803
-262.269366
-270.482394
-276.779049
-283.623239
-287.729754
-290.193662
-291.288732
-292.657570
-292.931338
-291.288732
-293.205106
-293.205106
-292.110035
-290.193662
-288.551056
-287.182218
-283.075704
-280.338028
-275.136444
-269.934859
-265.007042
-257.889085
-249.676056
-240.915493
-231.059859
-221.477993
-210.253521
-200.124120
-186.983275
-173.294894
-160.154049
-145.918134
-133.872359
-117.720070
-100.746479
-84.594190
-70.084507
-56.669894
-41.612676
-25.460387
-9.855634
4.268070
19.633120
34.144556
47.802379
61.744739
74.264410
88.206770
98.165599
110.116194
122.351327
134.586459
147.675206
159.625801
169.869167
182.957914
197.469350
213.118939
221.655078
231.898445
242.141812
251.531565
260.067704
268.034767
276.286368
284.537969
292.220494
298.480329
303.886551
306.162855
307.585544
308.723696
309.008234
309.292772
309.861848
309.861848
308.439158
307.301006
305.593779
303.317475
300.472095
295.919488
291.082342
285.391583
279.416285
272.587374
263.482159
253.238792
244.987191
234.174748
221.655078
209.704483
196.900274
182.957914
167.308326
152.796889
139.708143
123.489478
105.563586
89.060384
74.264410
59.183898
42.396157
26.462031
9.389753
-4.380282
-19.163732
-32.030810
-45.992958
-58.860035
-70.905810
-84.046655
-95.544894
-105.400528
-118.267606
-129.765845
-141.537852
-153.309859
-161.796655
-173.842430
-189.173415
-201.492958
-212.717430
-220.109155
-230.238556
-237.904049
-246.664613
-254.603873
-261.721831
-269.934859
-276.505282
-282.528169
-287.182218
-290.193662
-291.562500
-292.931338
-294.026408
-293.205106
-292.931338
-292.931338
-291.562500
-291.014965
-288.551056
-286.634683
-284.718310
-280.064261
-275.410211
-270.756162
-264.733275
-257.889085
-249.676056
-238.177817
-230.238556
-220.382923
-209.979754
-199.302817
-185.888204
-173.021127
-158.511444
-146.465669
-132.777289
-116.625000
-100.746479
-84.320423
-70.358275
-55.848592
-41.612676
-24.912852
-9.855634
5.406221
19.348582
34.144556
48.086917
62.598353
75.687100
87.637694
100.157365
110.969808
123.204941
135.155535
147.106130
160.194876
169.300091
182.388838
198.322964
211.980787
223.362306
231.898445
242.710887
252.100640
259.498628
268.888381
277.424520
284.253431
292.789570
298.195791
303.886551
305.593779
308.439158
309.577310
310.146386
309.008234
309.008234
309.008234
308.439158
307.301006
305.593779
302.463861
300.756633
295.919488
291.651418
286.245197
279.985361
272.018298
263.482159
254.092406
243.279963
233.605672
221.370540
209.989021
196.331199
180.966148
166.739250
151.374199
139.423605
122.635865
105.279048
88.206770
72.841720
58.045746
42.396157
26.746569
9.389753
-5.475352
-18.616197
-32.578345
-45.719190
-59.407570
-72.000880
-84.320423
-96.639965
-106.495599
-117.720070
-130.039613
-141.537852
-153.583627
-161.522887
-174.937500
-190.268486
-202.040493
-212.443662
-221.477993
-230.512324
-239.820423
-247.212148
-254.877641
-262.543134
-269.113556
-278.147887
-284.444542
-287.455986
-289.372359
-291.014965
-292.657570
-292.383803
-292.931338
-293.478873
-292.931338
-291.562500
-289.919894
-288.824824
-286.908451
-283.897007
-279.790493
-274.862676
-269.387324
-263.911972
-257.067782
-248.033451
-239.820423
-229.691021
-220.109155
-210.527289
-198.207746
-186.161972
-172.747359
-158.785211
-145.644366
-132.229754
-116.898768
-99.377641
-83.772887
-68.989437
-54.205986
-39.422535
-23.544014
-8.486796
5.406221
20.202196
35.567246
47.802379
62.313815
74.833486
88.491308
100.157365
111.254346
123.489478
136.293687
147.675206
160.479414
169.584629
183.526990
198.892040
211.980787
223.646844
232.752059
242.710887
252.954254
261.490393
268.034767
277.139982
285.107045
292.789570
300.187557
303.602013
306.162855
307.585544
309.008234
309.577310
310.146386
309.577310
309.577310
309.861848
307.585544
305.024703
303.317475
300.187557
296.204026
291.082342
285.391583
280.269899
272.018298
263.197621
253.523330
243.564501
232.752059
220.516926
209.704483
195.762123
181.250686
167.592864
152.227813
138.569991
122.351327
105.563586
88.491308
72.272644
59.183898
41.827081
25.892955
9.389753
-4.927817
-19.163732
-34.220951
-46.540493
-59.955106
-71.727113
-85.415493
-96.092430
-106.221831
-118.815141
-130.313380
-142.632923
-154.404930
-162.891725
-174.937500
-189.994718
-202.861796
-212.717430
-221.751761
-231.333627
-239.820423
-247.212148
-254.056338
-262.543134
-271.029930
-277.600352
-283.623239
-288.277289
-289.098592
-292.110035
-292.383803
-292.657570
-293.205106
-292.931338
-292.931338
-291.288732
-290.193662
-288.277289
-286.360915
-283.897007
-279.242958
-275.683979
-269.661092
-263.638204
-256.794014
-247.759683
-239.272887
-229.417254
-219.287852
-210.253521
-197.386444
-185.340669
-171.926056
-157.416373
-144.275528
-131.682218
-116.351232
-98.830106
-82.951585
-68.989437
-54.753521
-39.422535
-23.817782
-9.581866
6.259835
21.055810
36.136322
49.225069
63.167429
76.256176
89.629460
101.580055
111.823422
124.343092
137.147301
149.666972
161.048490
170.438243
184.096066
198.892040
214.541629
223.362306
233.036597
243.849039
252.100640
261.490393
269.457457
277.424520
286.245197
293.358646
300.187557
303.602013
305.878317
308.154620
309.292772
310.430924
309.861848
309.861848
309.292772
307.585544
307.301006
304.740165
303.032937
300.472095
295.634950
291.366880
285.960659
279.131747
272.018298
262.628545
252.669716
243.849039
232.467521
221.086002
209.135407
194.623971
180.966148
166.454712
152.227813
138.854529
122.351327
104.140897
88.206770
72.557182
58.045746
40.404392
25.323879
9.105215
-6.296655
-19.437500
-33.399648
-45.445423
-60.502641
-71.727113
-82.951585
-95.271127
-107.590669
-118.541373
-130.860915
-142.085387
-153.857394
-163.439261
-175.758803
-190.816021
-202.861796
-212.991197
-222.299296
-231.333627
-239.820423
-248.033451
-254.877641
-263.911972
-269.934859
-277.874120
-284.444542
-288.003521
-290.193662
-291.836268
-292.931338
-292.931338
-292.110035
-292.931338
-292.931338
-291.836268
-289.372359
-288.824824
-286.360915
-283.349472
-279.516725
-274.588908
-269.934859
-264.185739
-256.794014
-248.854754
-238.999120
-229.964789
-219.287852
-209.432218
-197.660211
-185.340669
-172.199824
-157.416373
-144.549296
-130.860915
-115.803697
-98.830106
-83.225352
-68.715669
-54.205986
-38.053697
-22.996479
-7.391725
6.828911
21.340348
36.420860
49.794145
63.736505
76.256176
89.060384
101.864593
111.254346
123.774016
136.862763
149.666972
161.617566
171.007319
184.949680
200.030192
214.257091
224.500457
233.605672
243.849039
252.669716
261.774931
269.457457
277.424520
285.676121
293.643184
299.903019
304.455627
307.016468
308.723696
310.146386
310.430924
310.146386
310.430924
310.146386
308.154620
307.016468
307.016468
303.032937
300.756633
296.488564
290.797804
284.253431
278.847210
272.018298
262.059469
252.954254
242.426349
231.613907
221.086002
208.566331
195.193047
179.543458
165.601098
151.943275
137.431839
122.066789
104.140897
88.206770
71.988106
57.476670
40.973468
25.039341
8.820677
-6.022887
-20.258803
-33.399648
-47.361796
-59.955106
-73.095951
-85.415493
-96.092430
-107.043134
-118.267606
-131.408451
-142.359155
-155.226232
-163.439261
-176.306338
-190.268486
-202.314261
-212.991197
-221.751761
-231.333627
-240.367958
-248.033451
-255.972711
-263.638204
-271.577465
-278.969190
-284.992077
-287.729754
-290.467430
-292.383803
-292.931338
-293.205106
-292.657570
-292.931338
-292.383803
-291.288732
-289.646127
-288.824824
-286.360915
-283.623239
-280.611796
-275.136444
-268.839789
-264.459507
-257.067782
-247.485915
-238.725352
-229.143486
-219.835387
-209.158451
-196.838908
-183.698063
-171.378521
-157.963908
-142.906690
-131.134683
-114.708627
-98.282570
-82.677817
-66.799296
-53.932218
-37.779930
-22.448944
-6.296655
7.397987
23.047575
35.851784
50.647758
64.305581
76.540714
90.767612
101.580055
113.530650
124.343092
136.293687
149.666972
161.048490
171.291857
185.234218
201.168344
214.541629
224.215919
233.605672
244.133577
252.669716
261.774931
269.172919
277.709058
285.676121
292.789570
300.187557
303.602013
305.878317
308.723696
309.577310
309.008234
311.000000
309.861848
310.146386
307.870082
306.447392
305.593779
303.317475
300.472095
295.634950
290.513266
284.822507
278.847210
270.880146
262.344007
252.100640
243.279963
231.613907
221.086002
207.997255
194.339433
180.397072
165.601098
152.227813
138.000915
122.351327
103.856359
88.206770
72.557182
57.761208
40.973468
24.470265
7.967063
-6.022887
-21.353873
-33.947183
-47.361796
-60.502641
-72.822183
-85.689261
-96.639965
-107.590669
-119.088908
-130.860915
-142.359155
-153.583627
-162.891725
-176.853873
-190.816021
-203.956866
-212.991197
-222.299296
-231.881162
-240.367958
-247.485915
-255.698944
-263.364437
-270.756162
-278.421655
-284.992077
-288.277289
-290.741197
-292.657570
-292.657570
-292.931338
-292.383803
-291.836268
-292.383803
-291.014965
-289.646127
-288.003521
-285.265845
-284.170775
-279.242958
-274.041373
-268.839789
-262.816901
-255.425176
-246.938380
-237.630282
-229.964789
-219.561620
-209.158451
-197.660211
-183.971831
-170.557218
-156.868838
-143.454225
-131.134683
-114.434859
-98.282570
-81.582746
-67.073063
-52.563380
-37.506162
-21.901408
-6.296655
7.967063
23.047575
37.274474
51.501372
65.443733
77.394328
90.767612
102.433669
113.530650
125.481244
138.569991
150.520586
162.186642
172.145471
184.949680
201.737420
214.257091
225.069533
233.890210
243.564501
254.092406
261.490393
270.026532
278.847210
285.676121
293.358646
300.756633
304.740165
306.447392
308.723696
310.430924
309.008234
310.146386
309.008234
309.577310
307.585544
307.301006
304.740165
302.748399
300.187557
295.919488
291.366880
284.822507
278.562672
271.733760
261.774931
252.669716
242.710887
233.036597
219.947850
209.135407
194.339433
179.827996
165.885636
150.805124
138.569991
121.213175
103.287283
87.353156
71.988106
58.045746
40.404392
24.754803
7.967063
-5.475352
-19.163732
-35.042254
-47.088028
-60.228873
-73.095951
-85.415493
-96.913732
-105.948063
-119.636444
-131.134683
-142.632923
-155.226232
-162.617958
-176.853873
-191.363556
-203.135563
-212.991197
-220.656690
-231.059859
-240.094190
-247.485915
-254.603873
-263.090669
-270.208627
-278.969190
-284.992077
-288.277289
-290.467430
-291.562500
-292.383803
-292.931338
-292.657570
-292.931338
-291.836268
-292.383803
-289.646127
-288.277289
-286.360915
-283.349472
-279.516725
-274.315141
-268.839789
-263.638204
-255.698944
-247.212148
-238.177817
-228.322183
-219.287852
-208.610915
-197.386444
-183.971831
-169.735915
-156.047535
-142.359155
-130.313380
-114.161092
-97.187500
-81.308979
-66.525528
-51.742077
-36.137324
-21.353873
-5.475352
7.967063
23.901189
36.705398
51.785910
64.874657
77.678866
90.767612
102.149131
112.961574
125.481244
138.000915
150.805124
161.333028
172.430009
185.234218
201.452882
214.541629
224.500457
234.459286
244.133577
254.376944
261.774931
270.595608
278.562672
286.529735
293.927722
300.756633
303.886551
306.731930
307.870082
309.577310
309.861848
310.146386
310.146386
309.861848
310.146386
307.016468
305.309241
303.602013
300.472095
296.488564
290.513266
284.822507
278.562672
270.880146
262.059469
252.100640
242.710887
231.329369
219.663312
207.712717
194.623971
179.258920
164.462946
149.951510
137.431839
120.075023
103.287283
86.215005
70.849954
57.476670
40.688930
23.901189
7.682525
-6.570423
-20.532570
-34.494718
-47.361796
-60.502641
-73.095951
-86.236796
-96.913732
-107.864437
-119.088908
-130.313380
-143.180458
-155.226232
-163.986796
-176.580106
-190.816021
-203.683099
-213.538732
-223.120599
-231.607394
-240.094190
-249.128521
-255.151408
-264.185739
-271.029930
-278.695423
-285.265845
-288.551056
-290.741197
-291.836268
-292.931338
-292.383803
-292.931338
-292.383803
-292.383803
-291.562500
-289.919894
-289.098592
-285.813380
-283.623239
-279.516725
-274.588908
-269.113556
-261.995599
-255.698944
-246.390845
-237.904049
-228.595951
-218.466549
-205.599472
-195.470070
-183.150528
-169.735915
-155.226232
-142.906690
-128.123239
-113.066021
-96.366197
-81.582746
-66.251761
-52.563380
-36.684859
-20.806338
-5.475352
8.820677
24.185727
37.843550
52.070448
64.874657
78.532479
91.905764
103.002745
114.099726
125.765782
138.569991
150.805124
161.902104
171.860933
186.372370
201.452882
215.110704
225.638609
234.743824
245.271729
254.376944
261.774931
270.595608
278.847210
287.667887
294.212260
301.610247
304.455627
306.447392
308.154620
310.146386
310.146386
310.146386
309.861848
309.577310
308.439158
307.016468
304.740165
303.602013
300.187557
294.496798
290.513266
285.107045
278.278134
270.311070
262.059469
251.247027
242.710887
230.760293
219.378774
207.428179
193.201281
180.112534
163.893870
150.236048
137.716377
119.790485
103.002745
86.215005
70.849954
56.053980
39.550778
24.185727
6.828911
-6.570423
-20.806338
-35.042254
-46.814261
-61.323944
-73.643486
-85.415493
-96.639965
-107.864437
-119.362676
-131.408451
-142.632923
-154.952465
-163.986796
-176.580106
-191.911092
-204.230634
-214.360035
-223.120599
-231.607394
-240.641725
-248.580986
-255.425176
-264.185739
-270.208627
-277.874120
-284.170775
-287.729754
-290.467430
-291.836268
-293.478873
-292.657570
-292.657570
-293.478873
-292.110035
-292.110035
-289.372359
-287.729754
-286.360915
-283.897007
-278.695423
-274.588908
-268.018486
-262.269366
-254.877641
-247.212148
-237.904049
-228.595951
-218.466549
-208.337148
-197.112676
-182.055458
-169.462148
-154.952465
-142.359155
-129.218310
-113.066021
-96.639965
-80.487676
-66.799296
-51.468310
-35.863556
-20.806338
-5.201585
8.820677
23.901189
38.697164
52.924062
66.012809
79.386093
91.905764
103.287283
113.530650
127.188472
138.569991
151.089661
162.471180
172.145471
186.941446
202.591034
215.964318
225.354071
235.028362
244.702653
254.946020
262.059469
271.164684
277.993596
286.245197
293.927722
300.756633
304.740165
306.731930
308.439158
309.577310
310.146386
310.146386
310.146386
310.146386
308.723696
307.301006
305.309241
303.317475
299.049405
295.350412
290.513266
285.391583
278.278134
269.172919
261.490393
251.816102
241.572736
230.760293
219.378774
207.143641
193.485819
179.258920
163.893870
150.520586
136.009149
120.075023
102.718207
85.361391
71.134492
55.769442
38.697164
22.478500
7.397987
-7.665493
-21.627641
-35.042254
-48.730634
-60.776408
-73.917254
-86.784331
-97.461268
-108.138204
-119.910211
-131.682218
-143.454225
-154.678697
-163.986796
-177.127641
-192.732394
-204.230634
-213.812500
-222.573063
-232.702465
-240.641725
-247.759683
-256.520246
-263.911972
-270.756162
-279.516725
-284.992077
-288.551056
-290.741197
