-0.798278
-1.193054
-1.531433
-1.813415
-2.143737
-2.417663
-2.707702
-3.013855
-3.320007
-3.626159
-3.900085
-4.174011
-4.383484
-4.560730
-4.713806
-4.882995
-5.076355
-5.221374
-5.293884
-5.366394
-5.422790
-5.446960
-5.479187
-5.463073
-5.438903
-5.390564
-5.301941
-5.253601
-5.092468
-4.979675
-4.754089
-4.609069
-4.383484
-4.141784
-3.916198
-3.658386
-3.392517
-3.086364
-2.772155
-2.482116
-2.224304
-1.902038
-1.539489
-1.257507
-0.894958
-0.629089
-0.306823
-0.105407
-0.008728
0.039612
0.096009
0.096009
0.281311
0.474671
0.764710
1.030579
1.199768
1.433411
1.634827
1.908753
2.158509
2.408264
2.658020
2.940003
3.181702
3.407288
3.592591
3.810120
4.027649
4.164612
4.317688
4.478821
4.607727
4.704407
4.881653
4.986389
5.058899
5.058899
5.034729
4.962220
4.938050
4.865540
4.825257
4.752747
4.672181
4.567444
4.527161
4.406311
4.253235
4.140442
4.003479
3.858460
3.665100
3.487854
3.286438
3.093079
2.883606
2.682190
2.424378
2.206848
1.957093
1.731507
1.481751
1.296448
1.062806
0.861389
0.563294
0.361878
0.160462
0.055725
-0.040954
-0.065124
-0.049011
-0.097351
-0.113464
-0.089294
-0.105407
-0.202087
-0.314880
-0.387390
-0.355163
-0.395446
-0.484069
-0.645202
-0.782165
-0.878845
-1.007751
-1.201111
-1.346130
-1.458923
-1.515319
-1.603943
-1.660339
-1.732849
-1.789245
-1.821472
-1.926208
-1.966491
-1.998718
-2.006775
-1.974548
-1.950378
-1.934265
-1.910095
-1.829528
-1.813415
-1.789245
-1.732849
-1.660339
-1.628112
-1.547546
-1.491150
-1.362243
-1.321960
-1.225280
-1.128601
-1.064148
-0.943298
-0.814392
-0.741882
-0.629089
-0.532409
-0.411560
-0.282653
-0.177917
-0.105407
-0.008728
0.104065
0.112122
0.087952
0.079895
0.104065
0.104065
0.079895
0.120179
0.144348
0.087952
0.079895
0.087952
0.096009
0.104065
0.079895
0.104065
0.031556
0.096009
0.063782
0.104065
0.192688
0.241028
0.224915
0.281311
0.329651
0.329651
0.289368
0.216858
0.224915
0.208802
0.168518
0.208802
0.224915
0.200745
0.184632
0.168518
0.120179
0.063782
0.039612
0.039612
-0.000671
0.007386
0.007386
-0.008728
-0.008728
-0.032898
-0.032898
-0.008728
-0.032898
-0.032898
-0.016784
-0.057068
-0.024841
-0.008728
-0.032898
-0.016784
-0.049011
-0.040954
-0.057068
-0.049011
-0.065124
-0.065124
-0.081237
-0.057068
-0.073181
-0.081237
-0.073181
-0.113464
-0.081237
-0.073181
-0.105407
-0.081237
-0.089294
-0.049011
-0.040954
-0.073181
-0.089294
-0.097351
-0.065124
-0.065124
-0.057068
-0.049011
-0.065124
-0.065124
-0.065124
-0.089294
-0.040954
-0.049011
-0.097351
-0.073181
-0.081237
-0.049011
-0.040954
-0.040954
-0.049011
-0.032898
-0.032898
-0.032898
-0.057068
-0.065124
-0.032898
-0.024841
0.015442
0.144348
0.224915
0.249085
0.273255
0.241028
0.216858
0.216858
0.184632
0.152405
0.112122
0.079895
0.079895
0.112122
0.128235
0.096009
0.055725
0.047669
0.079895
0.031556
0.047669
0.055725
0.071839
0.087952
0.079895
0.087952
0.104065
0.063782
0.096009
0.087952
0.071839
0.079895
0.055725
0.055725
0.047669
0.079895
0.104065
0.063782
0.071839
0.071839
0.063782
0.087952
0.079895
0.079895
0.104065
0.087952
0.079895
0.087952
0.031556
0.055725
0.087952
0.079895
0.039612
0.055725
0.104065
0.071839
0.096009
0.063782
0.023499
0.031556
0.031556
0.015442
0.023499
-0.000671
-0.016784
-0.008728
-0.024841
0.007386
-0.024841
-0.024841
0.007386
-0.032898
-0.024841
-0.000671
-0.032898
0.007386
-0.016784
-0.024841
-0.024841
-0.008728
-0.057068
-0.073181
-0.032898
-0.040954
-0.024841
-0.040954
-0.049011
-0.081237
-0.097351
-0.073181
-0.065124
-0.089294
-0.081237
-0.129577
-0.073181
-0.089294
-0.089294
-0.049011
-0.057068
-0.081237
-0.073181
-0.065124
-0.089294
-0.065124
-0.065124
-0.049011
-0.049011
-0.081237
-0.040954
-0.057068
-0.065124
-0.065124
-0.040954
-0.081237
-0.057068
-0.057068
-0.040954
-0.049011
-0.040954
-0.040954
-0.040954
-0.024841
-0.040954
0.015442
-0.008728
-0.016784
0.007386
0.015442
0.007386
0.031556
0.015442
0.039612
0.007386
-0.000671
0.015442
0.007386
0.015442
0.079895
0.087952
0.039612
0.055725
0.063782
0.039612
0.047669
0.047669
0.063782
0.055725
0.055725
0.055725
0.071839
0.047669
0.079895
0.079895
0.104065
0.087952
0.079895
0.055725
0.136292
0.249085
0.329651
0.353821
0.321595
0.321595
0.281311
0.249085
0.208802
0.216858
0.160462
0.216858
0.176575
0.160462
0.112122
0.087952
0.104065
0.120179
0.063782
0.047669
0.112122
0.120179
0.079895
0.071839
0.023499
0.047669
0.039612
0.055725
0.007386
0.015442
0.031556
-0.000671
0.047669
0.007386
0.039612
-0.000671
-0.000671
0.015442
-0.016784
-0.008728
-0.008728
-0.024841
-0.016784
-0.024841
-0.024841
-0.032898
-0.049011
-0.040954
-0.024841
-0.016784
-0.032898
-0.073181
-0.057068
-0.073181
-0.057068
-0.089294
-0.073181
-0.040954
-0.065124
-0.105407
-0.073181
-0.081237
-0.097351
-0.057068
-0.073181
-0.073181
-0.097351
-0.065124
-0.073181
-0.081237
-0.097351
-0.089294
-0.081237
-0.065124
-0.081237
-0.073181
-0.081237
-0.057068
0.007386
-0.024841
-0.040954
-0.049011
-0.089294
-0.032898
-0.057068
-0.057068
-0.040954
-0.040954
-0.057068
-0.024841
-0.016784
-0.024841
-0.024841
0.007386
-0.008728
-0.024841
-0.000671
-0.024841
0.015442
-0.016784
-0.008728
-0.008728
0.015442
0.031556
0.071839
0.063782
0.031556
0.063782
-0.000671
0.039612
0.031556
0.055725
0.023499
0.063782
0.039612
0.031556
0.063782
0.079895
0.096009
0.096009
0.096009
0.120179
0.096009
0.112122
0.104065
0.104065
0.104065
0.120179
0.136292
0.087952
0.079895
0.120179
0.104065
0.087952
0.071839
0.063782
0.055725
0.063782
0.079895
0.039612
0.047669
0.055725
0.055725
0.055725
0.055725
0.031556
0.039612
0.031556
0.031556
0.039612
0.039612
0.031556
0.079895
0.249085
0.257141
0.313538
0.265198
0.273255
0.257141
0.200745
0.168518
0.128235
0.096009
0.128235
0.112122
0.112122
0.055725
0.096009
0.047669
0.007386
-0.040954
0.007386
-0.024841
-0.049011
-0.032898
-0.016784
-0.032898
-0.008728
-0.057068
-0.057068
-0.057068
-0.057068
-0.073181
-0.065124
-0.097351
-0.081237
-0.065124
-0.049011
-0.040954
-0.081237
-0.089294
-0.089294
-0.089294
-0.113464
-0.073181
-0.049011
-0.081237
-0.057068
-0.049011
-0.057068
-0.040954
-0.057068
-0.032898
-0.081237
-0.081237
-0.057068
-0.049011
-0.073181
-0.065124
-0.057068
-0.057068
-0.040954
-0.065124
-0.081237
-0.049011
-0.049011
-0.040954
-0.024841
-0.016784
-0.040954
-0.049011
-0.016784
-0.040954
-0.049011
-0.024841
-0.008728
-0.008728
0.015442
0.063782
0.063782
0.055725
0.047669
0.039612
0.007386
0.007386
-0.008728
0.055725
0.031556
0.047669
0.039612
0.055725
0.055725
0.104065
0.096009
0.071839
0.087952
0.087952
0.079895
0.096009
0.087952
0.096009
0.087952
0.096009
0.087952
0.104065
0.071839
0.079895
0.104065
0.055725
0.079895
0.087952
0.071839
0.104065
0.047669
0.079895
0.055725
0.063782
0.096009
0.071839
0.071839
0.071839
0.047669
0.087952
0.079895
0.063782
0.055725
0.112122
0.071839
0.031556
0.031556
0.047669
0.071839
0.071839
0.096009
0.007386
0.039612
0.039612
0.023499
0.039612
0.023499
-0.000671
-0.008728
-0.032898
-0.032898
-0.040954
-0.016784
-0.016784
-0.016784
-0.024841
-0.040954
-0.032898
-0.024841
-0.049011
-0.073181
-0.073181
-0.097351
-0.113464
-0.049011
0.096009
0.144348
0.160462
0.168518
0.128235
0.120179
0.079895
0.063782
0.023499
0.047669
-0.000671
-0.016784
-0.016784
-0.065124
-0.049011
-0.097351
-0.049011
-0.057068
-0.081237
-0.065124
-0.065124
-0.089294
-0.089294
-0.049011
-0.049011
-0.032898
-0.057068
-0.040954
-0.065124
-0.065124
-0.040954
-0.057068
-0.057068
-0.057068
-0.073181
-0.040954
-0.032898
-0.032898
-0.073181
-0.049011
-0.024841
-0.040954
-0.032898
-0.008728
0.047669
0.039612
-0.000671
-0.000671
0.015442
0.031556
-0.008728
0.007386
0.023499
-0.000671
0.007386
0.031556
0.023499
0.015442
0.031556
0.071839
0.079895
0.047669
0.047669
0.079895
0.055725
0.071839
0.087952
0.079895
0.120179
0.087952
0.079895
0.087952
0.079895
0.112122
0.096009
0.079895
0.112122
0.104065
0.055725
0.104065
0.087952
0.096009
0.120179
0.047669
0.063782
0.071839
0.128235
0.120179
0.096009
0.063782
0.055725
0.031556
0.031556
0.047669
0.063782
0.055725
0.079895
0.055725
0.071839
0.023499
0.039612
0.055725
0.039612
0.039612
0.055725
0.047669
0.031556
0.039612
0.039612
0.023499
0.015442
-0.008728
-0.024841
-0.024841
-0.032898
-0.016784
0.031556
-0.008728
-0.040954
-0.008728
-0.040954
-0.065124
-0.065124
-0.065124
-0.040954
-0.065124
-0.049011
-0.049011
-0.065124
-0.073181
-0.040954
-0.057068
-0.097351
-0.081237
-0.081237
-0.105407
-0.089294
-0.081237
-0.081237
-0.097351
-0.089294
-0.081237
-0.049011
-0.057068
-0.065124
-0.121521
-0.089294
-0.081237
-0.081237
-0.008728
0.096009
0.160462
0.192688
0.184632
0.152405
0.112122
0.104065
0.079895
0.079895
0.063782
0.031556
-0.008728
-0.000671
-0.032898
-0.040954
-0.057068
-0.049011
-0.049011
-0.024841
-0.000671
-0.024841
-0.016784
-0.032898
-0.024841
0.007386
0.015442
0.007386
-0.016784
-0.000671
-0.000671
0.031556
0.007386
-0.000671
-0.008728
0.031556
0.015442
0.031556
0.047669
0.047669
0.023499
0.055725
0.079895
0.055725
0.063782
0.047669
0.079895
0.087952
0.079895
0.096009
0.136292
0.104065
0.112122
0.087952
0.096009
0.120179
0.096009
0.079895
0.063782
0.087952
0.096009
0.087952
0.071839
0.071839
0.071839
0.063782
0.047669
0.031556
0.055725
0.071839
0.055725
0.063782
0.039612
0.031556
0.031556
0.087952
0.079895
0.079895
0.031556
0.063782
0.031556
0.039612
0.047669
0.039612
0.039612
0.031556
0.031556
0.015442
0.015442
-0.008728
0.007386
0.015442
-0.016784
-0.032898
-0.008728
-0.016784
-0.008728
-0.040954
-0.016784
-0.057068
-0.057068
-0.024841
-0.016784
0.007386
-0.057068
-0.065124
-0.057068
-0.049011
-0.089294
-0.097351
-0.097351
-0.081237
-0.081237
-0.057068
-0.073181
-0.089294
-0.081237
-0.081237
-0.089294
-0.113464
-0.073181
-0.049011
-0.073181
-0.065124
-0.081237
-0.081237
-0.049011
-0.065124
-0.032898
-0.073181
-0.016784
-0.049011
-0.057068
-0.032898
-0.049011
-0.073181
-0.057068
-0.073181
-0.073181
-0.073181
-0.089294
-0.081237
-0.049011
-0.057068
-0.032898
-0.024841
-0.065124
-0.057068
-0.057068
-0.065124
-0.040954
-0.024841
-0.057068
-0.024841
0.007386
-0.008728
-0.032898
0.055725
0.176575
0.273255
0.297425
0.273255
0.241028
0.208802
0.208802
0.192688
0.176575
0.160462
0.184632
0.152405
0.176575
0.176575
0.144348
0.160462
0.136292
0.120179
0.079895
0.096009
0.104065
0.112122
0.104065
0.104065
0.104065
0.096009
0.104065
0.120179
0.096009
0.104065
0.079895
0.055725
0.096009
0.079895
0.063782
0.071839
0.071839
0.087952
0.055725
0.047669
0.047669
0.071839
0.055725
0.055725
0.071839
0.063782
0.104065
0.055725
0.031556
0.055725
0.047669
0.047669
0.055725
0.039612
0.047669
0.039612
0.015442
0.047669
-0.008728
-0.008728
-0.000671
-0.057068
-0.008728
-0.016784
-0.016784
-0.040954
-0.032898
-0.032898
-0.008728
-0.032898
-0.024841
-0.073181
-0.040954
-0.065124
-0.057068
-0.081237
-0.073181
-0.057068
-0.089294
-0.073181
-0.097351
-0.097351
-0.081237
-0.089294
-0.073181
-0.097351
-0.089294
-0.065124
-0.081237
-0.065124
-0.065124
-0.040954
-0.081237
-0.073181
-0.049011
-0.057068
-0.065124
-0.024841
-0.040954
-0.008728
-0.065124
-0.073181
-0.040954
-0.040954
-0.049011
-0.081237
-0.073181
-0.065124
-0.040954
-0.065124
-0.049011
-0.032898
-0.040954
-0.040954
-0.073181
-0.032898
-0.032898
-0.024841
-0.049011
-0.008728
-0.040954
-0.024841
-0.008728
-0.016784
-0.008728
-0.008728
0.015442
0.007386
0.007386
0.007386
0.031556
0.039612
0.015442
0.023499
0.047669
0.063782
0.079895
0.039612
0.015442
0.039612
0.063782
0.023499
0.031556
0.055725
0.047669
0.079895
0.063782
0.087952
0.079895
0.055725
0.047669
0.128235
0.289368
0.353821
0.329651
0.353821
0.281311
0.249085
0.208802
0.200745
0.192688
0.200745
0.160462
0.192688
0.152405
0.192688
0.136292
0.120179
0.096009
0.079895
0.071839
0.071839
0.047669
0.079895
0.047669
0.071839
0.055725
0.039612
0.047669
0.047669
0.023499
0.039612
0.023499
0.031556
0.023499
0.031556
-0.008728
-0.016784
0.023499
-0.008728
-0.008728
-0.032898
-0.008728
0.015442
-0.008728
0.007386
-0.016784
-0.057068
-0.049011
-0.024841
-0.049011
-0.040954
-0.049011
-0.032898
-0.040954
-0.065124
-0.049011
-0.040954
-0.073181
-0.073181
-0.113464
-0.081237
-0.089294
-0.081237
-0.081237
-0.073181
-0.065124
-0.081237
-0.089294
-0.097351
-0.065124
-0.081237
-0.065124
-0.057068
-0.065124
-0.065124
-0.057068
-0.057068
-0.089294
-0.032898
-0.032898
-0.040954
-0.049011
-0.024841
-0.000671
-0.016784
-0.049011
-0.049011
-0.073181
-0.040954
-0.065124
-0.081237
-0.049011
-0.049011
-0.032898
-0.032898
-0.024841
0.023499
-0.032898
-0.000671
-0.008728
0.007386
0.015442
0.023499
0.023499
0.023499
0.055725
0.023499
0.031556
0.023499
0.031556
0.015442
0.023499
0.031556
0.063782
0.039612
0.047669
0.071839
0.063782
0.071839
0.047669
0.096009
0.104065
0.071839
0.120179
0.152405
0.112122
0.120179
0.096009
0.079895
0.112122
0.087952
0.087952
0.079895
0.071839
0.079895
0.071839
0.087952
0.055725
0.063782
0.055725
0.031556
0.047669
0.079895
0.063782
0.039612
0.039612
0.039612
0.055725
0.023499
0.039612
0.047669
0.047669
0.031556
-0.000671
-0.000671
0.079895
0.232972
0.273255
0.289368
0.281311
0.224915
0.208802
0.200745
0.128235
0.128235
0.104065
0.079895
0.039612
0.039612
-0.016784
0.015442
-0.008728
-0.024841
-0.024841
-0.024841
-0.000671
-0.049011
-0.049011
-0.049011
-0.065124
-0.073181
-0.040954
-0.032898
-0.049011
-0.089294
-0.081237
-0.089294
-0.097351
-0.097351
-0.089294
-0.049011
-0.073181
-0.057068
-0.057068
-0.073181
-0.073181
-0.089294
-0.073181
-0.081237
-0.097351
-0.065124
-0.089294
-0.057068
-0.057068
-0.049011
-0.081237
-0.032898
-0.008728
-0.049011
-0.049011
-0.073181
-0.057068
-0.049011
-0.073181
-0.081237
-0.032898
-0.065124
-0.032898
-0.049011
-0.040954
-0.016784
-0.032898
-0.040954
-0.016784
-0.008728
-0.032898
-0.008728
-0.008728
-0.000671
-0.008728
0.007386
0.007386
0.031556
0.031556
0.039612
0.055725
0.047669
0.079895
0.055725
0.087952
0.055725
0.039612
0.071839
0.055725
0.071839
0.047669
0.079895
0.128235
0.055725
0.079895
0.087952
0.104065
0.104065
0.096009
0.071839
0.087952
0.079895
0.071839
0.096009
0.087952
0.063782
0.071839
0.071839
0.128235
0.079895
0.071839
0.079895
0.079895
0.096009
0.063782
0.087952
0.071839
0.063782
0.063782
0.079895
0.031556
0.071839
0.055725
0.104065
0.087952
0.087952
0.039612
0.039612
0.039612
0.071839
0.039612
0.023499
0.015442
0.007386
0.071839
0.039612
0.007386
-0.016784
-0.016784
-0.032898
-0.040954
-0.024841
-0.049011
-0.024841
-0.016784
-0.032898
-0.049011
-0.049011
-0.049011
-0.081237
-0.024841
0.128235
0.192688
0.200745
0.168518
0.144348
0.136292
0.112122
0.079895
0.023499
0.023499
0.023499
0.023499
0.007386
-0.057068
-0.057068
-0.081237
-0.081237
-0.105407
-0.081237
-0.081237
-0.057068
-0.065124
-0.073181
-0.040954
-0.040954
-0.049011
-0.065124
-0.057068
-0.049011
-0.065124
-0.032898
-0.081237
-0.049011
-0.057068
-0.057068
-0.049011
-0.057068
-0.057068
-0.065124
-0.040954
-0.040954
-0.065124
-0.016784
-0.032898
-0.049011
-0.008728
-0.049011
-0.016784
-0.024841
-0.000671
-0.008728
-0.008728
0.007386
0.007386
0.031556
0.055725
0.023499
-0.000671
0.031556
-0.000671
0.031556
0.071839
0.063782
0.023499
0.063782
0.055725
0.079895
0.063782
0.079895
0.096009
0.079895
0.087952
0.071839
0.104065
0.071839
0.087952
0.087952
0.063782
0.104065
0.104065
0.128235
0.112122
0.071839
0.104065
0.071839
0.096009
0.096009
0.063782
0.055725
0.063782
0.079895
0.063782
0.104065
0.087952
0.079895
0.079895
0.063782
0.071839
0.055725
0.063782
0.071839
0.079895
0.071839
0.055725
0.055725
0.039612
0.063782
0.071839
0.055725
0.047669
0.015442
0.039612
0.023499
0.007386
-0.040954
0.007386
-0.000671
-0.040954
-0.000671
-0.024841
-0.024841
-0.032898
-0.057068
-0.008728
-0.024841
-0.024841
-0.000671
-0.073181
-0.024841
-0.049011
-0.049011
-0.016784
-0.073181
-0.057068
-0.065124
-0.032898
-0.073181
-0.097351
-0.081237
-0.097351
-0.129577
-0.113464
-0.137634
-0.081237
-0.089294
-0.113464
-0.057068
-0.097351
-0.113464
-0.073181
-0.081237
-0.105407
-0.105407
-0.081237
-0.089294
-0.097351
-0.008728
0.112122
0.184632
0.200745
0.168518
0.168518
0.112122
0.079895
0.047669
0.039612
0.063782
0.096009
0.047669
0.047669
0.031556
0.047669
0.031556
0.039612
-0.008728
-0.032898
-0.008728
0.007386
0.023499
0.015442
0.047669
-0.008728
0.023499
0.007386
0.063782
0.015442
0.031556
0.031556
0.031556
0.063782
0.063782
0.023499
0.079895
0.055725
0.055725
0.071839
0.087952
0.096009
0.096009
0.047669
0.112122
0.063782
0.096009
0.096009
0.096009
0.079895
0.087952
0.112122
0.087952
0.087952
0.079895
0.096009
0.079895
0.087952
0.079895
0.096009
0.071839
0.071839
0.087952
0.047669
0.079895
0.063782
0.039612
0.079895
0.087952
0.039612
0.087952
0.047669
0.071839
0.104065
0.087952
0.104065
0.063782
0.055725
0.055725
0.023499
0.031556
0.031556
0.015442
-0.000671
-0.016784
-0.008728
-0.024841
-0.000671
-0.016784
-0.008728
-0.057068
-0.032898
-0.032898
-0.016784
-0.000671
-0.008728
0.023499
-0.024841
-0.049011
-0.032898
-0.024841
-0.016784
-0.049011
-0.040954
-0.057068
-0.057068
-0.081237
-0.073181
-0.073181
-0.073181
-0.073181
-0.089294
-0.089294
-0.081237
-0.097351
-0.097351
-0.065124
-0.049011
-0.073181
-0.073181
-0.057068
-0.049011
-0.089294
-0.097351
-0.081237
-0.073181
-0.081237
-0.040954
-0.073181
-0.081237
-0.057068
-0.089294
-0.049011
-0.065124
-0.065124
-0.065124
-0.081237
-0.049011
-0.049011
-0.049011
-0.049011
-0.065124
-0.040954
-0.049011
-0.040954
-0.049011
-0.024841
-0.032898
-0.016784
-0.008728
-0.032898
-0.016784
0.071839
0.192688
0.249085
0.265198
0.257141
0.257141
0.241028
0.176575
0.160462
0.168518
0.136292
0.112122
0.079895
0.087952
0.079895
0.055725
0.047669
0.087952
0.096009
0.087952
0.112122
0.096009
0.104065
0.120179
0.087952
0.104065
0.071839
0.104065
0.112122
0.096009
0.071839
0.096009
0.063782
0.096009
0.063782
0.063782
0.096009
0.055725
0.063782
0.079895
0.055725
0.055725
0.063782
0.047669
0.071839
0.079895
0.120179
0.120179
0.104065
0.071839
0.039612
0.055725
0.047669
0.039612
0.031556
0.039612
0.047669
0.047669
0.047669
0.007386
0.031556
0.007386
-0.000671
-0.016784
-0.016784
-0.016784
-0.024841
0.007386
0.031556
-0.008728
-0.032898
-0.016784
-0.008728
-0.032898
-0.016784
-0.057068
-0.049011
-0.049011
-0.040954
-0.024841
-0.057068
-0.089294
-0.089294
-0.113464
-0.097351
-0.097351
-0.113464
-0.057068
-0.073181
-0.057068
-0.073181
-0.032898
-0.089294
-0.073181
-0.057068
-0.105407
-0.105407
-0.089294
-0.097351
-0.065124
-0.049011
-0.032898
-0.057068
-0.016784
-0.040954
-0.049011
-0.040954
-0.040954
-0.024841
-0.049011
-0.032898
-0.032898
-0.049011
-0.040954
-0.040954
-0.040954
-0.032898
-0.008728
-0.040954
-0.008728
-0.024841
-0.040954
-0.008728
0.015442
-0.040954
0.015442
-0.016784
0.007386
0.031556
0.063782
0.055725
0.039612
-0.024841
0.031556
0.047669
0.007386
0.047669
0.023499
0.023499
0.055725
0.031556
0.039612
0.047669
0.015442
0.063782
0.047669
0.047669
0.055725
0.063782
0.079895
0.063782
0.039612
0.055725
0.063782
0.063782
0.120179
0.249085
0.313538
0.281311
0.313538
0.297425
0.265198
0.289368
0.232972
0.224915
0.192688
0.184632
0.136292
0.087952
0.079895
0.055725
0.087952
0.120179
0.079895
0.096009
0.071839
0.071839
0.055725
0.023499
0.055725
0.039612
0.031556
0.031556
0.039612
0.039612
0.047669
0.063782
0.023499
-0.024841
-0.000671
-0.000671
0.015442
0.015442
-0.000671
-0.016784
-0.024841
-0.000671
-0.016784
0.007386
-0.008728
-0.008728
-0.008728
-0.016784
-0.032898
-0.049011
-0.049011
-0.065124
-0.073181
-0.073181
-0.081237
-0.049011
-0.081237
-0.040954
-0.032898
-0.065124
-0.105407
-0.081237
-0.113464
-0.097351
-0.105407
-0.129577
-0.105407
-0.089294
-0.097351
-0.073181
-0.105407
-0.097351
-0.089294
-0.057068
-0.065124
-0.065124
-0.024841
-0.057068
-0.040954
-0.057068
-0.057068
-0.040954
-0.049011
-0.040954
-0.073181
-0.057068
-0.065124
-0.057068
-0.057068
-0.065124
-0.032898
-0.024841
-0.040954
0.015442
0.007386
-0.016784
-0.024841
-0.032898
0.039612
0.063782
0.055725
0.015442
-0.032898
0.015442
0.039612
0.023499
0.007386
0.007386
0.079895
0.063782
0.047669
0.063782
0.039612
0.071839
0.071839
0.079895
0.071839
0.104065
0.104065
0.079895
0.112122
0.096009
0.112122
0.087952
0.112122
0.112122
0.096009
0.096009
0.128235
0.055725
0.104065
0.087952
0.071839
0.087952
0.055725
0.079895
0.079895
0.079895
0.039612
0.079895
0.071839
0.079895
0.071839
0.047669
0.055725
0.087952
-0.000671
0.055725
0.031556
0.055725
0.087952
0.241028
0.265198
0.289368
0.297425
0.257141
0.216858
0.216858
0.168518
0.152405
0.160462
0.112122
0.104065
0.071839
0.023499
0.015442
-0.000671
0.015442
0.007386
-0.008728
-0.024841
-0.000671
-0.040954
-0.049011
-0.040954
-0.049011
-0.040954
-0.049011
-0.065124
-0.024841
-0.081237
-0.057068
-0.032898
-0.081237
-0.073181
-0.081237
-0.097351
-0.097351
-0.081237
-0.105407
-0.105407
-0.081237
-0.081237
-0.073181
-0.081237
-0.089294
-0.057068
-0.089294
-0.073181
-0.040954
-0.057068
-0.049011
-0.065124
-0.089294
-0.040954
-0.032898
-0.065124
-0.024841
-0.057068
-0.057068
-0.040954
-0.049011
-0.057068
-0.049011
-0.049011
-0.040954
-0.024841
-0.049011
-0.040954
-0.049011
-0.032898
-0.016784
0.015442
0.015442
0.007386
-0.008728
0.007386
0.015442
-0.000671
-0.000671
0.007386
0.039612
0.039612
0.047669
-0.008728
0.031556
0.007386
0.023499
0.047669
0.087952
0.071839
0.047669
0.047669
0.063782
0.079895
0.079895
0.079895
0.120179
0.079895
0.096009
0.096009
0.096009
0.079895
0.128235
0.087952
0.096009
0.079895
0.063782
0.079895
0.055725
0.120179
0.128235
0.096009
0.120179
0.128235
0.079895
0.071839
0.055725
0.071839
0.039612
0.039612
0.055725
0.047669
0.063782
0.087952
0.063782
0.055725
0.039612
0.063782
0.047669
0.031556
0.063782
0.031556
0.096009
0.071839
0.039612
0.039612
0.031556
0.015442
-0.000671
-0.000671
-0.024841
-0.008728
-0.000671
-0.032898
-0.040954
-0.024841
-0.032898
-0.032898
-0.040954
-0.065124
-0.057068
-0.065124
-0.073181
-0.065124
-0.073181
-0.081237
-0.008728
0.112122
0.152405
0.176575
0.136292
0.112122
0.079895
0.071839
0.104065
0.055725
0.047669
0.039612
-0.016784
-0.024841
-0.065124
-0.040954
-0.032898
-0.081237
-0.065124
-0.073181
-0.073181
-0.049011
-0.057068
-0.049011
-0.073181
-0.073181
-0.057068
-0.049011
-0.065124
-0.065124
-0.049011
-0.049011
-0.057068
-0.049011
-0.097351
-0.065124
-0.040954
-0.057068
-0.032898
-0.057068
-0.049011
-0.016784
-0.032898
-0.032898
-0.008728
-0.024841
-0.016784
0.015442
-0.000671
0.055725
0.015442
-0.016784
-0.008728
0.015442
0.015442
0.047669
0.023499
0.023499
0.039612
0.055725
0.039612
0.055725
0.104065
0.087952
0.079895
0.087952
0.063782
0.055725
0.071839
0.063782
0.087952
0.096009
0.120179
0.120179
0.071839
0.079895
0.071839
0.079895
0.063782
0.104065
0.104065
0.096009
0.079895
0.055725
0.079895
0.063782
0.055725
0.079895
0.047669
0.031556
0.055725
0.023499
0.063782
0.063782
0.071839
0.063782
0.063782
0.079895
0.079895
0.063782
0.087952
0.071839
0.063782
0.031556
0.071839
-0.000671
0.023499
0.031556
0.047669
0.047669
0.015442
-0.000671
0.031556
-0.000671
0.007386
-0.024841
-0.049011
-0.032898
-0.000671
0.007386
-0.008728
-0.049011
-0.000671
-0.000671
-0.040954
-0.057068
-0.081237
-0.057068
-0.081237
-0.089294
-0.097351
-0.065124
-0.065124
-0.089294
-0.073181
-0.089294
-0.105407
-0.065124
-0.097351
-0.105407
-0.089294
-0.113464
-0.097351
-0.081237
-0.065124
-0.057068
-0.081237
-0.073181
-0.081237
-0.105407
-0.105407
-0.089294
-0.016784
0.136292
0.168518
0.200745
0.168518
0.184632
0.112122
0.120179
0.063782
0.039612
0.031556
0.039612
0.039612
0.047669
0.031556
-0.024841
-0.024841
-0.032898
-0.016784
0.007386
-0.008728
-0.000671
-0.016784
0.015442
-0.008728
-0.008728
0.015442
-0.016784
0.039612
-0.000671
0.015442
-0.000671
0.031556
0.023499
0.039612
0.055725
0.039612
0.039612
0.039612
0.087952
0.047669
0.063782
0.071839
0.087952
0.079895
0.063782
0.087952
0.112122
0.120179
0.096009
0.096009
0.096009
0.071839
0.104065
0.079895
0.104065
0.087952
0.087952
0.063782
0.079895
0.071839
0.039612
0.112122
0.047669
0.047669
0.039612
0.055725
0.031556
0.039612
0.063782
0.063782
0.087952
0.063782
0.071839
0.087952
0.071839
0.039612
0.047669
0.023499
0.079895
0.055725
0.039612
0.031556
0.015442
0.023499
-0.000671
-0.000671
0.007386
0.031556
-0.049011
-0.024841
-0.024841
-0.049011
-0.008728
0.047669
-0.008728
-0.016784
0.007386
-0.065124
-0.049011
-0.049011
-0.016784
-0.065124
-0.032898
-0.073181
-0.073181
-0.089294
-0.049011
-0.073181
-0.097351
-0.089294
-0.089294
-0.081237
-0.081237
-0.089294
-0.097351
-0.105407
-0.089294
-0.081237
-0.081237
-0.049011
-0.040954
-0.040954
-0.065124
-0.065124
-0.057068
-0.081237
-0.081237
-0.057068
-0.057068
-0.057068
-0.032898
-0.065124
-0.057068
-0.081237
-0.032898
-0.024841
-0.040954
-0.081237
-0.049011
-0.057068
-0.049011
-0.057068
-0.040954
-0.032898
-0.032898
-0.057068
-0.032898
-0.049011
-0.057068
-0.032898
-0.016784
-0.024841
-0.008728
-0.016784
0.063782
0.192688
0.241028
0.273255
0.265198
0.265198
0.232972
0.224915
0.192688
0.192688
0.176575
0.168518
0.208802
0.152405
0.152405
0.136292
0.160462
0.128235
0.096009
0.063782
0.087952
0.096009
0.120179
0.104065
0.104065
0.112122
0.120179
0.055725
0.063782
0.079895
0.055725
0.039612
0.055725
0.079895
0.063782
0.104065
0.055725
0.055725
0.063782
0.063782
0.055725
0.055725
0.047669
0.063782
0.055725
0.063782
0.063782
0.055725
0.063782
0.071839
0.079895
0.055725
0.047669
0.047669
0.023499
0.047669
0.039612
0.023499
0.031556
0.015442
-0.016784
0.007386
0.023499
-0.000671
0.039612
0.047669
-0.000671
-0.032898
-0.008728
-0.040954
-0.024841
-0.024841
-0.032898
-0.016784
-0.040954
-0.057068
-0.032898
-0.065124
-0.065124
-0.073181
-0.057068
-0.065124
-0.089294
-0.097351
-0.040954
-0.065124
-0.073181
-0.057068
-0.089294
-0.073181
-0.073181
-0.073181
-0.073181
-0.081237
-0.073181
-0.065124
-0.049011
-0.040954
-0.073181
-0.081237
-0.057068
-0.024841
-0.049011
-0.049011
-0.008728
-0.024841
-0.073181
-0.073181
-0.065124
-0.073181
-0.089294
-0.081237
-0.073181
-0.081237
-0.065124
-0.049011
-0.073181
-0.032898
-0.032898
-0.024841
-0.016784
-0.049011
-0.008728
0.015442
0.007386
0.007386
0.015442
0.023499
0.023499
0.015442
0.015442
0.031556
0.039612
0.031556
0.063782
0.039612
0.063782
0.063782
0.047669
0.063782
0.015442
0.047669
0.031556
0.039612
0.055725
0.039612
0.087952
0.071839
0.047669
0.096009
0.128235
0.265198
0.345764
0.329651
0.321595
0.313538
0.273255
0.232972
0.224915
0.232972
0.192688
0.184632
0.144348
0.136292
0.104065
0.087952
0.063782
0.031556
0.071839
0.047669
0.055725
0.047669
0.063782
0.063782
0.055725
0.063782
0.055725
0.023499
0.055725
0.015442
0.055725
0.023499
0.055725
0.023499
0.007386
0.007386
0.023499
-0.016784
-0.016784
-0.016784
0.023499
-0.000671
-0.032898
-0.016784
-0.049011
-0.049011
-0.057068
-0.040954
-0.024841
-0.032898
-0.024841
-0.032898
-0.008728
-0.049011
-0.089294
-0.089294
-0.073181
-0.040954
-0.065124
-0.113464
-0.105407
-0.073181
-0.113464
-0.089294
-0.073181
-0.097351
-0.097351
-0.040954
-0.097351
-0.081237
-0.081237
-0.073181
-0.073181
-0.097351
-0.089294
-0.081237
-0.065124
-0.089294
-0.049011
-0.065124
-0.049011
-0.065124
-0.049011
-0.065124
-0.049011
-0.105407
-0.065124
-0.097351
-0.073181
-0.081237
-0.065124
-0.040954
-0.040954
-0.032898
-0.065124
-0.032898
0.015442
-0.024841
-0.016784
-0.040954
0.023499
-0.016784
0.015442
-0.016784
0.015442
-0.008728
0.039612
0.039612
0.055725
0.039612
0.031556
0.047669
0.063782
0.031556
0.015442
0.047669
0.023499
0.071839
0.063782
0.087952
0.096009
0.087952
0.055725
0.063782
0.071839
0.087952
0.063782
0.071839
0.079895
0.104065
0.087952
0.112122
0.112122
0.071839
0.079895
0.071839
0.112122
0.071839
0.071839
0.079895
0.087952
0.071839
0.096009
0.087952
0.055725
0.007386
0.071839
0.023499
0.055725
0.039612
0.047669
0.063782
0.047669
0.015442
0.023499
0.015442
-0.016784
0.096009
0.241028
0.289368
0.305481
0.249085
0.257141
0.232972
0.176575
0.144348
0.144348
0.128235
0.128235
0.023499
0.007386
-0.008728
0.007386
0.023499
-0.032898
-0.008728
-0.008728
-0.008728
-0.065124
-0.057068
-0.065124
-0.057068
-0.065124
-0.065124
-0.073181
-0.089294
-0.097351
-0.073181
-0.081237
-0.081237
-0.081237
-0.073181
-0.073181
-0.105407
-0.081237
-0.089294
-0.097351
-0.073181
-0.089294
-0.073181
-0.105407
-0.089294
-0.065124
-0.089294
-0.073181
-0.105407
-0.065124
-0.073181
-0.073181
-0.049011
-0.081237
-0.073181
-0.073181
-0.057068
-0.049011
-0.057068
-0.032898
-0.057068
-0.032898
