-0.585612
-0.819255
-1.060954
-1.318766
-1.544352
-1.842448
-2.092204
-2.390300
-2.728679
-3.083171
-3.381266
-3.647136
-3.953288
-4.267497
-4.557536
-4.823405
-5.129557
-5.427653
-5.669352
-5.959391
-6.152751
-6.354167
-6.539470
-6.603923
-6.628093
-6.708659
-6.765056
-6.781169
-6.716716
-6.700602
-6.571696
-6.499186
-6.370280
-6.184977
-6.031901
-5.846599
-5.612956
-5.387370
-5.194011
-4.936198
-4.702556
-4.460856
-4.154704
-3.864665
-3.550456
-3.212077
-2.913981
-2.607829
-2.293620
-1.955241
-1.584636
-1.238200
-0.923991
-0.633952
-0.311686
-0.110270
0.034749
0.058919
0.123372
0.139485
0.276448
0.429525
0.687337
0.864583
1.041829
1.202962
1.420491
1.646077
1.871663
2.024739
2.242269
2.435628
2.693441
2.894857
3.015706
3.192952
3.354085
3.515218
3.668294
3.740804
3.909993
3.974446
4.038900
4.167806
4.183919
4.175862
4.175862
4.183919
4.119466
4.063069
3.998616
3.942220
3.885823
3.805257
3.845540
3.853597
3.789144
3.628011
3.474935
3.313802
3.152669
2.967366
2.782064
2.596761
2.395345
2.234212
2.065023
1.855550
1.638021
1.436605
1.186849
0.993489
0.792073
0.598714
0.373128
0.211995
0.066976
0.018636
-0.037761
-0.021647
0.010579
-0.021647
-0.029704
-0.053874
-0.021647
-0.045817
-0.118327
-0.223063
-0.239177
-0.303630
-0.408366
-0.521159
-0.593669
-0.625895
-0.706462
-0.811198
-0.956218
-1.004557
-1.036784
-1.052897
-1.077067
-1.157634
-1.165690
-1.181804
-1.189860
-1.238200
-1.262370
-1.270427
-1.278483
-1.238200
-1.181804
-1.149577
-1.109294
-1.077067
-1.060954
-1.020671
-0.940104
-0.899821
-0.859538
-0.787028
-0.698405
-0.633952
-0.569499
-0.553386
-0.472819
-0.392253
-0.343913
-0.279460
-0.182780
-0.110270
-0.045817
0.026693
0.066976
0.123372
0.099202
0.115316
0.123372
0.099202
0.107259
0.131429
0.123372
0.123372
0.115316
0.139485
0.139485
0.139485
0.123372
0.131429
0.131429
0.107259
0.123372
0.091146
0.091146
0.099202
0.107259
0.115316
0.075032
0.107259
0.075032
0.163655
0.268392
0.268392
0.260335
0.284505
0.252278
0.244222
0.220052
0.220052
0.163655
0.155599
0.187825
0.195882
0.123372
0.058919
0.075032
0.042806
-0.005534
0.026693
0.010579
0.026693
-0.013591
-0.005534
-0.037761
-0.053874
-0.005534
-0.029704
-0.021647
-0.005534
0.018636
-0.045817
-0.029704
-0.053874
-0.045817
-0.045817
-0.061931
-0.053874
-0.045817
-0.053874
-0.069987
-0.086100
-0.078044
-0.061931
-0.069987
-0.061931
-0.086100
-0.078044
-0.037761
-0.078044
-0.086100
-0.086100
-0.029704
0.131429
0.211995
0.203939
0.187825
0.163655
0.147542
0.147542
0.107259
0.115316
0.075032
0.083089
0.083089
0.075032
0.058919
0.083089
0.075032
0.058919
0.083089
0.091146
0.050862
0.050862
0.034749
0.002523
0.002523
-0.005534
0.034749
0.034749
0.034749
0.066976
0.066976
0.058919
0.050862
0.083089
0.075032
0.107259
0.091146
0.083089
0.058919
0.058919
0.066976
0.075032
0.050862
0.083089
0.083089
0.058919
0.091146
0.099202
0.091146
0.083089
0.107259
0.115316
0.099202
0.115316
0.115316
0.131429
0.139485
0.107259
0.131429
0.115316
0.115316
0.123372
0.115316
0.131429
0.139485
0.131429
0.115316
0.091146
0.075032
0.123372
0.075032
0.058919
0.075032
0.091146
0.115316
0.131429
0.171712
0.107259
0.099202
0.091146
0.058919
0.075032
0.042806
0.042806
0.042806
0.050862
0.066976
0.083089
0.050862
0.058919
0.042806
0.050862
0.026693
0.042806
0.026693
0.026693
0.026693
0.050862
0.034749
0.034749
0.018636
0.026693
0.010579
0.002523
0.026693
-0.005534
-0.013591
-0.013591
-0.037761
-0.013591
0.002523
-0.021647
-0.037761
-0.045817
-0.045817
-0.069987
-0.061931
-0.013591
0.002523
-0.021647
-0.029704
-0.053874
-0.061931
-0.061931
-0.045817
-0.069987
-0.053874
-0.045817
-0.053874
-0.061931
-0.037761
-0.037761
-0.005534
-0.045817
-0.005534
0.010579
-0.021647
-0.037761
-0.029704
-0.021647
-0.021647
-0.037761
-0.061931
-0.069987
-0.029704
-0.045817
-0.045817
-0.029704
0.010579
-0.005534
-0.005534
-0.037761
0.058919
0.195882
0.260335
0.276448
0.236165
0.252278
0.228109
0.220052
0.171712
0.171712
0.171712
0.131429
0.123372
0.123372
0.083089
0.115316
0.066976
0.083089
0.050862
0.066976
0.091146
0.115316
0.075032
0.091146
0.099202
0.107259
0.083089
0.139485
0.115316
0.123372
0.091146
0.155599
0.123372
0.123372
0.123372
0.155599
0.131429
0.131429
0.099202
0.123372
0.131429
0.083089
0.099202
0.083089
0.107259
0.058919
0.075032
0.075032
0.131429
0.171712
0.099202
0.099202
0.058919
0.099202
0.099202
0.107259
0.099202
0.075032
0.115316
0.075032
0.091146
0.050862
0.083089
0.058919
0.075032
0.107259
0.050862
0.026693
0.026693
0.002523
0.026693
0.026693
0.010579
0.026693
0.026693
0.018636
0.026693
-0.005534
0.010579
0.018636
0.002523
0.002523
-0.013591
-0.013591
-0.029704
-0.053874
-0.053874
-0.029704
-0.013591
0.026693
-0.013591
-0.037761
-0.037761
-0.029704
-0.045817
-0.053874
-0.086100
-0.061931
-0.086100
-0.069987
-0.086100
-0.078044
-0.045817
-0.045817
-0.045817
-0.013591
-0.045817
-0.021647
-0.037761
-0.013591
-0.005534
-0.021647
-0.005534
-0.021647
-0.013591
-0.005534
0.010579
-0.005534
-0.045817
-0.013591
0.018636
0.034749
0.018636
0.002523
0.018636
0.026693
0.002523
-0.013591
-0.013591
0.002523
0.018636
0.026693
0.058919
0.058919
0.042806
0.034749
0.050862
0.050862
0.091146
0.042806
0.058919
0.058919
0.083089
0.083089
0.091146
0.099202
0.066976
0.075032
0.091146
0.091146
0.083089
0.091146
0.099202
0.147542
0.066976
0.123372
0.260335
0.365071
0.421468
0.348958
0.357015
0.324788
0.284505
0.284505
0.244222
0.268392
0.252278
0.228109
0.163655
0.147542
0.123372
0.123372
0.131429
0.131429
0.099202
0.139485
0.075032
0.075032
0.050862
0.066976
0.050862
0.075032
0.083089
0.083089
0.083089
0.099202
0.026693
0.075032
0.050862
0.050862
0.091146
0.034749
0.075032
0.058919
0.066976
0.010579
0.034749
0.050862
0.042806
0.026693
0.018636
0.002523
0.002523
-0.005534
0.018636
0.018636
0.026693
-0.037761
-0.005534
0.010579
-0.037761
-0.029704
-0.053874
-0.005534
-0.013591
-0.021647
-0.045817
-0.053874
-0.045817
-0.053874
-0.045817
-0.053874
-0.061931
-0.045817
-0.037761
-0.061931
-0.061931
-0.045817
-0.069987
-0.078044
-0.069987
-0.053874
-0.061931
-0.045817
-0.053874
-0.045817
-0.021647
-0.029704
-0.029704
0.002523
-0.037761
-0.021647
0.002523
0.018636
-0.037761
-0.021647
-0.013591
-0.053874
-0.053874
-0.013591
-0.021647
0.002523
0.002523
0.010579
0.066976
0.075032
0.034749
0.042806
0.026693
0.042806
0.034749
0.018636
0.010579
0.050862
0.050862
0.042806
0.066976
0.066976
0.058919
0.075032
0.066976
0.058919
0.050862
0.083089
0.083089
0.083089
0.075032
0.083089
0.075032
0.099202
0.115316
0.099202
0.123372
0.115316
0.099202
0.147542
0.107259
0.107259
0.123372
0.115316
0.099202
0.107259
0.075032
0.099202
0.099202
0.075032
0.099202
0.091146
0.083089
0.066976
0.058919
0.099202
0.042806
0.066976
0.058919
0.099202
0.220052
0.292562
0.340901
0.324788
0.292562
0.292562
0.228109
0.203939
0.203939
0.187825
0.187825
0.179769
0.139485
0.131429
0.163655
0.099202
0.058919
0.042806
0.050862
0.010579
0.034749
0.002523
0.010579
0.002523
0.002523
-0.013591
-0.037761
-0.021647
-0.029704
-0.005534
-0.005534
-0.021647
-0.005534
-0.029704
-0.045817
-0.037761
-0.045817
-0.045817
-0.053874
-0.053874
-0.053874
-0.045817
-0.078044
-0.069987
-0.061931
-0.045817
-0.029704
-0.045817
-0.069987
-0.053874
-0.045817
-0.037761
-0.053874
-0.086100
-0.021647
-0.029704
-0.029704
-0.021647
-0.029704
-0.029704
0.002523
-0.005534
-0.013591
-0.005534
-0.021647
-0.021647
0.002523
-0.045817
-0.037761
-0.021647
-0.029704
-0.037761
-0.005534
0.018636
0.042806
0.050862
0.058919
-0.013591
0.010579
0.010579
0.018636
0.018636
0.018636
0.034749
0.050862
0.034749
0.018636
0.042806
0.050862
0.075032
0.083089
0.083089
0.066976
0.083089
0.066976
0.083089
0.107259
0.123372
0.123372
0.163655
0.155599
0.123372
0.091146
0.115316
0.123372
0.147542
0.155599
0.107259
0.091146
0.123372
0.155599
0.123372
0.147542
0.139485
0.163655
0.147542
0.131429
0.091146
0.083089
0.075032
0.083089
0.091146
0.091146
0.058919
0.083089
0.058919
0.050862
0.099202
0.099202
0.099202
0.066976
0.123372
0.099202
0.099202
0.123372
0.083089
0.083089
0.091146
0.058919
0.075032
0.066976
0.042806
0.066976
0.058919
0.034749
0.026693
-0.013591
-0.013591
0.034749
-0.021647
-0.021647
-0.029704
-0.029704
-0.037761
-0.053874
-0.021647
0.018636
0.179769
0.211995
0.228109
0.244222
0.171712
0.171712
0.115316
0.091146
0.075032
0.075032
0.075032
0.058919
0.042806
0.018636
-0.021647
-0.045817
-0.053874
-0.061931
-0.045817
-0.069987
-0.037761
-0.053874
-0.053874
-0.037761
-0.013591
-0.005534
-0.005534
-0.005534
-0.037761
-0.013591
-0.021647
-0.021647
0.002523
-0.021647
-0.021647
-0.045817
-0.021647
-0.029704
-0.053874
-0.013591
0.002523
-0.013591
0.010579
-0.005534
-0.013591
0.018636
0.026693
-0.013591
-0.013591
-0.029704
-0.021647
-0.005534
0.002523
0.026693
0.026693
0.066976
0.083089
0.050862
0.058919
0.058919
0.083089
0.066976
0.083089
0.091146
0.091146
0.115316
0.107259
0.075032
0.075032
0.107259
0.091146
0.107259
0.099202
0.123372
0.115316
0.107259
0.107259
0.123372
0.131429
0.091146
0.139485
0.163655
0.147542
0.171712
0.099202
0.139485
0.123372
0.083089
0.091146
0.091146
0.107259
0.107259
0.075032
0.099202
0.058919
0.091146
0.075032
0.107259
0.066976
0.107259
0.115316
0.083089
0.131429
0.123372
0.147542
0.131429
0.083089
0.083089
0.091146
0.107259
0.123372
0.091146
0.075032
0.075032
0.091146
0.050862
0.066976
0.066976
0.002523
-0.013591
0.018636
-0.005534
-0.021647
0.010579
-0.021647
0.010579
-0.045817
-0.013591
-0.021647
-0.005534
-0.021647
-0.053874
-0.029704
-0.045817
-0.053874
-0.045817
-0.061931
-0.053874
-0.053874
-0.069987
-0.045817
-0.078044
-0.053874
-0.053874
-0.086100
-0.078044
-0.110270
-0.069987
-0.045817
-0.110270
-0.069987
-0.005534
0.139485
0.195882
0.187825
0.187825
0.163655
0.147542
0.147542
0.099202
0.083089
0.066976
0.026693
0.050862
0.083089
0.050862
0.010579
-0.037761
-0.005534
-0.021647
-0.013591
-0.037761
-0.013591
0.002523
0.010579
-0.013591
-0.013591
-0.021647
-0.005534
0.002523
0.026693
0.050862
0.018636
0.018636
0.042806
0.107259
0.050862
0.034749
0.075032
0.066976
0.075032
0.091146
0.066976
0.058919
0.075032
0.107259
0.058919
0.091146
0.083089
0.083089
0.107259
0.099202
0.091146
0.099202
0.115316
0.155599
0.131429
0.155599
0.155599
0.123372
0.091146
0.083089
0.091146
0.099202
0.107259
0.107259
0.107259
0.107259
0.091146
0.091146
0.107259
0.083089
0.083089
0.123372
0.091146
0.131429
0.115316
0.123372
0.083089
0.058919
0.107259
0.107259
0.115316
0.099202
0.075032
0.075032
0.091146
0.058919
0.034749
0.107259
0.083089
0.091146
0.066976
0.075032
0.050862
0.042806
0.034749
0.050862
0.083089
0.083089
0.026693
0.018636
0.026693
-0.005534
-0.005534
-0.021647
-0.005534
-0.013591
0.010579
-0.021647
-0.005534
-0.005534
-0.061931
-0.013591
-0.045817
-0.021647
-0.037761
-0.061931
-0.037761
-0.053874
-0.053874
-0.021647
-0.037761
-0.045817
-0.053874
-0.037761
-0.029704
-0.021647
-0.029704
-0.053874
-0.037761
-0.037761
-0.061931
-0.086100
-0.053874
-0.078044
-0.045817
-0.021647
-0.013591
-0.029704
-0.021647
-0.021647
-0.045817
-0.029704
-0.061931
-0.069987
-0.053874
-0.053874
-0.045817
-0.045817
-0.021647
0.002523
-0.005534
0.010579
-0.045817
-0.005534
0.066976
0.220052
0.252278
0.268392
0.276448
0.252278
0.236165
0.211995
0.220052
0.187825
0.171712
0.171712
0.155599
0.171712
0.163655
0.123372
0.139485
0.131429
0.099202
0.123372
0.131429
0.099202
0.058919
0.123372
0.147542
0.203939
0.147542
0.139485
0.155599
0.115316
0.115316
0.131429
0.139485
0.131429
0.099202
0.131429
0.139485
0.155599
0.091146
0.099202
0.115316
0.075032
0.099202
0.115316
0.107259
0.115316
0.115316
0.099202
0.115316
0.107259
0.075032
0.099202
0.115316
0.123372
0.115316
0.091146
0.083089
0.075032
0.099202
0.107259
0.066976
0.075032
0.083089
0.075032
0.058919
0.099202
0.099202
0.010579
0.010579
0.026693
0.018636
0.026693
0.042806
0.018636
0.010579
0.002523
-0.029704
-0.037761
-0.005534
-0.005534
-0.005534
-0.013591
0.002523
-0.021647
-0.021647
-0.045817
-0.021647
-0.045817
-0.029704
-0.037761
-0.013591
0.010579
-0.037761
-0.021647
-0.013591
-0.053874
-0.021647
-0.053874
-0.045817
-0.037761
-0.069987
-0.069987
-0.061931
-0.021647
-0.037761
-0.045817
-0.005534
0.002523
0.034749
0.002523
-0.029704
-0.021647
-0.061931
-0.045817
-0.037761
-0.013591
-0.021647
-0.037761
-0.045817
0.002523
-0.005534
-0.013591
-0.005534
0.018636
0.018636
0.026693
0.010579
0.018636
0.018636
0.026693
0.066976
0.034749
0.075032
0.034749
0.050862
0.042806
0.050862
0.058919
0.050862
0.050862
0.066976
0.075032
0.018636
0.042806
0.058919
0.058919
0.083089
0.075032
0.091146
0.091146
0.131429
0.300618
0.332845
0.357015
0.324788
0.332845
0.284505
0.276448
0.260335
0.244222
0.203939
0.220052
0.187825
0.211995
0.220052
0.187825
0.203939
0.147542
0.131429
0.115316
0.115316
0.115316
0.091146
0.099202
0.075032
0.099202
0.050862
0.083089
0.075032
0.058919
0.099202
0.091146
0.091146
0.050862
0.050862
0.058919
0.075032
0.066976
0.107259
0.099202
0.091146
0.083089
0.075032
0.050862
0.018636
0.042806
-0.021647
0.002523
0.010579
-0.021647
-0.005534
-0.013591
0.026693
0.010579
0.026693
-0.021647
-0.037761
-0.005534
-0.013591
-0.037761
-0.013591
-0.005534
-0.037761
-0.029704
-0.021647
-0.029704
-0.045817
-0.045817
-0.061931
-0.053874
-0.053874
-0.021647
-0.069987
-0.069987
-0.061931
-0.061931
-0.061931
-0.061931
-0.029704
-0.013591
-0.029704
-0.029704
-0.021647
-0.045817
-0.021647
-0.037761
-0.029704
-0.029704
-0.021647
-0.021647
0.002523
-0.045817
-0.037761
-0.029704
0.010579
-0.029704
-0.045817
-0.029704
-0.013591
-0.005534
-0.021647
0.002523
0.018636
0.002523
0.034749
0.018636
0.018636
0.042806
0.075032
0.058919
0.026693
0.034749
0.058919
0.066976
0.066976
0.083089
0.058919
0.050862
0.050862
0.083089
0.034749
0.091146
0.115316
0.123372
0.107259
0.115316
0.091146
0.107259
0.083089
0.107259
0.123372
0.139485
0.083089
0.099202
0.107259
0.099202
0.091146
0.123372
0.131429
0.115316
0.091146
0.091146
0.083089
0.083089
0.091146
0.042806
0.091146
0.083089
0.075032
0.050862
0.066976
0.058919
0.075032
0.066976
0.050862
0.066976
0.066976
0.147542
0.276448
0.340901
0.308675
0.292562
0.292562
0.252278
0.187825
0.139485
0.131429
0.058919
0.058919
0.083089
0.066976
0.050862
0.050862
0.026693
0.010579
0.010579
0.010579
-0.029704
-0.021647
-0.029704
0.010579
-0.021647
-0.029704
0.002523
-0.013591
-0.005534
-0.021647
-0.029704
-0.045817
-0.078044
-0.045817
-0.069987
-0.029704
-0.053874
-0.045817
-0.045817
-0.053874
-0.045817
-0.037761
-0.037761
-0.078044
-0.078044
-0.061931
-0.086100
-0.061931
-0.061931
-0.086100
-0.053874
-0.078044
-0.061931
-0.045817
-0.078044
-0.061931
-0.045817
-0.029704
-0.053874
-0.029704
-0.029704
-0.045817
-0.078044
-0.037761
-0.013591
-0.045817
-0.045817
-0.029704
-0.013591
0.002523
-0.045817
-0.029704
-0.029704
-0.021647
-0.005534
-0.005534
0.010579
0.002523
0.002523
0.018636
0.018636
0.018636
0.034749
0.042806
0.018636
0.050862
0.066976
0.042806
0.066976
0.058919
0.075032
0.050862
0.075032
0.066976
0.034749
0.083089
0.075032
0.123372
0.083089
0.066976
0.099202
0.099202
0.075032
0.083089
0.107259
0.123372
0.123372
0.131429
0.115316
0.107259
0.115316
0.083089
0.099202
0.139485
0.091146
0.091146
0.099202
0.115316
0.115316
0.066976
0.107259
0.099202
0.075032
0.115316
0.083089
0.075032
0.083089
0.083089
0.075032
0.075032
0.075032
0.083089
0.075032
0.083089
0.075032
0.034749
0.042806
0.050862
0.042806
0.042806
0.075032
0.034749
0.010579
0.010579
0.002523
-0.029704
0.002523
-0.045817
-0.021647
-0.029704
-0.037761
-0.013591
0.058919
0.163655
0.220052
0.220052
0.211995
0.171712
0.131429
0.131429
0.131429
0.075032
0.050862
0.010579
-0.029704
-0.037761
-0.069987
-0.061931
-0.078044
-0.078044
-0.069987
-0.069987
-0.102214
-0.094157
-0.053874
-0.069987
-0.078044
-0.069987
-0.061931
-0.078044
-0.045817
-0.053874
-0.013591
-0.037761
-0.045817
-0.029704
-0.021647
-0.037761
-0.045817
-0.037761
-0.037761
-0.037761
-0.061931
-0.005534
-0.053874
-0.061931
-0.069987
-0.045817
-0.029704
-0.037761
-0.005534
-0.005534
-0.021647
-0.037761
-0.021647
-0.005534
-0.005534
0.010579
0.010579
0.018636
0.034749
0.026693
0.042806
0.034749
0.050862
0.042806
0.042806
0.066976
0.083089
0.066976
0.050862
0.075032
0.083089
0.083089
0.050862
0.091146
0.091146
0.107259
0.115316
0.107259
0.075032
0.115316
0.083089
0.099202
0.115316
0.115316
0.115316
0.131429
0.099202
0.107259
0.091146
0.066976
0.107259
0.083089
0.131429
0.107259
0.083089
0.083089
0.075032
0.058919
0.083089
0.075032
0.075032
0.099202
0.083089
0.058919
0.058919
0.050862
0.083089
0.066976
0.091146
0.075032
0.066976
0.066976
0.050862
0.050862
0.058919
0.050862
0.050862
0.034749
0.034749
-0.005534
0.018636
0.010579
-0.013591
-0.021647
0.018636
0.018636
-0.037761
-0.029704
-0.021647
-0.005534
-0.021647
-0.037761
-0.045817
-0.037761
-0.037761
-0.053874
-0.037761
-0.029704
-0.037761
-0.045817
-0.078044
-0.086100
-0.045817
-0.053874
-0.045817
-0.053874
-0.102214
-0.078044
-0.110270
-0.102214
-0.102214
-0.061931
-0.086100
-0.061931
-0.078044
-0.005534
0.115316
0.179769
0.228109
0.203939
0.139485
0.179769
0.131429
0.107259
0.066976
0.091146
0.058919
0.042806
0.050862
0.002523
0.002523
-0.021647
0.002523
0.002523
-0.021647
-0.029704
-0.013591
-0.021647
-0.021647
-0.021647
-0.013591
-0.005534
0.026693
0.042806
0.002523
0.066976
0.058919
0.010579
0.075032
0.075032
0.058919
0.018636
0.050862
0.034749
0.042806
0.066976
0.026693
0.107259
0.107259
0.091146
0.107259
0.099202
0.091146
0.083089
0.163655
0.115316
0.099202
0.115316
0.107259
0.107259
0.131429
0.123372
0.091146
0.107259
0.091146
0.083089
0.123372
0.099202
0.123372
0.099202
0.107259
0.083089
0.091146
0.066976
0.083089
0.066976
0.066976
0.083089
0.083089
0.083089
0.115316
0.075032
0.075032
0.083089
0.066976
0.099202
0.066976
0.050862
0.050862
0.075032
0.075032
0.042806
0.058919
0.034749
0.042806
0.026693
0.042806
0.034749
0.042806
-0.029704
0.002523
-0.013591
0.018636
-0.013591
0.002523
0.010579
0.034749
-0.005534
-0.021647
0.002523
0.002523
-0.021647
-0.037761
-0.005534
-0.045817
-0.021647
-0.045817
-0.053874
-0.037761
-0.045817
-0.045817
-0.061931
-0.045817
-0.078044
-0.069987
-0.069987
-0.061931
-0.086100
-0.078044
-0.094157
-0.053874
-0.086100
-0.053874
-0.069987
-0.086100
-0.029704
-0.037761
-0.045817
-0.029704
-0.005534
-0.045817
-0.053874
-0.045817
-0.037761
-0.069987
-0.037761
-0.037761
-0.053874
-0.053874
-0.078044
-0.045817
-0.013591
-0.037761
-0.061931
-0.037761
0.042806
0.163655
0.260335
0.228109
0.195882
0.203939
0.236165
0.171712
0.163655
0.091146
0.083089
0.075032
0.042806
0.066976
0.050862
0.075032
0.075032
0.042806
0.042806
0.050862
0.066976
0.050862
0.091146
0.123372
0.058919
0.058919
0.115316
0.083089
0.066976
0.115316
0.091146
0.107259
0.107259
0.123372
0.107259
0.107259
0.115316
0.131429
0.115316
0.115316
0.091146
0.091146
0.083089
0.107259
0.075032
0.099202
0.066976
0.099202
0.075032
0.091146
0.066976
0.099202
0.075032
0.075032
0.091146
0.058919
0.115316
0.075032
0.115316
0.075032
0.075032
0.058919
0.066976
0.066976
0.018636
0.042806
0.042806
0.050862
0.018636
0.018636
0.002523
0.026693
0.018636
0.010579
0.010579
-0.037761
0.026693
0.010579
-0.005534
0.010579
0.002523
-0.005534
-0.029704
-0.013591
-0.037761
-0.045817
-0.053874
-0.061931
-0.045817
-0.021647
-0.061931
-0.029704
-0.045817
-0.045817
-0.069987
-0.061931
-0.053874
-0.069987
-0.086100
-0.069987
-0.069987
-0.053874
-0.045817
-0.061931
-0.061931
-0.045817
-0.029704
-0.037761
-0.037761
-0.053874
-0.021647
-0.053874
-0.029704
-0.013591
-0.061931
-0.053874
-0.029704
-0.045817
-0.029704
-0.037761
-0.045817
-0.086100
-0.045817
-0.029704
0.018636
-0.021647
-0.029704
-0.037761
-0.005534
-0.005534
-0.013591
-0.021647
-0.013591
0.042806
0.066976
0.042806
0.018636
0.034749
0.042806
0.042806
0.034749
0.026693
0.050862
0.010579
0.042806
0.034749
0.050862
0.050862
0.075032
0.050862
0.075032
0.066976
0.083089
0.058919
0.099202
0.075032
0.091146
0.211995
0.316732
0.389241
0.348958
0.357015
0.348958
0.292562
0.284505
0.220052
0.236165
0.163655
0.139485
0.155599
0.123372
0.099202
0.123372
0.107259
0.083089
0.075032
0.091146
0.075032
0.058919
0.115316
0.099202
0.066976
0.066976
0.099202
0.075032
0.091146
0.075032
0.083089
0.091146
0.075032
0.099202
0.075032
0.099202
0.042806
0.058919
0.066976
0.026693
0.034749
0.058919
0.018636
0.002523
-0.005534
0.002523
0.002523
0.026693
-0.005534
0.018636
-0.013591
-0.029704
-0.013591
-0.013591
-0.021647
-0.013591
-0.045817
-0.037761
-0.037761
-0.053874
-0.037761
-0.021647
-0.053874
-0.045817
-0.053874
-0.053874
-0.061931
-0.061931
-0.061931
-0.069987
-0.078044
-0.061931
-0.078044
-0.045817
-0.045817
-0.053874
-0.053874
-0.045817
-0.053874
-0.045817
-0.061931
-0.078044
-0.029704
-0.021647
-0.021647
0.018636
-0.037761
-0.005534
-0.029704
-0.013591
-0.013591
-0.005534
-0.069987
-0.053874
-0.053874
-0.013591
-0.005534
-0.029704
-0.037761
-0.037761
0.002523
-0.021647
-0.013591
-0.013591
0.010579
-0.005534
0.026693
0.010579
0.050862
0.050862
0.018636
0.042806
0.050862
0.058919
0.107259
0.050862
0.066976
0.034749
0.058919
0.083089
0.083089
0.083089
0.091146
0.091146
0.083089
0.099202
0.091146
0.099202
0.091146
0.099202
0.107259
0.099202
0.107259
0.107259
0.123372
0.107259
0.091146
0.083089
0.066976
0.099202
0.123372
0.083089
0.099202
0.107259
0.099202
0.050862
0.099202
0.075032
0.034749
0.042806
0.075032
0.075032
0.211995
0.292562
0.308675
0.300618
0.284505
0.252278
0.252278
0.220052
0.187825
0.187825
0.171712
0.091146
0.083089
0.050862
0.066976
0.066976
0.050862
0.018636
0.018636
0.002523
0.026693
0.010579
-0.037761
0.002523
-0.021647
-0.029704
-0.053874
-0.013591
0.010579
0.002523
-0.029704
-0.029704
-0.029704
-0.061931
0.002523
-0.037761
-0.029704
-0.029704
-0.037761
-0.045817
-0.069987
-0.053874
-0.045817
-0.061931
-0.029704
-0.078044
-0.078044
-0.069987
-0.029704
-0.078044
-0.053874
-0.061931
-0.029704
-0.061931
-0.045817
-0.013591
-0.021647
-0.078044
-0.021647
-0.029704
-0.005534
-0.013591
-0.037761
-0.045817
-0.061931
0.002523
-0.021647
-0.029704
-0.021647
-0.029704
0.026693
-0.045817
-0.021647
-0.021647
0.010579
0.010579
-0.013591
-0.013591
-0.021647
-0.005534
-0.013591
-0.005534
0.018636
0.018636
0.042806
0.042806
0.034749
0.010579
0.042806
0.026693
0.050862
0.058919
0.058919
0.066976
0.050862
0.091146
0.083089
0.091146
0.091146
0.099202
0.066976
0.091146
0.099202
0.107259
0.115316
0.083089
0.131429
0.075032
0.115316
0.107259
0.107259
0.107259
0.091146
0.099202
0.099202
0.091146
0.099202
0.091146
0.075032
0.083089
0.107259
0.058919
0.083089
0.099202
0.091146
0.091146
0.026693
0.066976
0.075032
0.107259
0.042806
0.131429
0.123372
0.091146
0.099202
0.075032
0.075032
0.050862
0.058919
0.058919
0.083089
0.018636
0.034749
0.034749
0.026693
0.018636
0.002523
0.010579
-0.013591
-0.021647
0.002523
-0.029704
-0.045817
-0.037761
-0.021647
0.034749
0.211995
0.244222
0.228109
0.187825
0.163655
0.115316
0.115316
0.091146
0.058919
0.034749
0.002523
-0.037761
-0.029704
0.002523
-0.061931
-0.061931
-0.061931
-0.069987
-0.061931
-0.069987
-0.021647
-0.021647
-0.069987
-0.029704
-0.078044
-0.078044
-0.078044
-0.069987
-0.045817
-0.045817
-0.078044
-0.021647
-0.029704
-0.021647
-0.045817
-0.053874
-0.029704
-0.021647
-0.037761
-0.061931
-0.037761
-0.045817
-0.013591
-0.021647
-0.029704
-0.013591
-0.021647
0.018636
-0.037761
-0.021647
-0.005534
0.002523
0.042806
0.050862
0.034749
0.002523
0.034749
0.042806
0.018636
0.026693
0.034749
0.058919
0.018636
0.042806
0.050862
0.042806
0.075032
0.091146
0.066976
0.066976
0.075032
0.083089
0.083089
0.083089
0.075032
0.107259
0.091146
0.083089
0.099202
0.099202
0.155599
0.099202
0.123372
0.123372
0.123372
0.099202
0.099202
0.115316
0.131429
0.107259
0.083089
0.107259
0.091146
0.115316
0.075032
0.091146
0.075032
0.099202
0.091146
0.075032
0.083089
0.123372
0.099202
0.099202
0.107259
0.066976
0.066976
0.066976
0.034749
0.010579
0.066976
0.042806
0.050862
0.026693
0.042806
0.026693
-0.005534
0.026693
0.026693
0.034749
0.034749
-0.005534
0.042806
-0.029704
0.010579
-0.021647
-0.021647
0.010579
-0.005534
0.010579
-0.069987
-0.045817
-0.045817
-0.053874
-0.061931
-0.053874
-0.037761
-0.061931
-0.069987
-0.069987
-0.069987
-0.069987
-0.069987
-0.078044
-0.069987
-0.061931
-0.110270
-0.086100
-0.078044
-0.005534
0.155599
0.163655
0.187825
0.163655
0.147542
0.123372
0.075032
0.131429
0.034749
0.018636
0.010579
0.002523
-0.005534
-0.037761
-0.013591
-0.045817
-0.045817
-0.021647
-0.069987
-0.045817
-0.053874
-0.053874
-0.021647
-0.045817
-0.037761
-0.005534
-0.021647
0.002523
0.050862
-0.013591
0.002523
0.018636
0.034749
0.002523
0.034749
0.018636
0.034749
0.034749
0.050862
0.050862
0.066976
0.058919
0.026693
0.050862
0.058919
0.050862
0.066976
0.066976
0.058919
0.075032
0.091146
0.083089
0.131429
0.083089
0.083089
0.107259
0.115316
0.099202
0.075032
0.083089
0.115316
0.123372
0.115316
0.075032
0.115316
0.083089
0.115316
0.099202
0.099202
0.115316
0.099202
0.083089
0.083089
0.083089
0.099202
0.042806
0.066976
0.099202
0.123372
0.091146
0.042806
0.115316
0.075032
0.091146
0.075032
0.066976
0.083089
0.042806
0.058919
0.042806
0.042806
0.034749
0.050862
0.042806
0.026693
0.050862
0.010579
-0.005534
0.010579
-0.037761
0.002523
0.002523
-0.021647
-0.013591
-0.021647
-0.013591
-0.021647
-0.005534
-0.029704
-0.037761
-0.005534
-0.037761
-0.045817
-0.037761
-0.029704
-0.053874
-0.045817
-0.061931
-0.021647
-0.069987
-0.069987
-0.053874
-0.102214
-0.078044
-0.118327
-0.078044
-0.045817
-0.086100
-0.037761
-0.069987
-0.053874
-0.069987
-0.069987
-0.037761
-0.029704
-0.053874
-0.069987
-0.045817
-0.053874
-0.013591
-0.037761
-0.029704
-0.013591
-0.037761
-0.045817
-0.045817
-0.102214
-0.069987
-0.061931
-0.053874
-0.045817
-0.013591
-0.045817
-0.037761
-0.029704
-0.021647
0.091146
0.228109
0.260335
0.236165
0.252278
0.211995
0.244222
0.195882
0.163655
0.179769
0.091146
0.115316
0.083089
0.107259
0.075032
0.083089
0.066976
0.050862
0.058919
0.050862
0.066976
0.075032
0.091146
0.083089
0.115316
0.083089
0.115316
0.091146
0.099202
0.107259
0.091146
0.123372
0.107259
0.091146
0.107259
0.091146
0.107259
0.099202
0.115316
0.107259
0.091146
0.091146
0.083089
0.115316
0.091146
0.075032
0.066976
0.083089
0.066976
0.091146
0.058919
0.083089
0.083089
0.091146
0.107259
0.091146
0.066976
0.058919
0.075032
0.042806
0.066976
0.066976
0.050862
0.026693
0.066976
0.018636
0.026693
0.026693
-0.005534
0.042806
-0.013591
-0.029704
-0.013591
-0.029704
0.002523
-0.029704
0.002523
-0.029704
-0.013591
-0.045817
-0.005534
0.010579
-0.029704
-0.037761
-0.013591
-0.045817
-0.037761
-0.053874
-0.045817
-0.045817
-0.069987
-0.061931
-0.069987
-0.078044
-0.078044
-0.061931
-0.061931
-0.053874
-0.078044
-0.061931
-0.045817
-0.094157
-0.053874
-0.061931
-0.078044
-0.069987
-0.061931
-0.061931
-0.069987
-0.045817
-0.045817
-0.045817
-0.069987
-0.029704
-0.053874
-0.045817
-0.053874
-0.061931
-0.061931
-0.029704
-0.029704
0.002523
-0.013591
-0.005534
-0.005534
-0.021647
0.010579
-0.021647
0.010579
-0.021647
0.026693
-0.013591
0.010579
0.018636
0.034749
0.034749
0.042806
0.034749
0.050862
0.050862
0.042806
0.050862
0.050862
0.050862
0.026693
0.066976
0.066976
0.075032
0.066976
0.050862
0.026693
0.042806
0.220052
0.316732
0.324788
0.348958
0.316732
0.300618
0.284505
0.268392
0.268392
0.203939
0.187825
0.131429
0.131429
0.107259
0.091146
0.107259
0.091146
0.091146
0.091146
0.099202
0.075032
0.075032
0.058919
0.091146
0.058919
0.091146
0.066976
0.091146
0.083089
0.058919
0.075032
0.075032
0.075032
0.058919
0.066976
0.042806
0.026693
0.050862
0.026693
0.018636
0.018636
0.026693
0.018636
0.010579
0.002523
-0.005534
0.018636
-0.005534
-0.037761
0.002523
-0.013591
-0.021647
0.018636
-0.037761
0.002523
-0.029704
-0.021647
-0.021647
-0.013591
-0.069987
-0.029704
-0.037761
-0.021647
-0.021647
-0.061931
-0.053874
-0.061931
-0.061931
-0.086100
-0.045817
-0.078044
-0.102214
-0.061931
-0.078044
-0.053874
-0.045817
-0.061931
-0.069987
-0.053874
-0.061931
-0.029704
-0.061931
-0.021647
-0.078044
-0.037761
-0.078044
