0.692315
0.909844
1.143487
1.409356
1.667168
1.965264
2.239190
2.553399
2.924004
3.286553
3.624932
3.939141
4.253350
4.583672
4.849542
5.179864
5.510186
5.800225
6.098321
6.404473
6.581719
6.678399
6.855645
6.976495
7.129571
7.234307
7.202081
7.153741
7.129571
7.065118
6.960381
6.855645
6.718682
6.573663
6.388360
6.243340
6.001641
5.767999
5.526299
5.260430
5.002618
4.736749
4.414483
4.068047
3.737725
3.391290
3.069024
2.698418
2.376153
2.045831
1.667168
1.344903
0.998467
0.676202
0.394219
0.160577
-0.024726
-0.105292
-0.089179
-0.129462
-0.201972
-0.363105
-0.572578
-0.773994
-0.999580
-1.184882
-1.402412
-1.603828
-1.829414
-2.087226
-2.232246
-2.417548
-2.723701
-2.884833
-3.118476
-3.223212
-3.199042
-3.352119
-3.464912
-3.585761
-3.706611
-3.843574
-3.956367
-4.044990
-4.117499
-4.101386
-4.093330
-4.125556
-4.101386
-4.085273
-4.028876
-3.996650
-3.948310
-3.883857
-3.771064
-3.666328
-3.593818
-3.456855
-3.327949
-3.207099
-3.045966
-2.892890
-2.788154
-2.562568
-2.401435
-2.224189
-2.038886
-1.861640
-1.660224
-1.450751
-1.241279
-1.055976
-0.894843
-0.677314
-0.435615
-0.234199
-0.097236
-0.040839
-0.016669
-0.024726
-0.008613
0.023614
0.015557
0.031670
0.055840
0.047784
0.047784
0.176690
0.192803
0.249200
0.345879
0.402276
0.482842
0.571465
0.652032
0.708428
0.837335
0.934014
0.974297
0.998467
1.111260
1.119317
1.151543
1.151543
1.143487
1.151543
1.175713
1.191827
1.167657
1.127374
1.111260
1.095147
1.038751
0.990411
0.990411
0.934014
0.893731
0.837335
0.805108
0.748711
0.668145
0.611749
0.563409
0.498956
0.434502
0.370049
0.273370
0.208917
0.152520
0.096124
0.023614
-0.016669
-0.048896
-0.097236
-0.145576
-0.113349
-0.113349
-0.129462
-0.145576
-0.145576
-0.169746
-0.145576
-0.145576
-0.153632
-0.137519
-0.145576
-0.137519
-0.137519
-0.129462
-0.121406
-0.169746
-0.121406
-0.129462
-0.105292
-0.105292
-0.105292
-0.121406
-0.121406
-0.137519
-0.129462
-0.210029
-0.282539
-0.282539
-0.266425
-0.250312
-0.274482
-0.266425
-0.258369
-0.226142
-0.177802
-0.185859
-0.201972
-0.201972
-0.145576
-0.113349
-0.105292
-0.081123
-0.048896
-0.040839
-0.056953
-0.048896
-0.056953
-0.008613
-0.024726
0.007501
-0.056953
-0.008613
-0.024726
-0.032783
-0.032783
-0.048896
-0.048896
0.063897
0.192803
0.225030
0.241143
0.289483
0.241143
0.184747
0.208917
0.168633
0.152520
0.144463
0.128350
0.120293
0.120293
0.096124
0.096124
0.112237
0.088067
0.047784
0.015557
-0.000556
-0.024726
-0.008613
-0.016669
-0.024726
-0.040839
-0.024726
-0.000556
-0.008613
-0.000556
-0.024726
-0.000556
0.031670
-0.016669
-0.008613
-0.008613
-0.032783
-0.032783
-0.008613
-0.048896
-0.008613
0.007501
-0.040839
-0.032783
-0.065009
-0.032783
-0.065009
-0.073066
-0.048896
-0.048896
-0.065009
-0.065009
-0.056953
-0.081123
-0.097236
-0.081123
-0.081123
-0.097236
-0.089179
-0.081123
-0.065009
-0.129462
-0.113349
-0.097236
-0.161689
-0.113349
-0.113349
-0.145576
-0.145576
-0.145576
-0.153632
-0.177802
-0.153632
-0.081123
-0.137519
-0.129462
-0.121406
-0.129462
-0.153632
-0.161689
-0.121406
-0.153632
-0.145576
-0.137519
-0.145576
-0.113349
-0.145576
-0.121406
-0.121406
-0.137519
-0.113349
-0.105292
-0.137519
-0.105292
-0.113349
-0.137519
-0.137519
-0.129462
-0.105292
-0.089179
-0.065009
-0.056953
-0.105292
-0.073066
-0.097236
-0.065009
-0.065009
-0.081123
-0.056953
-0.097236
-0.065009
-0.040839
-0.048896
-0.032783
-0.016669
-0.008613
0.007501
-0.073066
-0.024726
-0.032783
-0.032783
-0.008613
-0.040839
-0.024726
-0.000556
-0.008613
-0.024726
-0.008613
-0.032783
0.007501
0.007501
0.007501
0.031670
0.055840
0.031670
0.031670
-0.016669
0.055840
0.031670
0.031670
-0.016669
0.039727
0.023614
0.007501
0.039727
0.023614
0.007501
-0.008613
-0.032783
-0.016669
-0.024726
-0.040839
0.023614
0.184747
0.241143
0.241143
0.233086
0.144463
0.184747
0.144463
0.144463
0.168633
0.120293
0.063897
0.023614
-0.000556
-0.024726
-0.024726
-0.016669
-0.024726
-0.016669
-0.056953
-0.056953
-0.081123
-0.065009
-0.065009
-0.081123
-0.073066
-0.056953
-0.097236
-0.048896
-0.089179
-0.089179
-0.097236
-0.089179
-0.089179
-0.097236
-0.097236
-0.129462
-0.105292
-0.121406
-0.137519
-0.145576
-0.137519
-0.137519
-0.145576
-0.105292
-0.056953
-0.081123
-0.129462
-0.137519
-0.161689
-0.169746
-0.185859
-0.145576
-0.153632
-0.161689
-0.137519
-0.153632
-0.129462
-0.145576
-0.121406
-0.169746
-0.113349
-0.121406
-0.121406
-0.105292
-0.121406
-0.105292
-0.113349
-0.113349
-0.129462
-0.073066
-0.113349
-0.145576
-0.129462
-0.081123
-0.105292
-0.097236
-0.081123
-0.065009
-0.105292
-0.073066
-0.097236
-0.137519
-0.065009
-0.097236
-0.065009
-0.016669
0.007501
-0.016669
-0.032783
-0.024726
-0.081123
-0.032783
-0.056953
-0.056953
-0.056953
-0.048896
-0.016669
-0.000556
-0.024726
-0.032783
0.007501
-0.024726
-0.032783
-0.016669
0.039727
0.047784
0.047784
0.039727
0.071954
0.055840
0.023614
0.031670
0.047784
0.080010
0.063897
0.063897
0.055840
0.031670
0.047784
0.031670
0.023614
0.007501
0.007501
0.031670
-0.008613
-0.024726
-0.008613
0.007501
-0.024726
0.031670
0.023614
-0.016669
-0.048896
-0.032783
-0.016669
0.015557
-0.032783
0.015557
-0.024726
-0.016669
-0.000556
-0.032783
-0.024726
-0.056953
-0.048896
-0.016669
-0.048896
-0.056953
-0.089179
-0.081123
-0.081123
-0.105292
-0.097236
-0.129462
-0.056953
0.112237
0.168633
0.144463
0.160577
0.160577
0.104180
0.055840
0.047784
0.039727
-0.000556
-0.016669
-0.056953
-0.048896
-0.073066
-0.065009
-0.073066
-0.113349
-0.145576
-0.169746
-0.169746
-0.161689
-0.161689
-0.185859
-0.169746
-0.169746
-0.161689
-0.161689
-0.153632
-0.121406
-0.145576
-0.129462
-0.129462
-0.145576
-0.113349
-0.129462
-0.145576
-0.121406
-0.129462
-0.121406
-0.113349
-0.121406
-0.145576
-0.129462
-0.137519
-0.137519
-0.137519
-0.129462
-0.105292
-0.105292
-0.097236
-0.089179
-0.105292
-0.105292
-0.056953
-0.040839
-0.065009
-0.081123
-0.056953
-0.065009
-0.065009
-0.073066
-0.040839
-0.056953
0.007501
-0.065009
-0.024726
-0.024726
-0.008613
-0.008613
-0.024726
-0.032783
-0.008613
-0.016669
0.007501
0.023614
0.007501
0.007501
-0.008613
0.007501
0.023614
0.023614
0.088067
0.080010
0.063897
0.104180
0.104180
0.080010
0.063897
0.047784
0.039727
0.023614
0.007501
0.007501
0.007501
0.015557
0.031670
0.055840
-0.000556
0.015557
0.015557
0.007501
0.007501
-0.016669
-0.024726
-0.016669
-0.016669
-0.016669
-0.008613
0.023614
0.015557
-0.016669
-0.016669
-0.016669
0.015557
-0.040839
-0.008613
-0.000556
-0.040839
-0.032783
-0.016669
-0.040839
-0.016669
-0.032783
-0.000556
-0.056953
-0.065009
-0.073066
-0.056953
-0.105292
-0.073066
-0.097236
-0.056953
-0.105292
-0.097236
-0.089179
-0.121406
-0.056953
-0.048896
-0.073066
-0.113349
-0.137519
-0.153632
-0.177802
-0.161689
-0.185859
-0.177802
-0.161689
-0.153632
-0.145576
-0.097236
0.007501
0.096124
0.096124
0.071954
0.080010
0.039727
0.007501
-0.008613
-0.016669
-0.016669
-0.024726
-0.024726
-0.040839
-0.097236
-0.137519
-0.113349
-0.105292
-0.121406
-0.137519
-0.137519
-0.129462
-0.137519
-0.153632
-0.121406
-0.113349
-0.129462
-0.129462
-0.113349
-0.097236
-0.105292
-0.113349
-0.113349
-0.105292
-0.121406
-0.105292
-0.081123
-0.048896
-0.032783
-0.081123
-0.008613
-0.000556
-0.065009
-0.032783
-0.065009
-0.040839
-0.008613
-0.032783
-0.024726
-0.008613
0.031670
-0.032783
-0.016669
0.007501
0.023614
0.055840
0.015557
0.023614
0.039727
0.047784
0.023614
0.031670
0.031670
0.063897
0.023614
0.071954
0.031670
0.015557
0.055840
0.023614
0.063897
0.063897
0.015557
-0.000556
-0.008613
-0.000556
-0.008613
-0.016669
0.031670
-0.040839
-0.024726
-0.008613
-0.016669
-0.008613
-0.016669
-0.024726
-0.024726
-0.000556
-0.008613
0.007501
-0.032783
-0.016669
-0.040839
-0.016669
-0.000556
-0.000556
-0.040839
-0.032783
-0.008613
-0.056953
-0.073066
-0.073066
-0.048896
-0.040839
-0.081123
-0.097236
-0.065009
-0.113349
-0.105292
-0.065009
-0.089179
-0.097236
-0.089179
-0.073066
-0.113349
-0.097236
-0.121406
-0.145576
-0.129462
-0.113349
-0.169746
-0.129462
-0.153632
-0.153632
-0.161689
-0.137519
-0.145576
-0.137519
-0.113349
-0.137519
-0.113349
-0.145576
-0.121406
-0.113349
-0.145576
-0.137519
-0.129462
-0.089179
-0.129462
-0.129462
-0.105292
-0.129462
-0.113349
-0.105292
-0.113349
-0.145576
-0.129462
-0.129462
-0.097236
-0.113349
-0.129462
-0.137519
-0.145576
-0.105292
-0.121406
-0.121406
-0.145576
-0.048896
0.096124
0.136407
0.144463
0.112237
0.128350
0.128350
0.088067
0.104180
0.063897
0.031670
0.080010
0.055840
0.047784
0.031670
0.063897
0.071954
0.039727
-0.008613
-0.008613
-0.016669
-0.008613
0.007501
-0.000556
0.007501
0.015557
-0.000556
0.007501
0.031670
0.023614
0.007501
0.015557
0.031670
0.023614
-0.016669
0.015557
-0.016669
0.031670
0.015557
0.015557
-0.016669
0.015557
0.023614
-0.008613
0.007501
-0.000556
0.007501
-0.000556
0.007501
-0.016669
-0.016669
-0.032783
-0.016669
0.015557
0.015557
-0.016669
0.007501
-0.000556
-0.000556
-0.000556
-0.032783
0.007501
-0.016669
0.007501
-0.008613
0.023614
-0.000556
-0.040839
-0.048896
-0.048896
-0.089179
-0.065009
-0.089179
-0.113349
-0.097236
-0.105292
-0.081123
-0.065009
-0.032783
-0.048896
-0.089179
-0.089179
-0.089179
-0.081123
-0.073066
-0.113349
-0.081123
-0.097236
-0.121406
-0.129462
-0.137519
-0.121406
-0.113349
-0.129462
-0.161689
-0.137519
-0.129462
-0.129462
-0.121406
-0.161689
-0.153632
-0.129462
-0.145576
-0.153632
-0.169746
-0.121406
-0.121406
-0.089179
-0.113349
-0.089179
-0.097236
-0.097236
-0.121406
-0.121406
-0.089179
-0.129462
-0.113349
-0.121406
-0.129462
-0.121406
-0.089179
-0.081123
-0.137519
-0.105292
-0.113349
-0.121406
-0.105292
-0.113349
-0.113349
-0.129462
-0.113349
-0.081123
-0.081123
-0.097236
-0.081123
-0.065009
-0.056953
-0.048896
-0.040839
-0.048896
0.007501
-0.056953
-0.073066
-0.048896
-0.032783
-0.056953
-0.048896
-0.040839
-0.032783
-0.056953
-0.040839
-0.056953
0.071954
0.200860
0.265313
0.241143
0.225030
0.208917
0.192803
0.160577
0.152520
0.144463
0.144463
0.104180
0.104180
0.071954
0.055840
0.023614
0.007501
0.015557
-0.008613
0.023614
0.015557
-0.024726
-0.008613
0.015557
-0.016669
-0.040839
-0.040839
-0.016669
-0.000556
-0.000556
-0.008613
-0.032783
-0.000556
0.007501
0.015557
-0.008613
-0.024726
-0.016669
-0.008613
-0.008613
-0.016669
-0.016669
-0.040839
-0.040839
-0.008613
0.007501
-0.032783
-0.048896
-0.081123
-0.089179
-0.048896
-0.089179
-0.065009
-0.081123
-0.073066
-0.081123
-0.145576
-0.105292
-0.113349
-0.121406
-0.145576
-0.105292
-0.113349
-0.113349
-0.137519
-0.129462
-0.113349
-0.129462
-0.129462
-0.153632
-0.145576
-0.129462
-0.137519
-0.153632
-0.137519
-0.169746
-0.153632
-0.129462
-0.113349
-0.153632
-0.121406
-0.161689
-0.153632
-0.121406
-0.129462
-0.129462
-0.153632
-0.121406
-0.161689
-0.121406
-0.065009
-0.089179
-0.081123
-0.089179
-0.105292
-0.113349
-0.121406
-0.121406
-0.121406
-0.153632
-0.121406
-0.121406
-0.113349
-0.081123
-0.097236
-0.113349
-0.081123
-0.097236
-0.081123
-0.073066
-0.081123
-0.048896
-0.056953
-0.048896
-0.024726
-0.081123
-0.040839
-0.008613
0.007501
0.007501
-0.048896
-0.024726
-0.024726
-0.024726
-0.008613
-0.016669
-0.008613
-0.024726
-0.016669
-0.000556
-0.008613
0.023614
0.071954
0.071954
0.039727
0.055840
0.007501
0.031670
0.023614
-0.016669
0.039727
0.015557
0.015557
-0.024726
0.015557
0.039727
-0.016669
0.031670
-0.000556
-0.024726
-0.000556
-0.032783
0.023614
-0.008613
-0.024726
0.023614
0.152520
0.225030
0.249200
0.257256
0.208917
0.233086
0.192803
0.176690
0.136407
0.104180
0.071954
0.071954
0.047784
0.088067
0.047784
0.023614
-0.000556
-0.000556
-0.000556
-0.016669
-0.081123
-0.089179
-0.105292
-0.089179
-0.113349
-0.073066
-0.048896
-0.113349
-0.073066
-0.105292
-0.105292
-0.121406
-0.121406
-0.113349
-0.097236
-0.113349
-0.113349
-0.113349
-0.121406
-0.105292
-0.121406
-0.137519
-0.153632
-0.161689
-0.121406
-0.137519
-0.145576
-0.145576
-0.097236
-0.145576
-0.169746
-0.137519
-0.145576
-0.153632
-0.137519
-0.145576
-0.105292
-0.129462
-0.153632
-0.065009
-0.056953
-0.081123
-0.097236
-0.121406
-0.121406
-0.153632
-0.137519
-0.113349
-0.081123
-0.121406
-0.137519
-0.121406
-0.097236
-0.105292
-0.105292
-0.065009
-0.073066
-0.097236
-0.056953
-0.065009
-0.097236
-0.105292
-0.056953
-0.073066
-0.008613
-0.032783
-0.024726
-0.048896
-0.056953
-0.032783
-0.056953
-0.040839
-0.032783
-0.048896
-0.024726
-0.048896
-0.008613
-0.024726
-0.040839
-0.000556
0.047784
0.015557
0.023614
-0.032783
-0.008613
0.047784
0.007501
-0.000556
0.039727
0.031670
0.023614
0.023614
0.055840
0.055840
0.023614
0.031670
0.031670
0.031670
0.047784
0.031670
0.015557
0.031670
0.031670
0.047784
0.031670
0.047784
-0.000556
0.039727
-0.024726
-0.000556
0.031670
0.023614
0.007501
0.023614
-0.008613
0.015557
0.007501
-0.040839
-0.056953
-0.048896
-0.065009
-0.040839
-0.032783
-0.073066
-0.065009
-0.065009
-0.097236
-0.065009
-0.113349
-0.048896
0.080010
0.160577
0.152520
0.136407
0.128350
0.071954
0.080010
0.039727
0.023614
0.015557
0.047784
-0.024726
-0.024726
-0.065009
-0.089179
-0.121406
-0.137519
-0.113349
-0.137519
-0.145576
-0.129462
-0.137519
-0.137519
-0.161689
-0.145576
-0.153632
-0.169746
-0.185859
-0.153632
-0.153632
-0.169746
-0.161689
-0.137519
-0.121406
-0.153632
-0.121406
-0.145576
-0.129462
-0.153632
-0.129462
-0.145576
-0.113349
-0.153632
-0.105292
-0.121406
-0.121406
-0.105292
-0.137519
-0.137519
-0.145576
-0.137519
-0.089179
-0.113349
-0.113349
-0.121406
-0.105292
-0.089179
-0.105292
-0.105292
-0.089179
-0.081123
-0.056953
-0.024726
-0.048896
-0.024726
-0.032783
-0.032783
-0.000556
-0.032783
-0.048896
-0.040839
-0.032783
-0.065009
-0.008613
-0.000556
-0.008613
0.007501
-0.024726
0.023614
-0.032783
-0.000556
-0.040839
-0.000556
-0.008613
-0.000556
0.023614
0.031670
0.015557
0.031670
0.031670
0.080010
0.023614
0.023614
0.023614
0.039727
0.039727
0.015557
0.015557
0.031670
0.007501
0.047784
0.015557
0.015557
0.039727
0.031670
0.007501
-0.008613
-0.016669
-0.016669
-0.008613
0.031670
0.015557
0.007501
-0.032783
-0.032783
-0.000556
-0.000556
-0.016669
-0.016669
-0.065009
-0.032783
-0.056953
-0.056953
-0.032783
-0.048896
-0.105292
-0.065009
-0.048896
-0.073066
-0.105292
-0.081123
-0.121406
-0.129462
-0.105292
-0.089179
-0.105292
-0.081123
-0.129462
-0.121406
-0.089179
-0.129462
-0.113349
-0.121406
-0.129462
-0.145576
-0.153632
-0.145576
-0.145576
-0.161689
-0.145576
-0.145576
-0.177802
-0.185859
-0.185859
-0.169746
-0.193915
-0.065009
0.055840
0.080010
0.080010
0.039727
0.047784
0.047784
0.023614
0.023614
-0.024726
-0.032783
-0.040839
-0.056953
-0.056953
-0.073066
-0.073066
-0.129462
-0.081123
-0.081123
-0.097236
-0.121406
-0.113349
-0.121406
-0.121406
-0.089179
-0.137519
-0.097236
-0.089179
-0.097236
-0.056953
-0.040839
-0.040839
-0.073066
-0.056953
-0.040839
-0.065009
-0.040839
-0.048896
-0.073066
-0.040839
-0.048896
0.015557
-0.000556
0.007501
-0.024726
-0.040839
-0.000556
-0.000556
-0.056953
-0.008613
-0.048896
-0.008613
0.023614
0.007501
0.015557
0.023614
0.031670
0.039727
0.055840
0.023614
0.031670
0.031670
0.047784
0.063897
0.015557
0.023614
0.023614
0.031670
-0.000556
-0.000556
0.031670
0.031670
0.063897
0.015557
0.039727
-0.016669
0.007501
-0.000556
-0.016669
-0.016669
-0.000556
-0.040839
-0.024726
0.047784
0.055840
0.055840
0.015557
-0.008613
-0.040839
-0.032783
-0.024726
-0.032783
-0.048896
-0.024726
-0.048896
-0.032783
-0.040839
-0.081123
-0.121406
-0.081123
-0.048896
-0.065009
-0.040839
-0.048896
-0.081123
-0.065009
-0.081123
-0.081123
-0.048896
-0.097236
-0.081123
-0.089179
-0.105292
-0.121406
-0.129462
-0.097236
-0.113349
-0.105292
-0.121406
-0.129462
-0.153632
-0.129462
-0.145576
-0.169746
-0.089179
-0.089179
-0.153632
-0.169746
-0.201972
-0.153632
-0.177802
-0.153632
-0.153632
-0.137519
-0.121406
-0.145576
-0.121406
-0.113349
-0.129462
-0.129462
-0.121406
-0.113349
-0.081123
-0.137519
-0.137519
-0.169746
-0.153632
-0.113349
-0.169746
-0.169746
-0.113349
-0.129462
0.007501
0.096124
0.144463
0.136407
0.120293
0.120293
0.104180
0.063897
0.039727
0.047784
0.039727
0.055840
0.015557
0.023614
0.015557
0.023614
-0.040839
-0.000556
-0.008613
-0.040839
-0.024726
-0.056953
-0.016669
-0.008613
-0.032783
-0.000556
-0.032783
-0.008613
0.015557
0.007501
0.023614
0.031670
0.015557
0.039727
0.047784
0.039727
0.031670
0.047784
0.023614
0.039727
0.031670
0.015557
0.039727
0.039727
0.015557
0.015557
0.023614
-0.008613
0.007501
0.007501
-0.032783
-0.024726
-0.008613
-0.032783
0.039727
0.039727
0.031670
0.015557
-0.008613
0.039727
0.015557
-0.008613
-0.040839
-0.032783
-0.056953
-0.056953
-0.040839
-0.065009
-0.073066
-0.032783
-0.008613
-0.032783
-0.056953
-0.040839
-0.048896
-0.073066
-0.089179
-0.048896
-0.040839
-0.081123
-0.065009
-0.065009
-0.081123
-0.065009
-0.065009
-0.105292
-0.081123
-0.097236
-0.105292
-0.153632
-0.121406
-0.153632
-0.137519
-0.113349
-0.129462
-0.161689
-0.081123
-0.105292
-0.121406
-0.145576
-0.153632
-0.153632
-0.161689
-0.177802
-0.169746
-0.153632
-0.145576
-0.145576
-0.145576
-0.153632
-0.137519
-0.129462
-0.113349
-0.137519
-0.105292
-0.153632
-0.113349
-0.113349
-0.137519
-0.137519
-0.129462
-0.121406
-0.105292
-0.121406
-0.113349
-0.113349
-0.105292
-0.121406
-0.113349
-0.097236
-0.121406
-0.129462
-0.105292
-0.105292
-0.121406
-0.065009
-0.056953
-0.016669
-0.097236
-0.056953
-0.048896
-0.056953
-0.040839
-0.056953
-0.048896
-0.065009
-0.065009
-0.008613
-0.081123
-0.032783
-0.056953
-0.048896
-0.040839
-0.024726
-0.048896
0.071954
0.225030
0.241143
0.257256
0.265313
0.265313
0.257256
0.200860
0.160577
0.144463
0.128350
0.168633
0.136407
0.120293
0.120293
0.104180
0.120293
0.096124
0.071954
0.031670
0.023614
0.023614
0.023614
0.063897
0.047784
0.055840
0.007501
0.023614
-0.008613
0.039727
-0.040839
-0.024726
-0.016669
-0.000556
-0.000556
-0.032783
-0.040839
-0.008613
-0.032783
-0.024726
-0.032783
-0.040839
-0.000556
-0.040839
-0.056953
-0.024726
-0.056953
-0.008613
-0.032783
-0.040839
-0.048896
-0.040839
-0.073066
-0.105292
-0.089179
-0.073066
-0.113349
-0.097236
-0.081123
-0.137519
-0.097236
-0.113349
-0.081123
-0.129462
-0.121406
-0.105292
-0.129462
-0.145576
-0.145576
-0.177802
-0.129462
-0.129462
-0.177802
-0.153632
-0.137519
-0.153632
-0.161689
-0.161689
-0.145576
-0.153632
-0.137519
-0.153632
-0.137519
-0.145576
-0.121406
-0.105292
-0.121406
-0.121406
-0.129462
-0.105292
-0.121406
-0.056953
-0.105292
-0.081123
-0.065009
-0.073066
-0.089179
-0.089179
-0.113349
-0.105292
-0.105292
-0.097236
-0.089179
-0.056953
-0.113349
-0.073066
-0.048896
-0.040839
-0.024726
-0.040839
-0.065009
-0.081123
-0.048896
-0.073066
-0.040839
-0.048896
-0.032783
-0.056953
-0.048896
0.015557
-0.056953
-0.040839
-0.040839
0.015557
-0.016669
0.015557
-0.000556
0.015557
0.007501
0.015557
-0.008613
0.023614
0.015557
-0.000556
0.039727
0.023614
-0.008613
0.047784
0.047784
0.039727
0.039727
0.007501
0.023614
0.007501
0.007501
-0.024726
-0.000556
-0.000556
-0.032783
-0.016669
0.080010
0.192803
0.225030
0.225030
0.216973
0.168633
0.152520
0.136407
0.104180
0.120293
0.112237
0.120293
0.120293
0.047784
0.039727
0.047784
-0.000556
-0.008613
-0.040839
-0.040839
-0.016669
-0.016669
-0.048896
-0.056953
-0.065009
-0.089179
-0.113349
-0.065009
-0.081123
-0.073066
-0.097236
-0.089179
-0.089179
-0.065009
-0.105292
-0.097236
-0.137519
-0.129462
-0.113349
-0.105292
-0.097236
-0.121406
-0.105292
-0.169746
-0.153632
-0.153632
-0.169746
-0.177802
-0.161689
-0.177802
-0.153632
-0.137519
-0.145576
-0.153632
-0.129462
-0.129462
-0.161689
-0.153632
-0.129462
-0.137519
-0.129462
-0.113349
-0.097236
-0.137519
-0.089179
-0.097236
-0.113349
-0.089179
-0.121406
-0.105292
-0.097236
-0.145576
-0.105292
-0.121406
-0.153632
-0.137519
-0.129462
-0.129462
-0.105292
-0.113349
-0.048896
-0.016669
-0.065009
-0.040839
-0.105292
-0.097236
-0.089179
-0.081123
-0.048896
-0.081123
-0.065009
-0.065009
-0.032783
-0.056953
-0.008613
-0.016669
-0.024726
0.015557
-0.008613
-0.008613
-0.008613
-0.016669
-0.016669
-0.016669
-0.008613
0.015557
0.031670
-0.000556
-0.008613
-0.000556
0.015557
0.031670
0.055840
0.023614
0.015557
0.047784
-0.000556
0.039727
0.031670
0.039727
0.055840
0.039727
0.071954
0.031670
0.055840
-0.008613
-0.024726
-0.024726
-0.032783
0.007501
0.007501
-0.000556
-0.016669
-0.032783
-0.008613
0.015557
-0.008613
-0.000556
0.007501
-0.024726
0.015557
-0.008613
-0.000556
-0.016669
-0.024726
-0.056953
-0.040839
-0.073066
-0.048896
-0.081123
-0.097236
-0.105292
-0.097236
-0.113349
-0.081123
-0.145576
-0.065009
0.039727
0.128350
0.160577
0.152520
0.112237
0.088067
0.071954
0.039727
0.007501
0.015557
-0.016669
-0.073066
-0.097236
-0.097236
-0.137519
-0.137519
-0.145576
-0.137519
-0.145576
-0.153632
-0.169746
-0.161689
-0.145576
-0.161689
-0.161689
-0.145576
-0.169746
-0.121406
-0.161689
-0.137519
-0.113349
-0.121406
-0.089179
-0.121406
-0.113349
-0.121406
-0.121406
-0.113349
-0.113349
-0.097236
-0.097236
-0.121406
-0.129462
-0.145576
-0.137519
-0.161689
-0.089179
-0.121406
-0.081123
-0.065009
-0.089179
-0.105292
-0.089179
-0.105292
-0.105292
-0.089179
-0.097236
-0.089179
-0.048896
-0.024726
-0.048896
-0.065009
-0.040839
-0.073066
-0.056953
-0.048896
-0.065009
-0.032783
-0.032783
-0.032783
-0.056953
-0.056953
-0.008613
0.007501
-0.032783
-0.016669
-0.024726
0.015557
-0.016669
-0.008613
-0.000556
-0.016669
0.031670
-0.000556
-0.000556
0.047784
0.039727
0.071954
0.047784
0.063897
0.031670
-0.008613
0.015557
-0.000556
0.015557
0.007501
-0.016669
0.023614
-0.016669
-0.024726
-0.008613
0.007501
0.007501
-0.000556
-0.000556
0.015557
-0.024726
0.023614
0.015557
0.007501
0.023614
0.023614
0.015557
0.023614
-0.000556
-0.016669
0.015557
0.047784
0.031670
0.015557
-0.000556
-0.024726
-0.048896
-0.040839
-0.105292
-0.048896
-0.081123
-0.081123
-0.065009
-0.097236
-0.065009
-0.081123
-0.073066
-0.105292
-0.081123
-0.129462
-0.073066
-0.113349
-0.129462
-0.105292
-0.153632
-0.113349
-0.137519
-0.153632
-0.129462
-0.113349
-0.161689
-0.201972
-0.161689
-0.169746
-0.201972
-0.161689
-0.024726
0.071954
0.104180
0.055840
0.080010
0.015557
0.007501
0.015557
-0.016669
-0.048896
-0.016669
-0.048896
-0.048896
-0.081123
-0.121406
-0.105292
-0.097236
-0.113349
-0.105292
-0.073066
-0.113349
-0.097236
-0.161689
-0.145576
-0.129462
-0.105292
-0.121406
-0.129462
-0.113349
-0.105292
-0.097236
-0.089179
-0.097236
-0.056953
-0.073066
-0.081123
-0.056953
-0.081123
-0.073066
-0.065009
-0.065009
-0.056953
-0.040839
-0.008613
-0.008613
-0.032783
-0.032783
-0.016669
-0.000556
-0.000556
-0.032783
-0.000556
-0.032783
0.007501
0.007501
-0.008613
0.015557
0.015557
-0.008613
0.023614
0.039727
0.063897
0.039727
0.015557
0.031670
0.023614
-0.000556
0.023614
0.015557
0.007501
-0.000556
-0.008613
0.023614
-0.016669
-0.000556
-0.000556
-0.008613
0.015557
-0.000556
-0.008613
-0.000556
0.007501
0.007501
0.015557
0.015557
0.015557
0.023614
0.015557
0.015557
0.031670
0.007501
0.007501
-0.008613
-0.000556
-0.040839
-0.024726
-0.040839
-0.040839
-0.073066
-0.089179
-0.081123
-0.040839
-0.040839
-0.056953
-0.065009
-0.056953
-0.137519
-0.097236
-0.073066
-0.073066
-0.097236
-0.113349
-0.081123
-0.081123
-0.105292
-0.145576
-0.137519
-0.145576
-0.129462
-0.137519
-0.137519
-0.137519
-0.145576
-0.169746
-0.129462
-0.113349
-0.169746
-0.137519
-0.153632
-0.153632
-0.161689
-0.153632
-0.137519
-0.129462
-0.153632
-0.137519
-0.137519
-0.137519
-0.121406
-0.161689
-0.161689
-0.145576
-0.145576
-0.113349
-0.137519
-0.129462
-0.145576
-0.153632
-0.161689
-0.153632
-0.121406
-0.185859
-0.137519
-0.113349
-0.121406
-0.016669
0.112237
0.152520
0.160577
0.144463
0.104180
0.096124
0.088067
0.088067
0.080010
0.039727
0.047784
0.023614
0.007501
-0.000556
-0.008613
-0.008613
0.039727
-0.000556
-0.000556
-0.000556
-0.016669
-0.032783
-0.008613
-0.008613
-0.000556
0.023614
0.015557
0.031670
0.015557
-0.016669
0.007501
0.023614
0.007501
-0.008613
0.015557
0.023614
0.015557
0.039727
0.031670
0.007501
0.023614
-0.016669
0.023614
-0.008613
-0.008613
-0.008613
-0.000556
0.007501
-0.000556
-0.008613
-0.016669
-0.000556
-0.024726
-0.008613
-0.000556
0.023614
-0.000556
0.023614
0.015557
-0.000556
0.007501
-0.024726
-0.024726
-0.024726
-0.048896
-0.040839
-0.056953
-0.040839
-0.056953
0.023614
-0.008613
-0.056953
-0.048896
-0.056953
-0.105292
-0.089179
-0.097236
-0.073066
-0.089179
-0.073066
-0.065009
-0.073066
-0.121406
-0.129462
-0.089179
-0.097236
-0.113349
-0.089179
-0.113349
-0.113349
-0.121406
-0.145576
-0.137519
-0.137519
-0.153632
-0.145576
-0.129462
-0.137519
-0.153632
-0.145576
-0.129462
-0.153632
-0.121406
-0.121406
-0.137519
-0.129462
-0.169746
-0.137519
-0.113349
-0.113349
-0.089179
-0.097236
-0.113349
-0.121406
-0.105292
-0.113349
-0.153632
-0.145576
-0.121406
-0.105292
-0.121406
-0.129462
-0.129462
-0.129462
-0.129462
-0.089179
-0.089179
-0.113349
-0.097236
-0.089179
-0.081123
-0.081123
-0.097236
-0.056953
-0.065009
-0.097236
-0.089179
-0.065009
-0.073066
-0.048896
-0.016669
-0.032783
-0.073066
-0.065009
-0.065009
-0.048896
-0.048896
-0.048896
-0.048896
0.071954
0.176690
0.241143
0.200860
0.192803
0.176690
0.160577
0.160577
0.128350
0.144463
0.144463
0.088067
0.063897
0.007501
0.031670
0.039727
0.039727
0.023614
0.023614
0.023614
0.007501
-0.008613
-0.000556
-0.008613
0.023614
0.023614
-0.024726
0.015557
0.007501
0.015557
0.007501
-0.000556
-0.024726
-0.024726
-0.016669
-0.000556
-0.008613
-0.016669
-0.000556
-0.008613
-0.040839
-0.016669
-0.032783
0.031670
0.023614
-0.024726
-0.032783
-0.032783
-0.056953
-0.081123
-0.065009
-0.073066
-0.056953
-0.040839
-0.089179
-0.089179
-0.081123
-0.073066
-0.105292
-0.105292
-0.073066
-0.105292
-0.105292
-0.105292
-0.113349
-0.105292
-0.121406
-0.089179
-0.113349
-0.129462
-0.121406
-0.121406
-0.177802
-0.121406
-0.129462
-0.121406
-0.129462
-0.161689
-0.185859
-0.185859
-0.129462
-0.137519
-0.145576
-0.145576
-0.137519
-0.105292
-0.089179
-0.145576
-0.113349
-0.129462
-0.137519
-0.129462
-0.145576
-0.129462
-0.137519
-0.113349
-0.097236
-0.113349
-0.121406
-0.121406
-0.145576
-0.113349
-0.161689
-0.081123
-0.089179
-0.081123
-0.089179
-0.073066
-0.089179
-0.065009
-0.105292
-0.097236
-0.040839
-0.065009
-0.024726
-0.048896
-0.048896
-0.032783
-0.048896
-0.040839
-0.065009
-0.056953
-0.065009
-0.048896
-0.024726
-0.032783
-0.000556
0.015557
-0.016669
-0.016669
-0.024726
0.007501
-0.032783
-0.000556
0.007501
-0.016669
0.015557
0.007501
0.047784
0.023614
0.007501
0.031670
0.015557
0.023614
-0.000556
0.023614
0.047784
0.007501
-0.000556
-0.000556
0.015557
-0.016669
-0.024726
-0.032783
0.007501
-0.040839
0.015557
0.144463
0.216973
0.241143
0.225030
0.241143
0.192803
0.152520
0.152520
0.120293
0.136407
0.088067
0.104180
0.071954
0.007501
-0.024726
-0.024726
-0.016669
-0.048896
-0.040839
-0.056953
-0.105292
-0.089179
-0.056953
-0.089179
-0.089179
-0.113349
-0.089179
-0.097236
-0.097236
-0.089179
-0.089179
-0.081123
-0.097236
-0.081123
-0.105292
-0.129462
-0.113349
-0.145576
-0.145576
-0.105292
-0.113349
-0.129462
-0.137519
-0.097236
-0.153632
-0.153632
-0.121406
-0.137519
-0.145576
-0.169746
-0.153632
-0.137519
-0.121406
-0.121406
-0.137519
-0.137519
-0.113349
-0.145576
-0.153632
-0.129462
-0.121406
-0.121406
-0.097236
-0.129462
-0.121406
-0.105292
-0.105292
-0.129462
-0.105292
-0.129462
-0.129462
-0.137519
-0.105292
-0.113349
-0.121406
-0.105292
-0.081123
-0.073066
-0.073066
-0.073066
-0.040839
-0.048896
-0.089179
-0.073066
-0.081123
-0.073066
-0.032783
-0.048896
-0.024726
-0.032783
-0.032783
-0.048896
-0.048896
-0.008613
0.039727
-0.032783
-0.024726
-0.016669
-0.032783
-0.048896
-0.024726
-0.000556
-0.008613
-0.000556
-0.000556
0.007501
0.007501
0.007501
0.039727
0.031670
0.023614
0.031670
0.047784
0.071954
0.023614
0.039727
0.047784
0.055840
0.015557
0.023614
0.047784
0.039727
0.031670
0.007501
0.031670
0.007501
0.039727
-0.000556
0.015557
-0.016669
-0.024726
0.023614
0.015557
-0.008613
0.015557
0.015557
-0.000556
-0.016669
-0.008613
-0.056953
-0.032783
-0.016669
-0.040839
-0.040839
-0.056953
-0.048896
-0.048896
-0.056953
-0.048896
-0.073066
-0.137519
-0.097236
0.088067
0.128350
0.200860
0.136407
0.128350
0.096124
0.088067
0.031670
0.015557
-0.016669
-0.000556
-0.024726
-0.008613
-0.040839
-0.065009
-0.073066
-0.097236
-0.097236
-0.089179
-0.145576
-0.161689
-0.161689
-0.177802
-0.137519
-0.121406
-0.105292
-0.169746
-0.153632
-0.137519
-0.145576
-0.145576
-0.137519
-0.113349
-0.185859
-0.169746
-0.161689
-0.145576
-0.145576
-0.137519
-0.113349
-0.113349
-0.105292
-0.089179
-0.121406
-0.089179
-0.113349
-0.089179
-0.121406
-0.137519
-0.089179
-0.073066
-0.089179
-0.089179
-0.089179
-0.081123
-0.073066
-0.105292
-0.081123
-0.105292
-0.048896
-0.056953
-0.056953
-0.048896
-0.056953
-0.008613
0.015557
-0.032783
-0.048896
-0.032783
-0.073066
-0.065009
-0.048896
-0.016669
-0.008613
-0.024726
-0.000556
-0.024726
-0.016669
-0.032783
0.007501
0.007501
0.031670
0.007501
0.015557
0.031670
0.039727
0.047784
0.031670
0.055840
0.055840
0.063897
0.080010
0.023614
0.063897
0.031670
0.080010
0.047784
0.031670
0.031670
0.007501
-0.024726
0.007501
-0.008613
-0.008613
