-0.515656
-0.563996
-0.563996
-0.515656
-0.507599
-0.378693
-0.241730
-0.104767
-0.056427
-0.000031
-0.000031
0.040253
0.016083
0.024139
0.024139
0.032196
0.032196
0.040253
0.032196
0.040253
0.040253
0.040253
0.056366
0.032196
0.024139
0.048309
0.040253
0.032196
0.040253
0.040253
0.032196
0.032196
0.032196
0.032196
0.032196
-0.016144
0.008026
0.024139
-0.000031
0.024139
-0.000031
-0.000031
0.024139
-0.016144
0.008026
-0.008087
-0.000031
0.008026
-0.000031
-0.000031
0.016083
-0.008087
-0.008087
0.008026
-0.040314
-0.032257
-0.024201
0.072479
0.209442
0.217499
0.249725
0.273895
0.426971
0.531708
0.604217
0.684784
0.676727
0.604217
0.539764
0.410858
0.241669
0.120819
0.032196
0.008026
-0.056427
-0.040314
-0.040314
-0.040314
-0.040314
-0.040314
-0.072540
-0.048371
-0.032257
-0.064484
-0.048371
-0.064484
-0.024201
-0.072540
-0.048371
-0.072540
-0.064484
-0.056427
-0.056427
-0.040314
-0.064484
-0.056427
-0.040314
-0.056427
-0.064484
-0.008087
-0.072540
-0.040314
-0.032257
-0.048371
-0.024201
-0.016144
-0.032257
-0.000031
-0.040314
-0.016144
-0.032257
-0.016144
-0.024201
-0.040314
-0.040314
-0.024201
-0.032257
-0.040314
-0.040314
-0.032257
-0.040314
-0.016144
-0.008087
-0.040314
-0.000031
-0.080597
-0.241730
-0.378693
-0.531769
-0.572052
-0.596222
-0.588165
-0.475372
-0.386749
-0.257843
-0.112824
-0.072540
-0.016144
0.016083
-0.024201
0.024139
0.024139
0.024139
0.024139
0.040253
0.032196
0.072479
0.040253
-0.000031
0.024139
0.056366
0.048309
0.040253
0.048309
0.048309
0.056366
0.040253
0.032196
0.064422
0.040253
0.032196
0.032196
0.016083
0.008026
0.040253
0.032196
0.032196
0.024139
0.032196
0.040253
0.040253
0.008026
0.024139
0.040253
0.040253
0.040253
0.016083
0.048309
-0.000031
-0.000031
-0.000031
-0.008087
0.032196
-0.016144
0.024139
-0.000031
-0.032257
-0.016144
-0.024201
0.072479
0.225555
0.362518
0.515594
0.547821
0.555878
0.531708
0.459198
0.402801
0.241669
0.120819
0.032196
-0.016144
-0.016144
-0.040314
-0.024201
-0.048371
-0.024201
0.080536
0.185272
0.193329
0.169159
0.136932
0.136932
0.080536
0.048309
0.024139
-0.008087
-0.024201
-0.040314
-0.040314
-0.048371
-0.064484
-0.040314
-0.040314
-0.040314
-0.040314
-0.024201
-0.056427
-0.056427
-0.040314
-0.032257
-0.024201
-0.032257
-0.016144
-0.016144
-0.024201
-0.040314
-0.024201
-0.032257
-0.032257
-0.032257
-0.048371
-0.008087
-0.040314
-0.040314
-0.024201
-0.040314
-0.024201
-0.032257
-0.040314
-0.016144
-0.008087
-0.032257
-0.112824
-0.257843
-0.402863
-0.547882
-0.572052
-0.612335
-0.539826
-0.531769
-0.386749
-0.265900
-0.120880
-0.032257
0.008026
0.008026
-0.016144
0.016083
0.048309
0.024139
0.040253
0.008026
0.048309
0.024139
0.064422
0.032196
0.024139
0.088592
0.040253
0.088592
0.048309
0.048309
0.048309
0.048309
0.048309
0.032196
-0.000031
0.048309
0.032196
0.008026
0.032196
0.016083
-0.008087
0.032196
-0.000031
0.032196
-0.008087
-0.000031
0.008026
-0.024201
-0.008087
0.024139
0.008026
0.024139
0.008026
-0.000031
0.016083
-0.000031
0.024139
0.016083
-0.008087
0.016083
0.008026
0.008026
-0.016144
-0.008087
0.096649
0.241669
0.394745
0.523651
0.571991
0.563934
0.531708
0.507538
0.354462
0.273895
0.136932
0.040253
0.008026
-0.016144
-0.040314
-0.008087
-0.048371
-0.048371
-0.040314
-0.048371
-0.040314
-0.048371
-0.048371
-0.064484
-0.064484
-0.056427
-0.056427
-0.056427
-0.040314
-0.064484
-0.072540
-0.064484
-0.048371
-0.056427
-0.056427
-0.040314
-0.056427
-0.064484
-0.064484
-0.064484
-0.064484
-0.056427
-0.040314
-0.064484
-0.064484
-0.064484
-0.008087
0.161102
0.225555
0.249725
0.201385
0.193329
0.136932
0.128876
0.088592
0.088592
0.032196
0.024139
0.008026
0.008026
-0.016144
-0.008087
-0.016144
0.016083
-0.088654
-0.217560
-0.427033
-0.531769
-0.588165
-0.604279
-0.580109
-0.547882
-0.410919
-0.265900
-0.128937
-0.032257
-0.040314
0.016083
0.024139
0.008026
0.008026
-0.000031
0.016083
0.016083
0.032196
0.032196
0.040253
0.040253
0.048309
0.040253
0.056366
0.048309
0.016083
0.016083
0.040253
0.040253
0.032196
0.040253
0.024139
0.016083
0.024139
0.016083
0.024139
0.040253
0.040253
0.024139
-0.000031
0.008026
0.016083
0.032196
0.008026
0.016083
0.008026
0.008026
0.008026
0.016083
-0.000031
0.040253
0.008026
0.032196
0.024139
-0.000031
-0.008087
0.008026
0.024139
-0.016144
0.008026
-0.008087
0.088592
0.241669
0.386688
0.491424
0.580047
0.571991
0.547821
0.483368
0.370575
0.273895
0.096649
0.056366
-0.008087
-0.008087
-0.008087
-0.024201
-0.056427
-0.040314
-0.064484
-0.032257
-0.088654
-0.088654
-0.048371
-0.064484
-0.056427
-0.056427
-0.048371
-0.064484
-0.056427
-0.024201
-0.064484
-0.024201
-0.072540
-0.032257
-0.048371
-0.056427
-0.056427
-0.056427
-0.048371
-0.016144
-0.072540
-0.040314
-0.024201
-0.032257
-0.032257
-0.016144
-0.048371
-0.024201
-0.048371
-0.048371
-0.040314
-0.008087
-0.048371
-0.040314
-0.048371
-0.048371
-0.032257
-0.048371
-0.000031
-0.024201
-0.048371
0.008026
-0.040314
-0.040314
-0.104767
-0.273956
-0.427033
-0.539826
-0.604279
-0.596222
-0.491486
-0.314240
-0.169220
-0.024201
0.096649
0.153045
0.177215
0.144989
0.112762
0.096649
0.072479
0.064422
0.048309
0.032196
0.048309
0.024139
0.056366
0.040253
0.032196
0.048309
0.016083
0.032196
0.056366
0.008026
0.048309
0.008026
0.016083
0.032196
0.016083
-0.016144
0.040253
-0.008087
0.016083
0.016083
0.024139
0.024139
0.032196
-0.000031
0.032196
0.024139
0.032196
-0.016144
0.016083
-0.000031
0.024139
0.024139
0.016083
0.008026
0.024139
-0.000031
-0.016144
-0.008087
-0.000031
-0.024201
0.024139
-0.000031
-0.000031
-0.000031
0.072479
0.209442
0.394745
0.515594
0.563934
0.547821
0.523651
0.475311
0.386688
0.225555
0.128876
0.016083
0.008026
-0.008087
-0.032257
-0.024201
-0.048371
-0.048371
-0.064484
-0.056427
-0.048371
-0.048371
-0.032257
-0.040314
-0.056427
-0.056427
-0.040314
-0.064484
-0.048371
-0.048371
-0.056427
-0.040314
-0.048371
-0.080597
-0.032257
-0.056427
-0.032257
-0.056427
-0.040314
-0.040314
-0.024201
-0.032257
-0.048371
-0.048371
-0.016144
-0.024201
-0.032257
-0.040314
-0.024201
-0.032257
-0.024201
-0.040314
-0.032257
-0.064484
-0.016144
-0.048371
-0.024201
-0.016144
-0.048371
-0.032257
0.008026
-0.032257
-0.032257
-0.040314
-0.088654
-0.257843
-0.402863
-0.499542
-0.580109
-0.604279
-0.572052
-0.515656
-0.402863
-0.273956
-0.128937
-0.072540
-0.008087
-0.008087
0.008026
-0.000031
0.016083
0.016083
0.008026
0.048309
0.016083
0.024139
0.032196
0.016083
0.048309
0.016083
0.040253
0.032196
0.008026
0.024139
0.024139
0.016083
0.016083
0.088592
0.209442
0.281952
0.233612
0.241669
0.201385
0.201385
0.193329
0.153045
0.144989
0.048309
0.056366
0.040253
0.032196
0.048309
0.008026
0.032196
0.008026
-0.008087
0.032196
-0.024201
0.016083
-0.000031
0.032196
-0.000031
0.024139
0.016083
0.016083
0.016083
-0.000031
-0.000031
0.056366
0.225555
0.402801
0.491424
0.588104
0.563934
0.555878
0.459198
0.394745
0.257782
0.112762
0.048309
0.008026
-0.032257
-0.000031
-0.040314
-0.016144
-0.048371
-0.072540
-0.024201
-0.032257
-0.048371
-0.072540
-0.040314
-0.056427
-0.032257
-0.072540
-0.056427
-0.056427
-0.056427
-0.064484
-0.056427
-0.064484
-0.032257
-0.048371
-0.056427
-0.056427
-0.056427
-0.024201
-0.064484
-0.056427
-0.048371
-0.056427
-0.016144
-0.032257
-0.032257
-0.016144
-0.008087
-0.008087
-0.040314
-0.008087
-0.040314
-0.056427
-0.024201
-0.048371
-0.016144
-0.040314
-0.032257
-0.016144
-0.008087
-0.024201
-0.000031
-0.008087
-0.008087
-0.080597
-0.233673
-0.410919
-0.531769
-0.563996
-0.596222
-0.547882
-0.499542
-0.418976
-0.282013
-0.161163
-0.056427
-0.000031
-0.008087
0.016083
0.016083
0.024139
0.024139
0.008026
0.008026
0.040253
0.008026
0.032196
0.048309
0.056366
0.024139
0.048309
0.032196
0.008026
0.032196
0.032196
0.016083
0.008026
0.016083
0.016083
0.032196
0.024139
0.008026
0.040253
0.008026
0.024139
-0.024201
-0.016144
-0.008087
-0.032257
0.024139
0.016083
-0.000031
0.016083
-0.008087
-0.008087
-0.008087
0.008026
-0.016144
0.016083
0.136932
0.217499
0.273895
0.257782
0.209442
0.193329
0.153045
0.169159
0.072479
0.144989
0.257782
0.410858
0.515594
0.563934
0.571991
0.555878
0.475311
0.370575
0.257782
0.136932
0.040253
-0.008087
-0.040314
-0.032257
-0.016144
-0.016144
-0.032257
-0.024201
-0.040314
-0.040314
-0.032257
-0.040314
-0.056427
-0.048371
-0.056427
-0.072540
-0.056427
-0.032257
-0.064484
-0.064484
-0.048371
-0.048371
-0.080597
-0.040314
-0.040314
-0.040314
-0.056427
-0.048371
-0.048371
-0.048371
-0.040314
-0.048371
-0.056427
-0.040314
-0.000031
-0.056427
-0.016144
-0.032257
-0.032257
-0.024201
-0.008087
-0.040314
-0.032257
-0.032257
-0.064484
-0.000031
-0.024201
-0.016144
-0.024201
-0.000031
-0.024201
-0.032257
-0.000031
-0.056427
-0.241730
-0.386749
-0.523712
-0.580109
-0.612335
-0.563996
-0.507599
-0.427033
-0.265900
-0.153107
-0.048371
-0.032257
0.016083
0.008026
0.016083
0.032196
0.016083
0.032196
0.016083
0.024139
0.040253
0.016083
0.040253
0.048309
0.040253
0.032196
0.032196
0.024139
0.048309
0.032196
0.032196
0.048309
0.048309
0.024139
0.024139
-0.000031
0.032196
0.016083
0.024139
0.032196
0.008026
0.024139
-0.000031
0.032196
0.016083
0.024139
-0.016144
0.008026
0.008026
-0.000031
0.032196
0.008026
0.016083
0.032196
-0.000031
-0.024201
-0.024201
0.016083
-0.048371
0.008026
0.016083
-0.016144
-0.000031
0.032196
0.177215
0.370575
0.491424
0.588104
0.563934
0.523651
0.459198
0.394745
0.257782
0.128876
0.048309
-0.000031
-0.024201
-0.032257
-0.064484
-0.064484
-0.048371
-0.056427
-0.048371
0.104706
0.177215
0.209442
0.161102
0.161102
0.153045
0.088592
0.088592
0.032196
0.008026
0.008026
-0.040314
-0.040314
-0.048371
-0.040314
-0.032257
-0.040314
-0.056427
-0.056427
-0.080597
-0.040314
-0.032257
-0.040314
-0.032257
-0.040314
-0.024201
-0.032257
-0.032257
-0.024201
-0.032257
-0.048371
-0.024201
-0.048371
-0.032257
-0.024201
-0.008087
-0.024201
-0.040314
-0.016144
0.016083
-0.008087
-0.000031
-0.032257
-0.008087
-0.080597
-0.273956
-0.427033
-0.523712
-0.620392
-0.572052
-0.580109
-0.491486
-0.435089
-0.265900
-0.136994
-0.056427
-0.008087
0.008026
0.048309
-0.008087
-0.000031
0.032196
0.016083
0.008026
0.024139
0.040253
0.024139
0.016083
0.032196
0.040253
0.024139
0.032196
0.040253
0.048309
0.064422
0.016083
0.032196
0.040253
0.032196
0.016083
0.040253
0.024139
0.032196
0.032196
0.008026
0.016083
0.016083
0.024139
0.008026
-0.008087
-0.008087
0.008026
0.024139
0.024139
0.016083
0.032196
0.032196
0.008026
-0.000031
-0.000031
-0.008087
0.008026
0.008026
-0.008087
0.008026
-0.000031
-0.008087
0.008026
0.072479
0.209442
0.370575
0.491424
0.531708
0.571991
0.547821
0.491424
0.418915
0.273895
0.136932
0.048309
0.016083
-0.024201
-0.056427
-0.040314
-0.032257
-0.048371
-0.040314
-0.024201
-0.040314
-0.040314
-0.072540
-0.056427
-0.048371
-0.048371
-0.072540
-0.056427
-0.048371
-0.056427
-0.040314
-0.032257
-0.056427
-0.080597
-0.024201
-0.056427
-0.040314
-0.056427
-0.064484
-0.024201
-0.072540
-0.072540
-0.056427
0.016083
0.144989
0.193329
0.225555
0.193329
0.185272
0.120819
0.128876
0.056366
0.024139
0.016083
-0.032257
0.008026
-0.016144
-0.032257
-0.024201
-0.008087
-0.000031
-0.024201
-0.032257
-0.008087
-0.064484
-0.233673
-0.386749
-0.507599
-0.580109
-0.572052
-0.588165
-0.515656
-0.443146
-0.306183
-0.153107
-0.056427
-0.024201
-0.024201
-0.000031
-0.000031
0.024139
0.032196
0.032196
0.040253
0.032196
0.024139
0.056366
0.040253
0.048309
0.032196
0.040253
0.016083
0.040253
0.040253
0.016083
0.032196
0.040253
0.016083
0.040253
0.040253
0.024139
0.064422
0.040253
0.024139
0.016083
-0.000031
-0.000031
0.016083
0.008026
0.016083
0.016083
0.008026
0.040253
0.016083
0.024139
0.040253
-0.008087
0.024139
0.008026
0.008026
-0.008087
0.016083
0.032196
-0.008087
0.024139
0.008026
-0.024201
0.008026
0.032196
0.233612
0.346405
0.499481
0.547821
0.563934
0.539764
0.499481
0.418915
0.257782
0.144989
0.040253
-0.016144
-0.016144
-0.032257
-0.024201
-0.040314
-0.032257
-0.048371
-0.040314
-0.048371
-0.048371
-0.048371
-0.072540
-0.056427
-0.048371
-0.040314
-0.064484
-0.040314
-0.024201
-0.064484
-0.032257
-0.048371
-0.040314
-0.032257
-0.064484
-0.040314
-0.024201
-0.064484
-0.008087
-0.032257
-0.056427
-0.032257
-0.024201
-0.008087
-0.032257
-0.016144
-0.024201
-0.024201
-0.032257
-0.056427
-0.024201
-0.032257
-0.056427
-0.024201
-0.064484
-0.032257
-0.032257
-0.024201
-0.040314
-0.016144
-0.000031
-0.016144
-0.056427
-0.072540
-0.233673
-0.435089
-0.531769
-0.604279
-0.612335
-0.547882
-0.330353
-0.209503
-0.072540
0.072479
0.136932
0.153045
0.136932
0.088592
0.072479
0.088592
0.032196
0.048309
0.032196
0.024139
0.016083
0.048309
0.048309
-0.000031
0.032196
0.024139
0.040253
0.008026
0.056366
0.032196
0.024139
0.024139
0.016083
0.032196
-0.000031
0.008026
-0.008087
0.016083
-0.008087
0.016083
-0.000031
0.016083
0.008026
-0.000031
0.016083
-0.000031
0.024139
-0.008087
0.008026
0.008026
-0.000031
0.048309
-0.024201
0.024139
0.016083
-0.016144
0.024139
-0.024201
-0.016144
0.016083
-0.024201
0.008026
-0.016144
0.056366
0.233612
0.378631
0.475311
0.555878
0.555878
0.563934
0.491424
0.402801
0.306122
0.120819
0.024139
-0.008087
-0.008087
-0.040314
-0.032257
-0.040314
-0.032257
-0.048371
-0.040314
-0.040314
-0.032257
-0.056427
-0.088654
-0.072540
-0.056427
-0.080597
-0.096710
-0.064484
-0.064484
-0.056427
-0.064484
-0.072540
-0.072540
-0.064484
-0.064484
-0.048371
-0.064484
-0.072540
-0.040314
-0.048371
-0.056427
-0.008087
-0.048371
-0.048371
-0.032257
-0.032257
-0.032257
-0.048371
-0.016144
-0.024201
-0.000031
-0.048371
-0.024201
-0.032257
-0.008087
-0.016144
-0.032257
-0.024201
-0.008087
0.008026
-0.024201
-0.016144
-0.024201
-0.080597
-0.273956
-0.362580
-0.531769
-0.580109
-0.604279
-0.563996
-0.499542
-0.451203
-0.282013
-0.136994
-0.080597
-0.000031
-0.000031
0.016083
0.016083
0.024139
0.008026
0.016083
0.024139
0.008026
0.024139
0.016083
0.016083
0.032196
0.040253
0.040253
0.024139
0.128876
0.233612
0.257782
0.233612
0.217499
0.185272
0.177215
0.144989
0.088592
0.048309
0.072479
0.016083
0.040253
0.024139
0.008026
0.016083
-0.008087
0.016083
0.008026
-0.000031
0.024139
-0.000031
0.008026
-0.008087
0.016083
0.016083
0.024139
0.040253
-0.024201
0.016083
-0.000031
-0.000031
-0.016144
-0.024201
0.016083
-0.032257
0.072479
0.185272
0.370575
0.491424
0.547821
0.571991
0.531708
0.459198
0.402801
0.281952
0.144989
0.056366
0.016083
-0.016144
-0.024201
-0.056427
-0.056427
-0.040314
-0.040314
-0.064484
-0.040314
-0.056427
-0.056427
-0.040314
-0.056427
-0.048371
-0.064484
-0.040314
-0.040314
-0.040314
-0.048371
-0.040314
-0.032257
-0.048371
-0.048371
-0.024201
-0.040314
-0.056427
-0.024201
-0.040314
-0.032257
-0.040314
-0.024201
-0.032257
-0.016144
-0.040314
-0.032257
-0.032257
-0.024201
-0.016144
-0.040314
-0.064484
-0.040314
-0.040314
-0.032257
-0.024201
-0.032257
-0.048371
-0.000031
-0.016144
-0.032257
0.016083
-0.032257
-0.016144
-0.088654
-0.241730
-0.378693
-0.539826
-0.580109
-0.612335
-0.588165
-0.515656
-0.451203
-0.257843
-0.145050
-0.040314
-0.040314
-0.000031
0.008026
-0.016144
0.024139
-0.000031
0.056366
-0.000031
0.032196
0.048309
0.056366
0.064422
0.040253
0.048309
0.056366
0.056366
0.040253
0.056366
0.048309
0.048309
0.056366
0.024139
0.032196
0.040253
0.016083
0.032196
0.008026
0.040253
0.016083
0.008026
0.024139
-0.032257
-0.008087
0.008026
0.008026
-0.000031
0.008026
-0.032257
-0.032257
-0.000031
0.016083
0.008026
0.008026
-0.032257
0.024139
0.120819
0.217499
0.249725
0.249725
0.209442
0.169159
0.161102
0.136932
0.257782
0.410858
0.507538
0.596161
0.596161
0.563934
0.491424
0.386688
0.290008
0.128876
0.040253
-0.000031
-0.016144
-0.024201
-0.016144
-0.040314
-0.048371
-0.056427
-0.048371
-0.040314
-0.040314
-0.072540
-0.064484
-0.072540
-0.056427
-0.040314
-0.064484
-0.056427
-0.064484
-0.048371
-0.072540
-0.088654
-0.064484
-0.048371
-0.056427
-0.032257
-0.024201
-0.048371
-0.056427
-0.064484
-0.056427
-0.016144
-0.016144
-0.056427
-0.032257
-0.032257
-0.032257
-0.032257
-0.032257
-0.056427
-0.024201
-0.024201
-0.024201
-0.040314
-0.024201
-0.024201
-0.056427
-0.024201
-0.008087
-0.024201
-0.016144
-0.008087
-0.008087
-0.064484
-0.241730
-0.378693
-0.531769
-0.604279
-0.612335
-0.588165
-0.515656
-0.435089
-0.314240
-0.145050
-0.056427
-0.024201
-0.016144
0.008026
-0.000031
0.048309
0.008026
0.032196
0.032196
0.040253
0.016083
0.024139
0.008026
0.024139
0.016083
0.016083
0.040253
0.040253
0.056366
0.024139
0.016083
0.016083
0.040253
0.024139
0.040253
0.008026
0.048309
0.016083
0.024139
0.048309
0.032196
0.016083
0.024139
0.032196
0.024139
0.024139
-0.016144
0.016083
0.016083
0.024139
0.008026
0.008026
0.008026
0.008026
-0.032257
0.024139
-0.000031
-0.000031
-0.000031
-0.024201
0.008026
-0.016144
-0.008087
0.056366
0.193329
0.354462
0.507538
0.547821
0.547821
0.555878
0.499481
0.418915
0.273895
0.112762
0.048309
-0.008087
-0.048371
-0.072540
-0.064484
0.016083
0.136932
0.185272
0.185272
0.161102
0.120819
0.128876
0.104706
0.080536
-0.008087
-0.024201
-0.000031
-0.048371
-0.008087
-0.040314
-0.048371
-0.032257
-0.048371
-0.032257
-0.048371
-0.032257
-0.056427
-0.056427
-0.048371
-0.048371
-0.056427
-0.056427
-0.032257
-0.016144
-0.024201
-0.032257
-0.048371
-0.040314
-0.032257
-0.024201
-0.008087
-0.056427
-0.032257
-0.016144
-0.024201
-0.056427
-0.032257
-0.024201
-0.016144
-0.040314
-0.024201
-0.008087
-0.016144
-0.072540
-0.257843
-0.394806
-0.523712
-0.580109
-0.596222
-0.596222
-0.515656
-0.427033
-0.306183
-0.161163
-0.056427
-0.016144
-0.008087
-0.008087
0.024139
-0.000031
0.032196
0.056366
0.032196
0.016083
0.024139
0.040253
0.040253
0.032196
0.032196
0.048309
0.056366
0.016083
0.024139
0.032196
0.024139
0.048309
0.032196
0.040253
0.016083
0.040253
0.024139
0.048309
0.008026
0.016083
0.008026
0.024139
-0.000031
-0.000031
-0.024201
0.032196
0.008026
-0.000031
0.016083
0.024139
0.008026
0.008026
0.048309
0.024139
0.016083
-0.000031
-0.016144
0.008026
0.008026
-0.008087
-0.008087
-0.040314
0.008026
0.016083
0.185272
0.362518
0.515594
0.588104
0.563934
0.563934
0.491424
0.418915
0.298065
0.128876
0.040253
-0.008087
-0.016144
-0.040314
-0.040314
-0.048371
-0.040314
-0.040314
-0.080597
-0.016144
-0.040314
-0.072540
-0.032257
-0.072540
-0.072540
-0.040314
-0.032257
-0.048371
-0.056427
-0.040314
-0.080597
-0.064484
-0.056427
-0.072540
-0.072540
-0.056427
-0.056427
-0.048371
-0.056427
-0.072540
-0.040314
-0.040314
-0.024201
0.128876
0.193329
0.217499
0.217499
0.169159
0.161102
0.104706
0.056366
0.032196
-0.016144
-0.000031
-0.000031
-0.016144
-0.032257
-0.024201
-0.016144
-0.040314
-0.024201
-0.048371
-0.008087
-0.072540
-0.249787
-0.370636
-0.523712
-0.604279
-0.580109
-0.588165
-0.523712
-0.435089
-0.314240
-0.112824
-0.096710
-0.000031
-0.000031
0.008026
0.032196
-0.008087
-0.016144
0.032196
0.008026
0.048309
0.032196
0.016083
0.008026
0.032196
0.040253
0.064422
0.040253
0.048309
0.024139
0.016083
0.048309
0.024139
0.024139
0.032196
0.016083
0.024139
0.008026
0.024139
0.016083
0.040253
-0.000031
0.032196
0.008026
0.008026
0.016083
0.016083
0.016083
0.024139
0.032196
-0.000031
0.032196
0.040253
0.008026
0.016083
0.040253
-0.000031
0.032196
0.024139
-0.000031
-0.016144
0.008026
0.016083
-0.008087
0.032196
0.185272
0.386688
0.483368
0.539764
0.563934
0.555878
0.499481
0.435028
0.257782
0.104706
0.048309
-0.016144
0.016083
-0.048371
-0.040314
-0.040314
-0.072540
-0.056427
-0.048371
-0.064484
-0.064484
-0.048371
-0.048371
-0.064484
-0.064484
-0.048371
-0.056427
-0.040314
-0.064484
-0.040314
-0.064484
-0.048371
-0.040314
-0.048371
-0.048371
-0.040314
-0.056427
-0.048371
-0.064484
-0.048371
-0.048371
-0.016144
-0.016144
-0.032257
-0.040314
-0.040314
-0.040314
-0.024201
-0.048371
-0.024201
-0.024201
-0.040314
-0.032257
-0.056427
-0.048371
-0.016144
-0.040314
-0.024201
-0.048371
-0.016144
-0.016144
-0.032257
-0.024201
-0.104767
-0.145050
-0.225617
-0.338410
-0.386749
-0.418976
-0.427033
-0.386749
-0.362580
-0.241730
-0.128937
-0.032257
-0.008087
0.032196
0.008026
0.040253
0.024139
0.040253
0.008026
0.024139
0.024139
0.016083
0.040253
0.040253
0.024139
0.040253
0.024139
0.024139
0.048309
0.024139
0.024139
0.056366
0.040253
0.008026
0.048309
0.032196
-0.000031
0.016083
0.024139
-0.016144
0.032196
-0.008087
0.008026
0.048309
0.032196
0.016083
0.008026
0.016083
-0.000031
-0.008087
-0.008087
-0.000031
0.008026
0.024139
0.008026
0.016083
0.032196
0.032196
-0.000031
-0.008087
-0.008087
-0.016144
-0.024201
-0.024201
0.056366
0.217499
0.346405
0.491424
0.547821
0.596161
0.547821
0.483368
0.426971
0.298065
0.153045
0.032196
-0.008087
-0.008087
-0.048371
-0.032257
-0.048371
-0.048371
-0.072540
-0.056427
-0.056427
-0.032257
-0.048371
-0.024201
-0.064484
-0.048371
-0.040314
-0.064484
-0.024201
-0.056427
-0.032257
-0.032257
-0.048371
-0.040314
-0.072540
-0.032257
-0.040314
-0.024201
-0.048371
-0.056427
-0.016144
-0.024201
-0.032257
0.016083
-0.032257
-0.000031
-0.040314
-0.040314
-0.016144
-0.024201
-0.016144
-0.048371
-0.024201
-0.048371
-0.032257
-0.008087
-0.048371
-0.032257
-0.016144
-0.008087
-0.016144
-0.008087
-0.000031
0.008026
-0.064484
-0.217560
-0.346466
-0.507599
-0.580109
-0.620392
-0.547882
-0.507599
-0.443146
-0.290070
-0.169220
-0.072540
-0.024201
-0.008087
0.016083
0.008026
0.008026
-0.000031
0.032196
0.016083
0.016083
0.024139
0.024139
0.008026
0.040253
0.032196
0.040253
0.032196
0.008026
0.016083
0.136932
0.225555
0.257782
0.249725
0.177215
0.128876
0.104706
0.088592
0.072479
0.064422
0.048309
0.040253
0.056366
0.024139
0.040253
0.016083
-0.008087
0.032196
0.008026
-0.008087
0.024139
-0.008087
-0.008087
-0.016144
0.016083
-0.008087
0.008026
0.016083
-0.000031
-0.000031
0.016083
-0.000031
0.008026
-0.016144
0.040253
0.153045
0.354462
0.475311
0.539764
0.563934
0.547821
0.507538
0.418915
0.265838
0.144989
0.048309
-0.016144
-0.032257
-0.000031
-0.016144
-0.040314
-0.048371
-0.040314
-0.048371
-0.024201
-0.056427
-0.048371
-0.088654
-0.032257
-0.064484
-0.072540
-0.056427
-0.064484
-0.080597
-0.040314
-0.056427
-0.040314
-0.032257
-0.040314
-0.032257
-0.040314
-0.056427
-0.032257
-0.024201
-0.040314
-0.032257
-0.032257
-0.048371
-0.032257
-0.032257
-0.032257
-0.032257
-0.032257
-0.040314
-0.032257
-0.032257
-0.056427
-0.040314
-0.040314
-0.040314
-0.008087
-0.024201
-0.016144
-0.024201
-0.016144
-0.024201
-0.056427
-0.032257
-0.080597
-0.225617
-0.370636
-0.523712
-0.580109
-0.596222
-0.604279
-0.531769
-0.459259
-0.290070
-0.145050
-0.056427
-0.024201
0.024139
-0.000031
0.008026
0.032196
0.032196
0.048309
0.032196
0.016083
0.064422
0.032196
0.064422
0.024139
0.008026
0.064422
0.032196
0.032196
0.040253
0.056366
0.024139
0.008026
0.048309
0.040253
0.024139
0.040253
0.016083
0.032196
0.008026
0.024139
0.016083
0.008026
0.032196
-0.016144
0.032196
-0.016144
0.024139
-0.000031
-0.000031
-0.016144
-0.008087
0.016083
0.040253
0.144989
0.209442
0.209442
0.201385
0.169159
0.088592
0.056366
0.080536
0.032196
0.040253
0.064422
0.209442
0.410858
0.499481
0.555878
0.563934
0.555878
0.499481
0.435028
0.306122
0.153045
0.048309
0.016083
-0.008087
-0.032257
-0.032257
-0.040314
-0.048371
-0.056427
-0.048371
-0.048371
-0.032257
-0.056427
-0.072540
-0.072540
-0.072540
-0.056427
-0.040314
-0.072540
-0.032257
-0.040314
-0.048371
-0.040314
-0.048371
-0.048371
-0.040314
-0.032257
-0.032257
-0.048371
-0.032257
-0.032257
-0.040314
-0.016144
-0.032257
-0.032257
-0.032257
-0.024201
-0.024201
-0.000031
-0.016144
-0.048371
-0.032257
-0.024201
-0.048371
-0.016144
-0.024201
-0.008087
-0.024201
0.008026
0.008026
0.008026
-0.016144
-0.016144
-0.000031
-0.072540
-0.225617
-0.410919
-0.499542
-0.572052
-0.604279
-0.580109
-0.539826
-0.443146
-0.322296
-0.177277
-0.056427
0.008026
-0.000031
-0.008087
0.008026
0.008026
0.008026
0.040253
0.024139
0.056366
0.040253
0.064422
0.056366
0.016083
0.032196
0.048309
0.056366
0.040253
0.056366
0.056366
0.032196
0.056366
0.040253
0.040253
0.032196
0.016083
0.016083
0.008026
0.024139
0.016083
0.048309
0.032196
0.024139
0.024139
0.024139
0.008026
0.008026
-0.008087
-0.000031
0.016083
-0.008087
0.008026
0.040253
0.024139
0.032196
0.008026
0.032196
0.016083
0.008026
-0.000031
-0.016144
0.008026
-0.000031
0.032196
0.201385
0.338348
0.491424
0.547821
0.580047
0.555878
0.499481
0.402801
0.290008
0.112762
0.040253
-0.000031
-0.032257
-0.024201
-0.072540
-0.024201
0.112762
0.161102
0.161102
0.169159
0.128876
0.080536
0.056366
-0.000031
0.016083
-0.048371
-0.056427
-0.024201
-0.072540
-0.032257
-0.048371
-0.032257
-0.048371
-0.024201
-0.048371
-0.032257
-0.032257
-0.048371
-0.056427
-0.064484
-0.024201
-0.024201
-0.040314
-0.032257
-0.016144
-0.016144
-0.016144
-0.056427
-0.024201
-0.032257
-0.024201
-0.024201
-0.040314
-0.024201
-0.032257
-0.024201
-0.024201
-0.048371
-0.032257
-0.032257
-0.016144
-0.024201
-0.024201
-0.048371
-0.233673
-0.394806
-0.523712
-0.580109
-0.604279
-0.563996
-0.531769
-0.418976
-0.314240
-0.161163
-0.064484
-0.008087
0.016083
-0.000031
0.032196
0.032196
0.040253
0.024139
0.040253
0.040253
0.016083
0.024139
0.024139
0.048309
0.024139
0.032196
0.048309
0.040253
0.048309
0.048309
0.056366
0.048309
0.048309
0.048309
0.032196
0.024139
-0.000031
0.024139
0.024139
0.008026
0.040253
0.016083
-0.016144
0.008026
-0.000031
-0.000031
-0.008087
0.008026
0.024139
0.032196
0.008026
0.024139
0.008026
-0.008087
0.040253
-0.008087
0.064422
-0.000031
-0.000031
-0.000031
0.024139
0.016083
0.008026
0.064422
0.201385
0.346405
0.507538
0.555878
0.588104
0.531708
0.515594
0.410858
0.290008
0.128876
0.040253
-0.008087
-0.000031
-0.032257
-0.016144
-0.040314
-0.040314
-0.040314
-0.040314
-0.048371
-0.040314
-0.032257
-0.064484
-0.056427
-0.096710
-0.072540
-0.032257
-0.072540
-0.032257
-0.072540
-0.056427
-0.048371
-0.064484
-0.064484
-0.048371
-0.064484
-0.040314
0.016083
0.120819
0.201385
0.169159
0.128876
0.104706
0.056366
0.008026
-0.000031
0.016083
-0.032257
-0.000031
-0.024201
-0.040314
-0.032257
-0.032257
-0.048371
-0.008087
-0.040314
-0.016144
-0.024201
-0.024201
-0.008087
-0.000031
-0.008087
-0.024201
-0.080597
-0.233673
-0.386749
-0.515656
-0.588165
-0.596222
-0.572052
-0.523712
-0.459259
-0.322296
-0.153107
-0.088654
-0.016144
-0.000031
-0.000031
-0.000031
0.024139
0.040253
0.016083
0.032196
0.032196
0.024139
0.056366
0.040253
0.040253
0.032196
0.064422
0.048309
0.040253
0.040253
0.032196
0.016083
0.024139
0.032196
0.040253
0.024139
0.040253
0.040253
0.008026
-0.000031
-0.000031
-0.000031
0.024139
0.016083
0.040253
0.024139
0.016083
0.016083
0.016083
-0.008087
-0.008087
0.048309
0.016083
-0.008087
0.024139
0.024139
-0.008087
-0.008087
-0.000031
0.008026
0.016083
-0.008087
-0.008087
0.008026
0.064422
0.209442
0.362518
0.507538
0.539764
0.596161
0.563934
0.499481
0.435028
0.306122
0.136932
0.040253
-0.000031
-0.040314
-0.016144
-0.032257
-0.024201
-0.032257
-0.064484
-0.048371
-0.048371
-0.048371
-0.040314
-0.032257
-0.040314
-0.048371
-0.056427
-0.080597
-0.056427
-0.040314
-0.048371
-0.040314
-0.040314
-0.040314
-0.040314
-0.032257
-0.032257
-0.032257
-0.024201
-0.040314
-0.024201
-0.040314
-0.040314
-0.024201
-0.008087
-0.048371
-0.040314
-0.024201
-0.008087
-0.016144
-0.040314
-0.024201
-0.048371
-0.032257
-0.024201
-0.024201
-0.032257
-0.032257
-0.016144
-0.024201
-0.048371
-0.016144
-0.024201
-0.024201
-0.064484
-0.217560
-0.394806
-0.443146
-0.394806
-0.394806
-0.410919
-0.378693
-0.354523
-0.233673
-0.128937
-0.024201
-0.008087
0.040253
0.016083
0.024139
0.040253
0.016083
0.032196
0.040253
0.056366
0.040253
0.040253
0.056366
0.048309
0.008026
0.040253
-0.000031
0.024139
0.016083
0.032196
0.024139
0.016083
0.048309
0.024139
0.072479
0.024139
0.008026
0.032196
0.040253
0.024139
0.040253
0.024139
-0.008087
0.016083
-0.008087
-0.024201
-0.000031
-0.000031
0.008026
0.008026
0.016083
0.016083
0.024139
0.008026
0.016083
-0.008087
-0.008087
-0.032257
-0.024201
-0.032257
0.016083
-0.008087
0.016083
0.040253
0.177215
0.338348
0.467254
0.555878
0.563934
0.547821
0.515594
0.418915
0.298065
0.136932
0.048309
0.016083
-0.024201
-0.032257
-0.024201
-0.032257
-0.048371
-0.064484
-0.024201
-0.064484
-0.040314
-0.048371
-0.048371
-0.040314
-0.024201
-0.048371
-0.048371
-0.032257
-0.056427
-0.072540
-0.064484
-0.048371
-0.024201
-0.040314
-0.048371
-0.048371
-0.048371
-0.032257
-0.048371
-0.032257
-0.024201
-0.048371
-0.024201
-0.032257
-0.016144
-0.024201
-0.040314
-0.008087
-0.056427
-0.008087
-0.040314
-0.040314
-0.008087
-0.032257
-0.032257
-0.032257
-0.032257
-0.040314
-0.008087
-0.008087
-0.016144
-0.024201
-0.016144
-0.064484
-0.201447
-0.346466
