-0.509734
-0.509734
-0.437224
-0.421111
-0.356657
-0.187468
-0.106902
-0.026335
0.005891
-0.018279
0.013948
-0.010222
0.005891
0.022005
0.022005
0.022005
0.022005
0.022005
0.054231
0.054231
0.030061
0.013948
0.038118
0.022005
0.022005
0.062288
0.054231
0.046175
0.054231
0.038118
0.030061
0.022005
0.038118
0.013948
0.046175
0.013948
-0.010222
0.005891
0.013948
-0.002165
-0.002165
0.022005
0.013948
-0.002165
0.022005
-0.010222
0.005891
0.013948
0.046175
-0.010222
0.013948
-0.042448
-0.042448
0.013948
-0.010222
-0.026335
-0.034392
-0.026335
-0.034392
0.094514
0.303987
0.505403
0.626253
0.698762
0.730989
0.690706
0.585970
0.537630
0.440950
0.303987
0.167024
0.038118
0.005891
-0.026335
-0.058562
-0.042448
-0.034392
-0.042448
-0.026335
-0.074675
-0.074675
-0.050505
-0.042448
-0.066618
-0.050505
-0.082732
-0.074675
-0.058562
-0.074675
-0.050505
-0.058562
-0.082732
-0.042448
-0.058562
-0.066618
-0.042448
-0.034392
-0.034392
-0.018279
-0.042448
-0.018279
-0.050505
-0.026335
-0.042448
-0.026335
-0.058562
-0.010222
-0.026335
-0.042448
-0.010222
-0.050505
0.005891
-0.042448
-0.034392
-0.026335
-0.026335
-0.034392
-0.026335
-0.010222
-0.026335
-0.042448
-0.002165
0.005891
-0.018279
-0.114958
-0.308318
-0.421111
-0.550017
-0.574187
-0.614470
-0.550017
-0.485564
-0.380827
-0.227751
-0.098845
-0.026335
-0.026335
0.005891
0.013948
0.005891
0.013948
0.030061
0.013948
0.030061
0.038118
0.038118
0.030061
0.070345
0.038118
0.046175
-0.002165
0.046175
0.046175
0.030061
0.038118
0.046175
0.013948
0.038118
0.030061
0.005891
0.022005
0.005891
0.013948
0.022005
0.022005
0.022005
0.030061
0.013948
0.005891
0.022005
0.038118
0.022005
0.022005
0.022005
0.005891
0.022005
0.022005
-0.010222
-0.026335
0.013948
-0.026335
0.005891
0.030061
-0.018279
-0.010222
-0.042448
0.022005
0.046175
0.126741
0.312044
0.408723
0.513460
0.537630
0.529573
0.513460
0.424837
0.352327
0.215364
0.094514
0.030061
-0.018279
-0.026335
-0.034392
-0.018279
-0.066618
-0.050505
-0.074675
-0.066618
-0.066618
-0.074675
-0.018279
0.110628
0.142854
0.167024
0.126741
0.150911
0.086458
0.070345
0.038118
0.005891
0.030061
-0.026335
-0.026335
-0.042448
-0.042448
-0.026335
-0.050505
-0.050505
-0.026335
-0.050505
-0.026335
-0.058562
-0.050505
-0.066618
-0.042448
-0.026335
-0.018279
-0.034392
-0.042448
0.022005
-0.042448
-0.042448
0.005891
-0.026335
-0.018279
-0.026335
-0.018279
-0.018279
-0.034392
-0.026335
-0.034392
-0.042448
-0.123015
-0.308318
-0.429167
-0.541960
-0.533904
-0.566130
-0.533904
-0.453337
-0.388884
-0.243864
-0.106902
-0.066618
-0.034392
-0.002165
0.022005
0.005891
0.022005
-0.010222
0.038118
0.022005
0.022005
0.046175
0.038118
0.030061
0.046175
0.078401
0.005891
0.054231
-0.026335
0.030061
0.046175
0.022005
0.030061
0.038118
0.038118
0.005891
0.013948
0.046175
0.013948
0.054231
0.022005
0.013948
-0.010222
-0.002165
-0.002165
0.005891
-0.002165
0.013948
-0.002165
0.005891
0.005891
0.038118
-0.010222
0.005891
-0.002165
-0.002165
-0.010222
0.005891
0.013948
-0.010222
-0.026335
-0.002165
-0.026335
-0.010222
0.134798
0.287874
0.489290
0.521516
0.537630
0.529573
0.489290
0.408723
0.352327
0.223421
0.094514
0.005891
-0.026335
-0.042448
-0.026335
-0.026335
-0.026335
-0.042448
-0.034392
-0.034392
-0.058562
-0.050505
-0.058562
-0.042448
-0.058562
-0.066618
-0.034392
-0.082732
-0.066618
-0.034392
-0.066618
-0.042448
-0.050505
-0.058562
-0.042448
-0.050505
-0.066618
-0.058562
-0.042448
-0.058562
-0.042448
-0.050505
-0.050505
-0.034392
-0.058562
-0.050505
-0.026335
-0.034392
-0.058562
-0.002165
0.150911
0.199251
0.223421
0.191194
0.199251
0.175081
0.134798
0.102571
0.110628
0.110628
0.030061
0.013948
0.005891
-0.026335
-0.131072
-0.340544
-0.469450
-0.574187
-0.598357
-0.582243
-0.550017
-0.477507
-0.372771
-0.203581
-0.106902
-0.042448
-0.026335
-0.042448
0.046175
-0.010222
0.005891
0.030061
-0.010222
0.022005
0.030061
0.046175
0.030061
0.005891
0.013948
0.038118
0.030061
0.046175
-0.002165
0.046175
0.022005
0.030061
0.022005
0.013948
0.046175
0.005891
0.046175
0.013948
0.038118
0.030061
0.005891
0.038118
0.030061
-0.018279
0.030061
0.005891
0.030061
0.005891
-0.002165
-0.002165
0.046175
-0.018279
0.022005
0.013948
0.022005
0.005891
0.013948
0.013948
0.013948
0.005891
-0.010222
0.005891
0.013948
0.013948
0.134798
0.336214
0.457063
0.505403
0.553743
0.553743
0.497346
0.449007
0.352327
0.223421
0.054231
0.005891
-0.042448
-0.050505
-0.034392
-0.042448
-0.074675
-0.050505
-0.066618
-0.050505
-0.042448
-0.058562
-0.074675
-0.026335
-0.058562
-0.050505
-0.058562
-0.034392
-0.042448
-0.050505
-0.050505
-0.058562
-0.042448
-0.042448
-0.050505
-0.066618
-0.026335
-0.042448
-0.034392
-0.050505
-0.034392
-0.034392
-0.034392
-0.026335
-0.042448
-0.026335
-0.058562
-0.042448
-0.042448
-0.050505
-0.026335
-0.042448
-0.050505
-0.026335
-0.034392
-0.034392
-0.034392
-0.026335
-0.018279
-0.002165
-0.034392
-0.034392
-0.042448
-0.050505
-0.187468
-0.332488
-0.501677
-0.566130
-0.606413
-0.606413
-0.558073
-0.421111
-0.155241
-0.010222
0.142854
0.167024
0.175081
0.167024
0.167024
0.126741
0.078401
0.054231
0.030061
0.046175
0.038118
0.038118
0.046175
0.054231
0.022005
0.062288
0.038118
0.046175
0.030061
0.013948
0.022005
0.030061
0.038118
0.022005
0.038118
0.022005
0.038118
0.046175
0.013948
0.022005
0.046175
0.005891
0.013948
0.022005
0.005891
0.005891
0.030061
0.005891
0.030061
0.038118
-0.002165
0.005891
0.013948
-0.010222
0.013948
0.046175
0.038118
0.022005
0.013948
-0.010222
-0.026335
0.013948
-0.002165
0.030061
0.167024
0.320100
0.449007
0.513460
0.577913
0.553743
0.521516
0.432893
0.352327
0.183137
0.062288
-0.002165
-0.026335
-0.034392
-0.042448
-0.042448
-0.050505
-0.042448
-0.026335
-0.058562
-0.042448
-0.034392
-0.050505
-0.042448
-0.058562
-0.066618
-0.050505
-0.050505
-0.050505
-0.058562
-0.058562
-0.026335
-0.042448
-0.042448
-0.034392
-0.042448
-0.050505
-0.034392
-0.034392
-0.026335
-0.066618
-0.042448
-0.066618
-0.050505
-0.018279
0.005891
-0.034392
-0.034392
-0.018279
-0.026335
-0.042448
-0.042448
-0.042448
-0.026335
-0.018279
-0.026335
-0.034392
-0.018279
-0.042448
-0.018279
-0.026335
-0.026335
-0.018279
-0.058562
-0.171355
-0.332488
-0.461394
-0.590300
-0.574187
-0.574187
-0.550017
-0.485564
-0.380827
-0.235808
-0.114958
-0.042448
0.013948
-0.010222
0.013948
0.030061
-0.010222
0.054231
0.046175
0.038118
-0.002165
0.046175
0.030061
0.030061
0.022005
0.046175
0.038118
0.030061
0.022005
0.030061
0.038118
0.046175
-0.010222
0.038118
0.005891
-0.002165
0.142854
0.207307
0.231477
0.215364
0.158968
0.142854
0.094514
0.086458
0.030061
0.070345
0.022005
0.030061
0.038118
0.038118
0.022005
0.038118
0.005891
0.046175
0.022005
-0.010222
0.038118
0.030061
-0.002165
-0.002165
-0.010222
-0.034392
-0.010222
0.038118
0.167024
0.328157
0.457063
0.529573
0.577913
0.561800
0.537630
0.457063
0.303987
0.183137
0.062288
0.022005
-0.018279
-0.034392
0.005891
-0.034392
-0.042448
-0.042448
-0.066618
-0.050505
-0.026335
-0.042448
-0.058562
-0.050505
-0.074675
-0.058562
-0.042448
-0.050505
-0.018279
-0.042448
-0.034392
-0.050505
-0.050505
-0.042448
-0.058562
-0.050505
-0.034392
-0.002165
-0.058562
-0.026335
-0.026335
-0.010222
-0.066618
-0.050505
-0.034392
-0.034392
-0.018279
-0.050505
-0.026335
-0.026335
-0.042448
-0.018279
-0.042448
-0.042448
-0.026335
-0.018279
-0.010222
-0.010222
-0.018279
-0.042448
-0.026335
-0.002165
-0.018279
-0.026335
-0.139128
-0.356657
-0.485564
-0.566130
-0.606413
-0.541960
-0.517790
-0.469450
-0.372771
-0.227751
-0.098845
-0.018279
-0.018279
0.005891
0.005891
0.038118
0.030061
0.022005
0.062288
0.022005
0.013948
0.038118
0.038118
0.005891
0.038118
0.030061
0.022005
0.005891
0.070345
0.030061
0.030061
0.022005
0.046175
-0.002165
0.030061
-0.002165
0.013948
0.038118
0.022005
0.038118
0.022005
0.022005
0.038118
-0.002165
0.030061
0.013948
0.013948
-0.026335
-0.010222
0.054231
0.013948
0.022005
0.005891
0.005891
0.005891
-0.026335
-0.050505
0.005891
-0.042448
0.013948
0.150911
0.231477
0.223421
0.263704
0.352327
0.513460
0.602083
0.658479
0.618196
0.569856
0.545686
0.416780
0.344270
0.167024
0.070345
-0.010222
-0.042448
-0.034392
-0.042448
-0.066618
-0.058562
-0.050505
-0.050505
-0.066618
-0.058562
-0.066618
-0.034392
-0.050505
-0.042448
-0.074675
-0.058562
-0.058562
-0.050505
-0.050505
-0.050505
-0.058562
-0.050505
-0.034392
-0.034392
-0.042448
-0.058562
-0.026335
-0.066618
-0.042448
-0.034392
-0.050505
-0.034392
-0.050505
-0.034392
-0.018279
-0.034392
-0.042448
-0.026335
-0.026335
-0.058562
-0.034392
-0.058562
-0.066618
-0.026335
-0.042448
-0.010222
-0.018279
-0.018279
-0.018279
-0.042448
-0.010222
-0.010222
-0.058562
-0.171355
-0.372771
-0.477507
-0.541960
-0.598357
-0.590300
-0.525847
-0.477507
-0.364714
-0.195525
-0.098845
-0.034392
-0.018279
-0.018279
-0.002165
0.013948
0.030061
0.038118
0.005891
0.022005
0.046175
0.005891
0.062288
0.022005
0.038118
0.062288
0.046175
0.046175
0.013948
0.022005
0.070345
0.022005
0.046175
0.030061
0.038118
0.030061
0.022005
0.005891
0.046175
0.022005
0.005891
0.038118
0.005891
0.013948
0.022005
0.030061
0.013948
0.013948
-0.010222
0.022005
0.005891
0.005891
0.013948
-0.010222
0.005891
0.013948
0.022005
0.013948
-0.002165
-0.002165
0.030061
0.022005
-0.010222
0.022005
0.175081
0.328157
0.481233
0.513460
0.529573
0.537630
0.481233
0.408723
0.320100
0.175081
0.070345
-0.010222
-0.050505
-0.010222
-0.034392
-0.050505
-0.058562
-0.058562
-0.074675
-0.082732
-0.058562
-0.066618
-0.058562
0.110628
0.134798
0.207307
0.199251
0.158968
0.134798
0.126741
0.110628
0.054231
0.054231
0.022005
-0.026335
-0.018279
-0.034392
-0.058562
-0.026335
-0.034392
-0.050505
-0.002165
-0.034392
-0.042448
-0.050505
-0.002165
-0.042448
-0.042448
-0.034392
-0.042448
-0.010222
-0.026335
-0.050505
-0.058562
-0.034392
-0.050505
-0.050505
-0.050505
-0.026335
0.005891
-0.010222
-0.010222
0.013948
-0.050505
-0.187468
-0.348601
-0.477507
-0.550017
-0.566130
-0.558073
-0.550017
-0.477507
-0.372771
-0.227751
-0.123015
-0.034392
0.030061
0.005891
0.005891
0.038118
-0.002165
0.022005
0.005891
0.038118
0.013948
0.030061
0.013948
0.013948
0.013948
0.038118
0.054231
0.054231
0.005891
0.030061
0.046175
0.013948
0.022005
0.062288
0.022005
0.013948
0.005891
0.030061
0.038118
0.038118
0.005891
0.030061
0.022005
0.030061
0.038118
0.013948
0.046175
0.005891
0.005891
0.030061
0.030061
-0.002165
0.005891
0.005891
-0.002165
0.013948
-0.010222
0.030061
0.013948
-0.002165
-0.034392
0.005891
-0.018279
0.030061
0.158968
0.352327
0.449007
0.529573
0.585970
0.553743
0.489290
0.424837
0.328157
0.183137
0.070345
0.022005
-0.010222
-0.050505
-0.010222
-0.066618
-0.042448
-0.066618
-0.034392
-0.034392
-0.018279
-0.050505
-0.042448
-0.042448
-0.042448
-0.058562
-0.042448
-0.042448
-0.058562
-0.074675
-0.058562
-0.074675
-0.058562
-0.034392
-0.074675
-0.074675
-0.058562
-0.042448
-0.034392
-0.042448
-0.050505
-0.058562
-0.074675
-0.042448
0.005891
0.150911
0.199251
0.223421
0.207307
0.158968
0.158968
0.142854
0.102571
0.054231
0.046175
0.046175
0.005891
0.022005
-0.042448
-0.026335
0.005891
-0.018279
-0.034392
-0.058562
-0.187468
-0.364714
-0.485564
-0.598357
-0.598357
-0.582243
-0.541960
-0.461394
-0.332488
-0.219695
-0.106902
-0.042448
-0.034392
-0.002165
0.038118
0.013948
0.013948
0.022005
0.005891
0.022005
0.054231
0.030061
0.013948
0.013948
0.054231
0.013948
0.038118
0.013948
-0.002165
0.054231
0.013948
0.013948
-0.018279
0.038118
-0.002165
-0.018279
0.005891
0.005891
0.022005
-0.018279
0.054231
0.022005
0.038118
0.022005
0.005891
0.030061
0.022005
0.013948
0.013948
-0.026335
0.005891
0.038118
0.022005
0.030061
0.005891
-0.002165
0.013948
0.005891
-0.018279
-0.010222
-0.002165
-0.002165
-0.034392
0.046175
0.191194
0.352327
0.473177
0.529573
0.553743
0.537630
0.473177
0.416780
0.320100
0.191194
0.078401
0.038118
-0.018279
-0.042448
-0.018279
-0.034392
-0.058562
-0.042448
-0.042448
-0.074675
-0.058562
-0.050505
-0.066618
-0.066618
-0.074675
-0.082732
-0.058562
-0.050505
-0.058562
-0.058562
-0.042448
-0.066618
-0.058562
-0.066618
-0.058562
-0.034392
-0.050505
-0.034392
-0.050505
-0.034392
-0.034392
-0.050505
-0.010222
-0.042448
0.030061
-0.002165
-0.034392
-0.018279
-0.058562
-0.050505
-0.042448
-0.050505
-0.050505
-0.042448
-0.034392
-0.018279
-0.042448
-0.002165
-0.010222
-0.034392
-0.034392
-0.034392
-0.018279
-0.074675
-0.211638
-0.388884
-0.501677
-0.590300
-0.622527
-0.606413
-0.550017
-0.485564
-0.356657
-0.114958
0.110628
0.215364
0.255647
0.239534
0.223421
0.199251
0.199251
0.158968
0.134798
0.094514
0.046175
0.054231
0.070345
0.030061
0.054231
0.030061
0.030061
0.038118
0.022005
0.070345
0.038118
0.046175
0.013948
0.030061
0.038118
0.030061
0.030061
0.030061
0.046175
0.022005
0.030061
0.013948
0.022005
-0.010222
0.013948
0.013948
0.013948
0.005891
0.022005
0.030061
0.022005
0.022005
-0.010222
0.013948
-0.002165
-0.010222
0.013948
-0.010222
-0.002165
0.013948
0.005891
0.030061
0.005891
0.030061
0.207307
0.303987
0.449007
0.545686
0.545686
0.537630
0.489290
0.424837
0.271761
0.183137
0.054231
0.005891
-0.010222
-0.026335
-0.034392
-0.066618
-0.026335
-0.042448
-0.034392
-0.042448
-0.002165
-0.050505
-0.074675
-0.042448
-0.074675
-0.074675
-0.042448
-0.066618
-0.050505
-0.058562
-0.066618
-0.026335
-0.058562
-0.026335
-0.050505
-0.058562
-0.066618
-0.026335
-0.050505
-0.050505
-0.034392
-0.034392
-0.034392
-0.018279
-0.034392
-0.018279
-0.018279
-0.042448
-0.026335
-0.026335
-0.010222
-0.034392
-0.026335
-0.026335
0.005891
-0.042448
-0.026335
-0.010222
-0.058562
-0.026335
-0.010222
-0.018279
-0.066618
-0.058562
-0.227751
-0.388884
-0.493620
-0.566130
-0.582243
-0.582243
-0.541960
-0.453337
-0.348601
-0.179411
-0.058562
0.005891
-0.002165
0.022005
0.013948
-0.010222
0.022005
0.013948
0.046175
0.022005
0.054231
0.046175
0.038118
0.062288
0.038118
0.022005
0.030061
0.022005
0.022005
0.022005
0.005891
-0.002165
0.038118
0.158968
0.231477
0.279817
0.239534
0.231477
0.215364
0.191194
0.158968
0.134798
0.118684
0.102571
0.054231
0.054231
0.013948
0.054231
0.013948
0.030061
-0.002165
0.046175
0.013948
-0.002165
0.038118
0.005891
0.030061
-0.002165
0.013948
-0.002165
0.005891
0.005891
-0.050505
0.078401
0.167024
0.416780
0.465120
0.553743
0.553743
0.497346
0.529573
0.408723
0.303987
0.167024
0.038118
0.005891
0.005891
-0.042448
-0.050505
-0.018279
-0.050505
-0.066618
-0.058562
-0.066618
-0.058562
-0.066618
-0.058562
-0.066618
-0.066618
-0.066618
-0.050505
-0.042448
-0.098845
-0.050505
-0.074675
-0.050505
-0.066618
-0.034392
-0.050505
-0.074675
-0.042448
-0.026335
-0.058562
-0.034392
-0.018279
-0.026335
-0.026335
-0.042448
-0.018279
-0.034392
-0.042448
-0.002165
-0.026335
-0.026335
-0.018279
-0.050505
-0.002165
-0.026335
-0.002165
-0.034392
-0.002165
-0.042448
-0.042448
-0.018279
-0.042448
-0.010222
-0.010222
-0.098845
-0.219695
-0.388884
-0.477507
-0.566130
-0.606413
-0.550017
-0.541960
-0.421111
-0.348601
-0.211638
-0.066618
-0.026335
-0.026335
-0.002165
0.038118
0.038118
0.038118
0.038118
0.022005
0.038118
0.030061
0.030061
0.046175
0.062288
0.038118
0.030061
0.038118
0.030061
0.046175
0.038118
0.078401
0.062288
0.094514
0.038118
0.046175
0.054231
0.022005
0.038118
0.005891
0.022005
0.013948
-0.010222
0.022005
0.013948
0.005891
-0.002165
-0.002165
-0.002165
0.013948
-0.010222
-0.002165
0.005891
-0.034392
0.013948
-0.002165
-0.018279
-0.026335
-0.018279
-0.050505
-0.010222
0.086458
0.239534
0.255647
0.303987
0.408723
0.577913
0.658479
0.682649
0.666536
0.642366
0.529573
0.457063
0.312044
0.167024
0.070345
0.022005
-0.002165
-0.034392
-0.026335
-0.034392
-0.066618
-0.106902
-0.042448
-0.050505
-0.058562
-0.074675
-0.050505
-0.074675
-0.042448
-0.050505
-0.082732
-0.042448
-0.050505
-0.066618
-0.058562
-0.050505
-0.090788
-0.066618
-0.026335
-0.050505
-0.026335
-0.058562
-0.034392
-0.042448
-0.034392
-0.026335
-0.042448
-0.010222
-0.042448
-0.066618
-0.010222
-0.066618
-0.042448
-0.050505
-0.010222
-0.042448
-0.034392
-0.042448
-0.026335
0.013948
-0.050505
-0.050505
-0.010222
-0.042448
-0.010222
-0.018279
-0.018279
-0.082732
-0.211638
-0.396941
-0.517790
-0.566130
-0.622527
-0.550017
-0.533904
-0.461394
-0.348601
-0.195525
-0.106902
-0.026335
-0.026335
0.013948
-0.002165
0.030061
0.030061
0.022005
0.038118
0.030061
0.038118
0.046175
0.013948
0.022005
0.054231
0.022005
0.013948
0.038118
0.038118
-0.010222
0.046175
0.022005
0.046175
0.013948
0.038118
0.013948
0.038118
0.005891
0.005891
0.038118
0.013948
0.022005
-0.026335
0.022005
0.030061
0.005891
0.005891
0.005891
-0.002165
-0.002165
0.013948
0.013948
0.013948
0.005891
0.022005
0.013948
-0.018279
-0.002165
0.005891
-0.002165
-0.002165
0.005891
-0.002165
0.086458
0.199251
0.360384
0.440950
0.521516
0.561800
0.529573
0.505403
0.392610
0.312044
0.150911
0.030061
-0.010222
-0.010222
-0.050505
-0.074675
-0.034392
-0.098845
-0.042448
0.142854
0.158968
0.215364
0.158968
0.158968
0.134798
0.086458
0.094514
0.062288
0.062288
0.022005
-0.034392
0.005891
-0.026335
-0.026335
-0.050505
-0.066618
-0.034392
-0.058562
-0.026335
-0.034392
-0.058562
-0.026335
-0.050505
-0.058562
-0.026335
-0.042448
-0.050505
-0.050505
-0.034392
-0.066618
-0.058562
-0.050505
-0.042448
-0.034392
-0.042448
-0.018279
-0.026335
-0.026335
-0.018279
-0.018279
-0.026335
-0.002165
-0.042448
-0.002165
-0.058562
-0.219695
-0.388884
-0.485564
-0.574187
-0.606413
-0.574187
-0.525847
-0.461394
-0.324431
-0.203581
-0.050505
-0.018279
0.038118
0.030061
-0.002165
0.030061
0.005891
0.030061
0.038118
0.038118
0.046175
0.038118
0.030061
0.038118
0.086458
0.013948
0.038118
0.054231
0.046175
0.046175
0.038118
0.038118
0.022005
0.022005
0.030061
0.038118
0.013948
0.005891
0.030061
0.038118
-0.010222
0.046175
0.030061
0.005891
0.030061
0.005891
0.022005
0.030061
0.046175
0.013948
0.030061
-0.002165
0.046175
-0.002165
-0.010222
0.038118
0.030061
0.038118
-0.002165
-0.026335
-0.002165
-0.002165
0.005891
0.046175
0.223421
0.344270
0.457063
0.529573
0.537630
0.521516
0.473177
0.424837
0.287874
0.158968
0.038118
0.038118
-0.002165
-0.018279
-0.042448
-0.058562
-0.002165
-0.042448
-0.050505
-0.058562
-0.058562
-0.026335
-0.066618
-0.074675
-0.026335
-0.066618
-0.026335
-0.058562
-0.058562
-0.050505
-0.050505
-0.034392
-0.042448
-0.058562
-0.026335
-0.050505
-0.050505
-0.050505
-0.066618
-0.058562
-0.050505
-0.050505
-0.074675
-0.058562
-0.058562
-0.074675
0.022005
0.167024
0.199251
0.191194
0.175081
0.183137
0.142854
0.134798
0.110628
0.062288
0.013948
0.013948
0.030061
-0.002165
0.005891
-0.018279
-0.026335
-0.090788
-0.227751
-0.388884
-0.509734
-0.558073
-0.606413
-0.598357
-0.509734
-0.453337
-0.340544
-0.203581
-0.066618
-0.034392
-0.026335
-0.010222
0.022005
-0.002165
0.030061
0.046175
0.022005
0.005891
0.062288
0.046175
0.046175
0.038118
0.054231
0.038118
0.022005
0.030061
0.054231
0.062288
0.030061
0.038118
0.022005
0.013948
0.046175
0.030061
0.046175
-0.010222
-0.002165
0.046175
0.022005
0.038118
-0.010222
0.005891
0.013948
0.005891
0.022005
-0.018279
0.030061
0.022005
0.022005
0.022005
-0.002165
0.022005
0.022005
0.070345
0.013948
-0.026335
0.005891
-0.010222
-0.010222
0.013948
0.005891
0.046175
0.223421
0.376497
0.473177
0.521516
0.577913
0.529573
0.505403
0.376497
0.287874
0.167024
0.054231
0.038118
0.022005
-0.026335
-0.042448
-0.026335
-0.050505
-0.026335
-0.050505
-0.050505
-0.066618
-0.042448
-0.058562
-0.066618
-0.042448
-0.050505
-0.042448
-0.058562
-0.050505
-0.050505
-0.058562
-0.074675
-0.058562
-0.050505
-0.042448
-0.066618
-0.074675
-0.034392
-0.042448
-0.034392
-0.034392
-0.050505
-0.026335
-0.026335
-0.042448
0.005891
-0.018279
-0.034392
-0.026335
-0.010222
-0.026335
-0.034392
-0.034392
-0.042448
-0.050505
-0.042448
-0.034392
-0.018279
0.005891
-0.018279
-0.026335
0.005891
-0.034392
-0.131072
-0.259978
-0.396941
-0.533904
-0.582243
-0.630583
-0.541960
-0.404997
-0.195525
-0.058562
0.070345
0.150911
0.191194
0.175081
0.134798
0.134798
0.158968
0.078401
0.046175
0.078401
0.054231
0.054231
0.070345
0.030061
0.038118
0.054231
0.054231
0.054231
0.054231
0.046175
0.062288
0.005891
0.022005
-0.018279
0.022005
0.038118
0.030061
0.022005
-0.002165
0.022005
0.005891
0.013948
0.005891
-0.010222
0.005891
0.013948
-0.010222
0.022005
0.022005
-0.002165
0.005891
0.030061
0.038118
0.013948
0.030061
-0.002165
-0.018279
0.013948
-0.010222
0.022005
0.046175
-0.018279
-0.002165
-0.010222
0.086458
0.255647
0.392610
0.505403
0.577913
0.561800
0.553743
0.481233
0.392610
0.279817
0.134798
0.013948
-0.002165
-0.026335
-0.034392
-0.042448
-0.050505
-0.058562
-0.058562
-0.066618
-0.034392
-0.058562
-0.082732
-0.066618
-0.058562
-0.066618
-0.042448
-0.050505
-0.050505
-0.042448
-0.066618
-0.058562
-0.034392
-0.042448
-0.050505
-0.066618
-0.050505
-0.066618
-0.018279
-0.034392
-0.050505
-0.002165
-0.050505
0.005891
-0.034392
-0.026335
-0.034392
-0.026335
-0.058562
-0.042448
-0.050505
0.005891
-0.050505
0.013948
-0.058562
-0.018279
-0.002165
-0.010222
-0.018279
-0.010222
-0.002165
-0.018279
-0.010222
-0.002165
-0.098845
-0.259978
-0.388884
-0.493620
-0.574187
-0.558073
-0.550017
-0.517790
-0.437224
-0.308318
-0.187468
-0.074675
-0.018279
-0.018279
0.005891
0.013948
0.005891
-0.010222
0.038118
0.013948
0.030061
0.030061
-0.010222
0.022005
0.046175
0.022005
0.013948
0.038118
0.030061
0.013948
0.013948
0.005891
-0.002165
0.022005
0.094514
0.223421
0.320100
0.271761
0.231477
0.223421
0.215364
0.167024
0.142854
0.078401
0.054231
0.038118
0.005891
-0.010222
0.038118
0.013948
0.030061
-0.002165
0.005891
-0.002165
0.005891
0.030061
-0.034392
0.022005
-0.002165
-0.018279
-0.002165
-0.034392
-0.042448
-0.002165
0.086458
0.255647
0.392610
0.513460
0.537630
0.561800
0.529573
0.489290
0.449007
0.303987
0.126741
0.062288
0.013948
-0.010222
-0.042448
-0.058562
-0.026335
-0.050505
-0.050505
-0.026335
-0.058562
-0.058562
-0.058562
-0.082732
-0.042448
-0.050505
-0.066618
-0.034392
-0.066618
-0.066618
-0.074675
-0.066618
-0.074675
-0.058562
-0.034392
-0.026335
-0.050505
-0.066618
-0.050505
-0.018279
-0.026335
-0.018279
-0.050505
-0.058562
-0.042448
-0.050505
-0.042448
-0.042448
-0.034392
-0.010222
-0.026335
-0.042448
-0.074675
-0.050505
-0.042448
-0.026335
-0.018279
-0.002165
-0.018279
-0.010222
-0.018279
-0.026335
-0.010222
-0.026335
-0.082732
-0.243864
-0.404997
-0.525847
-0.558073
-0.590300
-0.558073
-0.493620
-0.437224
-0.284148
-0.195525
-0.066618
-0.010222
-0.002165
0.005891
0.013948
0.013948
0.022005
0.005891
0.022005
0.022005
0.046175
0.030061
0.030061
0.013948
0.046175
0.054231
0.062288
0.046175
0.013948
0.046175
0.038118
0.054231
0.030061
0.022005
0.030061
-0.002165
0.046175
-0.002165
0.030061
0.005891
0.005891
-0.002165
0.013948
0.005891
0.013948
0.005891
-0.002165
0.030061
-0.026335
0.013948
-0.018279
0.013948
0.005891
-0.042448
0.013948
0.134798
0.231477
0.263704
0.223421
0.191194
0.167024
0.167024
0.134798
0.223421
0.303987
0.457063
0.521516
0.585970
0.577913
0.529573
0.505403
0.392610
0.271761
0.158968
0.022005
0.013948
-0.010222
-0.050505
-0.026335
-0.042448
-0.042448
-0.026335
-0.058562
-0.066618
-0.042448
-0.050505
-0.058562
-0.042448
-0.090788
-0.050505
-0.066618
-0.050505
-0.034392
-0.058562
-0.082732
-0.042448
-0.042448
-0.050505
-0.058562
-0.034392
-0.034392
-0.018279
-0.026335
-0.058562
-0.010222
-0.026335
-0.010222
-0.010222
-0.042448
-0.050505
-0.050505
-0.026335
-0.042448
-0.034392
-0.042448
-0.042448
-0.074675
-0.018279
-0.018279
-0.042448
-0.018279
-0.034392
-0.010222
-0.026335
-0.002165
-0.034392
-0.010222
-0.106902
-0.268034
-0.404997
-0.509734
-0.574187
-0.582243
-0.550017
-0.469450
-0.445280
-0.300261
-0.171355
-0.074675
-0.018279
-0.010222
0.013948
-0.010222
0.022005
-0.018279
0.005891
0.062288
0.070345
0.038118
0.038118
0.030061
0.038118
0.030061
0.013948
0.030061
0.030061
0.038118
0.022005
0.062288
0.046175
0.038118
0.030061
0.038118
-0.010222
0.030061
-0.002165
0.005891
0.013948
0.038118
0.022005
0.022005
0.013948
-0.002165
-0.010222
-0.018279
0.046175
0.013948
-0.026335
0.038118
0.030061
0.046175
0.038118
0.005891
0.013948
0.038118
0.022005
0.005891
0.005891
-0.018279
0.013948
-0.010222
0.102571
0.215364
0.368440
0.481233
0.545686
0.513460
0.553743
0.481233
0.408723
0.239534
0.134798
0.038118
-0.026335
-0.058562
-0.034392
-0.034392
-0.058562
-0.042448
-0.066618
-0.082732
0.013948
0.110628
0.183137
0.199251
0.175081
0.142854
0.126741
0.102571
0.070345
0.013948
0.013948
-0.034392
-0.010222
-0.058562
-0.058562
-0.034392
-0.042448
-0.042448
-0.034392
-0.026335
-0.026335
-0.034392
-0.034392
-0.050505
-0.042448
-0.042448
-0.050505
-0.042448
-0.042448
-0.010222
-0.050505
-0.018279
-0.058562
-0.010222
-0.042448
-0.026335
-0.010222
-0.018279
-0.002165
-0.042448
-0.002165
-0.002165
-0.010222
-0.034392
-0.090788
-0.259978
-0.429167
-0.558073
-0.566130
-0.614470
-0.566130
-0.525847
-0.404997
-0.300261
-0.171355
-0.098845
-0.034392
-0.010222
-0.002165
0.022005
0.013948
0.038118
-0.010222
0.005891
0.070345
0.022005
0.030061
0.030061
0.046175
0.038118
0.038118
0.022005
0.054231
0.030061
0.038118
0.038118
0.030061
0.022005
0.030061
0.022005
-0.002165
0.022005
0.046175
0.022005
0.038118
0.005891
-0.018279
-0.002165
0.054231
-0.002165
0.013948
0.005891
0.005891
0.013948
0.005891
-0.002165
-0.010222
0.022005
-0.010222
0.005891
-0.010222
0.038118
-0.034392
0.013948
0.005891
-0.002165
-0.002165
0.005891
0.078401
0.223421
0.400667
0.497346
0.529573
0.553743
0.529573
0.473177
0.368440
0.231477
0.167024
0.054231
0.022005
-0.034392
-0.026335
-0.034392
-0.042448
-0.034392
-0.042448
-0.066618
-0.074675
-0.050505
-0.074675
-0.018279
-0.074675
-0.106902
-0.082732
-0.034392
-0.026335
-0.042448
-0.066618
-0.034392
-0.034392
-0.058562
-0.074675
-0.082732
-0.034392
-0.050505
-0.058562
-0.026335
-0.066618
-0.058562
-0.074675
-0.042448
0.038118
0.158968
0.215364
0.215364
0.223421
0.191194
0.118684
0.126741
0.094514
0.086458
0.078401
0.054231
0.022005
0.013948
-0.026335
0.022005
-0.002165
-0.034392
-0.018279
-0.042448
-0.090788
-0.251921
-0.396941
-0.517790
-0.590300
-0.598357
-0.533904
-0.509734
-0.437224
-0.292204
-0.187468
-0.098845
-0.010222
0.005891
-0.010222
-0.010222
0.022005
0.022005
0.038118
0.013948
0.030061
0.030061
0.022005
0.030061
0.038118
0.022005
0.022005
0.070345
0.022005
0.022005
0.038118
-0.002165
0.030061
-0.002165
0.013948
0.038118
0.005891
0.013948
0.054231
0.005891
0.005891
0.013948
-0.026335
-0.002165
-0.002165
-0.002165
-0.018279
-0.002165
-0.002165
0.013948
0.013948
0.005891
0.013948
0.013948
0.005891
0.013948
0.013948
0.005891
-0.018279
-0.002165
-0.010222
-0.018279
-0.018279
-0.002165
0.102571
0.279817
0.408723
0.521516
0.602083
0.585970
0.553743
0.473177
0.408723
0.263704
0.110628
0.022005
0.022005
-0.026335
-0.050505
-0.050505
-0.066618
-0.010222
-0.042448
-0.034392
-0.026335
-0.042448
-0.034392
-0.058562
-0.074675
-0.042448
-0.058562
-0.066618
-0.074675
-0.058562
-0.074675
-0.066618
-0.066618
-0.058562
-0.042448
-0.058562
-0.050505
-0.018279
-0.058562
-0.018279
-0.010222
-0.058562
-0.018279
-0.026335
-0.026335
-0.034392
-0.042448
-0.026335
-0.042448
-0.034392
-0.026335
-0.034392
-0.034392
-0.050505
-0.010222
-0.018279
-0.010222
-0.026335
-0.002165
-0.018279
-0.026335
-0.034392
-0.002165
-0.034392
-0.106902
-0.268034
-0.437224
-0.533904
-0.598357
-0.614470
-0.582243
-0.453337
-0.219695
-0.042448
0.086458
0.150911
0.158968
0.175081
0.175081
0.134798
0.126741
0.078401
0.046175
0.054231
0.030061
0.038118
0.030061
0.054231
0.030061
0.078401
0.046175
0.046175
0.038118
0.062288
0.054231
0.062288
0.013948
0.046175
0.005891
0.013948
0.013948
-0.002165
0.013948
-0.002165
0.013948
0.005891
0.005891
0.046175
0.013948
0.013948
-0.010222
0.005891
0.005891
0.013948
-0.010222
0.013948
0.005891
-0.002165
0.013948
0.013948
-0.002165
0.005891
-0.018279
0.005891
-0.010222
-0.010222
0.013948
0.013948
0.110628
0.247591
0.400667
0.489290
0.577913
0.545686
0.513460
0.465120
0.392610
0.287874
0.118684
0.022005
-0.002165
-0.002165
-0.034392
-0.034392
0.013948
-0.034392
-0.034392
-0.034392
-0.074675
-0.066618
-0.050505
-0.050505
-0.034392
-0.074675
-0.058562
-0.066618
-0.082732
-0.058562
-0.050505
-0.066618
-0.050505
-0.042448
-0.042448
-0.050505
-0.058562
-0.042448
-0.042448
-0.050505
-0.042448
-0.058562
-0.050505
-0.050505
-0.002165
-0.050505
-0.010222
-0.010222
-0.026335
-0.002165
-0.026335
-0.034392
-0.050505
-0.050505
-0.002165
-0.010222
-0.042448
-0.034392
-0.010222
-0.026335
-0.034392
-0.026335
0.005891
-0.026335
-0.123015
-0.308318
-0.429167
-0.525847
-0.582243
