0.437784
-0.150351
0.204141
0.268594
0.349161
0.349161
0.421670
0.389444
0.389444
0.461954
0.397500
0.397500
0.389444
0.357217
0.300821
0.252481
0.252481
0.204141
0.171915
0.107461
0.051065
0.010782
-0.013388
-0.061728
-0.085898
-0.134238
-0.166464
-0.158408
-0.214804
-0.222861
-0.263144
-0.255087
-0.263144
-0.311484
-0.271201
-0.287314
-0.263144
-0.255087
-0.263144
-0.263144
-0.255087
-0.271201
-0.263144
-0.287314
-0.287314
-0.279257
-0.238974
-0.279257
-0.263144
-0.238974
-0.271201
-0.255087
-0.287314
-0.247031
-0.247031
-0.287314
-0.287314
-0.287314
-0.279257
-0.279257
-0.271201
-0.255087
-0.238974
-0.263144
-0.247031
-0.206748
-0.085898
-0.037558
0.018838
0.018838
-0.013388
-0.029501
-0.029501
-0.110068
-0.102011
-0.158408
-0.142294
-0.182578
-0.174521
-0.166464
-0.158408
-0.134238
-0.174521
-0.150351
-0.166464
-0.085898
-0.126181
-0.077841
-0.085898
-0.069785
-0.029501
-0.029501
-0.037558
-0.005332
-0.013388
0.002725
0.051065
0.034952
0.075235
0.099405
0.091348
0.115518
0.115518
0.115518
0.123575
0.171915
0.155801
0.188028
0.171915
0.163858
0.179971
0.212198
0.196084
0.212198
0.212198
0.212198
0.236368
0.236368
0.252481
0.212198
0.244424
0.244424
0.212198
0.228311
0.212198
0.188028
0.220254
0.204141
0.204141
0.196084
0.212198
0.204141
0.179971
0.196084
0.115518
0.155801
0.155801
0.163858
0.147745
0.115518
0.091348
0.123575
0.075235
0.099405
0.043008
0.034952
0.034952
0.010782
0.002725
-0.013388
-0.021445
-0.029501
-0.037558
-0.085898
-0.118125
-0.053671
-0.093955
-0.118125
-0.093955
-0.182578
-0.126181
-0.166464
-0.166464
-0.158408
-0.182578
-0.190634
-0.142294
-0.182578
-0.214804
-0.206748
-0.214804
-0.230917
-0.214804
-0.230917
-0.198691
-0.255087
-0.238974
-0.255087
-0.271201
-0.247031
-0.303427
-0.271201
-0.247031
-0.247031
-0.247031
-0.238974
-0.247031
-0.271201
-0.279257
-0.247031
-0.279257
-0.222861
-0.222861
-0.214804
-0.206748
-0.222861
-0.206748
-0.198691
-0.198691
-0.158408
-0.174521
-0.182578
-0.182578
-0.166464
-0.166464
-0.150351
-0.150351
-0.102011
-0.126181
-0.118125
-0.077841
-0.085898
-0.069785
-0.077841
-0.069785
-0.053671
-0.045615
-0.021445
-0.005332
-0.013388
-0.013388
0.115518
0.260538
0.308877
0.333047
0.324991
0.300821
0.292764
0.276651
0.284708
0.244424
0.292764
0.260538
0.228311
0.236368
0.196084
0.212198
0.196084
0.244424
0.212198
0.260538
0.276651
0.228311
0.244424
0.228311
0.212198
0.260538
0.228311
0.220254
0.220254
0.236368
0.252481
0.228311
0.204141
0.212198
0.196084
0.212198
0.220254
0.204141
0.171915
0.171915
0.179971
0.139688
0.163858
0.155801
0.131631
0.115518
0.139688
0.091348
0.107461
0.107461
0.059122
0.059122
0.059122
0.075235
0.026895
-0.013388
0.018838
-0.053671
-0.021445
-0.053671
-0.061728
-0.077841
-0.093955
-0.134238
-0.093955
-0.134238
-0.158408
-0.142294
-0.166464
-0.166464
-0.182578
-0.150351
-0.182578
-0.174521
-0.174521
-0.206748
-0.198691
-0.190634
-0.206748
-0.214804
-0.222861
-0.222861
-0.230917
-0.255087
-0.255087
-0.247031
-0.238974
-0.230917
-0.255087
-0.247031
-0.271201
-0.263144
-0.279257
-0.255087
-0.263144
-0.255087
-0.222861
-0.255087
-0.255087
-0.214804
-0.247031
-0.190634
-0.222861
-0.198691
-0.198691
-0.198691
-0.174521
-0.174521
-0.190634
-0.158408
-0.134238
-0.126181
-0.142294
-0.102011
-0.110068
-0.118125
-0.069785
-0.093955
-0.069785
-0.029501
-0.037558
-0.005332
0.002725
0.002725
0.010782
0.010782
0.043008
0.059122
0.043008
0.083292
0.075235
0.107461
0.091348
0.099405
0.123575
0.131631
0.131631
0.115518
0.147745
0.139688
0.155801
0.163858
0.188028
0.188028
0.196084
0.204141
0.212198
0.179971
0.212198
0.188028
0.220254
0.324991
0.429727
0.478067
0.453897
0.478067
0.405557
0.445840
0.389444
0.357217
0.308877
0.276651
0.244424
0.220254
0.212198
0.196084
0.204141
0.171915
0.196084
0.155801
0.131631
0.131631
0.123575
0.123575
0.099405
0.091348
0.115518
0.083292
0.083292
0.059122
0.059122
0.010782
0.018838
0.010782
0.010782
-0.029501
-0.077841
-0.061728
-0.061728
-0.053671
-0.085898
-0.093955
-0.110068
-0.118125
-0.126181
-0.182578
-0.158408
-0.150351
-0.174521
-0.190634
-0.190634
-0.166464
-0.182578
-0.230917
-0.182578
-0.190634
-0.222861
-0.222861
-0.238974
-0.263144
-0.238974
-0.230917
-0.263144
-0.238974
-0.255087
-0.247031
-0.271201
-0.271201
-0.255087
-0.271201
-0.287314
-0.263144
-0.279257
-0.222861
-0.238974
-0.255087
-0.214804
-0.263144
-0.238974
-0.222861
-0.174521
-0.214804
-0.182578
-0.166464
-0.158408
-0.166464
-0.190634
-0.142294
-0.150351
-0.142294
-0.102011
-0.150351
-0.102011
-0.093955
-0.085898
-0.061728
-0.077841
-0.069785
-0.037558
-0.037558
-0.021445
-0.021445
-0.013388
0.010782
0.034952
0.034952
0.099405
0.083292
0.107461
0.099405
0.139688
0.139688
0.123575
0.139688
0.123575
0.155801
0.163858
0.171915
0.188028
0.188028
0.155801
0.212198
0.196084
0.196084
0.212198
0.204141
0.236368
0.212198
0.244424
0.244424
0.236368
0.244424
0.244424
0.268594
0.220254
0.252481
0.212198
0.220254
0.204141
0.220254
0.212198
0.220254
0.212198
0.196084
0.196084
0.204141
0.155801
0.171915
0.147745
0.147745
0.139688
0.123575
0.115518
0.091348
0.075235
0.067178
0.051065
0.026895
0.091348
0.204141
0.244424
0.236368
0.228311
0.188028
0.163858
0.107461
0.067178
0.043008
0.018838
-0.029501
-0.085898
-0.118125
-0.150351
-0.102011
-0.110068
-0.134238
-0.150351
-0.182578
-0.166464
-0.190634
-0.182578
-0.190634
-0.214804
-0.206748
-0.222861
-0.230917
-0.247031
-0.230917
-0.255087
-0.255087
-0.263144
-0.230917
-0.279257
-0.263144
-0.263144
-0.279257
-0.287314
-0.287314
-0.279257
-0.255087
-0.263144
-0.247031
-0.263144
-0.255087
-0.247031
-0.238974
-0.255087
-0.198691
-0.158408
-0.182578
-0.174521
-0.190634
-0.182578
-0.150351
-0.166464
-0.182578
-0.134238
-0.150351
-0.142294
-0.118125
-0.110068
-0.085898
-0.085898
-0.069785
-0.045615
-0.037558
-0.021445
-0.013388
0.010782
0.018838
0.034952
0.043008
0.043008
0.083292
0.051065
0.067178
0.083292
0.091348
0.099405
0.099405
0.147745
0.179971
0.188028
0.204141
0.155801
0.163858
0.131631
0.155801
0.196084
0.179971
0.220254
0.196084
0.204141
0.228311
0.212198
0.236368
0.228311
0.244424
0.276651
0.244424
0.244424
0.228311
0.268594
0.236368
0.228311
0.244424
0.236368
0.220254
0.204141
0.212198
0.196084
0.188028
0.196084
0.171915
0.171915
0.155801
0.179971
0.171915
0.131631
0.107461
0.131631
0.131631
0.083292
0.107461
0.067178
0.075235
0.034952
0.034952
0.043008
-0.005332
0.002725
-0.037558
-0.037558
-0.045615
-0.045615
-0.069785
-0.093955
-0.093955
-0.077841
-0.158408
-0.110068
-0.166464
-0.174521
-0.182578
-0.182578
-0.190634
-0.206748
-0.198691
-0.198691
-0.214804
-0.206748
-0.126181
0.002725
0.026895
0.002725
0.018838
-0.029501
-0.102011
-0.102011
-0.118125
-0.142294
-0.166464
-0.206748
-0.238974
-0.222861
-0.263144
-0.230917
-0.263144
-0.255087
-0.247031
-0.255087
-0.206748
-0.271201
-0.222861
-0.214804
-0.206748
-0.214804
-0.230917
-0.190634
-0.166464
-0.198691
-0.166464
-0.166464
-0.166464
-0.118125
-0.126181
-0.150351
-0.102011
-0.110068
-0.102011
-0.085898
-0.077841
-0.037558
-0.085898
-0.053671
-0.013388
-0.013388
-0.005332
-0.005332
0.018838
0.059122
0.067178
0.083292
0.075235
0.099405
0.107461
0.115518
0.123575
0.131631
0.147745
0.115518
0.139688
0.139688
0.188028
0.179971
0.171915
0.228311
0.244424
0.204141
0.220254
0.212198
0.220254
0.212198
0.212198
0.252481
0.228311
0.252481
0.228311
0.220254
0.244424
0.228311
0.252481
0.244424
0.252481
0.236368
0.212198
0.220254
0.179971
0.220254
0.196084
0.179971
0.212198
0.163858
0.179971
0.171915
0.123575
0.179971
0.099405
0.139688
0.115518
0.107461
0.115518
0.107461
0.091348
0.059122
0.059122
0.034952
-0.013388
-0.013388
-0.029501
-0.013388
-0.077841
-0.061728
-0.085898
-0.069785
-0.093955
-0.110068
-0.126181
-0.134238
-0.134238
-0.150351
-0.150351
-0.158408
-0.158408
-0.190634
-0.190634
-0.182578
-0.166464
-0.190634
-0.198691
-0.206748
-0.206748
-0.206748
-0.214804
-0.263144
-0.255087
-0.214804
-0.238974
-0.238974
-0.255087
-0.255087
-0.263144
-0.279257
-0.247031
-0.263144
-0.247031
-0.263144
-0.238974
-0.247031
-0.279257
-0.230917
-0.230917
-0.230917
-0.247031
-0.222861
-0.222861
-0.190634
-0.029501
0.067178
0.051065
0.083292
0.059122
0.059122
0.034952
0.026895
-0.013388
-0.021445
-0.037558
-0.029501
0.026895
0.002725
0.002725
-0.013388
0.002725
0.018838
0.002725
0.051065
0.034952
0.010782
0.059122
0.075235
0.075235
0.123575
0.131631
0.123575
0.131631
0.139688
0.139688
0.171915
0.115518
0.179971
0.163858
0.171915
0.171915
0.179971
0.204141
0.196084
0.212198
0.228311
0.212198
0.220254
0.228311
0.252481
0.260538
0.236368
0.268594
0.228311
0.260538
0.260538
0.220254
0.236368
0.212198
0.244424
0.220254
0.220254
0.236368
0.196084
0.196084
0.179971
0.188028
0.171915
0.179971
0.155801
0.139688
0.155801
0.139688
0.139688
0.099405
0.075235
0.091348
0.059122
0.059122
0.018838
0.043008
0.018838
-0.005332
0.034952
-0.013388
-0.037558
-0.045615
-0.053671
-0.069785
-0.093955
-0.085898
-0.085898
-0.110068
-0.118125
-0.158408
-0.166464
-0.174521
-0.182578
-0.158408
-0.182578
-0.182578
-0.166464
-0.182578
-0.206748
-0.182578
-0.214804
-0.198691
-0.190634
-0.230917
-0.222861
-0.238974
-0.255087
-0.255087
-0.279257
-0.255087
-0.271201
-0.222861
-0.279257
-0.247031
-0.263144
-0.263144
-0.247031
-0.279257
-0.247031
-0.263144
-0.214804
-0.238974
-0.214804
-0.214804
-0.206748
-0.198691
-0.206748
-0.182578
-0.174521
-0.166464
-0.166464
-0.166464
-0.150351
-0.134238
-0.118125
-0.134238
-0.110068
-0.093955
-0.077841
-0.077841
-0.061728
-0.045615
-0.029501
-0.013388
-0.021445
0.002725
0.026895
0.002725
0.043008
0.099405
0.236368
0.316934
0.324991
0.365274
0.284708
0.276651
0.284708
0.260538
0.268594
0.236368
0.204141
0.212198
0.212198
0.196084
0.188028
0.212198
0.236368
0.236368
0.204141
0.220254
0.236368
0.236368
0.228311
0.244424
0.212198
0.228311
0.228311
0.252481
0.228311
0.220254
0.252481
0.228311
0.236368
0.204141
0.204141
0.196084
0.204141
0.171915
0.212198
0.179971
0.188028
0.163858
0.155801
0.163858
0.115518
0.131631
0.115518
0.107461
0.099405
0.091348
0.051065
0.075235
0.051065
0.043008
0.067178
0.002725
0.002725
-0.013388
-0.021445
-0.045615
-0.053671
-0.069785
-0.069785
-0.085898
-0.069785
-0.077841
-0.126181
-0.134238
-0.134238
-0.150351
-0.166464
-0.166464
-0.190634
-0.158408
-0.182578
-0.182578
-0.198691
-0.206748
-0.206748
-0.214804
-0.238974
-0.198691
-0.238974
-0.222861
-0.238974
-0.271201
-0.271201
-0.238974
-0.247031
-0.279257
-0.247031
-0.247031
-0.255087
-0.255087
-0.279257
-0.247031
-0.271201
-0.214804
-0.222861
-0.230917
-0.190634
-0.206748
-0.206748
-0.214804
-0.190634
-0.198691
-0.198691
-0.158408
-0.166464
-0.150351
-0.134238
-0.126181
-0.134238
-0.102011
-0.077841
-0.069785
-0.085898
-0.037558
-0.069785
-0.005332
-0.005332
-0.013388
-0.013388
-0.005332
0.026895
0.026895
0.034952
0.043008
0.091348
0.083292
0.091348
0.123575
0.131631
0.147745
0.131631
0.147745
0.155801
0.171915
0.163858
0.139688
0.196084
0.188028
0.179971
0.204141
0.188028
0.204141
0.188028
0.196084
0.204141
0.212198
0.228311
0.236368
0.220254
0.220254
0.204141
0.220254
0.252481
0.397500
0.453897
0.494180
0.470010
0.421670
0.381387
0.341104
0.316934
0.316934
0.292764
0.244424
0.179971
0.188028
0.147745
0.155801
0.155801
0.099405
0.115518
0.107461
0.139688
0.083292
0.083292
0.026895
0.018838
0.010782
0.026895
0.010782
0.002725
0.010782
-0.005332
-0.045615
-0.061728
-0.077841
-0.069785
-0.110068
-0.110068
-0.134238
-0.142294
-0.150351
-0.134238
-0.182578
-0.150351
-0.174521
-0.126181
-0.158408
-0.166464
-0.190634
-0.182578
-0.198691
-0.214804
-0.198691
-0.198691
-0.230917
-0.247031
-0.230917
-0.230917
-0.222861
-0.279257
-0.287314
-0.255087
-0.247031
-0.255087
-0.271201
-0.271201
-0.271201
-0.263144
-0.255087
-0.263144
-0.247031
-0.247031
-0.247031
-0.214804
-0.222861
-0.222861
-0.182578
-0.174521
-0.166464
-0.182578
-0.150351
-0.150351
-0.166464
-0.150351
-0.142294
-0.085898
-0.134238
-0.085898
-0.093955
-0.085898
-0.061728
-0.053671
-0.045615
-0.005332
0.018838
-0.005332
0.034952
0.018838
0.026895
0.099405
0.091348
0.067178
0.091348
0.099405
0.131631
0.123575
0.131631
0.123575
0.139688
0.155801
0.147745
0.171915
0.188028
0.220254
0.188028
0.236368
0.204141
0.212198
0.220254
0.220254
0.252481
0.220254
0.220254
0.228311
0.220254
0.252481
0.220254
0.260538
0.212198
0.244424
0.236368
0.244424
0.212198
0.244424
0.228311
0.212198
0.236368
0.212198
0.196084
0.196084
0.155801
0.196084
0.147745
0.123575
0.139688
0.099405
0.115518
0.115518
0.099405
0.075235
0.091348
0.051065
0.051065
0.010782
0.067178
0.196084
0.228311
0.252481
0.260538
0.196084
0.139688
0.091348
0.067178
0.018838
0.010782
0.010782
-0.037558
-0.077841
-0.110068
-0.126181
-0.126181
-0.142294
-0.142294
-0.166464
-0.166464
-0.198691
-0.198691
-0.198691
-0.214804
-0.174521
-0.166464
-0.198691
-0.198691
-0.238974
-0.230917
-0.238974
-0.263144
-0.263144
-0.263144
-0.263144
-0.279257
-0.255087
-0.263144
-0.247031
-0.279257
-0.271201
-0.230917
-0.271201
-0.206748
-0.238974
-0.222861
-0.222861
-0.238974
-0.190634
-0.222861
-0.182578
-0.182578
-0.198691
-0.150351
-0.174521
-0.150351
-0.166464
-0.118125
-0.077841
-0.093955
-0.093955
-0.093955
-0.053671
-0.077841
-0.053671
-0.013388
-0.021445
0.002725
-0.029501
0.034952
0.026895
0.026895
0.083292
0.091348
0.075235
0.075235
0.067178
0.123575
0.123575
0.139688
0.123575
0.147745
0.147745
0.155801
0.171915
0.139688
0.179971
0.171915
0.204141
0.220254
0.179971
0.236368
0.228311
0.228311
0.220254
0.220254
0.220254
0.236368
0.228311
0.228311
0.236368
0.252481
0.244424
0.236368
0.220254
0.260538
0.228311
0.212198
0.212198
0.228311
0.212198
0.220254
0.220254
0.188028
0.147745
0.155801
0.155801
0.139688
0.163858
0.115518
0.115518
0.123575
0.083292
0.083292
0.067178
0.083292
0.059122
0.043008
0.043008
0.010782
0.026895
-0.005332
-0.013388
-0.045615
-0.077841
-0.077841
-0.077841
-0.053671
-0.126181
-0.102011
-0.118125
-0.158408
-0.142294
-0.174521
-0.182578
-0.174521
-0.198691
-0.182578
-0.198691
-0.198691
-0.198691
-0.206748
-0.222861
-0.238974
-0.247031
-0.150351
-0.005332
-0.005332
0.002725
-0.021445
-0.037558
-0.085898
-0.110068
-0.102011
-0.134238
-0.190634
-0.222861
-0.230917
-0.247031
-0.271201
-0.230917
-0.271201
-0.222861
-0.214804
-0.222861
-0.190634
-0.222861
-0.198691
-0.222861
-0.206748
-0.214804
-0.182578
-0.174521
-0.142294
-0.158408
-0.134238
-0.134238
-0.110068
-0.102011
-0.118125
-0.061728
-0.085898
-0.077841
-0.021445
0.018838
-0.005332
0.010782
0.026895
0.010782
0.026895
0.043008
0.067178
0.051065
0.075235
0.091348
0.083292
0.139688
0.115518
0.123575
0.139688
0.115518
0.115518
0.147745
0.188028
0.179971
0.204141
0.163858
0.204141
0.204141
0.179971
0.220254
0.212198
0.228311
0.212198
0.244424
0.220254
0.220254
0.252481
0.260538
0.276651
0.268594
0.244424
0.244424
0.228311
0.244424
0.228311
0.196084
0.220254
0.188028
0.188028
0.204141
0.171915
0.188028
0.171915
0.147745
0.163858
0.131631
0.163858
0.131631
0.115518
0.131631
0.083292
0.091348
0.067178
0.067178
0.018838
0.026895
0.026895
0.010782
-0.045615
-0.013388
-0.013388
-0.029501
-0.045615
-0.069785
-0.077841
-0.110068
-0.142294
-0.110068
-0.150351
-0.142294
-0.126181
-0.166464
-0.166464
-0.182578
-0.174521
-0.166464
-0.182578
-0.206748
-0.182578
-0.214804
-0.214804
-0.206748
-0.230917
-0.206748
-0.238974
-0.255087
-0.247031
-0.247031
-0.247031
-0.271201
-0.271201
-0.279257
-0.295371
-0.263144
-0.271201
-0.271201
-0.255087
-0.238974
-0.247031
-0.255087
-0.214804
-0.263144
-0.263144
-0.230917
-0.190634
-0.069785
0.018838
0.083292
0.051065
0.059122
0.043008
0.010782
0.010782
-0.005332
0.002725
-0.021445
-0.021445
-0.021445
-0.045615
-0.029501
-0.029501
-0.029501
-0.013388
0.002725
0.018838
0.002725
0.059122
0.075235
0.075235
0.067178
0.059122
0.083292
0.091348
0.099405
0.131631
0.131631
0.123575
0.139688
0.139688
0.155801
0.155801
0.179971
0.188028
0.204141
0.179971
0.204141
0.212198
0.188028
0.196084
0.204141
0.236368
0.220254
0.212198
0.252481
0.244424
0.252481
0.268594
0.244424
0.236368
0.244424
0.212198
0.244424
0.252481
0.244424
0.236368
0.220254
0.196084
0.204141
0.220254
0.179971
0.171915
0.179971
0.123575
0.155801
0.147745
0.099405
0.107461
0.123575
0.075235
0.091348
0.075235
0.034952
0.043008
0.026895
0.018838
0.010782
-0.013388
-0.013388
-0.029501
-0.037558
-0.102011
-0.085898
-0.118125
-0.118125
-0.085898
-0.118125
-0.093955
-0.134238
-0.142294
-0.150351
-0.190634
-0.174521
-0.206748
-0.166464
-0.182578
-0.190634
-0.214804
-0.222861
-0.190634
-0.206748
-0.190634
-0.238974
-0.247031
-0.255087
-0.255087
-0.247031
-0.279257
-0.279257
-0.271201
-0.279257
-0.287314
-0.271201
-0.238974
-0.263144
-0.247031
-0.247031
-0.255087
-0.247031
-0.222861
-0.214804
-0.222861
-0.182578
-0.174521
-0.198691
-0.166464
-0.214804
-0.174521
-0.182578
-0.182578
-0.134238
-0.142294
-0.118125
-0.126181
-0.093955
-0.110068
-0.061728
-0.085898
-0.053671
-0.061728
-0.045615
-0.021445
-0.005332
-0.005332
0.018838
0.002725
0.026895
0.059122
0.059122
0.043008
0.075235
0.083292
0.075235
0.220254
0.333047
0.349161
0.381387
0.357217
0.357217
0.341104
0.316934
0.292764
0.260538
0.244424
0.228311
0.268594
0.220254
0.196084
0.228311
0.236368
0.228311
0.228311
0.236368
0.260538
0.236368
0.244424
0.252481
0.252481
0.244424
0.204141
0.220254
0.244424
0.228311
0.220254
0.244424
0.204141
0.196084
0.204141
0.179971
0.212198
0.196084
0.171915
0.147745
0.115518
0.131631
0.107461
0.099405
0.099405
0.075235
0.067178
0.026895
0.051065
0.043008
0.026895
-0.005332
-0.029501
-0.013388
-0.053671
-0.029501
-0.085898
-0.069785
-0.077841
-0.118125
-0.093955
-0.134238
-0.142294
-0.158408
-0.174521
-0.142294
-0.190634
-0.166464
-0.166464
-0.134238
-0.126181
-0.182578
-0.158408
-0.222861
-0.214804
-0.214804
-0.238974
-0.238974
-0.230917
-0.230917
-0.222861
-0.263144
-0.247031
-0.247031
-0.247031
-0.247031
-0.295371
-0.255087
-0.279257
-0.263144
-0.238974
-0.263144
-0.230917
-0.255087
-0.247031
-0.206748
-0.230917
-0.198691
-0.214804
-0.198691
-0.182578
-0.214804
-0.190634
-0.126181
-0.126181
-0.158408
-0.150351
-0.102011
-0.126181
-0.110068
-0.118125
-0.093955
-0.085898
-0.061728
-0.045615
-0.037558
0.002725
0.043008
0.002725
0.018838
0.034952
0.075235
0.051065
0.083292
0.083292
0.099405
0.099405
0.107461
0.107461
0.123575
0.131631
0.155801
0.123575
0.115518
0.155801
0.188028
0.204141
0.220254
0.179971
0.204141
0.212198
0.228311
0.228311
0.204141
0.236368
0.220254
0.220254
0.236368
0.228311
0.252481
0.204141
0.236368
0.228311
0.357217
0.429727
0.461954
0.470010
0.461954
0.413614
0.389444
0.357217
0.349161
0.292764
0.300821
0.252481
0.212198
0.188028
0.171915
0.155801
0.107461
0.123575
0.107461
0.099405
0.083292
0.067178
0.059122
0.026895
0.034952
-0.005332
0.010782
-0.021445
-0.037558
-0.037558
-0.069785
-0.069785
-0.061728
-0.110068
-0.077841
-0.102011
-0.150351
-0.134238
-0.142294
-0.142294
-0.158408
-0.150351
-0.198691
-0.174521
-0.190634
-0.198691
-0.190634
-0.190634
-0.206748
-0.214804
-0.222861
-0.198691
-0.230917
-0.238974
-0.214804
-0.255087
-0.238974
-0.279257
-0.287314
-0.271201
-0.279257
-0.287314
-0.255087
-0.271201
-0.255087
-0.263144
-0.247031
-0.230917
-0.263144
-0.230917
-0.222861
-0.214804
-0.174521
-0.214804
-0.198691
-0.214804
-0.182578
-0.182578
-0.182578
-0.166464
-0.166464
-0.142294
-0.118125
-0.110068
-0.093955
-0.069785
-0.077841
-0.045615
-0.029501
-0.045615
-0.013388
-0.013388
-0.021445
0.018838
0.034952
0.034952
0.059122
0.059122
0.099405
0.083292
0.107461
0.123575
0.123575
0.131631
0.131631
0.131631
0.131631
0.139688
0.171915
0.196084
0.155801
0.212198
0.188028
0.188028
0.179971
0.204141
0.212198
0.220254
0.228311
0.252481
0.228311
0.228311
0.228311
0.228311
0.236368
0.220254
0.236368
0.252481
0.244424
0.236368
0.228311
0.196084
0.236368
0.212198
0.228311
0.212198
0.196084
0.220254
0.163858
0.147745
0.139688
0.155801
0.155801
0.115518
0.115518
0.099405
0.091348
0.075235
0.051065
0.051065
0.026895
0.043008
0.026895
-0.005332
-0.005332
0.026895
0.155801
0.220254
0.212198
0.163858
0.123575
0.075235
0.067178
0.018838
0.002725
0.002725
-0.029501
-0.102011
-0.102011
-0.118125
-0.142294
-0.166464
-0.182578
-0.182578
-0.174521
-0.190634
-0.206748
-0.230917
-0.247031
-0.198691
-0.238974
-0.247031
-0.230917
-0.255087
-0.263144
-0.255087
-0.279257
-0.247031
-0.238974
-0.247031
-0.263144
-0.287314
-0.230917
-0.263144
-0.247031
-0.287314
-0.247031
-0.238974
-0.230917
-0.206748
-0.222861
-0.230917
-0.182578
-0.182578
-0.174521
-0.198691
-0.158408
-0.174521
-0.174521
-0.118125
-0.134238
-0.110068
-0.093955
-0.069785
-0.085898
-0.053671
-0.061728
-0.029501
-0.029501
0.010782
-0.013388
0.010782
0.034952
0.059122
0.018838
0.075235
0.091348
0.067178
0.115518
0.107461
0.131631
0.123575
0.115518
0.139688
0.139688
0.147745
0.163858
0.163858
0.188028
0.171915
0.196084
0.204141
0.244424
0.204141
0.236368
0.204141
0.220254
0.228311
0.220254
0.244424
0.204141
0.244424
0.244424
0.252481
0.276651
0.268594
0.292764
0.244424
0.236368
0.244424
0.228311
0.212198
0.179971
0.228311
0.196084
0.196084
0.204141
0.163858
0.171915
0.131631
0.123575
0.131631
0.123575
0.107461
0.107461
0.099405
0.083292
0.083292
0.059122
0.051065
0.026895
0.034952
0.010782
-0.005332
-0.029501
-0.045615
-0.053671
-0.037558
-0.077841
-0.077841
-0.069785
-0.126181
-0.110068
-0.166464
-0.126181
-0.158408
-0.182578
-0.158408
-0.174521
-0.182578
-0.182578
-0.247031
-0.174521
-0.206748
-0.206748
-0.222861
-0.150351
-0.061728
0.018838
0.026895
-0.053671
-0.053671
-0.069785
-0.093955
-0.134238
-0.158408
-0.206748
-0.255087
-0.238974
-0.279257
-0.238974
-0.230917
-0.247031
-0.247031
-0.238974
-0.238974
-0.230917
-0.206748
-0.222861
-0.230917
-0.206748
-0.214804
-0.174521
-0.182578
-0.150351
-0.158408
-0.158408
-0.110068
-0.118125
-0.118125
-0.085898
-0.093955
-0.077841
-0.077841
-0.037558
-0.045615
-0.013388
-0.021445
0.018838
0.018838
0.051065
0.043008
0.067178
0.043008
0.083292
0.083292
0.115518
0.155801
0.123575
0.147745
0.131631
0.123575
0.171915
0.139688
0.147745
0.171915
0.163858
0.188028
0.179971
0.155801
0.228311
0.196084
0.220254
0.212198
0.236368
0.212198
0.236368
0.236368
0.228311
0.244424
0.268594
0.244424
0.236368
0.244424
0.260538
0.236368
0.236368
0.212198
0.212198
0.220254
0.220254
0.228311
0.220254
0.220254
0.204141
0.155801
0.155801
0.163858
0.155801
0.115518
0.147745
0.115518
0.123575
0.123575
0.099405
0.051065
0.051065
0.091348
0.018838
0.034952
-0.005332
0.002725
-0.005332
-0.021445
-0.045615
-0.069785
-0.093955
-0.085898
-0.077841
-0.102011
-0.126181
-0.142294
-0.158408
-0.126181
-0.134238
-0.134238
-0.134238
-0.182578
-0.190634
-0.182578
-0.190634
-0.198691
-0.222861
-0.198691
-0.206748
-0.222861
-0.247031
-0.255087
-0.230917
-0.255087
-0.255087
-0.238974
-0.271201
-0.279257
-0.263144
-0.271201
-0.271201
-0.255087
-0.247031
-0.271201
-0.238974
-0.247031
-0.271201
-0.247031
-0.230917
-0.230917
-0.198691
-0.222861
-0.230917
-0.206748
-0.198691
-0.198691
-0.190634
-0.134238
0.043008
0.107461
0.115518
0.107461
0.099405
0.075235
0.083292
0.099405
0.059122
0.075235
0.059122
0.043008
0.043008
0.018838
0.075235
0.059122
0.059122
0.083292
0.067178
0.115518
0.115518
0.107461
0.123575
0.139688
0.123575
0.139688
0.139688
0.163858
0.204141
0.188028
0.196084
0.171915
0.196084
0.188028
0.163858
0.212198
0.220254
0.204141
0.228311
0.228311
0.236368
0.228311
0.212198
0.244424
0.244424
0.236368
0.260538
0.252481
0.252481
0.228311
0.212198
0.236368
0.212198
0.220254
0.196084
0.196084
0.196084
0.196084
0.163858
0.179971
0.179971
0.179971
0.155801
0.123575
0.131631
0.123575
0.091348
0.083292
0.075235
0.083292
0.034952
0.026895
0.051065
0.018838
0.002725
-0.029501
-0.013388
-0.029501
-0.053671
-0.053671
-0.093955
-0.077841
-0.118125
-0.077841
-0.142294
-0.134238
-0.126181
-0.142294
-0.150351
-0.166464
-0.166464
-0.158408
-0.198691
-0.190634
-0.214804
-0.182578
-0.214804
-0.206748
-0.214804
-0.222861
-0.238974
-0.247031
-0.263144
-0.255087
-0.287314
-0.247031
-0.247031
-0.263144
-0.263144
-0.279257
-0.263144
-0.279257
-0.255087
-0.238974
-0.287314
-0.263144
-0.222861
-0.238974
-0.230917
-0.247031
-0.230917
-0.230917
-0.190634
-0.190634
-0.198691
-0.198691
-0.158408
-0.198691
-0.126181
-0.118125
-0.118125
-0.110068
-0.077841
-0.118125
-0.077841
-0.093955
-0.061728
-0.037558
-0.021445
-0.045615
0.010782
0.002725
0.002725
0.010782
0.034952
0.059122
0.059122
0.051065
0.099405
0.067178
0.075235
0.123575
0.171915
0.316934
0.413614
0.421670
0.365274
0.373331
0.357217
0.341104
0.316934
0.268594
0.252481
0.268594
0.284708
0.284708
0.284708
0.252481
0.236368
0.260538
0.276651
0.228311
0.236368
0.228311
0.236368
0.244424
0.220254
0.252481
0.228311
0.236368
0.212198
0.220254
0.196084
0.196084
0.179971
0.188028
0.212198
0.163858
0.147745
0.147745
0.131631
0.131631
0.099405
0.099405
0.099405
0.091348
0.091348
0.123575
0.091348
0.059122
0.002725
0.010782
0.002725
-0.029501
-0.045615
-0.037558
-0.077841
-0.045615
-0.069785
-0.102011
-0.093955
-0.118125
-0.142294
-0.134238
-0.118125
-0.142294
-0.142294
-0.158408
-0.166464
-0.190634
-0.190634
-0.198691
-0.190634
-0.198691
-0.198691
-0.198691
-0.198691
-0.230917
-0.247031
-0.206748
-0.230917
-0.263144
-0.206748
-0.255087
-0.247031
-0.263144
-0.287314
-0.271201
-0.287314
-0.279257
-0.271201
-0.230917
-0.247031
-0.263144
-0.255087
-0.214804
-0.206748
-0.222861
-0.230917
-0.214804
-0.190634
-0.198691
-0.174521
-0.166464
-0.158408
-0.158408
-0.118125
-0.166464
-0.118125
-0.150351
-0.093955
-0.093955
-0.085898
-0.061728
-0.061728
0.002725
-0.005332
-0.005332
0.010782
0.018838
0.010782
0.026895
0.075235
0.043008
0.083292
0.075235
0.107461
0.123575
0.147745
0.147745
0.131631
0.155801
0.188028
0.155801
0.171915
0.163858
0.188028
0.188028
0.179971
0.188028
0.196084
0.212198
0.196084
0.236368
0.212198
0.196084
0.196084
0.220254
0.228311
0.220254
0.244424
0.220254
0.212198
0.236368
0.220254
0.220254
0.212198
0.228311
0.333047
0.445840
0.461954
0.421670
0.405557
0.365274
0.341104
0.308877
0.324991
0.292764
0.284708
0.244424
0.252481
0.220254
0.155801
0.139688
0.107461
0.083292
0.083292
0.059122
0.059122
-0.005332
0.002725
-0.005332
-0.045615
-0.029501
-0.045615
-0.085898
-0.069785
-0.085898
-0.093955
-0.118125
-0.118125
-0.158408
-0.158408
-0.158408
-0.190634
-0.174521
-0.150351
-0.182578
-0.166464
-0.190634
-0.198691
-0.206748
-0.198691
-0.190634
-0.238974
-0.206748
-0.238974
-0.230917
-0.230917
-0.247031
-0.263144
-0.271201
-0.255087
-0.263144
-0.271201
-0.279257
-0.255087
-0.238974
-0.263144
-0.230917
-0.238974
-0.255087
-0.255087
-0.230917
-0.230917
-0.206748
-0.222861
-0.214804
-0.182578
-0.206748
-0.182578
-0.174521
-0.150351
-0.166464
-0.110068
-0.110068
-0.142294
-0.102011
-0.077841
-0.069785
-0.069785
-0.061728
-0.061728
-0.045615
-0.069785
0.010782
-0.005332
0.043008
0.018838
0.043008
0.091348
0.075235
0.091348
0.099405
0.123575
0.123575
0.147745
0.139688
0.139688
0.147745
0.131631
0.155801
0.163858
0.171915
0.179971
0.155801
0.171915
0.196084
0.220254
0.212198
0.204141
0.212198
0.220254
0.204141
0.236368
0.244424
0.212198
0.236368
0.228311
0.236368
0.228311
0.244424
0.236368
0.220254
0.236368
0.252481
0.236368
0.276651
0.204141
0.212198
0.220254
0.179971
0.179971
0.179971
0.163858
0.171915
0.155801
0.123575
0.115518
0.115518
0.123575
0.099405
0.059122
0.059122
0.018838
0.043008
0.043008
0.002725
0.043008
0.123575
0.212198
0.179971
0.171915
0.115518
0.091348
0.051065
0.002725
-0.037558
-0.021445
-0.069785
-0.110068
-0.126181
-0.142294
-0.150351
-0.182578
-0.142294
-0.174521
-0.206748
-0.182578
-0.190634
-0.206748
-0.222861
-0.255087
-0.198691
-0.247031
-0.247031
-0.255087
-0.255087
-0.255087
-0.263144
-0.287314
-0.255087
-0.255087
-0.263144
-0.263144
-0.287314
-0.263144
-0.279257
-0.255087
-0.230917
-0.279257
-0.222861
-0.230917
-0.222861
-0.174521
-0.230917
-0.198691
-0.198691
-0.150351
-0.190634
-0.174521
-0.158408
-0.166464
-0.158408
-0.126181
-0.118125
-0.134238
-0.102011
-0.077841
-0.077841
-0.037558
-0.029501
-0.045615
0.002725
0.002725
-0.013388
0.034952
0.034952
0.051065
0.051065
0.075235
0.115518
0.075235
0.123575
0.099405
0.155801
0.163858
0.163858
0.179971
0.139688
0.139688
0.196084
0.139688
0.188028
0.163858
0.212198
0.188028
0.196084
0.212198
0.220254
0.220254
0.244424
0.236368
0.252481
0.220254
0.268594
0.252481
0.260538
0.244424
0.236368
0.236368
0.236368
0.252481
0.244424
0.236368
