0.068648
0.020308
0.020308
0.068648
0.060591
0.133101
0.133101
0.253951
0.245894
0.278120
0.439253
0.584273
0.656783
0.624556
0.624556
0.584273
0.527876
0.511763
0.487593
0.495650
0.455367
0.423140
0.439253
0.374800
0.415083
0.358687
0.342574
0.326460
0.294234
0.310347
0.270064
0.286177
0.229781
0.221724
0.213667
0.173384
0.133101
0.133101
0.125044
0.076704
0.125044
0.068648
0.068648
0.004195
0.004195
-0.003862
-0.044145
-0.003862
-0.068315
-0.060258
-0.092485
-0.116655
-0.108598
-0.132768
-0.156938
-0.164995
-0.164995
-0.181108
-0.197221
-0.173051
-0.197221
-0.213335
-0.197221
-0.213335
-0.229448
-0.213335
-0.245561
-0.237505
-0.253618
-0.269731
-0.277788
-0.293901
-0.253618
-0.293901
-0.261674
-0.277788
-0.269731
-0.285844
-0.318071
-0.293901
-0.285844
-0.277788
-0.277788
-0.310014
-0.269731
-0.301958
-0.261674
-0.285844
-0.245561
-0.261674
-0.253618
-0.237505
-0.229448
-0.229448
-0.197221
-0.173051
-0.197221
-0.189165
-0.181108
-0.124712
-0.173051
-0.124712
-0.108598
-0.100542
-0.052202
-0.068315
-0.060258
0.004195
-0.028032
0.004195
0.012251
0.004195
0.044478
0.052535
0.100874
0.092818
0.116988
0.125044
0.141158
0.125044
0.165327
0.157271
0.165327
0.213667
0.181441
0.205611
0.197554
0.237837
0.229781
0.245894
0.245894
0.262007
0.245894
0.253951
0.278120
0.253951
0.270064
0.262007
0.278120
0.302290
0.270064
0.294234
0.302290
0.270064
0.286177
0.278120
0.270064
0.270064
0.294234
0.253951
0.262007
0.245894
0.245894
0.213667
0.213667
0.221724
0.205611
0.213667
0.205611
0.189497
0.157271
0.157271
0.149214
0.133101
0.116988
0.149214
0.245894
0.294234
0.294234
0.286177
0.245894
0.149214
0.125044
0.068648
0.028365
0.028365
-0.011919
-0.044145
-0.044145
-0.092485
-0.092485
-0.116655
-0.132768
-0.164995
-0.140825
-0.156938
-0.173051
-0.189165
-0.213335
-0.229448
-0.197221
-0.197221
-0.229448
-0.237505
-0.221391
-0.277788
-0.261674
-0.245561
-0.293901
-0.310014
-0.261674
-0.285844
-0.326128
-0.318071
-0.334184
-0.301958
-0.301958
-0.326128
-0.301958
-0.318071
-0.310014
-0.310014
-0.301958
-0.293901
-0.261674
-0.277788
-0.269731
-0.269731
-0.245561
-0.245561
-0.245561
-0.237505
-0.229448
-0.213335
-0.197221
-0.189165
-0.181108
-0.164995
-0.140825
-0.140825
-0.100542
-0.076372
-0.068315
-0.084428
-0.044145
-0.028032
-0.044145
0.012251
0.004195
0.012251
0.036421
0.028365
0.076704
0.092818
0.108931
0.108931
0.108931
0.141158
0.125044
0.173384
0.189497
0.173384
0.197554
0.205611
0.165327
0.229781
0.221724
0.229781
0.237837
0.229781
0.237837
0.245894
0.270064
0.253951
0.278120
0.286177
0.278120
0.294234
0.294234
0.302290
0.302290
0.302290
0.270064
0.302290
0.278120
0.286177
0.270064
0.270064
0.270064
0.237837
0.278120
0.237837
0.229781
0.213667
0.205611
0.205611
0.213667
0.205611
0.157271
0.157271
0.165327
0.157271
0.149214
0.108931
0.100874
0.100874
0.084761
0.060591
0.028365
0.020308
0.004195
0.004195
-0.011919
-0.028032
-0.060258
-0.036089
-0.068315
-0.076372
-0.100542
-0.132768
-0.156938
-0.164995
-0.181108
-0.164995
-0.197221
-0.189165
-0.181108
-0.036089
0.020308
0.012251
-0.036089
-0.028032
-0.108598
-0.156938
-0.205278
-0.205278
-0.253618
-0.277788
-0.269731
-0.301958
-0.285844
-0.285844
-0.310014
-0.269731
-0.310014
-0.318071
-0.334184
-0.334184
-0.318071
-0.310014
-0.293901
-0.301958
-0.293901
-0.285844
-0.301958
-0.269731
-0.253618
-0.261674
-0.245561
-0.237505
-0.213335
-0.181108
-0.221391
-0.181108
-0.181108
-0.181108
-0.156938
-0.156938
-0.116655
-0.108598
-0.068315
-0.060258
-0.060258
-0.068315
-0.036089
-0.003862
-0.011919
0.020308
0.052535
0.020308
0.076704
0.100874
0.092818
0.125044
0.125044
0.108931
0.141158
0.189497
0.173384
0.181441
0.189497
0.189497
0.189497
0.213667
0.221724
0.221724
0.229781
0.237837
0.270064
0.253951
0.270064
0.237837
0.262007
0.278120
0.253951
0.302290
0.286177
0.278120
0.294234
0.334517
0.310347
0.270064
0.294234
0.286177
0.262007
0.270064
0.270064
0.262007
0.253951
0.245894
0.229781
0.245894
0.237837
0.213667
0.237837
0.205611
0.197554
0.189497
0.173384
0.157271
0.141158
0.125044
0.133101
0.100874
0.076704
0.068648
0.052535
0.028365
0.012251
0.012251
-0.028032
-0.060258
-0.052202
-0.060258
-0.084428
-0.068315
-0.108598
-0.116655
-0.132768
-0.164995
-0.148881
-0.164995
-0.181108
-0.181108
-0.189165
-0.181108
-0.213335
-0.221391
-0.237505
-0.253618
-0.221391
-0.261674
-0.221391
-0.293901
-0.277788
-0.285844
-0.301958
-0.293901
-0.318071
-0.326128
-0.310014
-0.326128
-0.285844
-0.326128
-0.301958
-0.318071
-0.326128
-0.326128
-0.318071
-0.293901
-0.310014
-0.277788
-0.301958
-0.237505
-0.124712
-0.019975
0.004195
-0.011919
-0.044145
-0.076372
-0.108598
-0.116655
-0.116655
-0.100542
-0.140825
-0.116655
-0.100542
-0.076372
-0.084428
-0.084428
-0.044145
-0.028032
-0.011919
-0.011919
0.012251
0.028365
0.068648
0.028365
0.068648
0.084761
0.084761
0.100874
0.149214
0.133101
0.133101
0.157271
0.189497
0.165327
0.189497
0.205611
0.181441
0.221724
0.229781
0.229781
0.237837
0.253951
0.237837
0.229781
0.237837
0.278120
0.245894
0.245894
0.278120
0.286177
0.262007
0.286177
0.294234
0.278120
0.310347
0.278120
0.310347
0.262007
0.253951
0.294234
0.245894
0.253951
0.245894
0.221724
0.237837
0.229781
0.213667
0.221724
0.181441
0.205611
0.189497
0.165327
0.189497
0.125044
0.157271
0.133101
0.108931
0.084761
0.068648
0.068648
0.044478
0.044478
0.028365
-0.003862
-0.003862
-0.019975
-0.044145
-0.052202
-0.084428
-0.060258
-0.092485
-0.124712
-0.116655
-0.156938
-0.132768
-0.173051
-0.156938
-0.189165
-0.189165
-0.173051
-0.237505
-0.221391
-0.261674
-0.205278
-0.253618
-0.229448
-0.261674
-0.285844
-0.253618
-0.285844
-0.301958
-0.285844
-0.301958
-0.277788
-0.293901
-0.301958
-0.285844
-0.318071
-0.310014
-0.301958
-0.293901
-0.326128
-0.293901
-0.285844
-0.301958
-0.269731
-0.245561
-0.293901
-0.285844
-0.213335
-0.245561
-0.221391
-0.221391
-0.221391
-0.189165
-0.205278
-0.173051
-0.173051
-0.124712
-0.108598
-0.116655
-0.100542
-0.108598
-0.084428
-0.060258
-0.036089
-0.011919
-0.019975
0.020308
-0.019975
0.036421
0.044478
0.076704
0.270064
0.318404
0.358687
0.342574
0.302290
0.262007
0.262007
0.245894
0.205611
0.237837
0.213667
0.197554
0.221724
0.213667
0.270064
0.229781
0.245894
0.262007
0.245894
0.237837
0.253951
0.294234
0.253951
0.278120
0.270064
0.278120
0.294234
0.278120
0.286177
0.270064
0.286177
0.302290
0.270064
0.286177
0.270064
0.270064
0.262007
0.229781
0.253951
0.221724
0.245894
0.221724
0.237837
0.205611
0.189497
0.205611
0.181441
0.165327
0.133101
0.157271
0.133101
0.076704
0.084761
0.092818
0.052535
0.060591
0.020308
0.004195
-0.003862
-0.003862
-0.044145
-0.044145
-0.060258
-0.068315
-0.060258
-0.100542
-0.116655
-0.116655
-0.132768
-0.164995
-0.173051
-0.148881
-0.197221
-0.221391
-0.197221
-0.229448
-0.213335
-0.245561
-0.237505
-0.269731
-0.253618
-0.261674
-0.261674
-0.277788
-0.285844
-0.293901
-0.285844
-0.285844
-0.334184
-0.310014
-0.269731
-0.326128
-0.293901
-0.310014
-0.318071
-0.318071
-0.310014
-0.253618
-0.285844
-0.261674
-0.277788
-0.269731
-0.245561
-0.285844
-0.245561
-0.229448
-0.213335
-0.197221
-0.213335
-0.181108
-0.164995
-0.156938
-0.156938
-0.164995
-0.124712
-0.132768
-0.068315
-0.108598
-0.084428
-0.084428
-0.044145
-0.044145
-0.036089
0.004195
0.044478
0.012251
0.052535
0.036421
0.084761
0.100874
0.108931
0.141158
0.100874
0.149214
0.149214
0.197554
0.157271
0.197554
0.173384
0.197554
0.221724
0.213667
0.189497
0.229781
0.237837
0.237837
0.253951
0.253951
0.253951
0.253951
0.245894
0.270064
0.253951
0.245894
0.237837
0.358687
0.495650
0.503706
0.503706
0.495650
0.455367
0.407027
0.350630
0.342574
0.278120
0.270064
0.253951
0.245894
0.245894
0.213667
0.229781
0.213667
0.197554
0.173384
0.173384
0.173384
0.125044
0.108931
0.100874
0.092818
0.068648
0.068648
0.044478
0.044478
0.052535
0.012251
-0.003862
-0.028032
-0.019975
-0.044145
-0.060258
-0.052202
-0.100542
-0.108598
-0.116655
-0.140825
-0.140825
-0.181108
-0.173051
-0.189165
-0.189165
-0.181108
-0.173051
-0.197221
-0.221391
-0.229448
-0.253618
-0.269731
-0.285844
-0.269731
-0.277788
-0.293901
-0.310014
-0.285844
-0.277788
-0.326128
-0.358354
-0.301958
-0.293901
-0.326128
-0.301958
-0.318071
-0.293901
-0.334184
-0.293901
-0.301958
-0.269731
-0.293901
-0.285844
-0.253618
-0.277788
-0.261674
-0.229448
-0.269731
-0.237505
-0.221391
-0.189165
-0.189165
-0.181108
-0.156938
-0.148881
-0.148881
-0.140825
-0.108598
-0.124712
-0.076372
-0.068315
-0.076372
-0.044145
-0.060258
-0.028032
-0.003862
0.012251
0.052535
0.068648
0.076704
0.084761
0.092818
0.100874
0.108931
0.165327
0.133101
0.157271
0.165327
0.189497
0.181441
0.205611
0.229781
0.205611
0.229781
0.237837
0.245894
0.205611
0.245894
0.253951
0.237837
0.270064
0.245894
0.270064
0.270064
0.294234
0.270064
0.294234
0.278120
0.302290
0.278120
0.278120
0.262007
0.278120
0.262007
0.253951
0.278120
0.245894
0.245894
0.237837
0.237837
0.245894
0.213667
0.213667
0.213667
0.189497
0.165327
0.165327
0.165327
0.141158
0.157271
0.229781
0.358687
0.334517
0.310347
0.262007
0.213667
0.165327
0.060591
0.044478
0.036421
-0.003862
-0.011919
-0.060258
-0.044145
-0.092485
-0.108598
-0.124712
-0.140825
-0.116655
-0.132768
-0.140825
-0.173051
-0.221391
-0.213335
-0.229448
-0.205278
-0.221391
-0.237505
-0.229448
-0.261674
-0.261674
-0.285844
-0.245561
-0.277788
-0.285844
-0.285844
-0.301958
-0.326128
-0.277788
-0.326128
-0.293901
-0.326128
-0.334184
-0.310014
-0.318071
-0.301958
-0.318071
-0.310014
-0.261674
-0.277788
-0.237505
-0.285844
-0.277788
-0.253618
-0.245561
-0.229448
-0.221391
-0.245561
-0.237505
-0.205278
-0.189165
-0.197221
-0.156938
-0.156938
-0.164995
-0.108598
-0.124712
-0.092485
-0.068315
-0.076372
-0.044145
-0.036089
-0.011919
0.012251
0.028365
0.028365
0.052535
0.060591
0.076704
0.108931
0.084761
0.108931
0.157271
0.165327
0.165327
0.189497
0.149214
0.205611
0.189497
0.213667
0.213667
0.237837
0.237837
0.229781
0.221724
0.262007
0.270064
0.278120
0.237837
0.294234
0.270064
0.253951
0.286177
0.278120
0.302290
0.286177
0.278120
0.286177
0.286177
0.286177
0.270064
0.294234
0.286177
0.278120
0.270064
0.253951
0.229781
0.237837
0.213667
0.237837
0.229781
0.213667
0.213667
0.189497
0.205611
0.141158
0.165327
0.125044
0.116988
0.108931
0.052535
0.036421
0.044478
0.044478
0.036421
0.004195
-0.011919
-0.011919
-0.019975
-0.060258
-0.076372
-0.076372
-0.108598
-0.124712
-0.124712
-0.132768
-0.156938
-0.148881
-0.181108
-0.205278
-0.173051
-0.205278
-0.213335
-0.253618
-0.245561
-0.253618
-0.277788
-0.164995
-0.076372
-0.028032
-0.044145
-0.092485
-0.100542
-0.156938
-0.181108
-0.221391
-0.261674
-0.269731
-0.269731
-0.277788
-0.310014
-0.301958
-0.285844
-0.301958
-0.285844
-0.285844
-0.277788
-0.293901
-0.261674
-0.261674
-0.293901
-0.269731
-0.253618
-0.253618
-0.269731
-0.221391
-0.213335
-0.221391
-0.197221
-0.164995
-0.181108
-0.132768
-0.140825
-0.116655
-0.124712
-0.076372
-0.060258
-0.084428
-0.011919
-0.052202
0.004195
-0.003862
0.012251
0.052535
0.052535
0.060591
0.076704
0.092818
0.116988
0.116988
0.125044
0.149214
0.133101
0.181441
0.165327
0.181441
0.181441
0.221724
0.205611
0.213667
0.245894
0.245894
0.229781
0.245894
0.253951
0.253951
0.302290
0.237837
0.270064
0.294234
0.286177
0.270064
0.270064
0.286177
0.278120
0.294234
0.294234
0.286177
0.302290
0.270064
0.270064
0.229781
0.262007
0.245894
0.229781
0.245894
0.213667
0.205611
0.221724
0.197554
0.197554
0.173384
0.165327
0.205611
0.125044
0.133101
0.084761
0.100874
0.084761
0.076704
0.060591
0.060591
0.028365
0.036421
0.020308
0.004195
-0.044145
-0.068315
-0.068315
-0.108598
-0.068315
-0.124712
-0.116655
-0.132768
-0.124712
-0.173051
-0.164995
-0.189165
-0.189165
-0.229448
-0.213335
-0.237505
-0.229448
-0.213335
-0.269731
-0.245561
-0.285844
-0.269731
-0.261674
-0.277788
-0.277788
-0.310014
-0.318071
-0.334184
-0.285844
-0.318071
-0.334184
-0.326128
-0.334184
-0.326128
-0.326128
-0.318071
-0.310014
-0.326128
-0.285844
-0.277788
-0.285844
-0.318071
-0.277788
-0.285844
-0.173051
-0.036089
-0.011919
-0.003862
0.012251
-0.036089
-0.068315
-0.092485
-0.116655
-0.100542
-0.100542
-0.116655
-0.084428
-0.076372
-0.084428
-0.036089
0.004195
-0.028032
-0.028032
0.012251
0.004195
0.012251
0.060591
0.052535
0.092818
0.052535
0.116988
0.116988
0.125044
0.165327
0.157271
0.165327
0.213667
0.181441
0.189497
0.213667
0.213667
0.205611
0.229781
0.221724
0.221724
0.253951
0.278120
0.262007
0.262007
0.270064
0.270064
0.237837
0.262007
0.262007
0.302290
0.286177
0.294234
0.286177
0.253951
0.286177
0.270064
0.262007
0.253951
0.278120
0.237837
0.245894
0.245894
0.270064
0.205611
0.229781
0.213667
0.197554
0.181441
0.205611
0.149214
0.173384
0.157271
0.108931
0.149214
0.100874
0.076704
0.068648
0.060591
0.068648
0.036421
0.020308
0.020308
-0.003862
-0.011919
-0.060258
-0.068315
-0.076372
-0.092485
-0.100542
-0.108598
-0.116655
-0.181108
-0.181108
-0.181108
-0.189165
-0.213335
-0.189165
-0.205278
-0.229448
-0.229448
-0.237505
-0.205278
-0.253618
-0.269731
-0.269731
-0.293901
-0.301958
-0.301958
-0.310014
-0.301958
-0.318071
-0.310014
-0.310014
-0.326128
-0.318071
-0.293901
-0.310014
-0.318071
-0.326128
-0.334184
-0.293901
-0.301958
-0.277788
-0.261674
-0.285844
-0.245561
-0.237505
-0.229448
-0.253618
-0.229448
-0.221391
-0.245561
-0.213335
-0.181108
-0.173051
-0.124712
-0.173051
-0.124712
-0.140825
-0.108598
-0.116655
-0.100542
-0.068315
-0.044145
-0.019975
-0.052202
0.004195
0.012251
-0.011919
0.028365
0.036421
0.060591
0.092818
0.076704
0.149214
0.318404
0.382857
0.382857
0.382857
0.366744
0.334517
0.334517
0.286177
0.253951
0.253951
0.253951
0.253951
0.294234
0.245894
0.278120
0.253951
0.245894
0.286177
0.262007
0.270064
0.262007
0.294234
0.270064
0.262007
0.302290
0.278120
0.270064
0.302290
0.245894
0.262007
0.245894
0.213667
0.245894
0.253951
0.253951
0.229781
0.229781
0.237837
0.229781
0.189497
0.189497
0.173384
0.181441
0.157271
0.141158
0.149214
0.108931
0.100874
0.092818
0.076704
0.044478
0.060591
-0.003862
0.004195
0.020308
-0.019975
-0.036089
-0.052202
-0.084428
-0.100542
-0.084428
-0.100542
-0.108598
-0.116655
-0.156938
-0.156938
-0.189165
-0.181108
-0.189165
-0.205278
-0.237505
-0.229448
-0.237505
-0.245561
-0.245561
-0.205278
-0.261674
-0.269731
-0.245561
-0.277788
-0.293901
-0.310014
-0.293901
-0.301958
-0.318071
-0.301958
-0.277788
-0.318071
-0.261674
-0.293901
-0.301958
-0.269731
-0.293901
-0.285844
-0.301958
-0.269731
-0.301958
-0.269731
-0.301958
-0.261674
-0.245561
-0.269731
-0.229448
-0.213335
-0.229448
-0.205278
-0.221391
-0.197221
-0.156938
-0.148881
-0.156938
-0.132768
-0.100542
-0.092485
-0.068315
-0.084428
-0.019975
-0.028032
-0.028032
0.012251
-0.003862
0.068648
0.036421
0.068648
0.060591
0.068648
0.076704
0.116988
0.125044
0.125044
0.133101
0.157271
0.197554
0.189497
0.205611
0.205611
0.205611
0.213667
0.237837
0.221724
0.237837
0.229781
0.221724
0.253951
0.245894
0.270064
0.270064
0.262007
0.245894
0.262007
0.350630
0.455367
0.503706
0.487593
0.479536
0.423140
0.390913
0.334517
0.310347
0.302290
0.278120
0.270064
0.262007
0.229781
0.245894
0.205611
0.213667
0.213667
0.181441
0.181441
0.141158
0.157271
0.141158
0.116988
0.116988
0.108931
0.052535
0.068648
0.060591
0.028365
0.036421
0.020308
0.012251
-0.011919
-0.052202
-0.028032
-0.052202
-0.084428
-0.116655
-0.116655
-0.124712
-0.164995
-0.148881
-0.148881
-0.189165
-0.181108
-0.181108
-0.156938
-0.213335
-0.197221
-0.221391
-0.213335
-0.221391
-0.253618
-0.245561
-0.277788
-0.245561
-0.277788
-0.269731
-0.293901
-0.301958
-0.301958
-0.277788
-0.326128
-0.326128
-0.326128
-0.318071
-0.318071
-0.310014
-0.293901
-0.293901
-0.301958
-0.285844
-0.285844
-0.269731
-0.301958
-0.253618
-0.245561
-0.253618
-0.237505
-0.237505
-0.221391
-0.213335
-0.213335
-0.181108
-0.189165
-0.156938
-0.164995
-0.148881
-0.092485
-0.092485
-0.100542
-0.068315
-0.076372
-0.028032
-0.028032
-0.003862
-0.011919
0.004195
0.028365
0.020308
0.052535
0.060591
0.100874
0.076704
0.116988
0.116988
0.149214
0.149214
0.133101
0.157271
0.165327
0.181441
0.205611
0.181441
0.197554
0.213667
0.237837
0.221724
0.253951
0.253951
0.245894
0.278120
0.245894
0.262007
0.270064
0.294234
0.278120
0.294234
0.270064
0.294234
0.294234
0.262007
0.294234
0.294234
0.245894
0.253951
0.245894
0.253951
0.229781
0.253951
0.213667
0.229781
0.229781
0.205611
0.197554
0.157271
0.189497
0.165327
0.125044
0.133101
0.116988
0.084761
0.084761
0.060591
0.052535
0.044478
0.068648
0.189497
0.229781
0.213667
0.165327
0.157271
0.108931
0.068648
-0.011919
-0.036089
-0.068315
-0.108598
-0.108598
-0.108598
-0.156938
-0.189165
-0.164995
-0.205278
-0.213335
-0.213335
-0.229448
-0.229448
-0.213335
-0.261674
-0.261674
-0.237505
-0.261674
-0.277788
-0.277788
-0.269731
-0.277788
-0.293901
-0.334184
-0.318071
-0.301958
-0.293901
-0.310014
-0.318071
-0.318071
-0.318071
-0.326128
-0.285844
-0.293901
-0.269731
-0.277788
-0.285844
-0.261674
-0.261674
-0.245561
-0.229448
-0.261674
-0.237505
-0.253618
-0.221391
-0.205278
-0.205278
-0.173051
-0.173051
-0.156938
-0.156938
-0.140825
-0.100542
-0.084428
-0.068315
-0.084428
-0.028032
-0.028032
-0.019975
-0.011919
0.004195
0.020308
0.012251
0.084761
0.052535
0.100874
0.108931
0.100874
0.149214
0.116988
0.181441
0.165327
0.173384
0.173384
0.181441
0.189497
0.213667
0.197554
0.213667
0.245894
0.229781
0.237837
0.237837
0.253951
0.270064
0.237837
0.270064
0.262007
0.278120
0.286177
0.286177
0.286177
0.286177
0.286177
0.286177
0.262007
0.294234
0.286177
0.270064
0.237837
0.253951
0.278120
0.237837
0.245894
0.229781
0.253951
0.205611
0.213667
0.197554
0.173384
0.205611
0.157271
0.125044
0.133101
0.100874
0.116988
0.092818
0.076704
0.068648
0.044478
0.012251
-0.003862
-0.019975
-0.011919
-0.036089
-0.060258
-0.060258
-0.092485
-0.084428
-0.116655
-0.116655
-0.148881
-0.173051
-0.156938
-0.173051
-0.205278
-0.221391
-0.229448
-0.245561
-0.237505
-0.253618
-0.245561
-0.269731
-0.285844
-0.205278
-0.060258
-0.044145
-0.060258
-0.076372
-0.140825
-0.197221
-0.213335
-0.245561
-0.261674
-0.253618
-0.301958
-0.301958
-0.261674
-0.326128
-0.293901
-0.293901
-0.277788
-0.301958
-0.301958
-0.277788
-0.261674
-0.310014
-0.277788
-0.237505
-0.229448
-0.229448
-0.213335
-0.245561
-0.213335
-0.148881
-0.164995
-0.189165
-0.156938
-0.124712
-0.140825
-0.132768
-0.108598
-0.076372
-0.068315
-0.036089
-0.060258
-0.044145
0.004195
-0.011919
0.036421
0.076704
0.060591
0.076704
0.092818
0.116988
0.116988
0.116988
0.149214
0.133101
0.141158
0.205611
0.181441
0.173384
0.197554
0.189497
0.221724
0.221724
0.205611
0.213667
0.229781
0.253951
0.270064
0.253951
0.245894
0.270064
0.278120
0.310347
0.286177
0.286177
0.310347
0.286177
0.262007
0.270064
0.278120
0.262007
0.286177
0.270064
0.262007
0.262007
0.229781
0.245894
0.229781
0.221724
0.197554
0.205611
0.213667
0.197554
0.205611
0.157271
0.157271
0.133101
0.141158
0.108931
0.084761
0.108931
0.052535
0.060591
0.068648
0.044478
0.036421
0.004195
0.004195
-0.003862
-0.028032
-0.052202
-0.092485
-0.100542
-0.100542
-0.132768
-0.132768
-0.132768
-0.132768
-0.189165
-0.156938
-0.213335
-0.213335
-0.221391
-0.197221
-0.229448
-0.213335
-0.245561
-0.245561
-0.245561
-0.253618
-0.293901
-0.261674
-0.301958
-0.277788
-0.261674
-0.318071
-0.310014
-0.326128
-0.293901
-0.326128
-0.301958
-0.334184
-0.301958
-0.318071
-0.310014
-0.326128
-0.301958
-0.310014
-0.285844
-0.293901
-0.261674
-0.310014
-0.269731
-0.269731
-0.253618
-0.229448
-0.116655
-0.036089
0.036421
0.036421
0.044478
0.028365
-0.011919
-0.011919
-0.076372
-0.036089
-0.068315
-0.028032
-0.052202
-0.019975
-0.003862
0.020308
0.028365
0.004195
0.036421
0.036421
0.084761
0.076704
0.076704
0.116988
0.092818
0.116988
0.165327
0.149214
0.173384
0.173384
0.189497
0.181441
0.205611
0.205611
0.221724
0.221724
0.221724
0.237837
0.245894
0.245894
0.245894
0.270064
0.262007
0.270064
0.278120
0.286177
0.294234
0.262007
0.286177
0.286177
0.270064
0.262007
0.270064
0.286177
0.253951
0.253951
0.237837
0.237837
0.262007
0.213667
0.221724
0.205611
0.213667
0.205611
0.173384
0.189497
0.165327
0.165327
0.173384
0.141158
0.141158
0.084761
0.108931
0.036421
0.036421
0.052535
0.028365
0.028365
-0.019975
-0.011919
-0.028032
-0.044145
-0.068315
-0.076372
-0.076372
-0.108598
-0.140825
-0.132768
-0.148881
-0.140825
-0.148881
-0.189165
-0.213335
-0.205278
-0.205278
-0.197221
-0.253618
-0.237505
-0.237505
-0.253618
-0.261674
-0.277788
-0.261674
-0.285844
-0.277788
-0.253618
-0.293901
-0.310014
-0.293901
-0.318071
-0.301958
-0.301958
-0.310014
-0.326128
-0.310014
-0.293901
-0.285844
-0.301958
-0.301958
-0.285844
-0.261674
-0.277788
-0.269731
-0.253618
-0.253618
-0.245561
-0.221391
-0.221391
-0.213335
-0.173051
-0.197221
-0.173051
-0.164995
-0.140825
-0.108598
-0.116655
-0.108598
-0.100542
-0.092485
-0.076372
-0.060258
-0.044145
-0.019975
-0.011919
0.004195
0.020308
0.020308
0.052535
0.044478
0.076704
0.116988
0.245894
0.334517
0.382857
0.318404
0.326460
0.286177
0.245894
0.229781
0.213667
0.229781
0.221724
0.229781
0.229781
0.221724
0.253951
0.237837
0.270064
0.253951
0.262007
0.270064
0.253951
0.302290
0.262007
0.253951
0.278120
0.278120
0.262007
0.270064
0.253951
0.245894
0.270064
0.278120
0.262007
0.245894
0.237837
0.237837
0.213667
0.221724
0.213667
0.189497
0.221724
0.189497
0.221724
0.149214
0.157271
0.157271
0.133101
0.133101
0.116988
0.100874
0.068648
0.060591
0.044478
0.052535
0.012251
-0.003862
-0.019975
-0.044145
-0.044145
-0.092485
-0.060258
-0.084428
-0.124712
-0.132768
-0.140825
-0.132768
-0.148881
-0.173051
-0.189165
-0.205278
-0.197221
-0.189165
-0.229448
-0.205278
-0.221391
-0.229448
-0.221391
-0.269731
-0.237505
-0.269731
-0.261674
-0.285844
-0.293901
-0.310014
-0.285844
-0.318071
-0.326128
-0.293901
-0.310014
-0.310014
-0.301958
-0.318071
-0.277788
-0.318071
-0.301958
-0.269731
-0.277788
-0.253618
-0.293901
-0.277788
-0.245561
-0.237505
-0.229448
-0.245561
-0.237505
-0.213335
-0.213335
-0.197221
-0.173051
-0.164995
-0.156938
-0.132768
-0.156938
-0.124712
-0.108598
-0.076372
-0.084428
-0.060258
-0.028032
-0.011919
-0.003862
0.020308
0.060591
0.028365
0.060591
0.052535
0.076704
0.108931
0.092818
0.116988
0.125044
0.165327
0.125044
0.181441
0.181441
0.165327
0.213667
0.205611
0.205611
0.229781
0.205611
0.245894
0.237837
0.229781
0.237837
0.229781
0.237837
0.237837
0.262007
0.278120
0.262007
0.245894
0.286177
0.294234
0.253951
0.270064
0.294234
0.431197
0.479536
0.511763
0.503706
0.439253
0.423140
0.334517
0.302290
0.262007
0.262007
0.245894
0.253951
0.229781
0.173384
0.189497
0.173384
0.133101
0.116988
0.116988
0.116988
0.076704
0.076704
0.068648
0.028365
0.036421
0.044478
-0.011919
-0.011919
-0.019975
-0.068315
-0.052202
-0.060258
-0.084428
-0.116655
-0.108598
-0.132768
-0.148881
-0.164995
-0.156938
-0.189165
-0.197221
-0.197221
-0.221391
-0.229448
-0.229448
-0.229448
-0.245561
-0.229448
-0.253618
-0.269731
-0.253618
-0.293901
-0.285844
-0.293901
-0.310014
-0.301958
-0.310014
-0.277788
-0.293901
-0.293901
-0.310014
-0.310014
-0.293901
-0.310014
-0.301958
-0.293901
-0.285844
-0.277788
-0.293901
-0.277788
-0.285844
-0.253618
-0.277788
-0.269731
-0.237505
-0.245561
-0.221391
-0.213335
-0.197221
-0.164995
-0.156938
-0.164995
-0.124712
-0.124712
-0.100542
-0.084428
-0.084428
-0.036089
-0.052202
-0.060258
-0.044145
-0.028032
-0.003862
0.044478
0.044478
0.060591
0.036421
0.100874
0.092818
0.116988
0.141158
0.133101
0.133101
0.157271
0.189497
0.205611
0.213667
0.205611
0.213667
0.197554
0.221724
0.229781
0.229781
0.245894
0.245894
0.270064
0.278120
0.270064
0.245894
0.278120
0.262007
0.286177
0.262007
0.286177
0.294234
0.262007
0.302290
0.270064
0.278120
0.270064
0.253951
0.253951
0.253951
0.229781
0.270064
0.237837
0.237837
0.229781
0.229781
0.197554
0.213667
0.189497
0.213667
0.141158
0.157271
0.133101
0.125044
0.084761
0.076704
0.068648
0.044478
-0.003862
0.068648
0.141158
0.197554
0.262007
0.165327
0.116988
0.076704
-0.011919
-0.003862
-0.076372
-0.076372
-0.100542
-0.116655
-0.116655
-0.156938
-0.164995
-0.189165
-0.205278
-0.205278
-0.213335
-0.221391
-0.221391
-0.237505
-0.253618
-0.277788
-0.261674
-0.277788
-0.285844
-0.261674
-0.285844
-0.301958
-0.310014
-0.310014
-0.293901
-0.301958
-0.326128
-0.310014
-0.293901
-0.318071
-0.293901
-0.293901
-0.285844
-0.269731
-0.293901
-0.245561
-0.277788
-0.261674
-0.221391
-0.253618
-0.245561
-0.221391
-0.205278
-0.213335
-0.181108
-0.205278
-0.156938
-0.140825
-0.173051
-0.124712
-0.068315
-0.092485
-0.124712
-0.092485
-0.060258
-0.060258
-0.019975
-0.036089
-0.003862
0.044478
-0.011919
0.036421
0.060591
0.068648
0.076704
0.149214
0.149214
0.116988
0.173384
0.165327
0.157271
0.173384
0.181441
0.205611
0.205611
0.205611
0.245894
0.213667
0.237837
0.237837
0.253951
0.278120
0.278120
0.253951
0.262007
0.286177
0.262007
0.270064
0.278120
0.245894
0.286177
0.245894
0.286177
0.262007
0.294234
0.278120
0.270064
0.253951
0.286177
0.270064
0.245894
0.262007
0.229781
0.245894
0.221724
0.189497
0.221724
0.165327
0.181441
0.189497
0.173384
0.189497
0.116988
0.116988
0.100874
0.108931
0.060591
0.060591
0.052535
0.028365
0.036421
-0.019975
-0.003862
-0.028032
-0.060258
-0.068315
-0.076372
-0.076372
-0.124712
-0.116655
-0.156938
-0.164995
-0.132768
-0.173051
-0.205278
-0.189165
-0.205278
-0.245561
-0.245561
-0.221391
-0.269731
-0.261674
-0.277788
-0.245561
-0.285844
-0.293901
-0.318071
-0.213335
-0.124712
-0.084428
-0.060258
-0.084428
-0.116655
-0.181108
-0.213335
-0.245561
-0.277788
-0.277788
-0.285844
-0.229448
-0.277788
-0.277788
-0.285844
-0.301958
-0.269731
-0.261674
-0.269731
-0.269731
-0.245561
-0.237505
-0.197221
-0.205278
-0.213335
-0.189165
-0.197221
-0.164995
-0.173051
-0.148881
-0.124712
-0.132768
-0.100542
-0.100542
-0.076372
-0.068315
-0.036089
-0.019975
0.012251
0.004195
0.012251
0.044478
0.036421
0.068648
0.084761
0.084761
0.133101
0.141158
0.165327
0.141158
0.189497
0.173384
0.181441
0.197554
0.213667
0.205611
0.205611
0.205611
0.213667
0.245894
0.237837
0.262007
0.262007
0.270064
0.270064
0.262007
0.270064
0.262007
0.278120
0.278120
0.278120
0.294234
0.253951
0.302290
0.302290
0.237837
0.270064
0.245894
0.253951
0.262007
0.237837
0.262007
0.221724
0.221724
0.213667
0.221724
0.229781
0.189497
0.197554
0.181441
0.165327
0.125044
0.125044
0.076704
0.116988
0.092818
0.060591
0.076704
0.028365
0.012251
0.012251
-0.003862
-0.036089
-0.019975
-0.052202
-0.068315
-0.092485
-0.092485
-0.108598
-0.108598
-0.124712
-0.156938
-0.132768
-0.173051
-0.181108
-0.229448
-0.181108
-0.197221
-0.181108
-0.221391
-0.237505
-0.229448
-0.253618
-0.253618
-0.245561
-0.269731
-0.277788
-0.293901
-0.277788
-0.301958
-0.293901
-0.269731
-0.285844
-0.285844
-0.310014
-0.318071
-0.318071
-0.310014
-0.285844
-0.334184
-0.269731
-0.310014
-0.269731
-0.269731
-0.310014
-0.285844
-0.261674
-0.261674
-0.245561
-0.229448
-0.140825
-0.044145
0.028365
0.012251
0.028365
0.012251
-0.011919
-0.044145
-0.052202
-0.060258
-0.076372
-0.044145
-0.068315
-0.052202
-0.044145
-0.011919
-0.028032
0.012251
0.044478
0.004195
0.060591
0.068648
0.076704
0.125044
0.100874
0.108931
0.125044
0.157271
0.157271
0.149214
0.157271
0.197554
0.205611
0.205611
0.237837
0.237837
0.245894
0.245894
0.245894
0.245894
0.262007
0.237837
0.270064
0.286177
0.245894
0.278120
0.278120
0.286177
0.294234
0.253951
0.286177
0.286177
0.262007
0.270064
0.286177
0.278120
0.270064
0.245894
0.245894
0.253951
0.237837
0.229781
0.213667
0.205611
0.205611
0.189497
0.181441
0.189497
0.125044
0.173384
0.125044
0.141158
0.076704
0.084761
0.068648
0.052535
0.044478
0.028365
0.012251
0.004195
-0.011919
-0.011919
-0.044145
-0.068315
-0.028032
-0.084428
-0.116655
-0.108598
-0.140825
-0.173051
-0.156938
-0.173051
-0.181108
-0.221391
-0.205278
-0.229448
-0.205278
-0.189165
-0.229448
-0.237505
-0.245561
-0.261674
-0.253618
-0.285844
-0.301958
-0.269731
-0.277788
-0.285844
-0.318071
-0.293901
-0.334184
-0.301958
-0.334184
-0.301958
-0.310014
-0.318071
-0.301958
-0.318071
-0.310014
-0.301958
-0.310014
-0.301958
-0.285844
-0.253618
-0.253618
-0.269731
-0.213335
-0.253618
-0.245561
-0.205278
-0.197221
-0.164995
-0.229448
-0.156938
-0.148881
-0.173051
-0.124712
-0.132768
-0.116655
-0.092485
-0.076372
-0.052202
-0.068315
-0.019975
0.004195
-0.011919
0.028365
0.028365
0.036421
0.060591
0.052535
0.092818
0.092818
0.141158
0.100874
0.141158
0.133101
0.205611
0.366744
0.415083
0.447310
0.398970
