-1.876196
-2.013159
-1.932593
-1.779517
-1.449194
-1.086645
-0.780493
-0.417944
-0.055395
0.274927
0.726099
1.040308
1.386743
1.757349
2.127954
2.417993
2.764429
3.143091
3.505640
3.844019
4.117944
4.512720
4.891382
5.270044
5.632593
5.954858
6.228784
6.502710
6.768579
7.034448
7.308374
7.501733
7.735376
7.952905
8.122095
8.218774
8.291284
8.379907
8.444360
8.492700
8.468530
8.500757
8.492700
8.484644
8.492700
8.444360
8.396021
8.323511
8.242944
8.170435
8.041528
7.977075
7.823999
7.638696
7.413110
7.195581
6.986108
6.704126
6.430200
6.075708
5.769556
5.407007
5.020288
4.657739
4.287134
3.819849
3.441187
3.054468
2.603296
2.184351
1.797632
1.338403
0.887231
0.516626
0.089624
-0.305151
-0.748267
-1.086645
-1.537817
-1.900366
-2.254858
-2.625464
-3.044409
-3.447241
-3.777563
-4.196509
-4.583227
-5.002173
-5.316382
-5.670874
-5.968970
-6.299292
-6.540991
-6.855200
-7.040503
-7.217749
-7.419165
-7.556128
-7.757544
-7.886450
-8.023413
-8.087866
-8.160376
-8.160376
-8.265112
-8.265112
-8.265112
-8.248999
-8.240942
-8.208716
-8.095923
-8.087866
-8.023413
-7.854224
-7.757544
-7.636694
-7.403052
-7.274145
-6.984106
-6.766577
-6.484595
-6.186499
-5.864233
-5.525854
-5.155249
-4.768530
-4.470435
-4.067602
-3.656714
-3.205542
-2.770483
-2.375708
-1.948706
-1.570044
-1.151099
-0.772436
-0.353491
0.041284
0.452173
0.822778
1.161157
1.515649
1.886255
2.248804
2.563013
2.885278
3.304224
3.658716
3.989038
4.407983
4.818872
5.141138
5.511743
5.785669
6.115991
6.373804
6.655786
6.873315
7.131128
7.405054
7.622583
7.807886
7.912622
8.009302
8.097925
8.162378
8.194605
8.226831
8.291284
8.315454
8.275171
8.291284
8.251001
8.226831
8.186548
8.130151
7.985132
7.920679
7.823999
7.670923
7.469507
7.284204
7.066675
6.792749
6.526880
6.261011
5.954858
5.600366
5.286157
4.867212
4.512720
4.142114
3.723169
3.304224
2.869165
2.563013
2.144067
1.733179
1.273950
0.887231
0.524683
0.105737
-0.329321
-0.691870
-1.110815
-1.425024
-1.811743
-2.150122
-2.480444
-2.802710
-3.237769
-3.584204
-3.922583
-4.325415
-4.704077
-5.050513
-5.380835
-5.767554
-6.017310
-6.339575
-6.613501
-6.903540
-7.096899
-7.427222
-7.580298
-7.749487
-7.878394
-7.999243
-8.023413
-8.144263
-8.176489
-8.152319
-8.240942
-8.265112
-8.240942
-8.232886
-8.192602
-8.176489
-8.112036
-8.071753
-7.967017
-7.878394
-7.725317
-7.588354
-7.427222
-7.249976
-6.984106
-6.734351
-6.468481
-6.138159
-5.727270
-5.340552
-4.969946
-4.559058
-4.260962
-3.898413
-3.495581
-3.141089
-2.714087
-2.287085
-1.876196
-1.505591
-1.086645
-0.699927
-0.337378
0.073511
0.468286
0.814722
1.217554
1.580103
1.910425
2.305200
2.603296
2.965845
3.384790
3.698999
4.029321
4.424097
4.843042
5.221704
5.543970
5.809839
6.172388
6.430200
6.712183
6.953882
7.171411
7.396997
7.646753
7.807886
7.960962
8.017358
8.105981
8.154321
8.194605
8.226831
8.291284
8.291284
8.226831
8.291284
8.218774
8.194605
8.122095
8.017358
7.985132
7.880396
7.735376
7.622583
7.413110
7.219751
7.018335
6.736353
6.470483
6.188501
5.866235
5.495630
5.116968
4.778589
4.480493
3.997095
3.578149
3.151148
2.804712
2.369653
1.990991
1.539819
1.161157
0.750269
0.363550
-0.023169
-0.426001
-0.836890
-1.207495
-1.529761
-1.908423
-2.262915
-2.585181
-2.891333
-3.318335
-3.680884
-3.987036
-4.430151
-4.800757
-5.155249
-5.485571
-5.815894
-6.178442
-6.379858
-6.677954
-6.903540
-7.177466
-7.427222
-7.604468
-7.789770
-7.918677
-8.023413
-8.095923
-8.176489
-8.232886
-8.232886
-8.281226
-8.281226
-8.265112
-8.273169
-8.248999
-8.208716
-8.120093
-8.063696
-7.975073
-7.846167
-7.765601
-7.636694
-7.451392
-7.209692
-7.008276
-6.726294
-6.460425
-6.178442
-5.823950
-5.469458
-5.050513
-4.760474
-4.430151
-3.962866
-3.592261
-3.157202
-2.802710
-2.343481
-1.924536
-1.545874
-1.151099
-0.740210
-0.353491
0.033228
0.403833
0.814722
1.145044
1.507593
1.878198
2.385767
2.812769
3.167261
3.570093
3.844019
4.182398
4.536890
4.907495
5.221704
5.568140
5.874292
6.196558
6.462427
6.720239
6.953882
7.195581
7.477564
7.670923
7.840112
7.960962
8.009302
8.097925
8.186548
8.202661
8.242944
8.275171
8.283228
8.315454
8.275171
8.218774
8.194605
8.138208
8.041528
7.944849
7.912622
7.759546
7.614526
7.461450
7.219751
6.961939
6.671899
6.462427
6.148218
5.801782
5.527856
5.100855
4.770532
4.407983
4.021265
3.570093
3.175317
2.748315
2.321314
1.966821
1.539819
1.120874
0.750269
0.339380
-0.095679
-0.474341
-0.844946
-1.199438
-1.570044
-1.908423
-2.254858
-2.552954
-2.963843
-3.318335
-3.680884
-4.035376
-4.373755
-4.792700
-5.155249
-5.501685
-5.848120
-6.138159
-6.420142
-6.661841
-6.951880
-7.153296
-7.403052
-7.604468
-7.789770
-7.918677
-8.023413
-8.087866
-8.160376
-8.208716
-8.240942
-8.240942
-8.273169
-8.265112
-8.240942
-8.232886
-8.184546
-8.160376
-8.063696
-7.991186
-7.821997
-7.709204
-7.604468
-7.459448
-7.241919
-6.976050
-6.694067
-6.452368
-6.130102
-5.815894
-5.453345
-5.090796
-4.736304
-4.373755
-3.987036
-3.551977
-3.157202
-2.738257
-2.270972
-1.860083
-1.465308
-1.062476
-0.699927
-0.305151
0.146021
0.540796
0.879175
1.241724
1.555933
1.934595
2.321314
2.595239
2.990015
3.384790
3.698999
4.029321
4.456323
4.843042
5.261987
5.584253
5.858179
6.196558
6.462427
6.712183
6.945825
7.203638
7.445337
7.654810
7.840112
7.977075
8.009302
8.105981
8.162378
8.218774
8.242944
8.251001
8.275171
8.226831
8.275171
8.428247
8.468530
8.460474
8.283228
8.162378
8.009302
7.823999
7.670923
7.469507
7.219751
6.994165
6.688013
6.446314
6.099878
5.825952
5.439233
5.084741
4.689966
4.335474
3.924585
3.489526
3.118921
2.716089
2.297144
1.886255
1.491480
1.040308
0.693872
0.331323
-0.135962
-0.506567
-0.901343
-1.271948
-1.650610
-1.980933
-2.287085
-2.601294
-3.020239
-3.382788
-3.721167
-4.067602
-4.438208
-4.824927
-5.227759
-5.533911
-5.888403
-6.194556
-6.404028
-6.726294
-7.008276
-7.225806
-7.435278
-7.644751
-7.830054
-7.910620
-8.023413
-8.063696
-8.160376
-8.208716
-8.248999
-8.265112
-8.273169
-8.240942
-8.265112
-8.216772
-8.160376
-8.112036
-8.063696
-7.950903
-7.878394
-7.749487
-7.588354
-7.435278
-7.209692
-6.976050
-6.677954
-6.428198
-6.105933
-5.815894
-5.453345
-5.066626
-4.712134
-4.349585
-3.930640
-3.527808
-3.133032
-2.722144
-2.311255
-1.900366
-1.505591
-1.030249
-0.683813
-0.329321
0.121851
0.492456
0.903345
1.249780
1.580103
1.958765
2.297144
2.643579
3.006128
3.441187
3.731226
4.061548
4.504663
4.907495
5.221704
5.560083
5.906519
6.172388
6.494653
6.776636
6.953882
7.195581
7.445337
7.670923
7.832056
7.920679
8.041528
8.097925
8.162378
8.202661
8.259058
8.242944
8.307398
8.259058
8.251001
8.242944
8.154321
8.105981
8.009302
7.944849
7.864282
7.719263
7.566187
7.356714
7.155298
6.929712
6.631616
6.389917
6.067651
5.785669
5.382837
4.955835
4.657739
4.238794
3.844019
3.408960
3.006128
2.627466
2.297144
2.031274
1.644556
1.241724
0.798608
0.387720
-0.079565
-0.458227
-0.861060
-1.288061
-1.658667
-1.980933
-2.327368
-2.681860
-3.076636
-3.415015
-3.769507
-4.164282
-4.526831
-4.889380
-5.227759
-5.606421
-5.896460
-6.178442
-6.468481
-6.726294
-7.000220
-7.266089
-7.483618
-7.668921
-7.821997
-7.950903
-8.023413
-8.071753
-8.128149
-8.192602
-8.248999
-8.281226
-8.248999
-8.248999
-8.248999
-8.192602
-8.192602
-8.128149
-8.055640
-7.967017
-7.870337
-7.709204
-7.572241
-7.362769
-7.177466
-6.951880
-6.669897
-6.379858
-6.122046
-5.759497
-5.372778
-5.018286
-4.712134
-4.349585
-3.914526
-3.471411
-3.076636
-2.673804
-2.254858
-1.835913
-1.481421
-1.030249
-0.659644
-0.264868
0.146021
0.524683
0.919458
1.249780
1.644556
2.007105
2.329370
2.699976
3.054468
3.457300
3.747339
4.134058
4.528833
4.907495
5.294214
5.632593
5.930689
6.220728
6.478540
6.792749
6.986108
7.284204
7.461450
7.687036
7.880396
7.960962
8.041528
8.122095
8.170435
8.242944
8.259058
8.307398
8.242944
8.251001
8.202661
8.226831
8.162378
8.081812
7.985132
7.912622
7.832056
7.719263
7.550073
7.340601
7.131128
6.873315
6.591333
6.317407
6.067651
5.680933
5.342554
4.931665
4.601343
4.254907
3.844019
3.441187
3.006128
2.595239
2.208521
1.837915
1.394800
0.991968
0.573023
0.210474
-0.208472
-0.595190
-0.981909
-1.352515
-1.650610
-2.077612
-2.359595
-2.681860
-3.100806
-3.439185
-3.761450
-4.123999
-4.567114
-4.921606
-5.243872
-5.646704
-5.968970
-6.242895
-6.516821
-6.790747
-7.040503
-7.217749
-7.370825
-7.523901
-7.757544
-7.830054
-7.918677
-8.055640
-8.071753
-8.176489
-8.192602
-8.248999
-8.265112
-8.248999
-8.192602
-8.176489
-8.184546
-8.128149
-8.023413
-7.967017
-7.854224
-7.701147
-7.580298
-7.386938
-7.161352
-6.879370
-6.645727
-6.339575
-6.041479
-5.743384
-5.372778
-4.953833
-4.704077
-4.293188
-3.882300
-3.463354
-3.036352
-2.657690
-2.174292
-1.835913
-1.416968
-0.998022
-0.619360
-0.256811
0.194360
0.540796
0.943628
1.306177
1.668726
2.031274
2.361597
2.683862
3.086694
3.505640
3.771509
4.109888
4.544946
4.963892
5.318384
5.664819
5.954858
6.261011
6.502710
6.744409
6.994165
7.203638
7.517847
7.670923
7.856226
7.985132
8.041528
8.122095
8.162378
8.226831
8.283228
8.283228
8.291284
8.251001
8.251001
8.170435
8.138208
8.130151
7.977075
7.912622
7.807886
7.719263
7.558130
7.316431
7.115015
6.889429
6.591333
6.317407
5.995142
5.664819
5.294214
4.923608
4.577173
4.174341
3.819849
3.384790
2.965845
2.571069
2.184351
1.725122
1.370630
0.935571
0.589136
0.146021
-0.256811
-0.651587
-0.998022
-1.392798
-1.690894
-2.085669
-2.415991
-2.778540
-3.108862
-3.503638
-3.825903
-4.196509
-4.583227
-4.929663
-5.316382
-5.654761
-5.968970
-6.242895
-6.549048
-6.742407
-7.056616
-7.330542
-7.515845
-7.693091
-7.846167
-7.934790
-8.071753
-8.087866
-8.208716
-8.192602
-8.240942
-8.281226
-8.248999
-8.248999
-8.265112
-8.208716
-8.192602
-8.095923
-8.071753
-7.918677
-7.854224
-7.709204
-7.507788
-7.249976
-7.032446
-6.742407
-6.524878
-6.259009
-5.968970
-5.638647
-5.340552
-4.978003
-4.591284
-4.293188
-3.833960
-3.406958
-2.955786
-2.625464
-2.150122
-1.827856
-1.376685
-0.965796
-0.603247
-0.208472
0.226587
0.629419
0.975855
1.338403
1.676782
2.031274
2.361597
2.716089
3.078638
3.473413
3.787622
4.166284
4.544946
4.955835
5.302271
5.705103
5.954858
6.285181
6.526880
6.792749
7.034448
7.292261
7.525903
7.735376
7.880396
7.960962
8.073755
8.130151
8.170435
8.226831
8.259058
8.283228
8.251001
8.275171
8.251001
8.218774
8.186548
8.081812
7.985132
7.896509
7.799829
7.670923
7.501733
7.324487
7.082788
6.865259
6.583276
6.285181
5.979028
5.656763
5.261987
4.931665
4.528833
4.182398
3.779565
3.368677
2.941675
2.546899
2.144067
1.749292
1.330347
0.919458
0.548853
0.121851
-0.272925
-0.659644
-1.022192
-1.425024
-1.787573
-2.085669
-2.407935
-2.754370
-3.133032
-3.551977
-3.842017
-4.220679
-4.623511
-4.986060
-5.316382
-5.670874
-5.977026
-6.259009
-6.540991
-6.831030
-7.056616
-7.338599
-7.467505
-7.725317
-7.830054
-7.950903
-8.055640
-8.112036
-8.160376
-8.184546
-8.240942
-8.273169
-8.248999
-8.265112
-8.192602
-8.192602
-8.160376
-8.095923
-8.039526
-7.918677
-7.830054
-7.709204
-7.515845
-7.346655
-7.161352
-6.855200
-6.645727
-6.307349
-6.017310
-5.711157
-5.340552
-4.929663
-4.623511
-4.252905
-3.833960
-3.382788
-2.955786
-2.593237
-2.142065
-1.779517
-1.360571
-0.957739
-0.571020
-0.176245
0.242700
0.629419
0.967798
1.314233
1.700952
2.063501
2.401880
2.885278
3.368677
3.787622
4.029321
4.416040
4.746362
5.141138
5.415064
5.721216
6.011255
6.293237
6.583276
6.833032
7.066675
7.316431
7.533960
7.743433
7.912622
7.960962
8.073755
8.130151
8.186548
8.202661
8.226831
8.259058
8.259058
8.259058
8.218774
8.218774
8.154321
8.105981
7.944849
7.864282
7.823999
7.687036
7.493677
7.308374
7.106958
6.800806
6.551050
6.285181
5.987085
5.600366
5.237817
4.899439
4.512720
4.166284
3.715112
3.360620
2.933618
2.482446
2.087671
1.676782
1.282007
0.846948
0.508569
0.097681
-0.337378
-0.659644
-1.078589
-1.441138
-1.787573
-2.117895
-2.440161
-2.778540
-3.157202
-3.551977
-3.842017
-4.244849
-4.639624
-5.074683
-5.405005
-5.703101
-6.009253
-6.315405
-6.557104
-6.855200
-7.064673
-7.314429
-7.515845
-7.757544
-7.846167
-7.950903
-8.039526
-8.112036
-8.160376
-8.216772
-8.232886
-8.281226
-8.265112
-8.273169
-8.248999
-8.192602
-8.120093
-8.160376
-7.991186
-7.975073
-7.821997
-7.725317
-7.523901
-7.338599
-7.153296
-6.855200
-6.605444
-6.315405
-5.977026
-5.678931
-5.316382
-4.929663
-4.615454
-4.228735
-3.793677
-3.342505
-2.955786
-2.512671
-2.109839
-1.747290
-1.360571
-0.909399
-0.538794
-0.152075
0.250757
0.661646
1.000024
1.394800
1.717065
2.095728
2.426050
2.804712
3.151148
3.537866
3.844019
4.182398
4.617456
5.020288
5.358667
5.680933
5.987085
6.261011
6.551050
6.808862
7.082788
7.292261
7.550073
7.711206
7.912622
7.985132
8.081812
8.097925
8.154321
8.218774
8.275171
8.516870
8.524927
8.524927
8.444360
8.404077
8.283228
8.186548
8.033472
7.944849
7.840112
7.678980
7.517847
7.251978
7.074731
6.808862
6.502710
6.269067
5.930689
5.584253
5.229761
4.875269
4.528833
4.117944
3.658716
3.296167
2.780542
2.450220
2.007105
1.636499
1.282007
0.855005
0.428003
0.041284
-0.361548
-0.756323
-1.110815
-1.481421
-1.811743
-2.166235
-2.472388
-2.867163
-3.229712
-3.551977
-3.922583
-4.293188
-4.687964
-5.066626
-5.413061
-5.743384
-6.009253
-6.339575
-6.613501
-6.863257
-7.129126
-7.362769
-7.572241
-7.765601
-7.886450
-8.031470
-8.112036
-8.120093
-8.192602
-8.216772
-8.273169
-8.248999
-8.265112
-8.232886
-8.216772
-8.184546
-8.160376
-8.095923
-8.039526
-7.934790
-7.789770
-7.668921
-7.523901
-7.306372
-7.104956
-6.814917
-6.573218
-6.283179
-5.968970
-5.638647
-5.251929
-4.913550
-4.551001
-4.164282
-3.769507
-3.294165
-2.899390
-2.536841
-2.117895
-1.715063
-1.271948
-0.909399
-0.482397
-0.095679
0.266870
0.701929
1.024194
1.386743
1.789575
2.152124
2.450220
2.836939
3.183374
3.594263
3.892358
4.287134
4.649683
5.052515
5.407007
5.713159
6.027368
6.341577
6.559106
6.857202
7.074731
7.340601
7.566187
7.743433
7.928735
7.985132
8.065698
8.162378
8.194605
8.218774
8.202661
8.307398
8.291284
8.315454
8.226831
8.202661
8.138208
8.041528
7.985132
7.864282
7.791773
7.614526
7.445337
7.251978
7.066675
6.720239
6.510767
6.196558
5.930689
5.511743
5.173364
4.859155
4.424097
4.077661
3.626489
3.215601
2.836939
2.474390
2.208521
1.902368
1.459253
1.008081
0.556909
0.129907
-0.337378
-0.699927
-1.102759
-1.473364
-1.860083
-2.174292
-2.528784
-2.842993
-3.253882
-3.584204
-3.954810
-4.325415
-4.744360
-5.098852
-5.380835
-5.759497
-6.057593
-6.363745
-6.621558
-6.911597
-7.145239
-7.346655
-7.588354
-7.709204
-7.942847
-8.023413
-8.055640
-8.128149
-8.208716
-8.208716
-8.265112
-8.265112
-8.273169
-8.192602
-8.273169
-8.216772
-8.160376
-8.055640
-7.999243
-7.934790
-7.789770
-7.644751
-7.491675
-7.330542
-7.040503
-6.831030
-6.540991
-6.259009
-5.952856
-5.622534
-5.243872
-4.857153
-4.518774
-4.132056
-3.745337
-3.310278
-2.875220
-2.480444
-2.069556
-1.707007
-1.271948
-0.909399
-0.442114
-0.063452
0.339380
0.701929
1.064478
1.418970
1.781519
2.127954
2.490503
2.820825
3.263940
3.602319
3.924585
4.319360
4.738306
5.108911
5.439233
5.737329
6.051538
6.349634
6.599390
6.857202
7.098901
7.316431
7.590356
7.799829
7.912622
8.009302
8.041528
8.154321
8.186548
8.242944
8.283228
8.283228
8.275171
8.251001
8.242944
8.194605
8.130151
8.065698
7.928735
7.840112
7.807886
7.646753
7.437280
7.219751
7.018335
6.744409
6.494653
6.204614
5.842065
5.560083
5.149194
4.778589
4.456323
4.045435
3.594263
3.215601
2.804712
2.393823
1.958765
1.612329
1.161157
0.766382
0.395776
-0.015112
-0.426001
-0.748267
-1.199438
-1.513647
-1.876196
-2.238745
-2.528784
-2.923560
-3.286108
-3.648657
-4.035376
-4.365698
-4.768530
-5.155249
-5.429175
-5.703101
-5.888403
-6.242895
-6.516821
-6.782690
-7.072729
-7.346655
-7.548071
-7.733374
-7.878394
-7.975073
-8.039526
-8.144263
-8.176489
-8.240942
-8.265112
-8.297339
-8.240942
-8.265112
-8.232886
-8.176489
-8.152319
-8.063696
-7.991186
-7.910620
-7.781714
-7.660864
-7.459448
-7.306372
-7.056616
-6.790747
-6.540991
-6.194556
-5.920630
-5.582251
-5.243872
-4.824927
-4.518774
-4.140112
-3.713110
-3.261938
-2.875220
-2.464331
-2.029272
-1.658667
-1.271948
-0.812720
-0.458227
-0.055395
0.347437
0.726099
1.112817
1.435083
1.821802
2.216577
2.482446
2.909448
3.271997
3.626489
3.956812
4.295190
4.738306
5.133081
5.463403
5.801782
6.067651
6.381860
6.631616
6.889429
7.131128
7.356714
7.590356
7.807886
7.920679
8.009302
8.065698
8.130151
8.202661
8.242944
8.275171
8.251001
8.291284
8.259058
8.242944
8.194605
8.138208
8.097925
7.977075
7.864282
7.767603
7.654810
7.437280
7.203638
6.953882
6.720239
6.438257
6.172388
5.825952
5.463403
5.108911
4.802759
4.424097
3.997095
3.578149
3.167261
2.780542
2.369653
1.974878
1.547876
1.161157
0.734155
0.347437
-0.047339
-0.442114
-0.844946
-1.151099
-1.594214
-1.908423
-2.238745
-2.569067
-2.931616
-3.286108
-3.656714
-4.003149
-4.373755
-4.808813
-5.123022
-5.493628
-5.815894
-6.154272
-6.404028
-6.621558
-6.919653
-7.145239
-7.427222
-7.580298
-7.797827
-7.934790
-7.999243
-8.071753
-8.192602
-8.192602
-8.232886
-8.265112
-8.232886
-8.281226
-8.248999
-8.232886
-8.144263
-8.120093
-8.055640
-7.999243
-7.910620
-7.813940
-7.604468
-7.467505
-7.217749
-6.911597
-6.589331
-6.371802
-6.122046
-5.767554
-5.517798
-5.106909
-4.800757
-4.462378
-4.051489
-3.624487
-3.173315
-2.810767
-2.383765
-1.980933
-1.602270
-1.223608
-0.812720
-0.417944
0.009058
0.428003
0.790552
1.120874
1.483423
1.837915
2.176294
2.538843
2.909448
3.304224
3.658716
3.956812
4.391870
4.738306
5.173364
5.479517
5.753442
6.107935
6.349634
6.655786
6.873315
7.115015
7.372827
7.622583
7.807886
7.944849
7.985132
8.105981
8.130151
8.186548
8.218774
8.275171
8.251001
8.242944
8.259058
8.242944
8.186548
8.122095
8.033472
7.912622
7.856226
7.743433
7.646753
7.429224
7.163355
6.953882
6.688013
6.438257
6.148218
5.834009
5.495630
5.100855
4.738306
4.391870
3.964868
3.529810
3.151148
2.699976
2.353540
1.918481
1.507593
1.153101
0.726099
0.315210
-0.079565
-0.482397
-0.812720
-1.207495
-1.586157
-1.932593
-2.254858
-2.593237
-2.963843
-3.326392
-3.672827
-4.003149
-4.381811
-4.824927
-5.155249
-5.501685
-5.823950
-6.089819
-6.404028
-6.694067
-6.984106
-7.177466
-7.386938
-7.604468
-7.797827
-7.902563
-8.063696
-8.071753
-8.152319
-8.192602
-8.240942
-8.248999
-8.248999
-8.232886
-8.232886
-8.248999
-8.216772
-8.152319
-8.063696
-7.991186
-7.910620
-7.789770
-7.636694
-7.451392
-7.282202
-7.000220
-6.758520
-6.492651
-6.218726
-5.864233
-5.517798
-5.155249
-4.792700
-4.486548
-4.011206
-3.656714
-3.133032
-2.802710
-2.391821
-1.956763
-1.618384
-1.175269
-0.836890
-0.393774
0.041284
0.419946
0.766382
1.145044
1.676782
2.063501
2.426050
2.780542
3.126978
3.481470
3.771509
4.053491
4.456323
4.843042
5.229761
5.503687
5.834009
6.140161
6.406030
6.671899
6.921655
7.155298
7.356714
7.622583
7.832056
7.952905
8.001245
8.122095
8.130151
8.218774
8.218774
8.251001
8.242944
8.259058
8.259058
8.186548
8.162378
8.097925
8.017358
7.912622
7.823999
7.743433
7.550073
7.429224
7.187524
6.921655
6.688013
6.414087
6.107935
5.809839
5.415064
5.076685
4.689966
4.359644
3.932642
3.513696
3.110864
2.691919
2.337427
1.878198
1.475366
1.088648
0.669702
0.299097
-0.144019
-0.498511
-0.869116
-1.255835
-1.586157
-1.988989
-2.270972
-2.657690
-2.963843
-3.358618
-3.705054
-4.075659
-4.438208
-4.865210
-5.227759
-5.501685
-5.896460
-6.154272
-6.420142
-6.669897
-6.967993
-7.193579
-7.403052
-7.644751
-7.797827
-7.886450
-8.039526
-8.095923
-8.152319
-8.184546
-8.232886
-8.232886
-8.281226
-8.265112
-8.265112
-8.240942
-8.144263
-8.071753
-8.063696
-7.991186
-7.870337
-7.757544
-7.636694
-7.467505
-7.225806
-7.008276
-6.734351
-6.436255
-6.162329
-5.832007
-5.469458
-5.123022
-4.792700
-4.430151
-3.987036
-3.584204
-3.141089
-2.810767
-2.351538
-1.964819
-1.602270
-1.143042
-0.756323
-0.377661
0.025171
0.460230
0.830835
1.161157
1.555933
1.886255
2.248804
2.611353
2.965845
3.352564
3.682886
4.053491
4.448267
4.843042
5.205591
5.527856
5.858179
6.148218
6.470483
6.704126
6.953882
7.163355
7.445337
7.638696
7.799829
7.912622
7.985132
8.097925
8.130151
8.162378
8.275171
8.412134
8.565210
8.549097
8.500757
8.428247
8.315454
8.226831
8.097925
8.009302
7.888452
7.735376
7.598413
7.380884
7.155298
6.953882
6.647730
6.389917
6.107935
5.769556
5.390894
5.052515
4.657739
4.254907
3.924585
3.481470
3.086694
2.643579
2.264917
1.845972
1.459253
1.032251
0.629419
0.274927
-0.119849
-0.562964
-0.925513
-1.271948
-1.658667
-1.997046
-2.327368
-2.689917
-2.988013
-3.406958
-3.721167
-4.075659
-4.446265
-4.889380
-5.251929
-5.550024
-5.912573
-6.130102
-6.436255
-6.742407
-6.951880
-7.241919
-7.467505
-7.636694
-7.813940
-7.918677
-8.039526
-8.112036
-8.160376
-8.216772
-8.232886
-8.216772
-8.240942
-8.265112
-8.240942
-8.240942
-8.192602
-8.112036
-8.095923
-8.007300
-7.886450
-7.749487
-7.628638
-7.427222
-7.249976
-6.951880
-6.758520
-6.395972
-6.138159
-5.815894
-5.461401
-5.139136
-4.768530
-4.405981
-4.019263
-3.551977
-3.133032
-2.689917
-2.327368
-1.932593
-1.537817
-1.134985
-0.691870
-0.329321
0.089624
0.508569
0.855005
1.217554
1.547876
1.934595
2.305200
2.643579
2.990015
3.408960
3.698999
4.053491
4.456323
4.875269
5.237817
5.568140
5.842065
6.196558
6.470483
6.704126
6.945825
7.163355
7.437280
7.670923
7.880396
7.912622
8.017358
8.097925
8.154321
8.186548
8.283228
8.242944
8.251001
8.259058
8.251001
8.218774
8.170435
8.081812
7.985132
7.920679
7.832056
7.703149
7.550073
7.324487
7.131128
6.913599
6.615503
6.341577
6.067651
5.721216
5.407007
4.996118
4.786646
4.512720
4.053491
3.634546
3.183374
2.780542
2.305200
1.837915
1.483423
1.056421
0.677759
0.226587
-0.176245
-0.603247
-0.893286
-1.328345
-1.682837
-2.029272
-2.351538
-2.714087
-3.052466
-3.431128
-3.777563
-4.132056
-4.526831
-4.921606
-5.259985
-5.590308
-5.936743
-6.186499
-6.500708
-6.758520
-7.000220
-7.266089
-7.435278
-7.660864
-7.830054
-7.975073
-7.999243
-8.144263
-8.152319
-8.208716
-8.248999
-8.265112
-8.297339
-8.305395
-8.240942
-8.265112
-8.160376
-8.120093
-8.039526
-8.007300
-7.854224
-7.725317
-7.588354
-7.427222
-7.241919
-6.943823
-6.702124
-6.428198
-6.154272
-5.799780
-5.453345
-5.090796
-4.760474
-4.405981
-3.978979
-3.471411
-3.108862
-2.722144
-2.287085
-1.900366
-1.497534
-1.054419
-0.691870
-0.297095
0.097681
0.548853
0.871118
1.217554
1.580103
1.966821
2.353540
2.611353
3.054468
3.408960
3.682886
4.077661
4.496606
4.891382
5.229761
5.568140
5.898462
6.188501
6.462427
6.712183
6.945825
7.171411
7.429224
7.670923
7.832056
7.944849
8.017358
8.065698
8.154321
8.194605
8.194605
8.226831
8.242944
8.218774
8.218774
8.194605
8.097925
8.073755
8.001245
7.888452
7.767603
7.711206
7.501733
7.292261
7.106958
6.841089
6.583276
6.317407
6.011255
5.680933
5.318384
4.955835
4.617456
4.198511
3.844019
3.384790
2.973901
2.563013
2.160181
1.749292
1.386743
0.951685
0.573023
0.194360
-0.232642
-0.659644
-1.022192
-1.376685
-1.779517
-2.069556
-2.375708
-2.754370
-3.108862
-3.503638
-3.858130
-4.164282
-4.559058
-4.969946
-5.292212
-5.622534
-5.952856
-6.089819
-6.395972
-6.669897
-6.887427
-7.153296
-7.419165
-7.628638
-7.821997
-7.934790
-8.055640
-8.087866
-8.160376
-8.232886
-8.248999
-8.240942
-8.248999
-8.240942
-8.248999
-8.216772
-8.160376
-8.152319
-8.087866
-7.999243
-7.870337
-7.701147
-7.604468
-7.403052
-7.249976
-6.935767
-6.702124
-6.452368
-6.105933
-5.759497
-5.405005
-5.018286
-4.712134
-4.381811
-3.962866
-3.495581
-3.084692
-2.673804
-2.254858
-1.843970
-1.473364
-1.046362
-0.667700
-0.297095
0.089624
0.524683
0.879175
1.265894
1.612329
1.934595
2.361597
2.635523
3.062524
3.441187
3.723169
4.085718
4.528833
4.899439
5.253931
5.584253
5.898462
6.228784
6.478540
6.712183
6.953882
7.219751
7.445337
7.670923
7.832056
7.944849
8.017358
8.105981
8.154321
8.194605
8.202661
8.226831
8.275171
8.226831
8.170435
8.138208
8.122095
8.065698
7.944849
7.880396
7.759546
7.687036
7.493677
7.308374
7.074731
6.824976
6.559106
6.317407
5.987085
5.624536
5.286157
4.939722
4.569116
4.206567
3.779565
3.360620
2.933618
2.563013
2.127954
1.749292
1.330347
0.903345
0.581079
0.105737
-0.272925
-0.635474
-0.981909
-1.408911
-1.739233
-2.085669
-2.448218
-2.746313
-3.141089
-3.535864
-3.842017
-4.220679
-4.567114
-4.986060
-5.348608
-5.638647
-5.985083
-6.283179
-6.516821
-6.790747
-7.088843
-7.266089
-7.540015
-7.725317
-7.846167
-7.991186
-8.039526
-8.128149
-8.184546
-8.232886
-8.240942
-8.297339
-8.248999
-8.297339
-8.232886
-8.248999
-8.160376
-8.160376
-8.095923
-7.991186
-7.830054
-7.580298
-7.451392
-7.217749
-7.072729
-6.831030
-6.613501
-6.331519
-6.073706
-5.759497
-5.405005
-4.953833
-4.679907
-4.317358
-3.914526
-3.447241
-3.052466
-2.673804
-2.222632
-1.843970
-1.465308
-1.030249
-0.619360
-0.232642
0.146021
0.516626
0.935571
1.298120
1.636499
1.958765
2.369653
2.659692
3.062524
3.449243
3.779565
4.134058
4.528833
4.923608
5.253931
5.624536
5.930689
6.204614
6.502710
6.768579
6.978052
7.227808
7.501733
7.687036
7.864282
7.944849
8.033472
8.065698
8.154321
8.162378
8.218774
8.226831
8.242944
8.226831
8.202661
8.122095
8.073755
8.049585
7.960962
7.888452
7.767603
7.646753
7.493677
7.235864
7.050562
6.800806
6.559106
6.285181
5.922632
5.616480
5.237817
4.899439
4.544946
4.134058
3.731226
3.336450
2.933618
2.474390
2.127954
1.668726
1.282007
0.903345
0.492456
0.121851
-0.329321
-0.683813
-1.062476
-1.481421
-1.755347
-2.150122
-2.504614
-2.778540
-3.157202
-3.584204
-3.842017
-4.228735
-4.647681
-5.034399
-5.380835
-5.695044
-6.009253
-6.259009
-6.540991
-6.814917
-7.040503
-7.282202
-7.523901
-7.668921
-7.854224
-7.999243
-8.063696
-8.087866
-8.176489
-8.240942
-8.273169
-8.248999
-8.305395
-8.248999
-8.265112
-8.232886
-8.208716
-8.063696
-8.071753
-7.950903
-7.830054
-7.709204
-7.515845
-7.370825
-7.185522
-6.903540
-6.677954
-6.428198
-6.057593
-5.735327
-5.364722
-4.978003
-4.671851
-4.277075
-3.866186
-3.431128
-3.044409
-2.601294
-2.174292
-1.843970
-1.416968
-0.998022
-0.603247
-0.216528
0.186304
0.548853
0.975855
1.427026
1.918481
2.248804
2.595239
2.941675
3.231714
3.578149
3.868189
4.206567
4.569116
5.012231
5.342554
5.656763
5.954858
6.252954
6.510767
6.744409
7.050562
7.235864
7.493677
7.719263
7.864282
7.920679
8.009302
8.097925
8.138208
8.170435
8.194605
8.194605
8.226831
8.202661
8.186548
8.138208
8.105981
8.049585
7.952905
7.856226
7.743433
7.638696
7.501733
7.227808
7.050562
6.768579
6.526880
6.228784
5.922632
5.568140
5.221704
4.834985
4.544946
4.117944
3.698999
3.320337
2.941675
2.450220
2.063501
1.692896
1.273950
0.846948
0.452173
0.065454
-0.329321
-0.740210
-1.102759
-1.473364
-1.811743
-2.174292
-2.472388
-2.834936
-3.221655
-3.551977
-3.922583
-4.260962
-4.704077
-5.042456
-5.380835
-5.743384
-6.017310
-6.315405
-6.605444
-6.831030
-7.096899
-7.338599
-7.572241
-7.725317
-7.870337
-7.991186
-8.039526
-8.144263
-8.192602
-8.248999
-8.248999
-8.273169
-8.281226
-8.281226
-8.232886
-8.216772
-8.128149
-8.112036
-8.063696
-7.918677
-7.821997
-7.676977
-7.572241
-7.386938
-7.121069
-6.879370
-6.621558
-6.315405
-6.057593
-5.727270
-5.372778
-4.978003
-4.623511
-4.260962
-3.842017
-3.406958
-2.963843
-2.569067
-2.174292
-1.803686
-1.408911
-0.989966
-0.603247
-0.168188
0.226587
0.629419
0.991968
1.330347
1.676782
2.063501
2.417993
2.748315
3.167261
3.505640
3.803735
4.182398
4.569116
5.012231
5.358667
5.648706
5.946802
6.261011
6.502710
6.744409
7.034448
7.260034
7.469507
7.654810
7.896509
8.154321
8.291284
8.363794
8.363794
8.347681
8.307398
8.323511
8.259058
8.251001
8.226831
8.170435
8.170435
8.017358
7.944849
7.856226
7.775659
7.622583
7.437280
7.187524
7.018335
6.712183
6.494653
6.220728
5.866235
5.535913
5.205591
4.867212
4.472437
4.093774
3.666773
3.263940
2.820825
2.442163
2.055444
1.580103
1.265894
0.814722
0.428003
0.025171
-0.409888
-0.748267
-1.110815
-1.497534
-1.827856
-2.142065
-2.480444
-2.875220
-3.229712
-3.600317
-3.930640
-4.293188
-4.679907
-5.090796
-5.413061
-5.727270
-6.097876
-6.339575
-6.621558
-6.863257
-7.129126
-7.338599
-7.572241
-7.725317
-7.910620
-7.967017
-8.063696
-8.152319
-8.184546
-8.232886
-8.248999
-8.297339
-8.297339
-8.297339
-8.216772
-8.232886
-8.152319
-8.071753
-8.031470
-7.942847
-7.821997
-7.668921
-7.572241
-7.306372
-7.129126
-6.855200
-6.557104
-6.299292
-6.009253
-5.678931
-5.316382
-4.913550
-4.615454
-4.228735
-3.801733
-3.358618
