0.796556
1.094652
1.569993
1.916429
2.311204
2.657640
3.020189
3.398851
3.745286
4.051439
4.349534
4.752367
5.171312
5.517747
5.840013
6.113939
6.403978
6.645677
6.951829
7.145189
7.435228
7.684984
7.870286
8.079759
8.257005
8.337572
8.385911
8.458421
8.538988
8.538988
8.579271
8.595384
8.555101
8.555101
8.538988
8.434251
8.434251
8.313402
8.200609
8.128099
7.975023
7.838060
7.652757
7.467454
7.209642
7.008226
6.694017
6.436204
6.081712
5.799730
5.396898
5.026292
4.663743
4.260911
3.817796
3.342454
3.004076
2.552904
2.150072
1.698900
1.304124
0.804613
0.434007
-0.041335
-0.363600
-0.661696
-0.983962
-1.410964
-1.741286
-2.160231
-2.466383
-2.901442
-3.320387
-3.666823
-4.045485
-4.472487
-4.883376
-5.270094
-5.616530
-5.882399
-6.212721
-6.486647
-6.792799
-7.026442
-7.292311
-7.534010
-7.703200
-7.872389
-8.049635
-8.154372
-8.234938
-8.259108
-8.323561
-8.339674
-8.388014
-8.339674
-8.331618
-8.331618
-8.242995
-8.202712
-8.170485
-8.049635
-7.977126
-7.840163
-7.727370
-7.534010
-7.372878
-7.147292
-6.881423
-6.647780
-6.333571
-6.043532
-5.729323
-5.342604
-4.955885
-4.609450
-4.246901
-3.803786
-3.344557
-2.982008
-2.522780
-2.103835
-1.684889
-1.298171
-0.863112
-0.403883
-0.001051
0.401781
0.804613
1.167161
1.497484
1.916429
2.190355
2.585130
2.939622
3.326341
3.632493
3.962816
4.301195
4.712083
5.114915
5.445238
5.751390
6.081712
6.403978
6.645677
6.895433
7.161302
7.411058
7.644701
7.870286
8.015306
8.128099
8.224779
8.281175
8.345628
8.345628
8.410081
8.434251
8.410081
8.418138
8.385911
8.337572
8.281175
8.200609
8.128099
8.015306
7.886400
7.781663
7.620531
7.411058
7.209642
6.951829
6.694017
6.412034
6.146165
5.783617
5.437181
5.106859
4.712083
4.333421
3.882249
3.423021
3.060472
2.641527
2.222581
1.795579
1.376634
0.965745
0.562913
0.103685
-0.291091
-0.693923
-1.088698
-1.451247
-1.829909
-2.160231
-2.458327
-2.836989
-3.199538
-3.578200
-3.892409
-4.246901
-4.649733
-5.060622
-5.390944
-5.697096
-6.035475
-6.325514
-6.615553
-6.905592
-7.123122
-7.397048
-7.550124
-7.695143
-7.848219
-7.969069
-8.057692
-8.138258
-8.234938
-8.259108
-8.339674
-8.355788
-8.355788
-8.299391
-8.267165
-8.259108
-8.154372
-8.097975
-8.065749
-7.977126
-7.815993
-7.687087
-7.542067
-7.340651
-7.131178
-6.881423
-6.639723
-6.309401
-6.059645
-5.672926
-5.310378
-4.915602
-4.585280
-4.190505
-3.771559
-3.312331
-2.901442
-2.490553
-2.055495
-1.709059
-1.209548
-0.806716
-0.403883
0.039232
0.401781
0.844896
1.207445
1.586107
1.940599
2.270921
2.633470
2.979906
3.342454
3.664720
3.946702
4.357591
4.728197
5.179368
5.517747
5.831956
6.081712
6.436204
6.694017
6.927659
7.193529
7.411058
7.693040
7.862230
8.047533
8.160326
8.200609
8.313402
8.321458
8.410081
8.377855
8.418138
8.402025
8.377855
8.377855
8.321458
8.232835
8.176439
8.047533
7.991136
7.870286
7.693040
7.556077
7.330492
7.112962
6.903490
6.645677
6.299242
6.017259
5.694993
5.300218
4.961839
4.623460
4.180345
3.753343
3.334398
2.915452
2.512620
2.093675
1.674730
1.223558
0.796556
0.393724
-0.041335
-0.436110
-0.806716
-1.201491
-1.572096
-1.894362
-2.232741
-2.538893
-2.941725
-3.304274
-3.650710
-3.981032
-4.319411
-4.762526
-5.117018
-5.439284
-5.793776
-6.124098
-6.430251
-6.671950
-6.937819
-7.219801
-7.388991
-7.638747
-7.815993
-7.993239
-8.097975
-8.218825
-8.242995
-8.299391
-8.331618
-8.379958
-8.363844
-8.331618
-8.355788
-8.339674
-8.259108
-8.210768
-8.146315
-8.033522
-7.977126
-7.815993
-7.703200
-7.485671
-7.308424
-7.098952
-6.841139
-6.583327
-6.269118
-5.962966
-5.632643
-5.270094
-4.875319
-4.399977
-3.940749
-3.554030
-3.062575
-2.683913
-2.281081
-1.894362
-1.491530
-1.072585
-0.677809
-0.323317
0.119798
0.514574
0.909349
1.255784
1.650560
1.980882
2.343431
2.633470
3.036302
3.358568
3.688890
4.059495
4.430101
4.808763
5.203538
5.541917
5.848070
6.162279
6.452318
6.726243
6.984056
7.233812
7.499681
7.733324
7.902513
8.047533
8.192552
8.248949
8.289232
8.321458
8.345628
8.385911
8.385911
8.377855
8.402025
8.337572
8.313402
8.224779
8.103929
8.055589
7.894456
7.805833
7.717210
7.491624
7.290208
7.048509
6.847093
6.532884
6.283128
5.936693
5.598314
5.227708
4.816820
4.518724
4.059495
3.664720
3.237718
2.778490
2.415941
1.964769
1.586107
1.118822
0.683763
0.345384
-0.146071
-0.468337
-0.927565
-1.282057
-1.660719
-2.007155
-2.337477
-2.651686
-2.982008
-3.409010
-3.731276
-4.037428
-4.424147
-4.786696
-5.197585
-5.527907
-5.842116
-6.156325
-6.446364
-6.736403
-6.978102
-7.252028
-7.485671
-7.719313
-7.856276
-8.033522
-8.146315
-8.242995
-8.275221
-8.331618
-8.379958
-8.388014
-8.363844
-8.339674
-8.307448
-8.307448
-8.275221
-8.218825
-8.138258
-8.057692
-7.928786
-7.815993
-7.630690
-7.509841
-7.300368
-7.026442
-6.808913
-6.526930
-6.253005
-5.922682
-5.552077
-5.221755
-4.883376
-4.464430
-4.029372
-3.642653
-3.183424
-2.780592
-2.353591
-1.934645
-1.523757
-1.080641
-0.661696
-0.266921
0.152025
0.562913
0.941576
1.271898
1.650560
2.013109
2.375658
2.657640
3.084642
3.431077
3.729173
4.091722
4.639574
5.139085
5.517747
5.831956
6.146165
6.436204
6.629564
6.871263
7.088792
7.290208
7.531908
7.773607
7.950853
8.128099
8.192552
8.257005
8.337572
8.321458
8.353685
8.410081
8.402025
8.385911
8.337572
8.313402
8.265062
8.176439
8.103929
8.015306
7.918626
7.773607
7.644701
7.451341
7.209642
7.016283
6.750413
6.500658
6.194505
5.880296
5.509691
5.155199
4.760423
4.422044
3.962816
3.576097
3.181322
2.738206
2.270921
1.892259
1.457201
1.038255
0.611253
0.216478
-0.210524
-0.605299
-0.967848
-1.378737
-1.717116
-2.055495
-2.369704
-2.764479
-3.078688
-3.489577
-3.827956
-4.134108
-4.544997
-4.915602
-5.237868
-5.616530
-5.922682
-6.236891
-6.510817
-6.792799
-7.082839
-7.300368
-7.550124
-7.751540
-7.896559
-8.057692
-8.178542
-8.186598
-8.323561
-8.323561
-8.379958
-8.355788
-8.388014
-8.379958
-8.331618
-8.323561
-8.242995
-8.154372
-8.122145
-8.033522
-7.936842
-7.775710
-7.687087
-7.453444
-7.292311
-7.026442
-6.760573
-6.462477
-6.164382
-5.850173
-5.519850
-5.125075
-4.786696
-4.432204
-4.013258
-3.554030
-3.127028
-2.716139
-2.289137
-1.829909
-1.443190
-1.040358
-0.597243
-0.210524
0.240648
0.611253
1.014085
1.360521
1.731126
2.093675
2.391771
2.754320
3.149095
3.479417
3.825853
4.156175
4.534837
4.937669
5.292161
5.630540
5.936693
6.258958
6.557054
6.782640
7.056566
7.266038
7.564134
7.773607
7.983079
8.095872
8.200609
8.257005
8.297288
8.321458
8.297288
8.402025
8.377855
8.353685
8.313402
8.289232
8.192552
8.136156
8.103929
8.168382
8.144212
8.015306
7.838060
7.644701
7.403001
7.104906
6.830980
6.452318
6.178392
5.807786
5.477464
5.050462
4.695970
4.349534
3.882249
3.503587
3.060472
2.617357
2.190355
1.755296
1.360521
0.941576
0.530687
0.152025
-0.315260
-0.661696
-1.056471
-1.443190
-1.797682
-2.128005
-2.442214
-2.780592
-3.159255
-3.521803
-3.892409
-4.222731
-4.633620
-4.955885
-5.358717
-5.672926
-6.011305
-6.325514
-6.526930
-6.841139
-7.098952
-7.324538
-7.550124
-7.783766
-7.993239
-8.081862
-8.178542
-8.242995
-8.307448
-8.355788
-8.379958
-8.388014
-8.363844
-8.363844
-8.331618
-8.323561
-8.218825
-8.210768
-8.122145
-8.057692
-7.936842
-7.751540
-7.614577
-7.429274
-7.203688
-6.961989
-6.728346
-6.454421
-6.132155
-5.817946
-5.439284
-5.036452
-4.754469
-4.335524
-3.916579
-3.473464
-3.046462
-2.627516
-2.176344
-1.781569
-1.354567
-0.959792
-0.540846
-0.113844
0.321214
0.683763
1.086595
1.449144
1.811693
2.150072
2.480394
2.786546
3.237718
3.519701
3.882249
4.228685
4.607347
4.969896
5.388841
5.686937
6.001146
6.323411
6.605394
6.847093
7.112962
7.346605
7.612474
7.862230
8.007249
8.111986
8.168382
8.265062
8.321458
8.345628
8.337572
8.402025
8.377855
8.353685
8.337572
8.265062
8.257005
8.160326
8.039476
7.975023
7.830003
7.684984
7.572191
7.346605
7.088792
6.887376
6.621507
6.347581
6.049486
5.727220
5.356615
4.961839
4.607347
4.236742
3.785570
3.382738
2.915452
2.552904
2.117845
1.706956
1.360521
1.030199
0.683763
0.248704
-0.242751
-0.661696
-1.056471
-1.443190
-1.837966
-2.176344
-2.522780
-2.885329
-3.247878
-3.594313
-3.924635
-4.271071
-4.673903
-5.060622
-5.439284
-5.753493
-6.059645
-6.341628
-6.639723
-6.913649
-7.155348
-7.397048
-7.598464
-7.815993
-8.017409
-8.146315
-8.170485
-8.259108
-8.299391
-8.355788
-8.379958
-8.379958
-8.379958
-8.331618
-8.323561
-8.307448
-8.202712
-8.202712
-8.097975
-8.025466
-7.872389
-7.751540
-7.550124
-7.397048
-7.203688
-6.913649
-6.671950
-6.357741
-6.083815
-5.769606
-5.358717
-4.980055
-4.673903
-4.303298
-3.819899
-3.376784
-2.957839
-2.555007
-2.111891
-1.749342
-1.265944
-0.895339
-0.500563
-0.025221
0.377611
0.772386
1.151048
1.521654
1.876146
2.222581
2.512620
2.883226
3.269945
3.624437
3.914476
4.293138
4.663743
5.090745
5.437181
5.759447
6.057542
6.379808
6.621507
6.871263
7.161302
7.411058
7.652757
7.862230
8.015306
8.136156
8.200609
8.289232
8.313402
8.353685
8.353685
8.369798
8.402025
8.345628
8.345628
8.289232
8.257005
8.144212
8.039476
7.918626
7.813890
7.676927
7.507738
7.330492
7.104906
6.871263
6.557054
6.291185
5.968919
5.654710
5.267992
4.905443
4.591234
4.180345
3.745286
3.326341
2.883226
2.480394
2.029222
1.634447
1.183275
0.740159
0.393724
-0.089674
-0.452223
-0.846999
-1.209548
-1.596266
-1.974928
-2.256911
-2.643630
-2.949782
-3.312331
-3.699049
-4.005202
-4.351637
-4.738356
-5.125075
-5.479567
-5.817946
-6.091872
-6.406081
-6.720290
-6.929762
-7.219801
-7.421217
-7.670973
-7.904616
-7.977126
-8.033522
-8.057692
-8.097975
-8.186598
-8.234938
-8.291335
-8.323561
-8.339674
-8.291335
-8.259108
-8.242995
-8.170485
-8.146315
-8.089919
-7.977126
-7.856276
-7.703200
-7.550124
-7.372878
-7.147292
-6.849196
-6.631667
-6.301344
-6.003249
-5.680983
-5.318434
-4.915602
-4.593337
-4.214674
-3.747389
-3.312331
-2.925612
-2.506667
-2.071608
-1.644606
-1.193434
-0.782546
-0.403883
0.015062
0.425951
0.861009
1.191331
1.553880
1.908372
2.270921
2.577074
2.971849
3.326341
3.696947
3.962816
4.389818
4.776536
5.179368
5.509691
5.775560
6.146165
6.436204
6.661790
6.919603
7.201585
7.467454
7.684984
7.926683
8.039476
8.168382
8.248949
8.265062
8.345628
8.369798
8.369798
8.385911
8.402025
8.353685
8.313402
8.257005
8.200609
8.111986
8.015306
7.902513
7.797777
7.676927
7.523851
7.225755
7.088792
6.774583
6.524827
6.226732
5.952806
5.606370
5.211595
4.832933
4.502611
4.083665
3.640550
3.213548
2.810716
2.399827
1.932542
1.569993
1.102708
0.667650
0.280931
-0.105788
-0.532790
-0.895339
-1.282057
-1.709059
-2.015212
-2.337477
-2.643630
-3.006178
-3.409010
-3.699049
-4.077712
-4.424147
-4.835036
-5.197585
-5.552077
-5.858229
-6.188551
-6.430251
-6.728346
-7.026442
-7.268141
-7.461501
-7.695143
-7.848219
-8.025466
-8.138258
-8.202712
-8.259108
-8.339674
-8.355788
-8.388014
-8.379958
-8.388014
-8.379958
-8.323561
-8.275221
-8.202712
-8.146315
-8.081862
-7.961012
-7.840163
-7.687087
-7.509841
-7.332594
-7.098952
-6.841139
-6.607497
-6.277174
-5.906569
-5.487624
-5.092848
-4.738356
-4.391921
-3.981032
-3.554030
-3.167311
-2.780592
-2.401930
-1.974928
-1.539870
-1.104811
-0.750319
-0.323317
0.095628
0.490404
0.885179
1.239671
1.634447
1.948656
2.359544
2.657640
3.020189
3.398851
3.721117
4.019212
4.446214
4.832933
5.203538
5.598314
5.840013
6.202562
6.484544
6.742357
6.919603
7.282152
7.499681
7.733324
7.918626
8.039476
8.192552
8.248949
8.289232
8.321458
8.345628
8.369798
8.385911
8.385911
8.353685
8.313402
8.257005
8.192552
8.103929
8.015306
7.870286
7.781663
7.652757
7.491624
7.201585
7.048509
6.742357
6.444261
6.226732
5.864183
5.469408
5.139085
4.760423
4.413988
3.970872
3.576097
3.173265
2.697923
2.327318
1.876146
1.513597
1.046312
0.635423
0.224534
-0.194411
-0.621413
-0.992018
-1.378737
-1.717116
-2.095778
-2.385817
-2.740309
-3.102858
-3.441237
-3.803786
-4.126051
-4.512770
-4.883376
-5.278151
-5.608473
-5.914626
-6.236891
-6.494704
-6.752516
-7.066725
-7.276198
-7.550124
-7.695143
-7.928786
-8.049635
-8.146315
-8.234938
-8.291335
-8.331618
-8.363844
-8.388014
-8.388014
-8.363844
-8.323561
-8.275221
-8.242995
-8.186598
-8.138258
-8.065749
-7.969069
-7.791823
-7.654860
-7.509841
-7.300368
-7.066725
-6.792799
-6.486647
-6.212721
-5.906569
-5.576247
-5.133132
-4.802809
-4.488600
-4.061598
-3.586257
-3.159255
-2.780592
-2.337477
-1.902419
-1.531813
-1.056471
-0.693923
-0.266921
0.135911
0.579027
0.981859
1.279954
1.674730
1.996995
2.343431
2.673753
3.084642
3.414964
3.729173
4.140062
4.607347
5.155199
5.558031
5.880296
6.178392
6.436204
6.685960
6.927659
7.161302
7.370775
7.564134
7.781663
7.975023
8.103929
8.192552
8.232835
8.313402
8.297288
8.410081
8.353685
8.410081
8.377855
8.337572
8.313402
8.257005
8.168382
8.047533
7.983079
7.838060
7.773607
7.596361
7.411058
7.145189
6.951829
6.677904
6.420091
6.113939
5.775560
5.421068
5.058519
4.712083
4.309251
3.930589
3.455247
3.060472
2.617357
2.238695
1.771409
1.360521
1.006029
0.554857
0.184251
-0.242751
-0.661696
-1.056471
-1.435133
-1.805739
-2.128005
-2.458327
-2.748366
-3.159255
-3.562087
-3.860182
-4.182448
-4.593337
-4.996169
-5.310378
-5.664870
-6.003249
-6.301344
-6.575270
-6.873366
-7.115065
-7.364821
-7.550124
-7.759596
-7.936842
-8.089919
-8.146315
-8.275221
-8.259108
-8.363844
-8.331618
-8.379958
-8.388014
-8.323561
-8.363844
-8.291335
-8.259108
-8.186598
-8.146315
-8.057692
-7.936842
-7.735426
-7.630690
-7.485671
-7.219801
-7.002272
-6.728346
-6.446364
-6.180495
-5.801833
-5.487624
-5.060622
-4.730299
-4.351637
-3.981032
-3.521803
-3.070632
-2.659743
-2.264967
-1.829909
-1.435133
-1.008132
-0.573073
-0.162184
0.240648
0.667650
1.030199
1.392747
1.755296
2.101732
2.432054
2.794603
3.181322
3.511644
3.809740
4.212572
4.567064
4.969896
5.324388
5.654710
5.968919
6.315355
6.565111
6.830980
7.080736
7.330492
7.539964
7.805833
7.983079
8.103929
8.168382
8.216722
8.257005
8.321458
8.313402
8.337572
8.345628
8.418138
8.538988
8.563158
8.506761
8.402025
8.265062
8.095872
7.975023
7.773607
7.620531
7.370775
7.169359
6.903490
6.653734
6.355638
6.057542
5.694993
5.364671
4.986009
4.663743
4.260911
3.809740
3.398851
2.979906
2.601243
2.125902
1.723070
1.279954
0.909349
0.490404
0.063402
-0.363600
-0.750319
-1.128981
-1.499587
-1.862135
-2.168288
-2.506667
-2.885329
-3.167311
-3.586257
-3.892409
-4.303298
-4.681960
-5.076735
-5.374831
-5.729323
-6.059645
-6.341628
-6.583327
-6.905592
-7.131178
-7.397048
-7.574294
-7.824049
-7.961012
-8.089919
-8.154372
-8.267165
-8.291335
-8.355788
-8.379958
-8.388014
-8.363844
-8.388014
-8.307448
-8.331618
-8.218825
-8.170485
-8.081862
-8.025466
-7.904616
-7.751540
-7.582350
-7.461501
-7.211745
-6.970046
-6.671950
-6.454421
-6.148268
-5.753493
-5.455397
-4.980055
-4.730299
-4.287184
-3.908522
-3.433180
-3.038405
-2.611403
-2.168288
-1.773512
-1.298171
-0.959792
-0.508620
-0.057448
0.337327
0.707933
1.062425
1.489427
1.787523
2.150072
2.536790
2.842943
3.205492
3.576097
3.874193
4.260911
4.631517
5.034349
5.437181
5.727220
6.025316
6.347581
6.621507
6.847093
7.169359
7.370775
7.644701
7.862230
7.983079
8.144212
8.224779
8.289232
8.297288
8.369798
8.353685
8.369798
8.353685
8.353685
8.345628
8.265062
8.200609
8.128099
8.023363
7.918626
7.830003
7.684984
7.539964
7.322435
7.104906
6.839036
6.605394
6.299242
6.057542
5.654710
5.276048
4.905443
4.534837
4.148118
3.745286
3.269945
2.899339
2.448167
2.037279
1.610277
1.159105
0.820726
0.514574
0.192308
-0.202467
-0.621413
-1.040358
-1.451247
-1.797682
-2.216628
-2.506667
-2.901442
-3.320387
-3.618483
-3.989089
-4.311354
-4.738356
-5.076735
-5.487624
-5.817946
-6.124098
-6.398024
-6.704176
-6.961989
-7.187575
-7.413161
-7.638747
-7.872389
-8.017409
-8.122145
-8.218825
-8.323561
-8.323561
-8.331618
-8.379958
-8.412184
-8.355788
-8.323561
-8.331618
-8.267165
-8.275221
-8.170485
-8.114089
-7.969069
-7.848219
-7.759596
-7.566237
-7.429274
-7.155348
-6.905592
-6.671950
-6.357741
-6.059645
-5.737380
-5.366774
-4.971999
-4.649733
-4.254958
-3.803786
-3.376784
-2.982008
-2.538893
-2.095778
-1.676833
-1.249831
-0.838942
-0.476393
0.007005
0.377611
0.796556
1.134935
1.497484
1.851976
2.222581
2.552904
2.907396
3.294115
3.640550
3.914476
4.309251
4.671800
5.139085
5.437181
5.783617
6.073656
6.379808
6.645677
6.951829
7.169359
7.403001
7.652757
7.886400
8.023363
8.128099
8.216722
8.232835
8.321458
8.353685
8.353685
8.345628
8.345628
8.353685
8.337572
8.248949
8.192552
8.079759
7.991136
7.902513
7.797777
7.684984
7.499681
7.257982
7.040452
6.830980
6.532884
6.267015
5.936693
5.574144
5.211595
4.849046
4.534837
4.091722
3.672777
3.237718
2.778490
2.432054
1.964769
1.569993
1.118822
0.732103
0.305101
-0.089674
-0.476393
-0.846999
-1.314284
-1.644606
-1.991042
-2.297194
-2.675856
-2.982008
-3.320387
-3.747389
-4.069655
-4.408034
-4.802809
-5.149245
-5.544020
-5.826003
-6.164382
-6.446364
-6.728346
-7.026442
-7.243971
-7.421217
-7.566237
-7.759596
-7.904616
-8.033522
-8.089919
-8.178542
-8.259108
-8.299391
-8.363844
-8.379958
-8.355788
-8.355788
-8.307448
-8.267165
-8.202712
-8.114089
-8.089919
-7.977126
-7.872389
-7.719313
-7.542067
-7.332594
-7.123122
-6.849196
-6.607497
-6.333571
-5.995192
-5.672926
-5.286208
-4.859206
-4.593337
-4.182448
-3.739333
-3.280104
-2.885329
-2.442214
-2.071608
-1.612380
-1.145094
-0.774489
-0.387770
0.031175
0.466234
0.885179
1.223558
1.610277
1.948656
2.295091
2.617357
2.979906
3.342454
3.696947
3.995042
4.365648
4.816820
5.203538
5.509691
5.815843
6.113939
6.468431
6.718187
6.959886
7.209642
7.451341
7.733324
7.894456
8.047533
8.128099
8.200609
8.281175
8.297288
8.369798
8.353685
8.353685
8.377855
8.321458
8.321458
8.232835
8.200609
8.103929
8.047533
7.894456
7.749437
7.612474
7.443284
7.233812
6.967943
6.742357
6.468431
6.194505
5.904466
5.517747
5.139085
4.816820
4.397874
4.003099
3.576097
3.173265
2.754320
2.311204
1.932542
1.497484
1.062425
0.635423
0.216478
-0.170241
-0.589186
-0.967848
-1.322341
-1.709059
-2.039382
-2.377760
-2.659743
-3.062575
-3.497633
-3.739333
-4.093825
-4.488600
-4.859206
-5.253981
-5.560133
-5.914626
-6.164382
-6.478591
-6.760573
-7.050612
-7.292311
-7.493727
-7.670973
-7.896559
-8.081862
-8.178542
-8.202712
-8.275221
-8.307448
-8.388014
-8.388014
-8.396071
-8.388014
-8.355788
-8.291335
-8.218825
-8.202712
-8.146315
-8.049635
-7.961012
-7.807936
-7.670973
-7.534010
-7.324538
-7.098952
-6.816969
-6.575270
-6.285231
-5.874342
-5.439284
-4.996169
-4.714186
-4.335524
-3.924635
-3.473464
-3.094801
-2.700026
-2.321364
-1.918532
-1.539870
-1.080641
-0.693923
-0.299147
0.095628
0.530687
0.909349
1.255784
1.642503
2.013109
2.343431
2.689867
3.060472
3.414964
3.777513
4.091722
4.422044
4.865159
5.243822
5.566087
5.896409
6.210618
6.484544
6.726243
7.016283
7.233812
7.507738
7.765550
7.926683
8.095872
8.168382
8.232835
8.313402
8.313402
8.377855
8.402025
8.377855
8.353685
8.353685
8.265062
8.313402
8.168382
8.071702
7.991136
7.862230
7.765550
7.588304
7.451341
7.161302
6.967943
6.718187
6.403978
6.170335
5.799730
5.437181
5.082689
4.720140
4.389818
3.914476
3.511644
3.068529
2.665697
2.246751
1.795579
1.424974
0.981859
0.579027
0.160081
-0.291091
-0.629469
-1.048415
-1.402907
-1.781569
-2.079665
-2.442214
-2.772536
-3.135085
-3.529860
-3.836012
-4.182448
-4.577223
-4.939772
-5.286208
-5.664870
-5.971022
-6.277174
-6.518874
-6.808913
-7.050612
-7.308424
-7.493727
-7.759596
-7.969069
-8.057692
-8.154372
-8.234938
-8.307448
-8.307448
-8.379958
-8.428298
-8.331618
-8.388014
-8.331618
-8.299391
-8.259108
-8.170485
-8.122145
-8.049635
-7.944899
-7.807936
-7.614577
-7.517897
-7.276198
-7.050612
-6.752516
-6.494704
-6.188551
-5.890456
-5.544020
-5.149245
-4.826979
-4.399977
-4.013258
-3.554030
-3.143141
-2.708083
-2.281081
-1.870192
-1.435133
-1.056471
-0.661696
-0.202467
0.160081
0.611253
0.973802
1.360521
1.666673
2.085618
2.448167
2.859056
3.358568
3.688890
3.995042
4.349534
4.712083
5.082689
5.364671
5.678880
6.001146
6.283128
6.540941
6.782640
7.072679
7.322435
7.539964
7.805833
7.926683
8.103929
8.160326
8.248949
8.289232
8.313402
8.313402
8.369798
8.385911
8.377855
8.313402
8.265062
8.200609
8.160326
8.039476
7.926683
7.862230
7.765550
7.564134
7.403001
7.145189
6.919603
6.677904
6.363695
6.089769
5.743333
5.380784
5.002122
4.639574
4.301195
3.825853
3.414964
3.004076
2.601243
2.158128
1.787523
1.328294
0.925462
0.490404
0.071458
-0.299147
-0.726149
-1.048415
-1.475417
-1.829909
-2.144118
-2.474440
-2.828932
-3.223708
-3.586257
-3.884352
-4.230788
-4.609450
-5.036452
-5.366774
-5.721266
-6.003249
-6.277174
-6.567214
-6.857253
-7.123122
-7.340651
-7.614577
-7.791823
-7.944899
-8.122145
-8.170485
-8.291335
-8.331618
-8.355788
-8.396071
-8.379958
-8.388014
-8.331618
-8.339674
-8.259108
-8.259108
-8.170485
-8.089919
-8.017409
-7.880446
-7.807936
-7.638747
-7.421217
-7.211745
-6.961989
-6.720290
-6.446364
-6.156325
-5.826003
-5.479567
-5.100905
-4.706130
-4.351637
-3.948805
-3.473464
-3.070632
-2.627516
-2.192458
-1.813796
-1.402907
-0.983962
-0.524733
-0.121901
0.248704
0.699876
1.014085
1.424974
1.771409
2.117845
2.391771
2.818773
3.173265
3.551927
3.817796
4.204515
4.550951
5.018236
5.300218
5.654710
5.985033
6.291185
6.573167
6.830980
7.112962
7.354661
7.588304
7.813890
8.007249
8.095872
8.216722
8.224779
8.337572
8.297288
8.345628
8.353685
8.369798
8.353685
8.297288
8.353685
8.506761
8.410081
8.321458
8.216722
8.047533
7.862230
7.676927
7.419115
7.129076
6.919603
6.653734
6.323411
6.057542
5.686937
5.316331
4.986009
4.550951
4.204515
3.785570
3.358568
2.915452
2.496507
2.061449
1.690843
1.239671
0.796556
0.458177
0.031175
-0.411940
-0.798659
-1.161208
-1.531813
-1.918532
-2.216628
-2.563063
-2.949782
-3.247878
-3.642653
-3.972975
-4.311354
-4.698073
-5.092848
-5.439284
-5.753493
-6.059645
-6.341628
-6.663893
-6.937819
-7.155348
-7.388991
-7.630690
-7.815993
-7.977126
-8.097975
-8.218825
-8.259108
-8.331618
-8.339674
-8.355788
-8.379958
-8.412184
-8.355788
-8.331618
-8.291335
-8.210768
-8.170485
-8.081862
-8.017409
-7.904616
-7.783766
-7.550124
-7.421217
-7.187575
-6.937819
-6.647780
-6.389967
-6.091872
-5.761549
-5.390944
-5.004225
-4.673903
-4.303298
-3.827956
-3.376784
-2.990065
-2.595290
-2.128005
-1.765456
-1.330397
-0.871169
-0.452223
-0.057448
0.337327
0.724046
1.126878
1.457201
1.851976
2.182298
2.496507
2.859056
3.261888
3.624437
3.866136
4.268968
4.695970
5.090745
5.437181
5.751390
6.041429
6.363695
6.661790
6.847093
7.112962
7.370775
7.644701
7.870286
8.007249
8.111986
8.216722
8.281175
8.321458
8.313402
8.377855
8.353685
8.369798
8.337572
8.321458
8.297288
8.216722
8.079759
8.007249
7.886400
7.797777
7.628587
7.507738
7.266038
7.072679
6.839036
6.532884
6.242845
5.952806
5.606370
5.227708
4.881273
4.518724
4.123949
3.664720
3.294115
2.810716
2.432054
2.053392
1.739183
1.400804
0.981859
0.522630
0.119798
-0.315260
-0.742262
-1.161208
-1.588210
-1.934645
-2.232741
-2.643630
-2.973952
-3.344557
-3.666823
-4.029372
-4.375807
-4.794753
-5.076735
-5.487624
-5.842116
-6.148268
-6.454421
-6.688063
-6.945876
-7.235915
-7.453444
-7.638747
-7.872389
-8.033522
-8.114089
-8.234938
-8.267165
-8.331618
-8.355788
-8.323561
-8.363844
-8.363844
-8.379958
-8.299391
-8.299391
-8.267165
-8.138258
-8.089919
-8.001296
-7.880446
-7.703200
-7.574294
-7.356764
-7.155348
-6.889479
-6.615553
-6.357741
-6.027419
-5.680983
-5.286208
-4.891432
-4.609450
-4.182448
-3.795729
-3.312331
-2.917555
-2.466383
-2.079665
-1.660719
-1.209548
-0.846999
-0.436110
0.039232
0.401781
0.772386
1.134935
1.489427
1.948656
2.246751
2.609300
2.963792
3.310228
3.688890
3.962816
4.357591
4.744310
5.171312
5.509691
5.775560
6.162279
6.412034
6.653734
6.935716
7.161302
7.491624
7.652757
7.894456
8.055589
8.144212
8.200609
8.297288
8.297288
8.337572
8.369798
8.345628
8.377855
8.385911
8.289232
8.257005
8.168382
8.079759
7.975023
7.950853
7.797777
7.660814
7.451341
7.266038
7.024339
6.774583
6.540941
6.234788
5.920579
5.541917
5.179368
4.808763
4.486497
4.059495
3.608324
3.213548
2.778490
2.335374
1.932542
1.529710
1.094652
0.675706
0.288988
-0.121901
-0.540846
-0.903395
-1.290114
-1.709059
-2.039382
-2.337477
-2.716139
-3.062575
-3.425124
-3.787673
-4.061598
-4.440260
-4.818923
-5.245924
-5.576247
-5.858229
-6.236891
-6.446364
-6.768630
-7.026442
-7.300368
-7.461501
-7.566237
-7.759596
-7.912673
-8.017409
-8.097975
-8.154372
-8.202712
-8.291335
-8.299391
-8.331618
-8.339674
-8.331618
-8.299391
-8.275221
-8.202712
-8.114089
-8.081862
-7.977126
-7.872389
-7.662917
-7.517897
-7.340651
-7.098952
-6.841139
-6.607497
-6.301344
-5.938796
-5.640700
-5.253981
-4.859206
-4.561110
-4.150221
-3.650710
-3.223708
-2.820876
-2.434157
-1.974928
-1.620436
-1.145094
-0.750319
-0.355544
0.103685
0.482347
0.885179
1.223558
1.602220
1.972826
2.335374
2.641527
3.036302
3.398851
3.705003
4.035326
4.430101
4.840990
5.211595
5.533861
5.896409
6.178392
6.476488
6.726243
6.959886
7.233812
7.443284
7.765550
7.902513
8.055589
8.176439
8.224779
8.289232
8.289232
8.345628
8.353685
8.402025
8.377855
8.353685
8.297288
8.248949
8.160326
8.095872
7.950853
7.894456
7.733324
7.676927
7.419115
7.225755
6.984056
6.710130
6.452318
6.178392
5.872240
5.469408
5.122972
4.784593
4.357591
3.986986
3.535814
3.157152
2.722093
2.303148
1.892259
1.408861
0.997972
0.562913
0.216478
-0.234694
-0.605299
-0.959792
-1.370680
-1.741286
-2.079665
-2.385817
-2.716139
-3.102858
-3.441237
-3.803786
-4.134108
-4.520827
-4.923659
-5.253981
-5.616530
-5.914626
-6.236891
-6.518874
-6.808913
-7.058669
-7.324538
-7.542067
-7.719313
-7.928786
-8.057692
-8.146315
-8.234938
-8.291335
-8.339674
-8.331618
-8.388014
-8.396071
-8.379958
-8.339674
-8.307448
-8.267165
-8.202712
-8.146315
-8.049635
-7.928786
-7.840163
-7.662917
-7.485671
-7.252028
-6.913649
-6.647780
-6.365798
-6.124098
-5.769606
-5.479567
-5.100905
-4.762526
-4.464430
-4.037428
-3.610426
-3.159255
-2.732253
-2.313307
-1.918532
-1.523757
-1.112868
-0.653639
-0.242751
0.168138
0.554857
0.981859
1.312181
1.650560
2.037279
2.367601
2.738206
3.068529
3.423021
3.761400
4.091722
4.542894
4.865159
5.276048
5.622484
5.920579
6.242845
6.508714
6.774583
7.016283
7.282152
7.556077
7.797777
7.950853
8.071702
8.176439
8.232835
8.265062
8.313402
8.321458
8.377855
8.369798
8.369798
8.321458
8.281175
8.224779
8.160326
8.055589
7.983079
7.838060
7.765550
7.588304
7.378831
7.137132
6.935716
6.653734
6.363695
6.113939
5.783617
5.413011
5.058519
4.712083
4.260911
3.882249
3.455247
3.060472
2.609300
2.206468
1.795579
1.344408
0.965745
0.530687
0.184251
-0.347487
-0.693923
-1.088698
-1.475417
-1.797682
-2.168288
-2.466383
-2.820876
-3.143141
-3.554030
-3.860182
-4.246901
-4.561110
-4.980055
-5.302321
-5.672926
-5.995192
-6.285231
-6.575270
-6.825026
-7.090895
-7.332594
-7.534010
-7.775710
-7.936842
-8.097975
-8.178542
-8.259108
-8.275221
-8.331618
-8.355788
-8.396071
-8.379958
-8.379958
-8.323561
-8.291335
-8.259108
-8.170485
-8.097975
-8.001296
-7.944899
-7.735426
-7.662917
-7.461501
-7.243971
-7.010329
-6.752516
-6.478591
-6.212721
-5.842116
-5.487624
-5.092848
-4.786696
-4.408034
-3.972975
-3.497633
-3.102858
-2.700026
-2.256911
-1.870192
-1.443190
-1.016188
-0.605299
-0.178298
0.216478
0.651536
1.014085
1.344408
1.706956
2.061449
2.391771
2.754320
3.237718
3.705003
4.067552
4.397874
4.816820
5.195482
5.509691
5.783617
6.025316
6.323411
6.589281
6.806810
7.056566
7.354661
7.572191
7.805833
7.975023
8.136156
8.160326
8.313402
8.281175
8.353685
8.369798
8.353685
8.377855
8.353685
8.345628
8.281175
8.224779
8.160326
8.039476
7.934740
7.813890
7.676927
7.572191
7.346605
7.088792
6.919603
6.621507
6.331468
6.073656
5.751390
5.364671
5.002122
4.623460
4.293138
3.761400
3.398851
2.963792
2.552904
2.093675
1.674730
1.288011
0.885179
0.482347
0.063402
-0.403883
-0.710036
-1.137038
-1.499587
-1.862135
-2.224684
-2.530837
-2.885329
-3.231764
-3.594313
-3.948805
-4.279128
-4.681960
-5.028395
-5.407057
-5.761549
-6.059645
-6.333571
-6.631667
-6.913649
-7.131178
-7.388991
-7.598464
-7.807936
-7.977126
-8.114089
-8.218825
-8.259108
-8.331618
-8.363844
-8.339674
-8.363844
-8.388014
-8.339674
-8.339674
-8.291335
-8.218825
-8.146315
-8.089919
-7.993239
-7.896559
-7.759596
-7.582350
-7.445387
-7.203688
-6.937819
-6.671950
-6.430251
-6.124098
-5.769606
-5.431227
-5.028395
-4.698073
-4.287184
-3.908522
-3.425124
-3.014235
-2.587233
-2.168288
-1.797682
-1.330397
-0.935622
-0.540846
-0.073561
0.305101
0.724046
1.046312
1.457201
1.787523
