0.880168
1.274944
1.774455
2.161174
2.555950
2.886272
3.297160
3.643596
3.965862
4.304241
4.715129
5.142131
5.472453
5.835002
6.197551
6.439250
6.697063
6.962932
7.204631
7.470500
7.712200
7.873332
8.098918
8.284221
8.348674
8.445354
8.533977
8.525920
8.533977
8.614543
8.614543
8.630657
8.630657
8.598430
8.558147
8.493694
8.477580
8.413127
8.324504
8.179485
8.058635
7.953899
7.768596
7.543010
7.325481
7.059612
6.842082
6.535930
6.181438
5.875285
5.488567
5.150188
4.723186
4.328410
3.885295
3.418010
3.063518
2.636516
2.177287
1.758342
1.291057
0.896282
0.445110
0.042278
-0.400838
-0.835896
-1.142049
-1.472371
-1.834920
-2.165242
-2.624470
-3.043416
-3.462361
-3.865193
-4.276082
-4.759480
-5.113972
-5.436238
-5.766560
-6.112996
-6.403035
-6.668904
-6.991170
-7.152302
-7.418172
-7.684041
-7.837117
-7.990193
-8.111043
-8.143269
-8.215779
-8.264119
-8.296345
-8.288289
-8.328572
-8.336629
-8.288289
-8.288289
-8.215779
-8.167439
-8.111043
-8.054646
-7.909627
-7.772664
-7.603474
-7.426228
-7.216756
-6.975056
-6.685017
-6.451375
-6.112996
-5.798787
-5.460408
-5.041463
-4.662800
-4.340535
-3.857136
-3.462361
-3.019246
-2.640584
-2.189412
-1.826863
-1.415974
-0.980916
-0.602254
-0.199422
0.251750
0.622356
0.976848
1.363567
1.734172
2.096721
2.435100
2.797649
3.160198
3.554973
3.853069
4.231731
4.658733
5.053508
5.383830
5.746379
6.052532
6.334514
6.608440
6.874309
7.116008
7.325481
7.599407
7.833049
7.978069
8.082805
8.179485
8.235881
8.324504
8.348674
8.380901
8.388957
8.405071
8.421184
8.348674
8.380901
8.316448
8.268108
8.171428
8.082805
7.978069
7.833049
7.712200
7.559123
7.349651
7.051555
6.834026
6.535930
6.237834
5.899455
5.536907
5.182414
4.819866
4.473430
4.062541
3.627483
3.224651
2.862102
2.459270
2.000041
1.645549
1.194377
0.735149
0.380657
-0.046345
-0.433064
-0.868123
-1.206502
-1.585164
-1.971883
-2.261922
-2.640584
-3.059529
-3.430134
-3.784627
-4.147175
-4.541951
-4.936726
-5.275105
-5.605427
-5.943806
-6.249959
-6.483601
-6.781697
-7.031453
-7.297322
-7.490681
-7.692097
-7.925740
-8.054646
-8.167439
-8.183552
-8.288289
-8.288289
-8.296345
-8.272175
-8.231892
-8.215779
-8.215779
-8.215779
-8.175496
-8.119099
-8.054646
-7.990193
-7.853230
-7.756550
-7.579304
-7.394002
-7.200642
-6.975056
-6.717244
-6.419148
-6.096883
-5.790730
-5.420125
-5.057576
-4.711140
-4.332478
-3.913533
-3.438191
-3.043416
-2.616414
-2.197468
-1.810750
-1.399861
-0.956746
-0.553914
-0.191365
0.243694
0.614299
1.001018
1.363567
1.742229
2.128948
2.467326
2.821819
3.176311
3.554973
3.877239
4.239787
4.658733
5.093791
5.399944
5.730266
6.060588
6.334514
6.576213
6.866252
7.107951
7.325481
7.623576
7.841106
8.042522
8.139201
8.203655
8.260051
8.268108
8.324504
8.372844
8.380901
8.388957
8.388957
8.388957
8.356731
8.300334
8.219768
8.115032
8.018352
7.929729
7.800823
7.631633
7.454387
7.261028
7.011272
6.697063
6.447307
6.141155
5.802776
5.448283
5.021282
4.723186
4.328410
3.877239
3.458293
3.103801
2.676799
2.273967
1.887248
1.436076
1.009075
0.638469
0.203410
-0.191365
-0.594197
-0.924519
-1.327351
-1.746297
-2.052449
-2.431111
-2.769490
-3.132039
-3.550984
-3.849080
-4.219685
-4.646687
-5.033406
-5.371785
-5.677937
-6.024373
-6.338582
-6.564168
-6.821980
-7.120076
-7.361775
-7.595418
-7.756550
-7.941853
-8.054646
-8.135213
-8.207722
-8.239949
-8.288289
-8.360799
-8.320515
-8.360799
-8.376912
-8.296345
-8.296345
-8.256062
-8.175496
-8.094929
-7.966023
-7.909627
-7.804890
-7.603474
-7.442342
-7.176472
-6.967000
-6.701131
-6.362752
-6.088826
-5.766560
-5.404011
-4.944783
-4.614461
-4.123006
-3.696004
-3.244832
-2.850056
-2.503621
-2.108845
-1.746297
-1.311238
-0.884236
-0.505574
-0.118855
0.316203
0.678752
1.017131
1.428020
1.766399
2.153117
2.483440
2.878215
3.248821
3.611369
3.901408
4.312297
4.723186
5.117961
5.440227
5.778606
6.116985
6.382854
6.680950
6.874309
7.116008
7.414104
7.623576
7.841106
7.986125
8.082805
8.195598
8.251994
8.324504
8.316448
8.356731
8.356731
8.356731
8.340617
8.348674
8.284221
8.251994
8.219768
8.098918
8.010295
7.873332
7.744426
7.575237
7.422160
7.204631
6.954875
6.648723
6.390910
6.044475
5.762492
5.391887
4.972942
4.626506
4.247844
3.812785
3.393840
2.999065
2.547893
2.137004
1.742229
1.315227
0.968791
0.533733
0.138957
-0.279988
-0.650593
-1.037312
-1.415974
-1.770467
-2.141072
-2.455281
-2.817830
-3.188435
-3.591267
-3.937703
-4.308308
-4.695027
-5.097859
-5.395955
-5.758504
-6.088826
-6.370808
-6.644734
-6.886433
-7.144246
-7.418172
-7.571248
-7.821004
-7.998250
-8.062703
-8.143269
-8.231892
-8.264119
-8.288289
-8.328572
-8.360799
-8.360799
-8.352742
-8.320515
-8.288289
-8.215779
-8.207722
-8.135213
-7.990193
-7.901570
-7.724324
-7.579304
-7.426228
-7.176472
-6.886433
-6.685017
-6.362752
-6.024373
-5.750447
-5.307332
-4.968953
-4.630574
-4.219685
-3.784627
-3.333455
-2.954793
-2.519734
-2.124959
-1.730183
-1.319295
-0.884236
-0.521687
-0.070515
0.283977
0.686809
1.065471
1.403850
1.822795
2.153117
2.467326
2.854045
3.272991
3.571086
3.933635
4.312297
4.723186
5.142131
5.448283
5.810832
6.173381
6.600383
6.890422
7.204631
7.414104
7.623576
7.800823
7.961955
8.074748
8.131145
8.251994
8.260051
8.316448
8.348674
8.380901
8.380901
8.372844
8.348674
8.380901
8.260051
8.268108
8.171428
8.074748
7.986125
7.873332
7.712200
7.559123
7.389934
7.132121
6.890422
6.576213
6.318401
5.996135
5.633586
5.303264
4.916545
4.602336
4.159221
3.724162
3.345500
2.910442
2.523723
2.064494
1.693889
1.283000
0.847942
0.501506
0.066448
-0.328328
-0.723103
-1.085652
-1.504597
-1.859090
-2.229695
-2.527791
-2.890340
-3.277058
-3.647664
-3.945759
-4.364705
-4.791707
-5.122029
-5.508748
-5.814900
-6.112996
-6.394978
-6.636677
-6.934773
-7.208699
-7.418172
-7.651814
-7.821004
-8.014363
-8.086873
-8.167439
-8.256062
-8.304402
-8.296345
-8.320515
-8.384968
-8.376912
-8.320515
-8.320515
-8.304402
-8.239949
-8.183552
-8.094929
-7.998250
-7.893513
-7.724324
-7.539021
-7.394002
-7.120076
-6.870320
-6.628621
-6.330525
-5.992146
-5.661824
-5.283162
-4.912556
-4.550008
-4.163289
-3.736287
-3.301228
-2.882283
-2.495564
-2.068562
-1.681843
-1.230672
-0.884236
-0.465291
-0.046345
0.364543
0.735149
1.089641
1.460246
1.846965
2.217571
2.547893
2.910442
3.305217
3.675823
3.973918
4.400920
4.835979
5.174358
5.577190
5.867229
6.141155
6.503703
6.713176
6.970989
7.236858
7.446330
7.688030
7.897502
8.042522
8.115032
8.203655
8.219768
8.292278
8.300334
8.372844
8.348674
8.372844
8.340617
8.300334
8.284221
8.219768
8.106975
8.050578
7.978069
8.042522
7.921672
7.752483
7.494670
7.236858
6.930705
6.600383
6.286174
5.996135
5.625530
5.238811
4.868205
4.505657
4.094768
3.643596
3.264934
2.821819
2.427043
2.016155
1.621379
1.162151
0.767375
0.380657
-0.022175
-0.449177
-0.795613
-1.166218
-1.528767
-1.915486
-2.253865
-2.584187
-2.970906
-3.317342
-3.704060
-4.034383
-4.429158
-4.831990
-5.194539
-5.597371
-5.871297
-6.233845
-6.427205
-6.725300
-6.999226
-7.240925
-7.490681
-7.700154
-7.853230
-8.022420
-8.135213
-8.199666
-8.272175
-8.296345
-8.320515
-8.360799
-8.384968
-8.376912
-8.352742
-8.336629
-8.272175
-8.199666
-8.175496
-8.119099
-7.966023
-7.853230
-7.692097
-7.514851
-7.305379
-7.120076
-6.878377
-6.604451
-6.298299
-5.976033
-5.613484
-5.210652
-4.856160
-4.525838
-4.106892
-3.696004
-3.244832
-2.858113
-2.439168
-2.036336
-1.625447
-1.125935
-0.779500
-0.416951
0.018108
0.412883
0.791545
1.162151
1.548869
1.855022
2.273967
2.612346
3.023235
3.385783
3.699992
4.006145
4.449260
4.844035
5.238811
5.593303
5.923625
6.205608
6.447307
6.721233
6.987102
7.228801
7.494670
7.720256
7.953899
8.050578
8.147258
8.251994
8.251994
8.300334
8.324504
8.340617
8.340617
8.340617
8.324504
8.324504
8.292278
8.219768
8.106975
8.026408
7.921672
7.841106
7.688030
7.510783
7.269084
7.027385
6.769573
6.487590
6.205608
5.899455
5.544963
5.158244
4.811809
4.425090
4.038371
3.571086
3.152141
2.757366
2.346477
1.919475
1.516643
1.129924
0.702922
0.348430
-0.134968
-0.497517
-0.860066
-1.166218
-1.472371
-1.778523
-2.189412
-2.527791
-2.946736
-3.349568
-3.704060
-4.066609
-4.517781
-4.872273
-5.275105
-5.581258
-5.919636
-6.233845
-6.475545
-6.781697
-7.023396
-7.273152
-7.506795
-7.748494
-7.893513
-8.054646
-8.094929
-8.183552
-8.264119
-8.304402
-8.328572
-8.320515
-8.360799
-8.328572
-8.376912
-8.296345
-8.272175
-8.231892
-8.151326
-8.078816
-7.990193
-7.804890
-7.692097
-7.490681
-7.297322
-7.095906
-6.805867
-6.572224
-6.249959
-5.871297
-5.524861
-5.194539
-4.815877
-4.509724
-4.066609
-3.639607
-3.188435
-2.793660
-2.414998
-1.979939
-1.552937
-1.142049
-0.723103
-0.352498
0.050334
0.437053
0.831828
1.226604
1.573039
1.943645
2.306194
2.612346
3.063518
3.393840
3.764446
4.086711
4.513713
4.932658
5.271037
5.641643
5.923625
6.213664
6.560100
6.777629
7.027385
7.269084
7.510783
7.720256
7.905559
8.042522
8.163371
8.219768
8.251994
8.324504
8.316448
8.372844
8.356731
8.356731
8.316448
8.316448
8.260051
8.195598
8.147258
8.026408
7.897502
7.833049
7.615520
7.446330
7.212688
6.995158
6.753459
6.455364
6.149211
5.810832
5.440227
5.142131
4.755412
4.360637
3.949748
3.522746
3.119914
2.725139
2.282024
1.863078
1.484416
1.049358
0.646526
0.283977
-0.143025
-0.553914
-0.892293
-1.327351
-1.681843
-2.044392
-2.342488
-2.713093
-3.059529
-3.454304
-3.800740
-4.179402
-4.541951
-4.968953
-5.339558
-5.645711
-5.992146
-6.249959
-6.548054
-6.813924
-7.087849
-7.305379
-7.514851
-7.804890
-7.877400
-7.957967
-8.030476
-8.111043
-8.167439
-8.272175
-8.296345
-8.304402
-8.336629
-8.336629
-8.328572
-8.320515
-8.304402
-8.215779
-8.167439
-8.094929
-7.957967
-7.845174
-7.651814
-7.514851
-7.321492
-7.031453
-6.821980
-6.475545
-6.185506
-5.871297
-5.484578
-5.154256
-4.791707
-4.429158
-4.010213
-3.550984
-3.140095
-2.745320
-2.294148
-1.923543
-1.536824
-1.085652
-0.706990
-0.279988
0.130901
0.533733
0.920451
1.258830
1.637492
1.967815
2.338420
2.692912
3.031291
3.466350
3.732219
4.143108
4.545940
4.940715
5.351604
5.657756
5.963908
6.334514
6.543987
6.801799
7.075725
7.301311
7.559123
7.784709
7.929729
8.082805
8.115032
8.203655
8.284221
8.260051
8.324504
8.340617
8.348674
8.356731
8.316448
8.300334
8.251994
8.179485
8.115032
7.978069
7.873332
7.768596
7.631633
7.414104
7.196575
6.962932
6.680950
6.390910
6.116985
5.778606
5.416057
5.037395
4.690959
4.312297
3.853069
3.482463
3.023235
2.644573
2.193401
1.822795
1.436076
0.984905
0.582073
0.187297
-0.231648
-0.626424
-0.988972
-1.399861
-1.738240
-2.076619
-2.406941
-2.793660
-3.140095
-3.518758
-3.905476
-4.211629
-4.638631
-5.041463
-5.355672
-5.694050
-6.032429
-6.330525
-6.628621
-6.846150
-7.152302
-7.394002
-7.603474
-7.772664
-7.966023
-8.078816
-8.151326
-8.231892
-8.288289
-8.328572
-8.336629
-8.360799
-8.336629
-8.352742
-8.320515
-8.328572
-8.256062
-8.183552
-8.151326
-8.054646
-7.974080
-7.812947
-7.659871
-7.539021
-7.240925
-7.047566
-6.749470
-6.491658
-6.177449
-5.855183
-5.484578
-5.122029
-4.759480
-4.251912
-3.760457
-3.317342
-2.954793
-2.551961
-2.141072
-1.794636
-1.415974
-0.988972
-0.618367
-0.223592
0.187297
0.622356
0.944621
1.315227
1.677776
2.056438
2.394817
2.725139
3.160198
3.522746
3.820842
4.207561
4.602336
5.005168
5.399944
5.689983
6.020305
6.294231
6.600383
6.850139
7.059612
7.333537
7.575237
7.800823
7.961955
8.074748
8.139201
8.195598
8.227825
8.324504
8.292278
8.372844
8.372844
8.300334
8.316448
8.292278
8.268108
8.163371
8.082805
7.937785
7.873332
7.744426
7.599407
7.406047
7.180461
6.930705
6.648723
6.302287
6.052532
5.681926
5.351604
4.997112
4.602336
4.247844
3.796672
3.401897
2.966838
2.588176
2.161174
1.758342
1.315227
0.944621
0.549846
0.138957
-0.296101
-0.723103
-1.053425
-1.399861
-1.762410
-2.108845
-2.455281
-2.833943
-3.188435
-3.550984
-3.905476
-4.276082
-4.670857
-5.073689
-5.395955
-5.750447
-6.056599
-6.338582
-6.596394
-6.886433
-7.152302
-7.385945
-7.627644
-7.788777
-7.998250
-8.062703
-8.151326
-8.264119
-8.272175
-8.304402
-8.296345
-8.360799
-8.336629
-8.352742
-8.384968
-8.304402
-8.288289
-8.183552
-8.119099
-8.078816
-7.909627
-7.788777
-7.595418
-7.458455
-7.240925
-6.967000
-6.685017
-6.451375
-6.161336
-5.790730
-5.436238
-5.009236
-4.711140
-4.332478
-3.905476
-3.430134
-3.043416
-2.640584
-2.213582
-1.778523
-1.407918
-1.021199
-0.594197
-0.191365
0.203410
0.622356
0.984905
1.347453
1.726116
2.056438
2.427043
2.741252
3.160198
3.538860
3.845012
4.312297
4.795696
5.271037
5.657756
5.955852
6.213664
6.479533
6.680950
6.938762
7.196575
7.406047
7.647746
7.865276
7.953899
8.115032
8.163371
8.235881
8.268108
8.292278
8.340617
8.316448
8.380901
8.324504
8.292278
8.260051
8.219768
8.163371
8.050578
7.961955
7.841106
7.752483
7.567180
7.349651
7.132121
6.866252
6.592326
6.318401
6.028362
5.657756
5.271037
4.908489
4.570110
4.151164
3.780559
3.329387
2.918498
2.539836
2.104778
1.693889
1.283000
0.864055
0.501506
0.074504
-0.344441
-0.747273
-1.085652
-1.504597
-1.851033
-2.213582
-2.519734
-2.866170
-3.260945
-3.639607
-3.969929
-4.316365
-4.703084
-5.113972
-5.476521
-5.790730
-6.112996
-6.427205
-6.660847
-6.942830
-7.184529
-7.442342
-7.627644
-7.812947
-7.966023
-8.094929
-8.151326
-8.272175
-8.256062
-8.336629
-8.376912
-8.360799
-8.376912
-8.328572
-8.304402
-8.288289
-8.256062
-8.167439
-8.151326
-8.030476
-7.925740
-7.772664
-7.579304
-7.426228
-7.184529
-6.926717
-6.668904
-6.394978
-6.080769
-5.758504
-5.355672
-4.968953
-4.638631
-4.284138
-3.784627
-3.422078
-2.978963
-2.560017
-2.076619
-1.738240
-1.319295
-0.900349
-0.537800
-0.118855
0.259807
0.646526
1.041301
1.347453
1.774455
2.120891
2.427043
2.821819
3.160198
3.554973
3.909465
4.336467
4.715129
5.117961
5.448283
5.762492
6.092815
6.350627
6.624553
6.922649
7.164348
7.414104
7.655803
7.833049
7.986125
8.058635
8.171428
8.195598
8.260051
8.284221
8.300334
8.324504
8.356731
8.348674
8.316448
8.227825
8.179485
8.147258
8.058635
8.139201
8.098918
7.961955
7.768596
7.494670
7.212688
6.954875
6.592326
6.318401
6.020305
5.641643
5.295207
4.916545
4.545940
4.151164
3.724162
3.272991
2.829875
2.427043
2.016155
1.621379
1.242717
0.775432
0.428996
-0.014119
-0.360554
-0.779500
-1.166218
-1.552937
-1.867146
-2.213582
-2.576131
-2.898396
-3.301228
-3.663777
-4.034383
-4.396931
-4.791707
-5.146199
-5.492634
-5.839070
-6.185506
-6.419148
-6.733357
-6.975056
-7.200642
-7.426228
-7.659871
-7.869343
-8.046590
-8.111043
-8.207722
-8.239949
-8.304402
-8.320515
-8.336629
-8.352742
-8.360799
-8.320515
-8.360799
-8.272175
-8.256062
-8.199666
-8.086873
-8.022420
-7.909627
-7.772664
-7.603474
-7.410115
-7.184529
-6.886433
-6.628621
-6.338582
-6.032429
-5.661824
-5.331502
-4.920613
-4.606404
-4.187459
-3.792683
-3.301228
-2.922566
-2.503621
-2.092732
-1.714070
-1.254842
-0.900349
-0.473347
-0.046345
0.316203
0.727092
1.065471
1.411907
1.798625
2.177287
2.499553
2.854045
3.281047
3.627483
3.949748
4.368694
4.747356
5.182414
5.512737
5.835002
6.165325
6.423137
6.680950
6.922649
7.204631
7.406047
7.688030
7.889446
7.994182
8.115032
8.139201
8.227825
8.260051
8.300334
8.340617
8.380901
8.348674
8.324504
8.300334
8.284221
8.203655
8.131145
8.018352
7.937785
7.800823
7.688030
7.494670
7.285198
7.083782
6.801799
6.560100
6.245891
5.923625
5.544963
5.182414
4.868205
4.473430
4.062541
3.635539
3.240764
2.741252
2.370647
1.935588
1.613323
1.307170
0.928508
0.557903
0.106731
-0.312215
-0.723103
-1.158162
-1.552937
-1.915486
-2.261922
-2.624470
-2.978963
-3.349568
-3.712117
-4.034383
-4.437215
-4.856160
-5.218709
-5.557088
-5.911580
-6.201619
-6.459431
-6.757527
-7.023396
-7.265095
-7.474568
-7.732381
-7.893513
-8.014363
-8.078816
-8.183552
-8.256062
-8.320515
-8.320515
-8.352742
-8.376912
-8.384968
-8.336629
-8.304402
-8.320515
-8.256062
-8.151326
-8.111043
-7.966023
-7.845174
-7.700154
-7.563191
-7.369832
-7.152302
-6.854207
-6.636677
-6.298299
-6.008259
-5.629597
-5.234822
-4.848103
-4.541951
-4.106892
-3.679890
-3.277058
-2.882283
-2.463338
-2.020222
-1.681843
-1.206502
-0.860066
-0.408894
0.010051
0.364543
0.799602
1.105754
1.500530
1.855022
2.225627
2.580119
2.950725
3.313274
3.667766
4.030315
4.400920
4.811809
5.214641
5.593303
5.875285
6.165325
6.487590
6.721233
6.995158
7.228801
7.414104
7.688030
7.905559
8.018352
8.098918
8.171428
8.227825
8.292278
8.300334
8.300334
8.340617
8.348674
8.324504
8.316448
8.300334
8.179485
8.131145
8.026408
7.865276
7.841106
7.679973
7.478557
7.212688
6.987102
6.769573
6.439250
6.213664
5.883342
5.504680
5.150188
4.747356
4.433147
3.965862
3.571086
3.176311
2.757366
2.346477
1.967815
1.532756
1.129924
0.702922
0.292033
-0.118855
-0.521687
-0.892293
-1.230672
-1.593220
-2.012166
-2.294148
-2.640584
-3.003133
-3.462361
-3.744343
-4.147175
-4.525838
-4.920613
-5.267049
-5.573201
-5.976033
-6.249959
-6.507771
-6.805867
-7.063679
-7.305379
-7.530965
-7.748494
-7.909627
-7.974080
-8.014363
-8.086873
-8.119099
-8.199666
-8.264119
-8.296345
-8.320515
-8.328572
-8.328572
-8.296345
-8.288289
-8.207722
-8.175496
-8.078816
-8.022420
-7.837117
-7.724324
-7.530965
-7.369832
-7.128133
-6.838093
-6.539998
-6.249959
-5.911580
-5.613484
-5.218709
-4.880330
-4.493611
-4.066609
-3.647664
-3.260945
-2.833943
-2.382771
-1.931599
-1.569050
-1.158162
-0.763386
-0.376668
0.050334
0.404826
0.799602
1.210491
1.581096
1.911418
2.298137
2.612346
2.974895
3.418010
3.675823
4.094768
4.433147
4.852092
5.238811
5.569133
5.867229
6.205608
6.479533
6.729289
6.970989
7.269084
7.510783
7.752483
7.905559
8.050578
8.098918
8.147258
8.251994
8.260051
8.340617
8.340617
8.348674
8.300334
8.292278
8.292278
8.227825
8.171428
8.106975
8.018352
7.921672
7.768596
7.647746
7.454387
7.212688
6.995158
6.729289
6.455364
6.165325
5.818889
5.456340
5.061565
4.723186
4.312297
3.917522
3.506633
3.095744
2.668742
2.298137
1.855022
1.436076
1.033244
0.654582
0.283977
-0.159138
-0.561970
-0.948689
-1.319295
-1.689900
-2.036336
-2.374715
-2.713093
-3.099812
-3.486531
-3.816853
-4.163289
-4.550008
-4.993123
-5.299275
-5.637654
-6.008259
-6.274129
-6.572224
-6.846150
-7.087849
-7.337605
-7.539021
-7.748494
-7.966023
-8.062703
-8.111043
-8.183552
-8.231892
-8.328572
-8.320515
-8.336629
-8.360799
-8.384968
-8.336629
-8.336629
-8.288289
-8.215779
-8.199666
-8.111043
-7.957967
-7.853230
-7.667927
-7.490681
-7.289265
-7.112019
-6.757527
-6.515828
-6.145222
-5.782674
-5.371785
-5.009236
-4.703084
-4.388875
-3.937703
-3.550984
-3.132039
-2.737263
-2.342488
-1.915486
-1.536824
-1.085652
-0.690877
-0.344441
0.122844
0.517619
0.831828
1.242717
1.581096
1.967815
2.298137
2.676799
3.031291
3.458293
3.764446
4.094768
4.537883
4.916545
5.327434
5.657756
5.971965
6.262004
6.543987
6.801799
7.019328
7.269084
7.526897
7.752483
7.905559
8.058635
8.139201
8.203655
8.235881
8.292278
8.292278
8.348674
8.300334
8.372844
8.324504
8.292278
8.292278
8.163371
8.082805
7.978069
7.865276
7.720256
7.591350
7.454387
7.204631
6.970989
6.713176
6.390910
6.084758
5.754436
5.383830
5.021282
4.666789
4.304241
3.885295
3.458293
3.055461
2.620403
2.217571
1.766399
1.395793
0.984905
0.606242
0.195354
-0.231648
-0.602254
-1.021199
-1.375691
-1.746297
-2.076619
-2.406941
-2.793660
-3.123982
-3.542927
-3.865193
-4.243855
-4.638631
-5.025349
-5.395955
-5.734334
-6.056599
-6.338582
-6.564168
-6.846150
-7.112019
-7.353718
-7.579304
-7.788777
-7.933797
-8.062703
-8.143269
-8.199666
-8.288289
-8.320515
-8.328572
-8.384968
-8.336629
-8.352742
-8.320515
-8.304402
-8.296345
-8.239949
-8.135213
-8.054646
-7.941853
-7.788777
-7.627644
-7.506795
-7.297322
-6.991170
-6.757527
-6.491658
-6.177449
-5.847127
-5.452351
-5.097859
-4.751424
-4.372761
-3.953816
-3.502644
-3.099812
-2.696980
-2.261922
-1.883259
-1.464314
-1.053425
-0.650593
-0.263875
0.138957
0.533733
0.912395
1.291057
1.621379
2.056438
2.370647
2.709026
3.087688
3.458293
3.845012
4.280071
4.811809
5.230754
5.544963
5.875285
6.092815
6.382854
6.632610
6.898479
7.148235
7.373821
7.623576
7.784709
7.937785
8.050578
8.147258
8.171428
8.235881
8.292278
8.340617
8.300334
8.316448
8.348674
8.300334
8.300334
8.235881
8.139201
8.074748
7.961955
7.897502
7.744426
7.575237
7.406047
7.132121
6.922649
6.632610
6.326457
6.076701
5.714153
5.335491
4.997112
4.626506
4.231731
3.764446
3.434123
2.982951
2.572063
2.161174
1.742229
1.331340
0.952678
0.533733
0.082561
-0.288045
-0.674763
-1.053425
-1.440144
-1.762410
-2.165242
-2.463338
-2.825886
-3.212605
-3.591267
-3.905476
-4.284138
-4.695027
-5.057576
-5.420125
-5.758504
-6.064656
-6.386922
-6.628621
-6.886433
-7.144246
-7.410115
-7.603474
-7.788777
-7.966023
-8.078816
-8.119099
-8.207722
-8.304402
-8.288289
-8.352742
-8.352742
-8.376912
-8.336629
-8.328572
-8.320515
-8.288289
-8.199666
-8.151326
-8.078816
-7.909627
-7.788777
-7.659871
-7.442342
-7.200642
-7.031453
-6.717244
-6.419148
-6.153279
-5.822957
-5.404011
-5.025349
-4.670857
-4.284138
-3.865193
-3.438191
-3.011189
-2.608357
-2.213582
-1.834920
-1.383748
-0.964802
-0.618367
-0.175252
0.195354
0.638469
1.001018
1.331340
1.701946
2.096721
2.418987
2.789592
3.160198
3.514690
3.828899
4.272014
4.610393
5.029338
5.399944
5.722209
6.052532
6.318401
6.608440
6.817912
7.091838
7.349651
7.615520
7.808879
7.937785
8.042522
8.115032
8.171428
8.219768
8.292278
8.284221
8.380901
8.461467
8.566203
8.566203
8.509807
8.388957
8.300334
8.203655
8.050578
7.873332
7.768596
7.591350
7.373821
7.132121
6.890422
6.592326
6.302287
6.028362
5.657756
5.295207
4.940715
4.570110
4.175334
3.748332
3.337444
2.918498
2.499553
2.120891
1.677776
1.291057
0.823772
0.461223
0.042278
-0.352498
-0.723103
-1.125935
-1.504597
-1.859090
-2.221638
-2.503621
-2.858113
-3.285115
-3.639607
-3.945759
-4.372761
-4.727254
-5.154256
-5.452351
-5.790730
-6.088826
-6.386922
-6.660847
-6.934773
-7.184529
-7.426228
-7.635701
-7.804890
-7.990193
-8.062703
-8.135213
-8.231892
-8.264119
-8.288289
-8.304402
-8.336629
-8.360799
-8.336629
-8.296345
-8.320515
-8.256062
-8.215779
-8.086873
-8.022420
-7.893513
-7.724324
-7.611531
-7.426228
-7.200642
-6.967000
-6.701131
-6.370808
-6.064656
-5.726277
-5.371785
-5.009236
-4.662800
-4.227742
-3.824910
-3.405965
-3.019246
-2.584187
-2.108845
-1.762410
-1.327351
-0.932576
-0.537800
-0.102742
0.275920
0.646526
1.041301
1.371623
1.798625
2.137004
2.427043
2.813762
3.208537
3.587200
3.885295
4.247844
4.690959
5.150188
5.416057
5.754436
6.084758
6.350627
6.608440
6.906535
7.148235
7.446330
7.631633
7.841106
7.978069
8.074748
8.131145
8.171428
8.227825
8.316448
8.316448
8.348674
8.348674
8.324504
8.300334
8.227825
8.195598
8.147258
8.010295
7.961955
7.816936
7.712200
7.526897
7.301311
7.091838
6.801799
6.576213
6.270061
5.931682
5.593303
5.246867
4.876262
4.505657
4.143108
3.724162
3.272991
2.862102
2.427043
2.016155
1.581096
1.307170
0.968791
0.638469
0.219524
-0.199422
-0.658650
-1.021199
-1.472371
-1.867146
-2.189412
-2.560017
-2.898396
-3.301228
-3.639607
-4.034383
-4.372761
-4.767537
-5.154256
-5.492634
-5.822957
-6.145222
-6.451375
-6.668904
-6.967000
-7.208699
-7.442342
-7.635701
-7.845174
-8.014363
-8.086873
-8.151326
-8.231892
-8.239949
-8.296345
-8.352742
-8.328572
-8.360799
-8.328572
-8.328572
-8.264119
-8.231892
-8.231892
-8.111043
-8.030476
-7.909627
-7.756550
-7.579304
-7.410115
-7.168416
-6.902547
-6.612508
-6.354695
-6.056599
-5.718220
-5.299275
-4.920613
-4.590291
-4.219685
-3.760457
-3.365681
-2.938679
-2.519734
-2.108845
-1.730183
-1.319295
-0.892293
-0.481404
-0.086629
0.372600
0.702922
1.049358
1.411907
1.830852
2.161174
2.491496
2.886272
3.240764
3.627483
3.933635
4.360637
4.811809
5.158244
5.504680
5.818889
6.141155
6.423137
6.680950
6.954875
7.164348
7.446330
7.623576
7.865276
7.978069
8.082805
8.171428
8.251994
8.260051
8.324504
8.324504
8.348674
8.340617
8.284221
8.268108
8.260051
8.179485
8.139201
8.018352
7.937785
7.776653
7.663860
7.454387
7.261028
7.059612
6.817912
6.479533
6.262004
5.931682
5.512737
5.182414
4.852092
4.513713
4.070598
3.643596
3.208537
2.797649
2.370647
1.967815
1.605266
1.162151
0.743205
0.348430
-0.022175
-0.433064
-0.827840
-1.222615
-1.609334
-1.915486
-2.261922
-2.608357
-2.954793
-3.349568
-3.704060
-4.042439
-4.461384
-4.848103
-5.218709
-5.581258
-5.911580
-6.209675
-6.459431
-6.757527
-6.967000
-7.128133
-7.353718
-7.547078
-7.724324
-7.909627
-8.030476
-8.143269
-8.143269
-8.256062
-8.328572
-8.336629
-8.336629
-8.352742
-8.320515
-8.304402
-8.296345
-8.215779
-8.215779
-8.111043
-8.014363
-7.909627
-7.716267
-7.571248
-7.321492
-7.152302
-6.846150
-6.628621
-6.282185
-5.967976
-5.669881
-5.299275
-4.872273
-4.558064
-4.155232
-3.704060
-3.301228
-2.858113
-2.471394
-2.052449
-1.657674
-1.198445
-0.835896
-0.408894
-0.038289
0.404826
0.735149
1.137981
1.484416
1.830852
2.257854
2.515666
2.942668
3.313274
3.611369
3.990032
4.392864
4.819866
5.206584
5.520793
5.851116
6.125041
6.439250
6.680950
6.987102
7.212688
7.454387
7.679973
7.865276
8.042522
8.082805
8.171428
8.227825
8.292278
8.292278
8.300334
8.316448
8.316448
8.300334
8.324504
8.235881
8.195598
8.115032
7.994182
7.905559
7.816936
7.663860
7.454387
7.252971
7.027385
6.769573
6.487590
6.173381
5.899455
5.480510
5.158244
4.763469
4.400920
3.998088
3.579143
3.152141
2.741252
2.362590
1.911418
1.492473
1.121867
0.678752
0.324260
-0.110799
-0.497517
-0.868123
-1.279011
-1.593220
-1.979939
-2.310261
-2.672810
-3.059529
-3.405965
-3.728230
-4.123006
-4.493611
-4.912556
-5.218709
-5.573201
-5.959920
-6.241902
-6.483601
-6.765584
-7.055623
-7.248982
-7.514851
-7.700154
-7.877400
-7.957967
-8.119099
-8.143269
-8.256062
-8.320515
-8.360799
-8.328572
-8.352742
-8.352742
-8.360799
-8.320515
-8.288289
-8.215779
-8.151326
-8.111043
-8.022420
-7.845174
-7.732381
-7.530965
-7.337605
-7.112019
-6.878377
-6.515828
-6.153279
-5.790730
-5.420125
-5.073689
-4.783650
-4.453328
-4.034383
-3.575154
-3.196492
-2.793660
-2.366658
-1.955769
-1.617390
-1.109822
-0.779500
-0.376668
0.034221
0.437053
0.807658
1.186321
1.516643
1.911418
2.282024
2.604289
2.950725
3.393840
3.724162
4.038371
4.481487
4.876262
5.262981
5.593303
5.923625
6.181438
6.479533
6.713176
6.987102
7.252971
7.478557
7.688030
7.873332
8.010295
8.106975
8.147258
8.227825
8.268108
8.260051
8.348674
8.316448
8.340617
8.340617
8.268108
8.219768
8.195598
8.115032
7.986125
7.905559
7.776653
7.655803
7.446330
7.228801
6.970989
6.745403
6.439250
6.149211
5.843059
5.440227
5.117961
4.747356
4.368694
3.949748
3.482463
3.103801
2.709026
2.282024
1.846965
1.492473
1.049358
0.622356
0.275920
-0.191365
-0.537800
-0.932576
-1.319295
-1.689900
-2.052449
-2.318318
-2.729207
-3.059529
-3.454304
-3.857136
-4.163289
-4.582234
-4.968953
-5.331502
-5.645711
-5.967976
-6.266072
-6.539998
-6.789754
-7.087849
-7.305379
-7.547078
-7.788777
-7.901570
-8.054646
-8.143269
-8.199666
-8.256062
-8.272175
-8.336629
-8.320515
-8.352742
-8.328572
-8.352742
-8.320515
-8.239949
-8.207722
-8.183552
-8.062703
-7.966023
-7.812947
-7.716267
-7.490681
-7.273152
-7.095906
-6.813924
-6.515828
-6.209675
-5.879353
-5.557088
-5.186482
-4.791707
-4.461384
-4.066609
-3.615437
-3.140095
-2.769490
-2.334431
-1.955769
-1.528767
-1.109822
-0.747273
-0.320271
0.082561
0.461223
0.864055
1.194377
1.645549
2.128948
2.539836
2.845989
3.264934
3.571086
3.845012
4.159221
4.578166
4.989055
5.303264
5.641643
5.931682
6.245891
6.511760
6.777629
7.027385
7.293254
7.502727
7.736369
7.929729
8.042522
8.082805
8.179485
8.219768
8.235881
8.300334
8.292278
8.324504
8.300334
8.300334
8.260051
8.235881
8.171428
8.115032
7.978069
7.841106
7.768596
7.647746
7.406047
7.164348
6.930705
6.689006
6.382854
6.108928
5.762492
5.424114
5.037395
4.642619
4.352580
3.869182
3.482463
3.063518
2.620403
2.225627
1.822795
1.460246
0.968791
0.614299
0.203410
-0.255818
-0.618367
-0.980916
-1.399861
-1.730183
-2.100789
-2.414998
-2.769490
-3.164265
-3.494588
-3.832967
-4.211629
-4.638631
-4.977009
-5.371785
-5.661824
-6.024373
-6.282185
-6.580281
-6.838093
-7.112019
-7.369832
-7.530965
-7.780720
-7.925740
-8.046590
-8.151326
-8.183552
-8.215779
-8.288289
-8.352742
-8.328572
-8.393025
-8.360799
-8.328572
-8.304402
-8.296345
-8.207722
-8.175496
-8.046590
-7.966023
-7.812947
-7.635701
-7.506795
-7.232869
-7.047566
-6.733357
-6.459431
-6.161336
-5.879353
-5.508748
-5.073689
-4.783650
-4.388875
-3.969929
-3.550984
-3.099812
-2.705037
-2.334431
-1.891316
-1.520711
-1.021199
-0.682820
-0.312215
0.082561
0.549846
0.896282
1.274944
1.621379
