-2.424855
-3.351369
-3.971730
-4.600148
-5.099660
-5.462209
-5.905324
-6.267873
-6.574025
-6.823781
-7.097707
-7.331349
-7.605275
-7.814748
-8.024220
-8.185353
-8.330373
-8.410939
-8.475392
-8.515675
-8.588185
-8.564015
-8.596242
-8.636525
-8.539845
-8.539845
-8.515675
-8.451222
-8.362599
-8.322316
-8.185353
-8.104787
-7.991994
-7.782521
-7.653615
-7.500539
-7.266896
-7.025197
-6.702931
-6.429005
-6.098683
-5.792531
-5.454152
-5.099660
-4.704884
-4.285939
-3.850880
-3.496388
-2.980763
-2.577931
-2.094533
-1.707814
-1.256642
-0.813527
-0.370412
0.072703
0.467479
0.910594
1.240916
1.611522
2.046580
2.393016
2.771678
3.150340
3.537059
3.859325
4.270213
4.664989
5.083934
5.414256
5.752635
6.091014
6.397166
6.654979
6.920848
7.194774
7.404246
7.678172
7.887645
8.016551
8.113231
8.209911
8.234080
8.298534
8.354930
8.330760
8.371043
8.354930
8.354930
8.346873
8.314647
8.169627
8.072948
7.952098
7.863475
7.710399
7.589549
7.420360
7.170604
6.953075
6.719432
6.397166
6.155467
5.809032
5.422313
5.083934
4.721385
4.294383
3.931834
3.480662
3.085887
2.674998
2.247996
1.796825
1.377879
0.975047
0.564159
0.217723
-0.265675
-0.660451
-1.014943
-1.441945
-1.772267
-2.134816
-2.384572
-2.642384
-2.940480
-3.311086
-3.673634
-4.068410
-4.495412
-4.914357
-5.252736
-5.583058
-5.929494
-6.275929
-6.533742
-6.807668
-7.025197
-7.299123
-7.532765
-7.742238
-7.911427
-8.048390
-8.177297
-8.209523
-8.257863
-8.330373
-8.354543
-8.386769
-8.386769
-8.378713
-8.354543
-8.322316
-8.265920
-8.209523
-8.177297
-8.080617
-7.943654
-7.863088
-7.669728
-7.532765
-7.299123
-7.137990
-6.856007
-6.598195
-6.275929
-6.010060
-5.687795
-5.284963
-4.978810
-4.559865
-4.148976
-3.770314
-3.303029
-2.924367
-2.497365
-2.102589
-1.740041
-1.232472
-0.829640
-0.402638
0.016307
0.435252
0.838084
1.168407
1.530955
1.982127
2.280223
2.602489
3.037547
3.375926
3.738475
4.036571
4.423289
4.826121
5.237010
5.543162
5.881541
6.203807
6.501903
6.743602
7.025584
7.267284
7.508983
7.782909
7.960155
8.105174
8.201854
8.258250
8.298534
8.330760
8.346873
8.403270
8.411327
8.371043
8.403270
8.314647
8.282420
8.177684
8.089061
7.992381
7.863475
7.782909
7.589549
7.355907
7.202830
6.961131
6.687205
6.413280
6.139354
5.833202
5.390086
5.067821
4.721385
4.358836
3.931834
3.464549
3.093944
2.642772
2.256053
1.804881
1.426219
0.983104
0.556102
0.185496
-0.265675
-0.652394
-1.014943
-1.385548
-1.796437
-2.110646
-2.465138
-2.835744
-3.182179
-3.496388
-3.875050
-4.165089
-4.559865
-4.970754
-5.284963
-5.663625
-5.969777
-6.235646
-6.565968
-6.791554
-7.081593
-7.307179
-7.532765
-7.758351
-7.911427
-8.064504
-8.137013
-8.233693
-8.290089
-8.265920
-8.241750
-8.257863
-8.273976
-8.241750
-8.225636
-8.265920
-8.209523
-8.153127
-8.064504
-8.016164
-7.879201
-7.774464
-7.637502
-7.476369
-7.266896
-7.049367
-6.775441
-6.533742
-6.211476
-5.945607
-5.518605
-5.212453
-4.825734
-4.495412
-4.100636
-3.593068
-3.190236
-2.795461
-2.368459
-1.957570
-1.538625
-1.135793
-0.692677
-0.314015
0.169383
0.564159
0.926707
1.281200
1.667918
2.006297
2.344676
2.707225
3.061717
3.448436
3.794871
4.117137
4.487743
4.914745
5.261180
5.607616
5.937938
6.236034
6.558299
6.799998
7.025584
7.267284
7.589549
7.774852
7.992381
8.072948
8.234080
8.282420
8.314647
8.330760
8.379100
8.411327
8.411327
8.403270
8.379100
8.322703
8.234080
8.137401
8.113231
7.984325
7.847362
7.774852
7.565379
7.380077
7.146434
6.953075
6.679149
6.364940
6.115184
5.809032
5.390086
5.051707
4.761668
4.342723
3.915721
3.488719
3.069774
2.666942
2.207713
1.796825
1.377879
0.983104
0.556102
0.112987
-0.265675
-0.692677
-1.047170
-1.433888
-1.828664
-2.078420
-2.457082
-2.803517
-3.166066
-3.528615
-3.858937
-4.189259
-4.600148
-4.970754
-5.357472
-5.631398
-6.034230
-6.292043
-6.541798
-6.823781
-7.065480
-7.331349
-7.548879
-7.750295
-7.879201
-8.064504
-8.112843
-8.225636
-8.290089
-8.306203
-8.346486
-8.378713
-8.346486
-8.354543
-8.322316
-8.273976
-8.257863
-8.153127
-8.104787
-7.991994
-7.935597
-7.742238
-7.621388
-7.419972
-7.234670
-7.017140
-6.783498
-6.485402
-6.171193
-5.848927
-5.486379
-5.131886
-4.801564
-4.398732
-4.028127
-3.528615
-3.069386
-2.561818
-2.110646
-1.707814
-1.321095
-0.918263
-0.539601
-0.144826
0.258006
0.652782
0.999217
1.377879
1.732371
2.070750
2.433299
2.771678
3.150340
3.512889
3.819041
4.157420
4.576366
5.003368
5.333690
5.639842
5.986278
6.292430
6.566356
6.832225
7.081981
7.331737
7.597606
7.799022
7.984325
8.105174
8.177684
8.290477
8.298534
8.330760
8.387157
8.411327
8.435496
8.387157
8.387157
8.330760
8.282420
8.201854
8.072948
8.008495
7.815135
7.766795
7.573436
7.355907
7.138377
6.904735
6.679149
6.397166
6.074901
5.728465
5.382030
4.995311
4.689159
4.294383
3.851268
3.432323
3.005321
2.602489
2.167430
1.732371
1.345653
0.918651
0.531932
0.096873
-0.330129
-0.749074
-1.079396
-1.474172
-1.804494
-2.158986
-2.497365
-2.819630
-3.198293
-3.544728
-3.915334
-4.245656
-4.616261
-5.027150
-5.325246
-5.663625
-6.026173
-6.332326
-6.574025
-6.856007
-7.113820
-7.363576
-7.516652
-7.782521
-7.935597
-8.024220
-8.137013
-8.177297
-8.265920
-8.290089
-8.346486
-8.346486
-8.330373
-8.322316
-8.322316
-8.257863
-8.225636
-8.145070
-8.064504
-7.991994
-7.879201
-7.726125
-7.564992
-7.411916
-7.186330
-6.944630
-6.727101
-6.429005
-6.098683
-5.816701
-5.397755
-5.083547
-4.729054
-4.398732
-3.955617
-3.496388
-3.069386
-2.642384
-2.199269
-1.828664
-1.433888
-1.014943
-0.555714
-0.193166
0.282176
0.676952
1.031444
1.393993
1.788768
2.119090
2.465526
2.795848
3.190623
3.537059
3.819041
4.205760
4.576366
5.027537
5.567332
5.937938
6.268260
6.485789
6.743602
7.001414
7.170604
7.388133
7.662059
7.887645
8.048778
8.129344
8.266307
8.282420
8.282420
8.322703
8.379100
8.371043
8.419383
8.403270
8.354930
8.314647
8.266307
8.161571
8.072948
7.960155
7.863475
7.750682
7.533153
7.347850
7.122264
6.896678
6.679149
6.381053
6.107127
5.744578
5.357860
4.995311
4.632762
4.237987
3.851268
3.400096
2.997264
2.570262
2.102977
1.675975
1.305370
0.854198
0.491649
0.048534
-0.354298
-0.773244
-1.103566
-1.490285
-1.860890
-2.183156
-2.521535
-2.859914
-3.246632
-3.593068
-3.947560
-4.269826
-4.648488
-5.011037
-5.357472
-5.728078
-6.034230
-6.364552
-6.606252
-6.856007
-7.137990
-7.387746
-7.564992
-7.782521
-7.983937
-8.080617
-8.177297
-8.265920
-8.273976
-8.322316
-8.346486
-8.354543
-8.362599
-8.306203
-8.290089
-8.265920
-8.169240
-8.104787
-8.080617
-7.967824
-7.879201
-7.701955
-7.540822
-7.363576
-7.154103
-6.912404
-6.670705
-6.396779
-6.090627
-5.768361
-5.357472
-5.043263
-4.664601
-4.310109
-3.858937
-3.423879
-3.045216
-2.585988
-2.158986
-1.764211
-1.321095
-0.934377
-0.475148
-0.104543
0.322459
0.733348
1.103953
1.466502
1.845164
2.151317
2.529979
2.884471
3.247020
3.585399
3.875438
4.262157
4.656932
5.059764
5.422313
5.744578
6.050731
6.364940
6.638866
6.920848
7.106151
7.420360
7.654002
7.847362
8.024608
8.113231
8.234080
8.266307
8.354930
8.330760
8.387157
8.411327
8.411327
8.411327
8.379100
8.298534
8.234080
8.129344
8.048778
7.919871
7.831248
7.726512
7.662059
7.573436
7.363963
7.122264
6.832225
6.518016
6.203807
5.809032
5.382030
5.035594
4.632762
4.237987
3.794871
3.400096
2.973094
2.521922
2.094920
1.643748
1.240916
0.862254
0.427196
0.016307
-0.434865
-0.773244
-1.159963
-1.578908
-1.893117
-2.247609
-2.553761
-2.867970
-3.254689
-3.609181
-3.947560
-4.318166
-4.720998
-5.067433
-5.357472
-5.728078
-6.058400
-6.364552
-6.662648
-6.912404
-7.178273
-7.379689
-7.597218
-7.782521
-7.959767
-8.064504
-8.169240
-8.225636
-8.273976
-8.346486
-8.330373
-8.386769
-8.330373
-8.346486
-8.298146
-8.257863
-8.201466
-8.137013
-8.088673
-7.911427
-7.863088
-7.718068
-7.532765
-7.387746
-7.170216
-6.872121
-6.614308
-6.332326
-6.026173
-5.695851
-5.333302
-4.994923
-4.640431
-4.253713
-3.818654
-3.351369
-2.956593
-2.553761
-2.110646
-1.699757
-1.256642
-0.869923
-0.467091
-0.015920
0.394969
0.741405
1.128123
1.522899
1.893504
2.223827
2.529979
2.908641
3.295360
3.641795
3.907664
4.294383
4.745555
5.124217
5.454539
5.776805
6.115184
6.397166
6.679149
6.920848
7.170604
7.444530
7.694286
7.895702
8.024608
8.145457
8.250194
8.314647
8.322703
8.379100
8.435496
8.435496
8.403270
8.403270
8.371043
8.290477
8.258250
8.137401
8.056834
7.935985
7.863475
7.726512
7.533153
7.315623
7.081981
6.848338
6.606639
6.268260
5.962108
5.672069
5.309520
4.914745
4.576366
4.141307
3.762645
3.303416
2.892528
2.497752
2.070750
1.635692
1.160350
0.805858
0.370799
-0.015920
-0.467091
-0.708791
-1.014943
-1.401662
-1.740041
-2.078420
-2.497365
-2.827687
-3.230519
-3.609181
-3.923390
-4.318166
-4.704884
-5.067433
-5.421925
-5.752248
-6.090627
-6.396779
-6.638478
-6.928517
-7.186330
-7.387746
-7.605275
-7.838918
-7.991994
-8.112843
-8.201466
-8.225636
-8.298146
-8.290089
-8.330373
-8.354543
-8.362599
-8.362599
-8.265920
-8.257863
-8.209523
-8.145070
-8.064504
-7.959767
-7.822804
-7.653615
-7.508595
-7.307179
-7.113820
-6.872121
-6.638478
-6.300099
-6.026173
-5.671681
-5.301076
-4.938527
-4.648488
-4.221486
-3.754201
-3.303029
-2.908254
-2.521535
-2.022023
-1.699757
-1.200246
-0.813527
-0.410695
-0.007863
0.403026
0.789745
1.168407
1.587352
1.941844
2.215770
2.586375
2.948924
3.295360
3.665965
3.996287
4.358836
4.729442
5.148387
5.502879
5.809032
6.123241
6.453563
6.711375
6.936961
7.235057
7.452586
7.710399
7.919871
8.089061
8.137401
8.201854
8.322703
8.346873
8.371043
8.435496
8.435496
8.435496
8.403270
8.371043
8.298534
8.234080
8.113231
8.072948
7.927928
7.847362
7.726512
7.541209
7.291453
7.114207
6.808055
6.590526
6.244090
5.986278
5.591502
5.277293
4.906688
4.544139
4.141307
3.706248
3.279246
2.892528
2.433299
2.006297
1.611522
1.192577
0.733348
0.394969
-0.080373
-0.475148
-0.861867
-1.248586
-1.611134
-1.949513
-2.287892
-2.618214
-2.956593
-3.351369
-3.713918
-4.003957
-4.366505
-4.793507
-5.115773
-5.518605
-5.808644
-6.155080
-6.388722
-6.686818
-6.992970
-7.178273
-7.379689
-7.685841
-7.790578
-7.991994
-8.112843
-8.169240
-8.241750
-8.257863
-8.225636
-8.233693
-8.201466
-8.185353
-8.209523
-8.185353
-8.201466
-8.120900
-8.088673
-8.024220
-7.911427
-7.814748
-7.637502
-7.508595
-7.307179
-7.065480
-6.847951
-6.574025
-6.292043
-5.961720
-5.647511
-5.252736
-4.882130
-4.527638
-4.165089
-3.697804
-3.286916
-2.884084
-2.408742
-2.013966
-1.611134
-1.192189
-0.765187
-0.322072
0.040477
0.491649
0.878368
1.200633
1.555125
1.941844
2.280223
2.634715
2.997264
3.343700
3.698192
4.020457
4.383006
4.793895
5.180614
5.510936
5.841258
6.195750
6.453563
6.743602
6.985301
7.259227
7.452586
7.726512
7.903758
8.081004
8.177684
8.209911
8.354930
8.322703
8.387157
8.419383
8.435496
8.411327
8.371043
8.346873
8.282420
8.209911
8.145457
7.992381
7.952098
7.831248
7.686229
7.476756
7.259227
7.073924
6.799998
6.542186
6.260203
5.954051
5.543162
5.237010
4.826121
4.503856
4.060741
3.601512
3.255077
2.852245
2.393016
1.966014
1.522899
1.120067
0.709178
0.346629
-0.088429
-0.523488
-0.813527
-1.288869
-1.651418
-1.973683
-2.312062
-2.650441
-3.004933
-3.367482
-3.705861
-4.003957
-4.422902
-4.817677
-5.148000
-5.566945
-5.840871
-6.147023
-6.412892
-6.702931
-6.992970
-7.210500
-7.484425
-7.669728
-7.822804
-7.967824
-8.120900
-8.145070
-8.209523
-8.290089
-8.306203
-8.322316
-8.330373
-8.354543
-8.322316
-8.273976
-8.233693
-8.209523
-8.104787
-8.048390
-7.903371
-7.774464
-7.669728
-7.452199
-7.274953
-7.089650
-6.783498
-6.549855
-6.203420
-5.945607
-5.607228
-5.091603
-4.704884
-4.318166
-3.971730
-3.520558
-3.158009
-2.787404
-2.344289
-1.949513
-1.538625
-1.079396
-0.692677
-0.322072
0.112987
0.548045
0.918651
1.257030
1.643748
2.046580
2.336620
2.674998
3.013377
3.432323
3.738475
4.052684
4.415233
4.842235
5.228953
5.607616
5.865428
6.227977
6.501903
6.775828
7.025584
7.243114
7.541209
7.750682
7.919871
8.089061
8.177684
8.250194
8.322703
8.371043
8.387157
8.435496
8.411327
8.403270
8.371043
8.371043
8.298534
8.226024
8.081004
8.056834
7.895702
7.807078
7.654002
7.452586
7.227000
7.057811
6.783885
6.509959
6.227977
5.913768
5.518993
5.156444
4.818065
4.463573
4.020457
3.609569
3.206737
2.739452
2.360789
1.917674
1.514842
1.103953
0.668895
0.314403
-0.136769
-0.523488
-0.918263
-1.321095
-1.659474
-2.022023
-2.368459
-2.698781
-3.037160
-3.407765
-3.762257
-4.076466
-4.430959
-4.841847
-5.188283
-5.550832
-5.905324
-6.179250
-6.461232
-6.735158
-6.992970
-7.234670
-7.460255
-7.637502
-7.895314
-8.024220
-8.120900
-8.137013
-8.257863
-8.273976
-8.322316
-8.378713
-8.330373
-8.322316
-8.306203
-8.257863
-8.233693
-8.145070
-8.064504
-8.016164
-7.903371
-7.750295
-7.629445
-7.419972
-7.218556
-7.017140
-6.735158
-6.461232
-6.203420
-5.881154
-5.550832
-5.131886
-4.857961
-4.439015
-4.028127
-3.649464
-3.133839
-2.787404
-2.368459
-1.901173
-1.538625
-1.071339
-0.684621
-0.289845
0.153270
0.515819
0.918651
1.305370
1.675975
2.030467
2.360789
2.723338
3.102000
3.424266
3.778758
4.084911
4.463573
4.850291
5.277293
5.696239
6.155467
6.534129
6.759715
7.041698
7.227000
7.444530
7.605662
7.847362
7.992381
8.137401
8.177684
8.290477
8.330760
8.371043
8.379100
8.387157
8.411327
8.451610
8.354930
8.379100
8.298534
8.201854
8.129344
8.008495
7.871532
7.799022
7.605662
7.452586
7.202830
7.017528
6.759715
6.501903
6.179637
5.881541
5.535106
5.108104
4.793895
4.415233
3.996287
3.577342
3.150340
2.739452
2.280223
1.893504
1.458446
1.047557
0.636668
0.217723
-0.177052
-0.571828
-0.934377
-1.345265
-1.715871
-2.078420
-2.384572
-2.706838
-3.093556
-3.512502
-3.738088
-4.116750
-4.527638
-4.922414
-5.252736
-5.583058
-5.937550
-6.211476
-6.509572
-6.751271
-7.033254
-7.266896
-7.516652
-7.685841
-7.903371
-8.024220
-8.088673
-8.185353
-8.257863
-8.273976
-8.298146
-8.354543
-8.354543
-8.330373
-8.290089
-8.273976
-8.201466
-8.145070
-8.088673
-8.024220
-7.871144
-7.750295
-7.564992
-7.395802
-7.202443
-6.936574
-6.759328
-6.485402
-6.147023
-5.840871
-5.478322
-5.099660
-4.769338
-4.430959
-4.012013
-3.552785
-3.133839
-2.714894
-2.320119
-1.860890
-1.458058
-1.039113
-0.644338
-0.225392
0.225780
0.596385
0.999217
1.337596
1.700145
2.070750
2.360789
2.723338
3.134227
3.480662
3.810985
4.149364
4.503856
4.930858
5.349803
5.655955
5.954051
6.260203
6.566356
6.816112
7.049754
7.299510
7.557323
7.750682
7.952098
8.081004
8.145457
8.282420
8.290477
8.354930
8.403270
8.387157
8.403270
8.387157
8.354930
8.322703
8.250194
8.177684
8.105174
8.234080
8.145457
8.016551
7.839305
7.645946
7.323680
7.057811
6.799998
6.477733
6.227977
5.809032
5.470653
5.108104
4.761668
4.391063
3.907664
3.520946
3.126170
2.650828
2.304393
1.804881
1.458446
1.015330
0.588328
0.201610
-0.257619
-0.644338
-0.974660
-1.409718
-1.707814
-2.078420
-2.400685
-2.747121
-3.125783
-3.512502
-3.802541
-4.165089
-4.551808
-4.922414
-5.309132
-5.647511
-5.977834
-6.235646
-6.533742
-6.783498
-7.033254
-7.291066
-7.516652
-7.701955
-7.935597
-7.991994
-8.120900
-8.177297
-8.257863
-8.290089
-8.322316
-8.322316
-8.378713
-8.346486
-8.306203
-8.298146
-8.209523
-8.112843
-8.064504
-7.991994
-7.846974
-7.726125
-7.597218
-7.411916
-7.242726
-6.944630
-6.702931
-6.485402
-6.147023
-5.848927
-5.462209
-5.091603
-4.761281
-4.390675
-3.971730
-3.512502
-3.101613
-2.674611
-2.247609
-1.828664
-1.409718
-0.990773
-0.612111
-0.201222
0.249950
0.620555
1.063670
1.402049
1.756541
2.127147
2.401073
2.755565
3.158397
3.520946
3.810985
4.181590
4.576366
4.946971
5.365916
5.655955
6.026561
6.300487
6.622752
6.848338
7.081981
7.380077
7.589549
7.807078
8.016551
8.113231
8.226024
8.314647
8.354930
8.379100
8.411327
8.403270
8.411327
8.411327
8.379100
8.346873
8.266307
8.201854
8.113231
8.024608
7.871532
7.742625
7.597606
7.420360
7.194774
6.953075
6.711375
6.421336
6.123241
5.809032
5.446483
5.035594
4.673045
4.302440
3.883495
3.464549
3.037547
2.634715
2.183543
1.788768
1.369823
0.975047
0.548045
0.112987
-0.289845
-0.620168
-0.886037
-1.200246
-1.562795
-1.957570
-2.279836
-2.666554
-3.069386
-3.472218
-3.834767
-4.165089
-4.575978
-4.978810
-5.309132
-5.671681
-5.993947
-6.267873
-6.549855
-6.815724
-7.081593
-7.299123
-7.516652
-7.750295
-7.895314
-8.048390
-8.112843
-8.233693
-8.241750
-8.306203
-8.330373
-8.330373
-8.362599
-8.354543
-8.298146
-8.241750
-8.177297
-8.120900
-8.064504
-7.983937
-7.822804
-7.693898
-7.548879
-7.428029
-7.178273
-6.960744
-6.694875
-6.396779
-6.122853
-5.808644
-5.405812
-5.043263
-4.696828
-4.358449
-3.939504
-3.472218
-3.077443
-2.626271
-2.191213
-1.796437
-1.377492
-0.950490
-0.555714
-0.144826
0.282176
0.676952
1.039500
1.442332
1.788768
2.159373
2.481639
2.852245
3.206737
3.545116
3.883495
4.181590
4.608592
5.003368
5.414256
5.696239
6.026561
6.389110
6.606639
6.880565
7.114207
7.388133
7.629832
7.831248
8.008495
8.145457
8.201854
8.266307
8.354930
8.379100
8.443553
8.443553
8.411327
8.411327
8.354930
8.330760
8.290477
8.193797
8.081004
7.968211
7.847362
7.766795
7.557323
7.404246
7.146434
6.920848
6.727489
6.364940
6.074901
5.752635
5.414256
5.051707
4.689159
4.278270
3.859325
3.416209
3.013377
2.618602
2.167430
1.740428
1.369823
0.894481
0.523875
0.129100
-0.330129
-0.676564
-1.079396
-1.498341
-1.796437
-2.167043
-2.489308
-2.835744
-3.182179
-3.520558
-3.915334
-4.237599
-4.608205
-5.027150
-5.365529
-5.687795
-6.058400
-6.340382
-6.582082
-6.856007
-7.113820
-7.379689
-7.540822
-7.693898
-7.806691
-7.903371
-7.991994
-8.104787
-8.169240
-8.233693
-8.265920
-8.306203
-8.346486
-8.290089
-8.257863
-8.273976
-8.177297
-8.112843
-8.032277
-7.935597
-7.846974
-7.718068
-7.532765
-7.339406
-7.146047
-6.912404
-6.638478
-6.412892
-6.066457
-5.752248
-5.397755
-5.002980
-4.696828
-4.310109
-3.875050
-3.423879
-3.037160
-2.626271
-2.134816
-1.796437
-1.345265
-0.934377
-0.507375
-0.072316
0.346629
0.685008
1.128123
1.466502
1.804881
2.207713
2.489696
2.892528
3.247020
3.569286
3.859325
4.302440
4.664989
5.059764
5.430370
5.752635
6.074901
6.381053
6.638866
6.904735
7.178661
7.388133
7.678172
7.847362
8.008495
8.105174
8.250194
8.290477
8.354930
8.371043
8.443553
8.379100
8.379100
8.387157
8.403270
8.298534
8.266307
8.145457
8.056834
7.984325
7.839305
7.742625
7.573436
7.355907
7.162547
6.880565
6.598582
6.381053
6.058787
5.712352
5.333690
4.987254
4.640819
4.262157
3.819041
3.400096
2.940868
2.529979
2.127147
1.732371
1.224803
0.878368
0.459422
0.016307
-0.370412
-0.716847
-1.111623
-1.554738
-1.828664
-2.199269
-2.529591
-2.851857
-3.246632
-3.633351
-3.923390
-4.253713
-4.632375
-5.035207
-5.389699
-5.736134
-6.034230
-6.324269
-6.606252
-6.872121
-7.113820
-7.355519
-7.564992
-7.806691
-7.911427
-8.024220
-8.120900
-8.201466
-8.298146
-8.273976
-8.330373
-8.346486
-8.346486
-8.322316
-8.257863
-8.209523
-8.201466
-8.120900
-8.048390
-7.943654
-7.846974
-7.685841
-7.508595
-7.355519
-7.113820
-6.872121
-6.630422
-6.396779
-6.034230
-5.720021
-5.365529
-4.906300
-4.519582
-4.012013
-3.641408
-3.198293
-2.819630
-2.424855
-2.038136
-1.659474
-1.248586
-0.837697
-0.418752
-0.007863
0.378856
0.765575
1.120067
1.490672
1.845164
2.239940
2.521922
2.892528
3.295360
3.609569
3.915721
4.302440
4.697215
5.124217
5.430370
5.792918
6.082957
6.397166
6.654979
6.880565
7.194774
7.412303
7.662059
7.895702
8.024608
8.177684
8.266307
8.290477
8.354930
8.387157
8.411327
8.419383
8.435496
8.387157
8.330760
8.290477
8.209911
8.161571
8.016551
7.992381
7.831248
7.726512
7.525096
7.315623
7.106151
6.872508
6.598582
6.348827
6.034618
5.720409
5.301463
4.946971
4.576366
4.213817
3.754588
3.327586
2.916698
2.529979
2.046580
1.667918
1.248973
0.878368
0.467479
-0.015920
-0.402638
-0.805470
-1.200246
-1.538625
-1.885060
-2.215382
-2.577931
-2.940480
-3.270802
-3.649464
-3.923390
-4.302052
-4.704884
-5.059377
-5.429982
-5.752248
-6.066457
-6.356496
-6.614308
-6.912404
-7.113820
-7.395802
-7.548879
-7.814748
-7.935597
-8.088673
-8.145070
-8.201466
-8.257863
-8.290089
-8.362599
-8.330373
-8.330373
-8.322316
-8.241750
-8.233693
-8.177297
-8.104787
-8.016164
-7.927541
-7.838918
-7.661672
-7.484425
-7.307179
-7.097707
-6.880177
-6.582082
-6.308156
-5.969777
-5.671681
-5.301076
-4.882130
-4.559865
-4.189259
-3.754201
-3.351369
-2.940480
-2.505422
-2.046193
-1.699757
-1.216359
-0.853810
-0.378468
-0.007863
0.435252
0.805858
1.128123
1.547069
1.917674
2.247996
2.578319
2.916698
3.327586
3.633739
3.996287
4.544139
5.003368
5.382030
5.712352
6.018504
6.276317
6.558299
6.759715
7.017528
7.210887
7.476756
7.686229
7.960155
8.081004
8.193797
8.258250
8.330760
8.371043
8.387157
8.379100
8.419383
8.411327
8.371043
8.371043
8.290477
8.234080
8.137401
8.016551
7.927928
7.839305
7.718455
7.557323
7.267284
7.122264
6.864452
6.566356
6.316600
5.970164
5.639842
5.261180
4.914745
4.552196
4.173534
3.690135
3.311473
2.852245
2.457469
2.046580
1.611522
1.192577
0.797801
0.427196
-0.048146
-0.418752
-0.797414
-1.216359
-1.578908
-1.925343
-2.255666
-2.610158
-2.956593
-3.319142
-3.681691
-3.955617
-4.342336
-4.737111
-5.099660
-5.462209
-5.816701
-6.082570
-6.396779
-6.670705
-6.944630
-7.170216
-7.395802
-7.629445
-7.814748
-7.991994
-8.032277
-8.177297
-8.209523
-8.273976
-8.306203
-8.346486
-8.330373
-8.362599
-8.306203
-8.322316
-8.241750
-8.153127
-8.088673
-8.016164
-7.903371
-7.782521
-7.621388
-7.516652
-7.291066
-7.097707
-6.807668
-6.565968
-6.300099
-5.961720
-5.647511
-5.244679
-4.890187
-4.543752
-4.132863
-3.754201
-3.254689
-2.884084
-2.432912
-2.046193
-1.611134
-1.192189
-0.829640
-0.370412
0.048534
0.443309
0.862254
1.224803
1.603465
1.917674
2.328563
2.610545
3.013377
3.375926
3.698192
3.996287
4.391063
4.818065
5.188670
5.518993
5.865428
6.179637
6.453563
6.687205
6.969188
7.202830
7.452586
7.694286
7.952098
8.089061
8.145457
8.266307
8.314647
8.314647
8.354930
8.371043
8.419383
8.387157
8.379100
8.346873
8.298534
8.201854
8.177684
8.234080
8.201854
8.105174
7.927928
7.710399
7.436473
7.170604
6.920848
6.590526
6.300487
6.026561
5.631786
5.261180
4.898631
4.544139
4.092967
3.698192
3.255077
2.811961
2.457469
1.982127
1.587352
1.152293
0.709178
0.322459
-0.080373
-0.491261
-0.902150
-1.200246
-1.651418
-1.981740
-2.287892
-2.650441
-2.980763
-3.391652
-3.681691
-4.012013
-4.390675
-4.785451
-5.156056
-5.510548
-5.840871
-6.122853
-6.429005
-6.694875
-6.968800
-7.218556
-7.411916
-7.693898
-7.846974
-7.983937
-8.088673
-8.169240
-8.225636
-8.306203
-8.290089
-8.354543
-8.322316
-8.346486
-8.322316
-8.273976
-8.209523
-8.177297
-8.080617
-8.016164
-7.903371
-7.750295
-7.653615
-7.419972
-7.258839
-7.017140
-6.807668
-6.574025
-6.211476
-5.945607
-5.583058
-5.188283
-4.825734
-4.519582
-4.116750
-3.641408
-3.214406
-2.827687
-2.400685
-1.973683
-1.595021
-1.159963
-0.692677
-0.297902
0.104930
0.531932
0.894481
1.216746
1.611522
1.974071
2.360789
2.642772
3.061717
3.416209
3.738475
4.028514
4.399120
4.842235
5.228953
5.599559
5.873485
6.203807
6.485789
6.751659
7.017528
7.259227
7.533153
7.750682
7.952098
8.129344
8.193797
8.282420
8.346873
8.354930
8.403270
8.387157
8.443553
8.387157
8.435496
8.330760
8.322703
8.226024
8.169627
8.024608
7.927928
7.831248
7.662059
7.468700
7.283397
7.049754
6.775828
6.485789
6.244090
5.913768
5.510936
5.212840
4.850291
4.479686
4.068797
3.585399
3.295360
2.771678
2.368846
1.966014
1.675975
1.257030
0.910594
0.499705
0.032420
-0.418752
-0.837697
-1.248586
-1.675588
-1.981740
-2.312062
-2.682668
-3.012990
-3.423879
-3.762257
-4.044240
-4.430959
-4.857961
-5.204396
-5.526662
-5.881154
-6.171193
-6.429005
-6.727101
-7.033254
-7.274953
-7.452199
-7.685841
-7.879201
-7.991994
-8.104787
-8.201466
-8.233693
-8.290089
-8.322316
-8.330373
-8.346486
-8.354543
-8.298146
-8.273976
-8.265920
-8.145070
-8.080617
-8.000050
-7.871144
-7.790578
-7.605275
-7.460255
-7.242726
-7.025197
-6.783498
-6.509572
-6.219533
-5.881154
-5.542775
-5.164113
-4.785451
-4.455129
-4.044240
-3.633351
-3.190236
-2.771291
-2.368459
-1.957570
-1.530568
-1.079396
-0.716847
-0.297902
0.129100
0.580272
0.975047
1.289256
1.651805
2.046580
2.344676
2.739452
3.061717
3.456493
3.738475
4.060741
4.455516
4.842235
5.293407
5.599559
5.873485
6.236034
6.501903
6.759715
7.025584
7.323680
7.533153
7.782909
7.968211
8.081004
8.201854
8.258250
8.322703
8.371043
8.387157
8.411327
8.403270
8.411327
8.411327
8.346873
8.298534
8.226024
8.113231
8.008495
7.887645
7.766795
7.629832
7.476756
7.227000
7.025584
6.775828
6.485789
6.211864
5.865428
5.486766
5.156444
4.818065
4.423289
4.004344
3.545116
3.182567
2.707225
2.376903
1.877391
1.547069
1.071727
0.652782
0.249950
-0.160939
-0.587941
-0.950490
-1.369435
-1.715871
-2.022023
-2.376515
-2.682668
-3.061330
-3.464162
-3.730031
-4.092580
-4.463185
-4.874074
-5.220509
-5.575002
-5.945607
-6.211476
-6.477345
-6.759328
-7.049367
-7.274953
-7.460255
-7.669728
-7.838918
-7.927541
-7.983937
-8.048390
-8.137013
-8.137013
-8.209523
-8.233693
-8.273976
-8.298146
-8.265920
-8.241750
-8.177297
-8.120900
-8.080617
-7.991994
-7.927541
-7.726125
-7.581105
-7.428029
-7.234670
-7.017140
-6.735158
-6.485402
-6.155080
-5.881154
-5.486379
-5.091603
-4.769338
-4.439015
-4.036183
-3.552785
-3.133839
-2.747121
-2.312062
-1.893117
-1.433888
-1.047170
-0.660451
-0.225392
0.169383
0.612498
0.983104
1.305370
1.684032
2.038524
2.401073
2.739452
3.102000
3.488719
3.786815
4.117137
4.503856
4.898631
5.293407
5.631786
5.962108
6.236034
6.558299
6.848338
7.041698
7.299510
7.573436
7.815135
7.968211
8.137401
8.201854
8.234080
8.330760
8.354930
8.379100
8.379100
8.419383
8.435496
8.403270
8.322703
8.298534
8.177684
8.089061
7.960155
7.895702
7.774852
7.645946
7.436473
7.194774
6.969188
6.743602
6.437450
6.139354
5.849315
5.470653
5.091991
4.793895
4.415233
3.980174
3.553172
3.150340
2.731395
2.272166
1.853221
1.426219
1.047557
0.612498
0.193553
-0.209279
-0.620168
-1.006886
-1.385548
-1.715871
-2.078420
-2.465138
-2.739064
-3.093556
-3.488332
-3.850880
-4.100636
-4.543752
-4.906300
-5.244679
-5.583058
-5.929494
-6.243703
-6.517629
-6.783498
-7.049367
-7.291066
-7.500539
-7.718068
-7.871144
-8.024220
-8.137013
-8.201466
-8.241750
-8.265920
-8.330373
-8.346486
-8.354543
-8.322316
-8.346486
-8.233693
-8.233693
-8.104787
-8.056447
-8.032277
-7.846974
-7.774464
-7.548879
-7.452199
-7.218556
-6.976857
-6.727101
-6.445119
-6.058400
-5.671681
-5.309132
-4.962697
-4.640431
-4.277882
-3.883107
-3.456105
-3.029103
-2.706838
-2.223439
-1.836720
-1.441945
-1.023000
-0.595998
-0.160939
0.193553
0.636668
1.031444
1.337596
1.740428
2.102977
2.409129
2.771678
3.158397
3.520946
3.827098
4.149364
4.552196
4.938914
5.333690
5.688182
5.986278
6.324657
6.558299
6.816112
7.057811
7.331737
7.533153
7.831248
8.016551
8.129344
8.209911
8.290477
8.322703
8.371043
8.387157
8.411327
8.387157
8.371043
8.354930
8.314647
8.258250
8.177684
8.089061
7.984325
7.871532
7.750682
7.605662
7.412303
7.170604
6.985301
6.687205
6.413280
6.147411
5.817088
5.446483
5.091991
4.753612
4.334666
3.931834
3.480662
3.085887
2.650828
2.215770
1.820995
1.369823
1.007274
0.556102
0.161327
-0.257619
-0.644338
-1.014943
-1.417775
-1.748097
-2.126759
-2.489308
-2.747121
-3.149953
-3.520558
-3.850880
-4.148976
-4.600148
-4.962697
-5.301076
-5.647511
-5.937550
-6.275929
-6.517629
-6.783498
-7.089650
-7.291066
-7.508595
-7.750295
-7.895314
-8.048390
-8.112843
-8.177297
-8.233693
-8.273976
-8.330373
-8.330373
-8.322316
-8.306203
-8.306203
-8.241750
-8.225636
-8.112843
-8.048390
-7.943654
-7.871144
-7.701955
-7.540822
-7.379689
-7.178273
-6.936574
-6.630422
-6.420949
-6.114797
-5.768361
-5.405812
-5.043263
-4.729054
-4.310109
-3.923390
-3.520558
-3.037160
-2.642384
-2.191213
-1.828664
-1.417775
-0.974660
-0.595998
-0.160939
0.233836
0.644725
1.063670
1.377879
1.764598
2.127147
2.449412
2.811961
3.182567
3.520946
3.851268
4.342723
4.826121
5.293407
5.591502
5.937938
6.227977
6.477733
6.711375
6.936961
7.202830
7.436473
7.645946
7.863475
8.040721
8.137401
8.193797
8.266307
8.354930
8.387157
8.419383
8.419383
8.387157
8.403270
8.419383
8.330760
8.298534
8.169627
8.016551
7.992381
7.847362
7.718455
7.597606
7.380077
7.170604
6.936961
6.687205
6.397166
6.107127
5.752635
5.414256
5.027537
4.689159
4.294383
3.859325
3.464549
2.997264
2.618602
2.159373
1.724315
1.402049
0.950877
0.491649
0.153270
-0.354298
-0.676564
-1.079396
-1.441945
-1.828664
-2.134816
-2.497365
-2.835744
-3.214406
-3.576955
-3.875050
-4.213429
