1.707703
3.141785
4.028016
4.656434
5.139832
5.526551
5.832703
6.163026
6.388612
6.630311
6.928407
7.105653
7.347352
7.556825
7.709901
7.854920
7.951600
7.991883
8.032166
8.064393
8.169129
8.289979
8.378602
8.370545
8.402772
8.338319
8.314149
8.273866
8.169129
8.080506
7.975770
7.854920
7.677674
7.500428
7.290955
7.049256
6.751160
6.501405
6.146912
5.840760
5.437928
5.139832
4.769227
4.390565
3.987733
3.536561
3.125672
2.730897
2.328065
1.933289
1.490174
1.055116
0.660340
0.273621
-0.121154
-0.532043
-0.934875
-1.329650
-1.676086
-2.022521
-2.360900
-2.723449
-3.102111
-3.504943
-3.835265
-4.141418
-4.584533
-4.922912
-5.301574
-5.639953
-5.938048
-6.252257
-6.550353
-6.816222
-7.033752
-7.315734
-7.492980
-7.718566
-7.847472
-8.008605
-8.056945
-8.153625
-8.185851
-8.218078
-8.242248
-8.250304
-8.282531
-8.242248
-8.242248
-8.210021
-8.177795
-8.065002
-8.000548
-7.879699
-7.815246
-7.597716
-7.509093
-7.315734
-7.098205
-6.816222
-6.558410
-6.268371
-5.986388
-5.664123
-5.245177
-4.898742
-4.520080
-4.165588
-3.706359
-3.287414
-2.916808
-2.497863
-2.070861
-1.692199
-1.265197
-0.870422
-0.362853
0.176942
0.620057
1.006776
1.361268
1.699647
2.029969
2.360291
2.610047
2.988709
3.319032
3.697694
3.939393
4.350282
4.712830
5.131776
5.470155
5.768250
6.098573
6.356385
6.646424
6.872010
7.162049
7.403748
7.629334
7.798524
7.975770
8.048280
8.153016
8.185243
8.217469
8.322205
8.338319
8.306092
8.354432
8.314149
8.322205
8.289979
8.217469
8.112733
8.064393
7.959657
7.871034
7.750184
7.508485
7.339295
7.145936
6.888123
6.598084
6.380555
6.018006
5.695741
5.333192
4.954530
4.632264
4.213319
3.762147
3.391541
2.940369
2.537537
2.150819
1.747987
1.361268
0.885926
0.491151
0.120545
-0.290343
-0.685119
-1.055724
-1.442443
-1.780822
-2.135314
-2.481750
-2.828185
-3.222961
-3.521056
-3.915832
-4.294494
-4.657043
-5.035705
-5.349914
-5.704406
-6.034728
-6.340881
-6.630920
-6.848449
-7.090148
-7.339904
-7.557433
-7.734679
-7.911925
-8.008605
-8.113341
-8.129455
-8.210021
-8.242248
-8.306701
-8.306701
-8.274474
-8.234191
-8.250304
-8.242248
-8.097228
-8.113341
-8.008605
-7.911925
-7.750793
-7.646056
-7.460754
-7.299621
-7.098205
-6.783996
-6.574523
-6.244201
-5.946105
-5.583556
-5.188781
-4.866515
-4.495910
-4.133361
-3.674132
-3.255187
-2.836242
-2.473693
-1.998351
-1.659972
-1.200744
-0.814025
-0.395080
-0.016418
0.402528
0.765077
1.143739
1.522401
1.909119
2.247498
2.553651
2.956483
3.302918
3.665467
3.971619
4.358338
4.745057
5.139832
5.470155
5.776307
6.098573
6.380555
6.614198
6.920350
7.081483
7.427918
7.774354
8.128846
8.257752
8.346375
8.402772
8.467225
8.475282
8.459168
8.426942
8.402772
8.338319
8.378602
8.306092
8.273866
8.169129
8.104676
8.048280
7.927430
7.830750
7.669618
7.492371
7.339295
7.081483
6.823670
6.557801
6.291932
5.977723
5.623231
5.284852
4.906190
4.543641
4.164979
3.721864
3.294862
2.883973
2.505311
2.021912
1.675477
1.224305
0.853700
0.483094
0.031922
-0.378966
-0.725402
-1.112121
-1.474670
-1.829162
-2.191711
-2.505920
-2.860412
-3.255187
-3.609679
-3.948058
-4.294494
-4.713439
-5.075988
-5.422423
-5.784972
-6.075011
-6.348937
-6.663146
-6.872619
-7.098205
-7.396300
-7.581603
-7.783019
-7.887756
-7.992492
-8.081115
-8.121398
-8.185851
-8.218078
-8.282531
-8.298644
-8.306701
-8.266418
-8.266418
-8.185851
-8.201965
-8.065002
-8.032775
-7.879699
-7.783019
-7.662170
-7.484923
-7.275451
-7.065978
-6.824279
-6.542297
-6.268371
-5.938048
-5.591613
-5.245177
-4.882629
-4.495910
-4.125304
-3.682189
-3.255187
-2.844298
-2.449523
-2.014465
-1.635802
-1.241027
-0.814025
-0.387023
0.031922
0.418641
0.813416
1.159852
1.546571
1.909119
2.295838
2.601991
2.996766
3.327088
3.665467
3.971619
4.382508
4.769227
5.204285
5.494325
5.808534
6.098573
6.420838
6.662537
6.904237
7.162049
7.427918
7.629334
7.838807
7.959657
8.080506
8.153016
8.201356
8.281922
8.314149
8.322205
8.338319
8.314149
8.289979
8.281922
8.281922
8.185243
8.136903
8.007996
7.911317
7.822694
7.669618
7.476258
7.307069
7.065369
6.783387
6.493348
6.227479
5.953553
5.679627
5.445985
5.115662
4.753114
4.350282
3.882996
3.399598
3.037049
2.521424
2.062196
1.643250
1.208192
0.821473
0.450868
0.056092
-0.427306
-0.757629
-1.136291
-1.531066
-1.893615
-2.191711
-2.562316
-2.900695
-3.295470
-3.649963
-4.012511
-4.350890
-4.777892
-5.124328
-5.494933
-5.784972
-6.123351
-6.340881
-6.647033
-6.888732
-7.146545
-7.396300
-7.597716
-7.791076
-7.968322
-7.992492
-8.113341
-8.121398
-8.210021
-8.250304
-8.266418
-8.274474
-8.274474
-8.234191
-8.218078
-8.201965
-8.185851
-8.089172
-8.000548
-7.903869
-7.766906
-7.646056
-7.476867
-7.267394
-7.033752
-6.767882
-6.510070
-6.220031
-5.905822
-5.551330
-5.140441
-4.818175
-4.487853
-4.093078
-3.674132
-3.174621
-2.860412
-2.433410
-1.990295
-1.595519
-1.152404
-0.773742
-0.346740
0.039979
0.450868
0.797303
1.184022
1.546571
1.933289
2.303895
2.569764
2.972596
3.383485
3.681580
3.987733
4.366395
4.817567
5.180116
5.534608
5.856873
6.138856
6.420838
6.686707
6.928407
7.186219
7.411805
7.701844
7.871034
8.007996
8.048280
8.153016
8.193299
8.257752
8.314149
8.338319
8.338319
8.306092
8.306092
8.281922
8.233582
8.201356
8.072450
8.007996
7.838807
7.806580
7.653504
7.468202
7.250672
7.025086
6.783387
6.493348
6.291932
5.921327
5.494325
5.180116
4.833680
4.455018
4.028016
3.544618
3.214295
2.787293
2.384461
1.965516
1.578797
1.159852
0.708680
0.362244
-0.064757
-0.483703
-0.814025
-1.208800
-1.635802
-1.966125
-2.256164
-2.562316
-2.844298
-3.134338
-3.553283
-3.859435
-4.230041
-4.681213
-5.075988
-5.430480
-5.793029
-6.066955
-6.365050
-6.679259
-6.912902
-7.186828
-7.404357
-7.613830
-7.783019
-7.936095
-8.024718
-8.113341
-8.177795
-8.234191
-8.234191
-8.274474
-8.266418
-8.282531
-8.274474
-8.250304
-8.210021
-8.185851
-8.089172
-8.024718
-7.903869
-7.766906
-7.613830
-7.492980
-7.275451
-7.025695
-6.759826
-6.493957
-6.179748
-5.889709
-5.527160
-5.164611
-4.802062
-4.471740
-4.068908
-3.617736
-3.174621
-2.795959
-2.352843
-1.950011
-1.595519
-1.152404
-0.749572
-0.322570
0.064149
0.458924
0.885926
1.208192
1.586854
1.901063
2.336121
2.658387
3.004823
3.391541
3.721864
4.076356
4.422791
4.833680
5.228455
5.558778
5.832703
6.195252
6.493348
6.702821
6.960633
7.226502
7.427918
7.677674
7.895203
7.975770
8.080506
8.136903
8.217469
8.281922
8.322205
8.306092
8.322205
8.314149
8.306092
8.233582
8.201356
8.169129
8.072450
8.007996
7.862977
7.822694
7.621278
7.444032
7.226502
6.984803
6.767274
6.477235
6.219422
5.864930
5.445985
5.107606
4.769227
4.406678
3.987733
3.625184
3.206239
2.730897
2.352235
1.909119
1.554627
1.103455
0.732850
0.330018
-0.113097
-0.467590
-0.878478
-1.265197
-1.635802
-1.958068
-2.296447
-2.642882
-3.021545
-3.416320
-3.706359
-4.044738
-4.439513
-4.850402
-5.196838
-5.543273
-5.833312
-6.220031
-6.429504
-6.727599
-6.977355
-7.219054
-7.404357
-7.662170
-7.839416
-7.992492
-8.032775
-8.113341
-8.201965
-8.210021
-8.242248
-8.330871
-8.306701
-8.306701
-8.250304
-8.210021
-8.153625
-8.008605
-7.944152
-7.839416
-7.734679
-7.629943
-7.509093
-7.404357
-7.219054
-6.977355
-6.727599
-6.429504
-6.155578
-5.849425
-5.494933
-5.100158
-4.777892
-4.415343
-4.004455
-3.569396
-3.134338
-2.747619
-2.344787
-1.925841
-1.531066
-1.071838
-0.685119
-0.346740
0.128602
0.491151
0.861756
1.280702
1.586854
1.965516
2.336121
2.674500
3.028993
3.415711
3.786317
4.092469
4.446961
4.849793
5.268739
5.526551
5.872987
6.179139
6.509461
6.702821
6.992860
7.226502
7.476258
7.709901
7.862977
7.975770
8.072450
8.169129
8.225526
8.225526
8.289979
8.314149
8.306092
8.306092
8.306092
8.273866
8.249696
8.153016
8.072450
7.943543
7.871034
7.806580
7.621278
7.427918
7.202332
6.992860
6.718934
6.412782
6.138856
5.832703
5.437928
5.115662
4.728944
4.406678
3.931336
3.488221
3.117616
2.714784
2.295838
1.917176
1.482118
1.055116
0.676453
0.281678
-0.169494
-0.507873
-0.862365
-1.313537
-1.692199
-1.998351
-2.360900
-2.739562
-3.037658
-3.416320
-3.762756
-4.125304
-4.495910
-4.914855
-5.261291
-5.527160
-5.905822
-6.211974
-6.437560
-6.735656
-7.009582
-7.243224
-7.476867
-7.638000
-7.847472
-7.944152
-8.008605
-8.113341
-8.177795
-8.218078
-8.250304
-8.282531
-8.298644
-8.282531
-8.274474
-8.218078
-8.161681
-8.201965
-8.081115
-7.976379
-7.887756
-7.766906
-7.581603
-7.452697
-7.210998
-7.009582
-6.751769
-6.461730
-6.155578
-5.817199
-5.470763
-5.092101
-4.761779
-4.431457
-4.012511
-3.529113
-3.126281
-2.739562
-2.344787
-1.861388
-1.361877
-0.862365
-0.443420
-0.032531
0.362244
0.708680
0.998719
1.361268
1.691590
2.070252
2.400575
2.722840
3.125672
3.423768
3.762147
4.092469
4.487244
4.898133
5.268739
5.574891
5.905213
6.227479
6.493348
6.775330
6.960633
7.234559
7.476258
7.701844
7.887147
7.991883
8.104676
8.169129
8.201356
8.281922
8.314149
8.322205
8.306092
8.281922
8.281922
8.233582
8.193299
8.112733
8.032166
7.943543
7.838807
7.742127
7.589051
7.379578
7.170106
6.992860
6.686707
6.380555
6.114686
5.776307
5.421815
5.075379
4.728944
4.334168
3.899110
3.480164
3.085389
2.690614
2.231385
1.844666
1.449891
1.030946
0.636170
0.217225
-0.169494
-0.596496
-0.910705
-1.297423
-1.724425
-2.054748
-2.328673
-2.763732
-3.085998
-3.448547
-3.770812
-4.141418
-4.495910
-4.898742
-5.285461
-5.575500
-5.913879
-6.244201
-6.518127
-6.727599
-7.057922
-7.251281
-7.484923
-7.662170
-7.839416
-7.968322
-8.040832
-8.145568
-8.201965
-8.210021
-8.250304
-8.274474
-8.282531
-8.250304
-8.266418
-8.210021
-8.201965
-8.153625
-8.097228
-7.992492
-7.879699
-7.758849
-7.557433
-7.452697
-7.186828
-6.977355
-6.711486
-6.421447
-6.131408
-5.793029
-5.430480
-5.043761
-4.697326
-4.383117
-3.948058
-3.521056
-3.077941
-2.658996
-2.231994
-1.877502
-1.450500
-1.055724
-0.636779
-0.209777
0.160828
0.555604
0.982606
1.296815
1.691590
2.070252
2.384461
2.763123
3.093446
3.472108
3.762147
4.140809
4.527528
4.922303
5.292909
5.599061
5.929383
6.235535
6.501405
6.751160
6.920350
7.226502
7.492371
7.895203
8.161073
8.314149
8.346375
8.410828
8.443055
8.434998
8.459168
8.394715
8.394715
8.354432
8.338319
8.281922
8.233582
8.128846
8.007996
7.959657
7.830750
7.774354
7.580994
7.387635
7.129823
6.920350
6.678651
6.324159
6.098573
5.736024
5.405702
5.010926
4.696717
4.285828
3.866883
3.439881
3.028993
2.634217
2.183045
1.812440
1.401551
0.998719
0.547547
0.176942
-0.225890
-0.620666
-0.967101
-1.386047
-1.724425
-2.103088
-2.385070
-2.771789
-3.110168
-3.488830
-3.827209
-4.173644
-4.560363
-4.979308
-5.277404
-5.664123
-5.954162
-6.244201
-6.526183
-6.751769
-7.041808
-7.275451
-7.525207
-7.638000
-7.879699
-7.968322
-8.024718
-8.121398
-8.185851
-8.185851
-8.282531
-8.250304
-8.282531
-8.210021
-8.250304
-8.218078
-8.185851
-8.153625
-8.056945
-8.000548
-7.839416
-7.726623
-7.517150
-7.428527
-7.162658
-6.904845
-6.663146
-6.373107
-6.075011
-5.768859
-5.398254
-5.019591
-4.681213
-4.318664
-3.931945
-3.488830
-3.037658
-2.618713
-2.199767
-1.829162
-1.450500
-1.023498
-0.596496
-0.233947
0.193055
0.579774
0.982606
1.312928
1.707703
2.070252
2.400575
2.755067
3.125672
3.504334
3.762147
4.197205
4.575868
4.930360
5.325135
5.663514
5.937440
6.235535
6.565858
6.767274
7.025086
7.266785
7.508485
7.701844
7.919373
8.032166
8.104676
8.136903
8.225526
8.233582
8.273866
8.306092
8.289979
8.273866
8.249696
8.233582
8.193299
8.104676
8.032166
7.895203
7.854920
7.685731
7.532655
7.355409
7.226502
7.137879
6.896180
6.590028
6.299989
5.897157
5.526551
5.107606
4.720887
4.301942
3.842713
3.423768
2.988709
2.577821
2.174989
1.747987
1.329041
0.966493
0.539491
0.160828
-0.298400
-0.628722
-0.999328
-1.394103
-1.780822
-2.135314
-2.409240
-2.795959
-3.142394
-3.496886
-3.859435
-4.197814
-4.624816
-4.987365
-5.333800
-5.664123
-5.938048
-6.244201
-6.526183
-6.816222
-7.057922
-7.283507
-7.541320
-7.678283
-7.879699
-7.968322
-8.081115
-8.129455
-8.201965
-8.242248
-8.218078
-8.266418
-8.250304
-8.242248
-8.250304
-8.234191
-8.153625
-8.145568
-8.032775
-7.960265
-7.847472
-7.694396
-7.573547
-7.356017
-7.178771
-6.912902
-6.695373
-6.373107
-6.034728
-5.760802
-5.349914
-4.979308
-4.681213
-4.286437
-3.851379
-3.432433
-3.053771
-2.570373
-2.191711
-1.796935
-1.377990
-0.991271
-0.572326
-0.153381
0.249452
0.636170
1.006776
1.401551
1.747987
2.094422
2.384461
2.787293
3.157899
3.488221
3.818543
4.229432
4.559754
4.954530
5.317078
5.655457
5.953553
6.283875
6.581971
6.775330
7.041200
7.282899
7.524598
7.790467
7.919373
7.991883
8.048280
8.169129
8.233582
8.233582
8.289979
8.289979
8.306092
8.306092
8.257752
8.201356
8.201356
8.128846
7.975770
7.911317
7.798524
7.709901
7.532655
7.323182
7.073426
6.831727
6.598084
6.259705
5.985780
5.647401
5.292909
4.906190
4.575868
4.229432
3.762147
3.359315
2.940369
2.569764
2.118592
1.699647
1.304871
0.934266
0.499207
0.120545
-0.306457
-0.717345
-1.071838
-1.466613
-1.813048
-2.119201
-2.465636
-2.860412
-3.166564
-3.472716
-3.730529
-4.036681
-4.495910
-4.890685
-5.229064
-5.583556
-5.954162
-6.268371
-6.510070
-6.800109
-7.033752
-7.331847
-7.549377
-7.734679
-7.823302
-8.000548
-8.081115
-8.121398
-8.218078
-8.242248
-8.250304
-8.274474
-8.282531
-8.266418
-8.234191
-8.177795
-8.218078
-8.121398
-8.024718
-7.903869
-7.879699
-7.702453
-7.525207
-7.396300
-7.130431
-6.920959
-6.671203
-6.373107
-6.034728
-5.744689
-5.374084
-4.971252
-4.616759
-4.310607
-3.867492
-3.384093
-3.021545
-2.562316
-2.119201
-1.772765
-1.386047
-0.950988
-0.548156
-0.137267
0.241395
0.676453
1.055116
1.401551
1.796327
2.118592
2.481141
2.835633
3.182069
3.568787
3.834657
4.205262
4.624207
5.051209
5.349305
5.679627
6.018006
6.267762
6.581971
6.799500
7.081483
7.290955
7.597108
7.750184
7.951600
8.016053
8.128846
8.161073
8.257752
8.233582
8.289979
8.289979
8.306092
8.273866
8.273866
8.217469
8.169129
8.072450
7.991883
7.887147
7.822694
7.677674
7.500428
7.282899
7.097596
6.823670
6.565858
6.316102
5.993836
5.599061
5.300965
4.906190
4.559754
4.148866
3.754090
3.351258
2.916200
2.537537
2.094422
1.675477
1.296815
0.845643
0.491151
0.104432
-0.387023
-0.693175
-1.087951
-1.482726
-1.804992
-2.191711
-2.473693
-2.844298
-3.206847
-3.585509
-3.883605
-4.310607
-4.697326
-5.035705
-5.398254
-5.736632
-6.034728
-6.348937
-6.606750
-6.816222
-7.098205
-7.356017
-7.573547
-7.718566
-7.903869
-8.000548
-8.089172
-8.145568
-8.250304
-8.234191
-8.306701
-8.298644
-8.250304
-8.129455
-8.056945
-8.065002
-7.992492
-8.000548
-7.936095
-7.823302
-7.750793
-7.638000
-7.509093
-7.364074
-7.098205
-6.848449
-6.582580
-6.300597
-6.034728
-5.648009
-5.317687
-4.922912
-4.648986
-4.213927
-3.746642
-3.367980
-3.013488
-2.530090
-2.143371
-1.740539
-1.329650
-0.926818
-0.507873
-0.105041
0.305848
0.668397
1.095399
1.401551
1.796327
2.174989
2.481141
2.851746
3.262635
3.544618
3.882996
4.261659
4.664491
5.059266
5.381532
5.736024
5.993836
6.316102
6.590028
6.807557
7.097596
7.290955
7.564881
7.790467
7.943543
8.016053
8.136903
8.185243
8.201356
8.249696
8.281922
8.281922
8.314149
8.281922
8.249696
8.225526
8.169129
8.080506
8.007996
7.887147
7.798524
7.701844
7.500428
7.250672
7.065369
6.823670
6.557801
6.283875
5.937440
5.566834
5.252625
4.849793
4.559754
4.076356
3.697694
3.327088
2.867860
2.456971
2.062196
1.667420
1.224305
0.821473
0.450868
0.031922
-0.346740
-0.749572
-1.136291
-1.482726
-1.845275
-2.191711
-2.562316
-2.868468
-3.255187
-3.617736
-3.915832
-4.294494
-4.713439
-5.059875
-5.398254
-5.728576
-6.058898
-6.348937
-6.582580
-6.888732
-7.122375
-7.372131
-7.573547
-7.750793
-7.911925
-8.008605
-8.089172
-8.145568
-8.210021
-8.234191
-8.250304
-8.250304
-8.274474
-8.274474
-8.266418
-8.201965
-8.153625
-8.129455
-8.056945
-7.944152
-7.839416
-7.646056
-7.509093
-7.339904
-7.098205
-6.856506
-6.558410
-6.308654
-5.954162
-5.672179
-5.253234
-4.922912
-4.608703
-4.173644
-3.794982
-3.295470
-2.924865
-2.522033
-2.086974
-1.692199
-1.047668
-0.660949
-0.274230
0.128602
0.515321
0.829530
1.216248
1.538514
1.884950
2.247498
2.505311
2.883973
3.246522
3.633241
3.899110
4.269715
4.720887
5.075379
5.437928
5.744080
6.042176
6.324159
6.598084
6.855897
7.105653
7.347352
7.564881
7.790467
7.927430
7.991883
8.064393
8.185243
8.193299
8.257752
8.281922
8.257752
8.273866
8.273866
8.281922
8.153016
8.161073
8.040223
7.975770
7.862977
7.766297
7.645448
7.460145
7.250672
7.025086
6.775330
6.525575
6.235535
5.905213
5.599061
5.196229
4.833680
4.503358
4.092469
3.641297
3.246522
2.795350
2.448914
2.005799
1.570741
1.208192
0.765077
0.402528
-0.016418
-0.427306
-0.757629
-1.144347
-1.563293
-1.901672
-2.223937
-2.538146
-2.892638
-3.327697
-3.625793
-4.004455
-4.318664
-4.769836
-5.092101
-5.430480
-5.784972
-6.123351
-6.340881
-6.647033
-6.920959
-7.154601
-7.420470
-7.605773
-7.750793
-7.960265
-7.992492
-8.056945
-8.161681
-8.234191
-8.234191
-8.266418
-8.298644
-8.282531
-8.282531
-8.266418
-8.234191
-8.177795
-8.113341
-8.024718
-7.919982
-7.799132
-7.670226
-7.541320
-7.307677
-7.114318
-6.832336
-6.614806
-6.268371
-6.026672
-5.639953
-5.261291
-4.890685
-4.536193
-4.133361
-3.738586
-3.295470
-2.957091
-2.497863
-2.054748
-1.676086
-1.273254
-0.830138
-0.451476
-0.080871
0.346131
0.708680
1.143739
1.466004
1.828553
2.215272
2.505311
2.835633
3.294862
3.601014
3.907166
4.301942
4.696717
5.107606
5.445985
5.768250
6.042176
6.525575
6.872010
7.145936
7.371522
7.621278
7.790467
7.975770
8.048280
8.112733
8.128846
8.185243
8.201356
8.257752
8.289979
8.289979
8.257752
8.281922
8.217469
8.225526
8.112733
8.048280
7.927430
7.830750
7.766297
7.589051
7.460145
7.258729
6.992860
6.743104
6.445008
6.195252
5.856873
5.510438
5.131776
4.841737
4.446961
4.019959
3.625184
3.214295
2.811463
2.400575
1.973573
1.602967
1.143739
0.732850
0.362244
-0.048644
-0.451476
-0.805968
-1.208800
-1.603576
-1.950011
-2.240050
-2.618713
-2.949035
-3.327697
-3.674132
-4.004455
-4.367004
-4.802062
-5.140441
-5.502990
-5.793029
-6.091125
-6.340881
-6.671203
-6.945129
-7.154601
-7.388244
-7.581603
-7.766906
-7.936095
-8.008605
-8.089172
-8.177795
-8.218078
-8.250304
-8.282531
-8.330871
-8.298644
-8.250304
-8.242248
-8.161681
-8.177795
-8.121398
-8.008605
-7.919982
-7.734679
-7.678283
-7.484923
-7.307677
-7.114318
-6.783996
-6.526183
-6.252257
-5.913879
-5.591613
-5.180724
-4.882629
-4.560363
-4.125304
-3.714416
-3.263244
-2.860412
-2.465636
-2.046691
-1.659972
-1.224914
-0.781798
-0.419250
-0.024474
0.362244
0.781190
1.151795
1.506287
1.868836
2.239442
2.553651
2.908143
3.319032
3.633241
3.963563
4.301942
4.745057
5.131776
5.454041
5.808534
6.074403
6.356385
6.646424
6.896180
7.081483
7.379578
7.629334
7.790467
7.943543
7.983827
8.128846
8.128846
8.225526
8.273866
8.225526
8.281922
8.273866
8.257752
8.193299
8.161073
8.096619
8.040223
7.959657
7.822694
7.750184
7.589051
7.403748
7.194276
6.960633
6.783387
6.622254
6.412782
6.146912
5.719910
5.333192
4.970643
4.567811
4.076356
3.657410
3.198182
2.811463
2.384461
1.997743
1.570741
1.095399
0.757020
0.281678
-0.113097
-0.451476
-0.838195
-1.232970
-1.619689
-1.982238
-2.256164
-2.618713
-3.021545
-3.351867
-3.682189
-4.076965
-4.407287
-4.777892
-5.196838
-5.462707
-5.857482
-6.147521
-6.421447
-6.695373
-6.953185
-7.178771
-7.420470
-7.646056
-7.783019
-7.936095
-8.008605
-8.089172
-8.153625
-8.234191
-8.218078
-8.274474
-8.274474
-8.298644
-8.266418
-8.250304
-8.161681
-8.129455
-8.081115
-8.032775
-7.887756
-7.815246
-7.613830
-7.517150
-7.275451
-7.057922
-6.800109
-6.510070
-6.228088
-5.938048
-5.583556
-5.180724
-4.858459
-4.536193
-4.101134
-3.658019
-3.206847
-2.828185
-2.401183
-1.990295
-1.651916
-1.176574
-0.805968
-0.419250
0.015809
0.434754
0.813416
1.208192
1.546571
1.884950
2.263612
2.553651
2.908143
3.294862
3.633241
3.963563
4.366395
4.785340
5.180116
5.454041
5.800477
6.098573
6.412782
6.678651
6.888123
7.170106
7.387635
7.653504
7.806580
7.943543
8.016053
8.136903
8.161073
8.193299
8.257752
8.273866
8.273866
8.273866
8.249696
8.193299
8.185243
8.112733
8.040223
7.927430
7.862977
7.742127
7.597108
7.460145
7.170106
6.976746
6.710877
6.372498
6.146912
5.808534
5.470155
5.083436
4.753114
4.390565
3.987733
3.504334
3.149842
2.714784
2.303895
1.901063
1.506287
1.071229
0.668397
0.281678
-0.113097
-0.540099
-0.878478
-1.297423
-1.659972
-1.966125
-2.207824
-2.497863
-2.812072
-3.222961
-3.585509
-3.915832
-4.334777
-4.745666
-5.164611
-5.519103
-5.833312
-6.163634
-6.421447
-6.751769
-7.001525
-7.194884
-7.404357
-7.694396
-7.799132
-7.944152
-8.024718
-8.153625
-8.185851
-8.218078
-8.218078
-8.298644
-8.298644
-8.298644
-8.234191
-8.234191
-8.242248
-8.129455
-8.089172
-7.992492
-7.919982
-7.766906
-7.638000
-7.517150
-7.275451
-7.025695
-6.783996
-6.510070
-6.163634
-5.857482
-5.551330
-5.140441
-4.818175
-4.495910
-4.052795
-3.617736
-3.190734
-2.844298
-2.409240
-1.998351
-1.603576
-1.176574
-0.773742
-0.378966
0.056092
0.458924
0.845643
1.192078
1.570741
1.909119
2.303895
2.626160
2.996766
3.383485
3.697694
4.028016
4.358338
4.817567
5.164002
5.526551
5.808534
6.130799
6.436952
6.662537
6.896180
7.202332
7.444032
7.669618
7.830750
7.975770
8.007996
8.112733
8.217469
8.193299
8.281922
8.281922
8.314149
8.257752
8.257752
8.249696
8.217469
8.080506
7.991883
7.927430
7.862977
7.734071
7.589051
7.379578
7.170106
6.952577
6.702821
6.436952
6.138856
5.808534
5.421815
5.075379
4.696717
4.326112
3.939393
3.488221
3.093446
2.634217
2.295838
1.844666
1.425721
1.071229
0.587830
0.257508
-0.137267
-0.572326
-0.910705
-1.313537
-1.676086
-2.014465
-2.352843
-2.715392
-3.053771
-3.408263
-3.778869
-4.133361
-4.503966
-4.866515
-5.212951
-5.575500
-5.881652
-6.155578
-6.437560
-6.703429
-6.969298
-7.243224
-7.460754
-7.662170
-7.839416
-8.000548
-8.056945
-8.129455
-8.218078
-8.218078
-8.306701
-8.282531
-8.330871
-8.234191
-8.153625
-8.097228
-8.097228
-7.976379
-7.992492
-7.919982
-7.847472
-7.702453
-7.573547
-7.428527
-7.219054
-7.001525
-6.759826
-6.437560
-6.155578
-5.865539
-5.527160
-5.100158
-4.802062
-4.407287
-4.044738
-3.553283
-3.174621
-2.804015
-2.320617
-1.950011
-1.555236
-1.112121
-0.741515
-0.322570
0.056092
0.450868
0.877869
1.216248
1.578797
1.949403
2.295838
2.610047
3.020936
3.399598
3.713807
4.003846
4.422791
4.817567
5.204285
5.542664
5.832703
6.171082
6.412782
6.686707
6.920350
7.202332
7.427918
7.653504
7.830750
7.951600
8.016053
8.128846
8.169129
8.249696
8.249696
8.257752
8.257752
8.233582
8.225526
8.193299
8.153016
8.064393
7.991883
7.951600
7.838807
7.742127
7.589051
7.347352
7.137879
6.904237
6.654481
6.380555
6.074403
5.752137
5.389588
5.051209
4.680604
4.318055
3.882996
3.472108
3.093446
2.658387
2.207215
1.844666
1.417664
1.022889
0.644227
0.193055
-0.209777
-0.588439
-0.959045
-1.329650
-1.716369
-2.070861
-2.385070
-2.739562
-3.126281
-3.464660
-3.794982
-4.141418
-4.528136
-4.955138
-5.261291
-5.615783
-5.938048
-6.211974
-6.469787
-6.751769
-7.025695
-7.275451
-7.484923
-7.678283
-7.879699
-8.024718
-8.089172
-8.129455
-8.201965
-8.210021
-8.266418
-8.282531
-8.298644
-8.266418
-8.274474
-8.274474
-8.210021
-8.145568
-8.081115
-7.960265
-7.903869
-7.783019
-7.605773
-7.436584
-7.210998
-7.009582
-6.735656
-6.437560
-6.123351
-5.865539
-5.462707
-5.100158
-4.777892
-4.439513
-3.972228
-3.432433
-2.981261
-2.554259
-2.143371
-1.740539
-1.377990
-0.967101
-0.636779
-0.258117
0.104432
0.483094
0.918153
1.248475
1.586854
1.997743
2.360291
2.634217
3.028993
3.423768
3.729920
4.028016
4.455018
4.890077
5.212342
5.574891
5.872987
6.171082
6.445008
6.702821
6.952577
7.194276
7.460145
7.669618
7.822694
7.951600
8.040223
8.096619
8.136903
8.225526
8.233582
8.217469
8.273866
8.217469
8.217469
8.169129
8.161073
8.112733
8.007996
7.927430
7.798524
7.677674
7.548768
7.323182
7.113709
6.896180
6.630311
6.316102
6.042176
5.736024
5.317078
4.994813
4.632264
4.269715
3.850770
3.455994
2.996766
2.626160
2.174989
1.788270
1.361268
0.998719
0.571717
0.209168
-0.233947
-0.604552
-0.959045
-1.353820
-1.756652
-2.086974
-2.433410
-2.779845
-3.085998
-3.521056
-3.835265
-4.213927
-4.560363
-4.955138
-5.309631
-5.648009
-5.946105
-6.268371
-6.493957
-6.783996
-7.057922
-7.299621
-7.460754
-7.726623
-7.871642
-7.944152
-8.081115
-8.145568
-8.201965
-8.250304
-8.266418
-8.298644
-8.298644
-8.250304
-8.274474
-8.250304
-8.201965
-8.113341
-8.040832
-7.960265
-7.871642
-7.718566
-7.557433
-7.460754
-7.186828
-7.001525
-6.711486
-6.453673
-6.131408
-5.801086
-5.406310
-5.035705
-4.745666
-4.367004
-3.980285
-3.504943
-3.110168
-2.675109
-2.320617
-1.845275
-1.506896
-1.015441
-0.660949
-0.225890
0.160828
0.547547
0.918153
1.304871
1.667420
2.021912
2.352235
2.690614
3.077332
3.423768
3.762147
4.084412
4.471131
4.906190
5.252625
5.558778
5.872987
6.171082
6.509461
6.896180
7.234559
7.500428
7.806580
7.927430
8.104676
8.185243
8.169129
8.201356
8.225526
8.225526
8.289979
8.273866
8.314149
8.233582
8.249696
8.185243
8.161073
8.048280
7.959657
7.871034
7.798524
7.653504
7.532655
7.315125
7.097596
6.872010
6.598084
6.259705
6.009950
5.663514
5.333192
4.962586
4.591981
4.237489
3.746034
3.415711
2.988709
2.577821
2.118592
1.747987
1.361268
0.950379
0.555604
0.128602
-0.258117
-0.628722
-1.031554
-1.418273
-1.772765
-2.119201
-2.409240
-2.804015
-3.110168
-3.488830
-3.851379
-4.221984
-4.560363
-4.971252
-5.317687
-5.680236
-6.002502
-6.228088
-6.518127
-6.816222
-7.057922
-7.315734
-7.492980
-7.750793
-7.887756
-7.992492
-8.008605
-8.161681
-8.218078
-8.242248
-8.266418
-8.274474
-8.282531
-8.274474
-8.282531
-8.234191
-8.201965
-8.145568
-8.056945
-8.008605
-7.847472
-7.718566
-7.557433
-7.404357
-7.210998
-6.969298
-6.695373
-6.421447
-6.099181
-5.744689
-5.406310
-5.003478
-4.705382
-4.350890
-3.931945
-3.488830
-3.110168
-2.683166
-2.264220
-1.869445
-1.442443
-1.031554
-0.628722
-0.185607
0.152772
0.579774
0.998719
1.296815
1.667420
2.038026
2.392518
2.714784
3.085389
3.472108
3.834657
4.092469
4.535584
4.938416
5.317078
5.591004
5.937440
6.203309
6.501405
6.767274
6.976746
7.250672
7.468202
7.734071
7.887147
7.975770
8.032166
8.104676
8.185243
8.185243
8.233582
8.233582
8.249696
8.201356
8.217469
8.185243
8.161073
8.032166
7.951600
7.862977
7.766297
7.653504
7.556825
7.500428
7.379578
7.170106
6.807557
6.525575
6.203309
5.800477
5.413758
5.010926
4.624207
4.181092
3.778260
3.367371
2.964539
2.545594
2.110535
1.707703
1.329041
0.902039
0.539491
0.104432
-0.290343
-0.685119
-1.031554
-1.450500
-1.804992
-2.135314
-2.473693
-2.844298
-3.174621
-3.569396
-3.923888
-4.254211
-4.640929
-5.011535
-5.382140
-5.680236
-5.986388
-6.300597
-6.558410
-6.848449
-7.065978
-7.339904
-7.517150
-7.734679
-7.887756
-7.992492
-8.097228
-8.129455
-8.185851
-8.234191
-8.306701
-8.306701
-8.330871
-8.298644
-8.274474
-8.218078
-8.177795
-8.129455
-8.056945
-7.960265
-7.911925
-7.678283
-7.549377
-7.396300
-7.154601
-6.912902
-6.711486
-6.389220
-6.042785
-5.728576
-5.341857
-5.003478
-4.705382
-4.286437
-3.923888
-3.440490
-3.021545
-2.650939
-2.167541
-1.796935
-1.386047
-1.023498
-0.596496
-0.201720
0.176942
0.636170
0.982606
1.345155
1.731873
2.086366
2.384461
2.779237
3.149842
3.488221
3.842713
4.164979
4.575868
4.938416
5.300965
5.631287
5.985780
6.259705
6.541688
6.799500
7.049256
7.266785
7.524598
7.717957
7.911317
7.959657
8.096619
8.112733
8.169129
8.249696
8.233582
8.257752
8.249696
8.233582
8.217469
8.193299
8.080506
8.032166
7.959657
7.887147
7.766297
7.653504
7.476258
7.266785
7.025086
6.855897
6.525575
6.267762
5.961610
5.623231
5.300965
4.890077
4.600037
4.164979
3.721864
3.335145
2.916200
2.489198
2.086366
1.635194
1.264588
0.861756
0.491151
0.031922
-0.354797
-0.709289
-1.104064
-1.482726
-1.829162
-2.159484
-2.401183
-2.626769
-3.013488
-3.408263
-3.770812
-4.141418
-4.576476
-4.971252
-5.317687
-5.672179
-6.026672
-6.284484
-6.606750
-6.856506
-7.154601
-7.339904
-7.541320
-7.758849
-7.911925
-8.000548
-8.089172
-8.129455
-8.185851
-8.218078
-8.282531
-8.282531
-8.282531
-8.298644
-8.250304
-8.201965
-8.185851
-8.129455
-8.032775
-7.936095
-7.871642
-7.678283
-7.517150
-7.388244
-7.146545
-6.920959
-6.638976
-6.332824
-6.042785
-5.704406
-5.366027
-4.979308
-4.673156
-4.286437
-3.835265
-3.400207
-3.013488
-2.570373
-2.159484
-1.796935
-1.361877
-0.950988
-0.572326
-0.137267
0.249452
0.660340
1.022889
1.337098
1.731873
2.086366
2.424744
2.795350
3.149842
3.480164
3.866883
4.205262
