-1.789004
-2.481876
-2.924991
-3.384219
-3.859561
-4.222110
-4.689395
-5.092227
-5.487002
-5.825381
-6.107364
-6.405460
-6.695499
-6.904971
-7.154727
-7.404483
-7.646182
-7.871768
-8.000674
-8.153751
-8.274600
-8.330997
-8.395450
-8.427676
-8.484073
-8.508243
-8.476016
-8.508243
-8.548526
-8.484073
-8.427676
-8.395450
-8.306827
-8.282657
-8.153751
-8.008731
-7.855655
-7.758975
-7.541446
-7.348086
-7.154727
-6.913028
-6.582706
-6.316836
-5.978458
-5.640079
-5.285586
-4.931094
-4.520206
-4.101260
-3.722598
-3.311710
-2.844424
-2.441592
-1.998477
-1.587588
-1.208926
-0.717471
-0.298526
0.104306
0.523251
0.918027
1.328915
1.691464
2.037900
2.472958
2.787167
3.238339
3.576718
3.995664
4.382382
4.809384
5.131650
5.478085
5.824521
6.130673
6.388486
6.630185
6.920224
7.153867
7.395566
7.669492
7.838681
7.919248
8.064267
8.120664
8.152890
8.160947
8.185117
8.185117
8.249570
8.225400
8.193173
8.217343
8.128720
8.032040
7.999814
7.822568
7.758115
7.613095
7.435849
7.218320
6.960507
6.718808
6.501279
6.219296
5.945371
5.526425
5.171933
4.801328
4.454892
4.052060
3.657285
3.238339
2.779111
2.384335
1.957333
1.610898
1.151669
0.821347
0.370175
-0.024600
-0.451602
-0.822208
-1.168643
-1.571475
-1.934024
-2.151553
-2.377139
-2.707461
-3.070010
-3.408389
-3.770938
-4.173770
-4.608829
-5.019717
-5.398379
-5.728702
-6.002627
-6.276553
-6.558536
-6.824405
-7.090274
-7.275577
-7.493106
-7.734805
-7.871768
-8.024844
-8.073184
-8.129581
-8.177920
-8.185977
-8.266544
-8.242374
-8.298770
-8.266544
-8.234317
-8.218204
-8.161807
-8.153751
-8.065127
-7.992618
-7.855655
-7.726749
-7.605899
-7.388370
-7.162784
-6.945254
-6.703555
-6.437686
-6.107364
-5.793155
-5.406436
-5.100284
-4.713565
-4.367129
-3.956241
-3.505069
-3.142520
-2.771915
-2.320743
-1.909854
-1.515079
-1.144473
-0.741641
-0.258243
0.096249
0.515195
0.909970
1.232236
1.578671
1.989560
2.319882
2.690488
3.077206
3.391415
3.802304
4.140683
4.511289
4.986630
5.300839
5.558652
5.945371
6.227353
6.501279
6.742978
6.984677
7.226376
7.460019
7.685605
7.862851
7.983701
8.064267
8.104550
8.169003
8.217343
8.217343
8.281796
8.225400
8.257626
8.217343
8.193173
8.128720
8.032040
7.975644
7.830624
7.717831
7.580869
7.427792
7.226376
6.976621
6.751035
6.525449
6.203183
5.929257
5.534482
5.179990
4.841611
4.495175
4.060117
3.649228
3.214169
2.851621
2.448789
2.037900
1.610898
1.208066
0.829404
0.386289
0.023740
-0.362979
-0.749698
-1.152530
-1.515079
-1.877627
-2.135440
-2.554385
-2.892764
-3.279483
-3.642032
-3.956241
-4.318790
-4.713565
-5.100284
-5.414493
-5.768985
-6.075137
-6.316836
-6.558536
-6.864688
-7.090274
-7.315860
-7.541446
-7.702579
-7.871768
-8.008731
-8.065127
-8.145694
-8.153751
-8.089297
-8.129581
-8.089297
-8.145694
-8.097354
-8.145694
-8.153751
-8.121524
-8.089297
-8.040958
-7.903995
-7.823428
-7.678409
-7.468936
-7.340030
-7.106387
-6.921085
-6.614932
-6.332950
-6.042911
-5.760928
-5.350040
-5.035831
-4.641055
-4.310733
-3.867618
-3.432559
-2.981387
-2.626895
-2.224063
-1.740665
-1.410342
-1.031680
-0.572452
-0.177676
0.192929
0.587705
0.942197
1.328915
1.699521
2.029843
2.424619
2.779111
3.085263
3.455869
3.818417
4.148740
4.567685
5.051083
5.325009
5.647275
5.953427
6.259580
6.525449
6.799374
6.976621
7.234433
7.500302
7.717831
7.887021
7.999814
8.072324
8.120664
8.185117
8.217343
8.217343
8.257626
8.257626
8.225400
8.193173
8.169003
8.128720
8.064267
7.959531
7.878964
7.733945
7.588925
7.427792
7.218320
6.992734
6.767148
6.493222
6.235410
5.897031
5.542539
5.228330
4.833554
4.471005
4.084287
3.681455
3.246396
2.787167
2.424619
1.997617
1.610898
1.183896
0.821347
0.418515
-0.000430
-0.387149
-0.757754
-1.152530
-1.531192
-1.869571
-2.224063
-2.554385
-2.892764
-3.295596
-3.585635
-3.988467
-4.278506
-4.729678
-5.092227
-5.398379
-5.768985
-6.059024
-6.308780
-6.558536
-6.824405
-7.066104
-7.315860
-7.549502
-7.678409
-7.855655
-7.920108
-8.065127
-8.113467
-8.161807
-8.177920
-8.194034
-8.234317
-8.266544
-8.194034
-8.177920
-8.153751
-8.153751
-8.097354
-8.057071
-7.920108
-7.815372
-7.662295
-7.493106
-7.315860
-7.090274
-6.888858
-6.606876
-6.365176
-5.986514
-5.672305
-5.333926
-5.011661
-4.584659
-4.205997
-3.827335
-3.327823
-2.812198
-2.361026
-1.934024
-1.531192
-1.208926
-0.789981
-0.427432
-0.080997
0.313779
0.732724
1.111386
1.336972
1.755917
2.150693
2.416562
2.811337
3.173886
3.504208
3.874814
4.213193
4.599912
5.059140
5.405576
5.679501
6.009824
6.307919
6.557675
6.742978
6.992734
7.314999
7.500302
7.742001
7.895078
8.032040
8.080380
8.136777
8.193173
8.193173
8.217343
8.249570
8.273740
8.241513
8.241513
8.193173
8.104550
8.064267
7.943417
7.878964
7.758115
7.613095
7.427792
7.226376
6.952451
6.751035
6.460996
6.195126
5.840634
5.558652
5.171933
4.841611
4.454892
4.060117
3.608945
3.238339
2.779111
2.416562
2.005673
1.546445
1.216123
0.821347
0.386289
-0.024600
-0.443545
-0.757754
-1.152530
-1.563419
-1.861514
-2.167667
-2.538272
-2.933047
-3.263370
-3.625919
-3.932071
-4.318790
-4.745792
-5.092227
-5.406436
-5.793155
-6.034854
-6.300723
-6.590762
-6.832461
-7.074161
-7.340030
-7.541446
-7.710635
-7.855655
-7.968448
-8.073184
-8.040958
-8.145694
-8.194034
-8.185977
-8.185977
-8.234317
-8.218204
-8.218204
-8.161807
-8.121524
-8.057071
-7.992618
-7.903995
-7.791202
-7.638126
-7.468936
-7.340030
-7.025821
-6.792178
-6.590762
-6.252383
-5.954288
-5.615909
-5.261417
-4.931094
-4.536319
-4.173770
-3.770938
-3.343936
-2.916934
-2.506045
-2.119327
-1.716495
-1.305606
-0.926944
-0.483829
-0.064883
0.241269
0.692441
1.022763
1.401425
1.796201
2.110410
2.505185
2.787167
3.181943
3.536435
3.898984
4.229306
4.712705
5.220273
5.655331
5.945371
6.267636
6.533505
6.791318
6.976621
7.161923
7.395566
7.588925
7.806455
7.927304
8.048154
8.080380
8.104550
8.225400
8.201230
8.249570
8.249570
8.289853
8.257626
8.225400
8.201230
8.096494
8.015927
7.983701
7.830624
7.733945
7.580869
7.403623
7.169980
6.952451
6.751035
6.477109
6.162900
5.905087
5.478085
5.179990
4.833554
4.454892
4.060117
3.608945
3.214169
2.754941
2.392392
1.973447
1.546445
1.127499
0.813290
0.346005
-0.024600
-0.411319
-0.789981
-1.176700
-1.531192
-1.909854
-2.207950
-2.562442
-2.924991
-3.263370
-3.625919
-3.964297
-4.318790
-4.761905
-5.108340
-5.470889
-5.736758
-6.099307
-6.341006
-6.614932
-6.864688
-7.066104
-7.307803
-7.517276
-7.734805
-7.847598
-7.952335
-8.040958
-8.113467
-8.161807
-8.185977
-8.153751
-8.242374
-8.234317
-8.234317
-8.210147
-8.145694
-8.153751
-8.073184
-7.992618
-7.887881
-7.791202
-7.589786
-7.428653
-7.267520
-7.058047
-6.792178
-6.526309
-6.244327
-5.938174
-5.591739
-5.213077
-4.850528
-4.504092
-4.133487
-3.714542
-3.287540
-2.876651
-2.481876
-2.022647
-1.635928
-1.265323
-0.862491
-0.443545
-0.080997
0.370175
0.724667
1.095273
1.449765
1.844540
2.158749
2.505185
2.875790
3.262509
3.592831
3.963437
4.301816
4.696591
5.099423
5.461972
5.735898
6.025937
6.340146
6.565732
6.863828
7.129697
7.306943
7.580869
7.766171
7.927304
8.032040
8.072324
8.152890
8.193173
8.241513
8.225400
8.281796
8.273740
8.257626
8.225400
8.152890
8.080380
8.015927
7.943417
7.862851
7.709775
7.709775
7.645322
7.492246
7.250546
7.008847
6.678525
6.340146
5.961484
5.542539
5.204160
4.817441
4.406552
4.052060
3.576718
3.198056
2.762998
2.392392
1.957333
1.522275
1.175839
0.756894
0.337949
-0.048770
-0.483829
-0.806094
-1.208926
-1.539249
-1.934024
-2.207950
-2.594669
-2.957217
-3.295596
-3.650088
-4.012637
-4.375186
-4.794131
-5.092227
-5.470889
-5.768985
-6.099307
-6.316836
-6.663272
-6.856631
-7.122501
-7.348086
-7.549502
-7.710635
-7.855655
-8.000674
-8.089297
-8.065127
-8.153751
-8.185977
-8.185977
-8.210147
-8.218204
-8.194034
-8.185977
-8.129581
-8.089297
-8.073184
-8.024844
-7.887881
-7.791202
-7.605899
-7.428653
-7.219180
-6.985538
-6.784122
-6.494083
-6.212100
-5.914004
-5.551456
-5.164737
-4.858585
-4.447696
-4.052920
-3.682315
-3.223086
-2.868594
-2.433536
-1.998477
-1.587588
-1.233096
-0.814151
-0.419376
-0.032657
0.370175
0.764951
1.159726
1.449765
1.836484
2.150693
2.561581
2.924130
3.246396
3.625058
3.923154
4.301816
4.736874
5.107480
5.470029
5.824521
6.066220
6.356259
6.622128
6.831601
7.113583
7.339169
7.580869
7.806455
7.959531
8.040097
8.104550
8.185117
8.169003
8.201230
8.257626
8.249570
8.257626
8.241513
8.225400
8.152890
8.120664
8.048154
7.943417
7.878964
7.733945
7.580869
7.395566
7.161923
6.960507
6.678525
6.469052
6.170956
5.840634
5.478085
5.107480
4.785214
4.406552
3.995664
3.512265
3.181943
2.730771
2.303769
1.933164
1.457822
1.087216
0.724667
0.329892
-0.137393
-0.419376
-0.717471
-0.967227
-1.386172
-1.708438
-2.054874
-2.481876
-2.860538
-3.231143
-3.625919
-3.956241
-4.367129
-4.778018
-5.132510
-5.495059
-5.825381
-6.107364
-6.397403
-6.639102
-6.888858
-7.106387
-7.372256
-7.549502
-7.710635
-7.879825
-7.968448
-8.057071
-8.113467
-8.161807
-8.185977
-8.177920
-8.210147
-8.234317
-8.177920
-8.177920
-8.161807
-8.089297
-8.097354
-7.952335
-7.879825
-7.726749
-7.589786
-7.436710
-7.211124
-7.009708
-6.784122
-6.469913
-6.228213
-5.857608
-5.559512
-5.213077
-4.802188
-4.463809
-4.052920
-3.617862
-3.166690
-2.828311
-2.352969
-1.982364
-1.595645
-1.184756
-0.773868
-0.379092
-0.048770
0.434628
0.797177
1.127499
1.457822
1.868710
2.247373
2.577695
2.956357
3.318906
3.665341
4.011777
4.390439
4.769101
5.147763
5.510312
5.752011
6.130673
6.372373
6.678525
6.863828
7.097470
7.379453
7.588925
7.838681
7.959531
8.064267
8.120664
8.169003
8.193173
8.241513
8.257626
8.305966
8.273740
8.225400
8.225400
8.160947
8.104550
8.040097
7.959531
7.854794
7.733945
7.564755
7.339169
7.169980
6.928281
6.678525
6.444882
6.146787
5.824521
5.437802
5.115537
4.744931
4.382382
3.931210
3.560605
3.149716
2.722714
2.303769
1.876767
1.490048
1.095273
0.644101
0.305722
-0.089053
-0.532169
-0.870547
-1.257266
-1.571475
-1.958194
-2.288516
-2.618838
-2.981387
-3.343936
-3.682315
-4.020694
-4.431583
-4.778018
-5.140567
-5.503116
-5.849551
-6.139590
-6.349063
-6.695499
-6.888858
-7.130557
-7.364200
-7.541446
-7.767032
-7.903995
-8.008731
-8.065127
-8.097354
-8.065127
-8.057071
-8.057071
-8.089297
-8.121524
-8.161807
-8.113467
-8.121524
-8.040958
-8.008731
-7.936221
-7.847598
-7.678409
-7.541446
-7.388370
-7.227237
-6.977481
-6.703555
-6.453799
-6.179874
-5.857608
-5.527286
-5.140567
-4.826358
-4.439639
-4.036807
-3.617862
-3.166690
-2.812198
-2.361026
-1.950137
-1.563419
-1.136417
-0.741641
-0.338809
0.039853
0.458798
0.845517
1.175839
1.490048
1.917050
2.271542
2.577695
2.972470
3.351132
3.697568
3.995664
4.390439
4.817441
5.179990
5.558652
5.784238
6.138730
6.436826
6.670468
6.871884
7.113583
7.379453
7.637265
7.806455
7.959531
8.040097
8.120664
8.128720
8.217343
8.249570
8.249570
8.257626
8.257626
8.281796
8.193173
8.136777
8.120664
8.040097
7.959531
7.806455
7.766171
7.532529
7.355283
7.137753
6.920224
6.678525
6.436826
6.138730
5.784238
5.405576
5.099423
4.720761
4.382382
3.907040
3.536435
3.117490
2.698544
2.303769
1.884824
1.481992
1.063046
0.692441
0.273496
-0.121280
-0.540225
-0.894717
-1.257266
-1.619815
-1.950137
-2.272403
-2.675235
-2.965274
-3.376163
-3.706485
-4.069034
-4.431583
-4.810245
-5.188907
-5.503116
-5.825381
-6.107364
-6.397403
-6.671329
-6.913028
-7.178897
-7.372256
-7.605899
-7.726749
-7.912051
-8.008731
-8.113467
-8.121524
-8.185977
-8.194034
-8.194034
-8.218204
-8.185977
-8.194034
-8.177920
-8.129581
-8.089297
-8.032901
-7.976504
-7.823428
-7.734805
-7.525333
-7.372256
-7.219180
-6.921085
-6.703555
-6.437686
-6.155704
-5.833438
-5.366153
-4.955264
-4.560489
-4.230167
-3.859561
-3.464786
-3.078067
-2.715518
-2.288516
-1.901797
-1.515079
-1.120303
-0.693301
-0.298526
0.064023
0.458798
0.877744
1.208066
1.570615
1.941220
2.271542
2.609921
2.964414
3.407529
3.697568
4.027890
4.414609
4.809384
5.236386
5.526425
5.832578
6.114560
6.404599
6.702695
6.887998
7.161923
7.403623
7.621152
7.822568
7.999814
8.048154
8.080380
8.160947
8.201230
8.241513
8.257626
8.249570
8.281796
8.241513
8.193173
8.160947
8.128720
8.015927
7.927304
7.806455
7.717831
7.532529
7.371396
7.113583
6.871884
6.670468
6.388486
6.098447
5.784238
5.445859
5.043027
4.736874
4.350156
3.931210
3.544492
3.109433
2.690488
2.295712
1.844540
1.425595
1.054990
0.668271
0.273496
-0.137393
-0.532169
-0.910831
-1.265323
-1.627872
-1.966251
-2.272403
-2.675235
-2.989444
-3.351993
-3.738711
-4.044864
-4.439639
-4.802188
-5.196963
-5.503116
-5.865665
-6.123477
-6.421573
-6.679385
-6.921085
-7.178897
-7.372256
-7.557559
-7.750919
-7.879825
-8.000674
-8.097354
-8.121524
-8.161807
-8.177920
-8.185977
-8.185977
-8.218204
-8.177920
-8.153751
-8.145694
-8.121524
-8.032901
-7.936221
-7.855655
-7.702579
-7.541446
-7.396426
-7.178897
-6.921085
-6.671329
-6.437686
-6.155704
-5.817325
-5.487002
-5.068057
-4.713565
-4.383243
-3.964297
-3.521182
-3.078067
-2.715518
-2.272403
-1.909854
-1.515079
-1.112247
-0.717471
-0.298526
0.072080
0.491025
0.853574
1.240292
1.594785
1.957333
2.319882
2.634091
3.004697
3.407529
3.697568
4.027890
4.422665
4.777158
5.357236
5.776181
6.138730
6.460996
6.686581
6.863828
7.153867
7.314999
7.548642
7.774228
7.911191
7.999814
8.080380
8.152890
8.193173
8.249570
8.241513
8.257626
8.249570
8.257626
8.281796
8.217343
8.136777
8.072324
8.015927
7.999814
7.822568
7.717831
7.516415
7.347226
7.113583
6.952451
6.630185
6.372373
6.130673
5.743955
5.405576
5.018857
4.664365
4.285703
3.866757
3.488095
3.109433
2.609921
2.247373
1.836484
1.417539
1.054990
0.627988
0.217099
-0.145450
-0.548282
-0.926944
-1.305606
-1.652042
-2.014590
-2.344913
-2.683292
-3.053897
-3.384219
-3.738711
-4.069034
-4.487979
-4.850528
-5.196963
-5.551456
-5.889835
-6.123477
-6.429629
-6.679385
-6.937198
-7.186954
-7.396426
-7.589786
-7.750919
-7.879825
-8.024844
-8.097354
-8.129581
-8.145694
-8.177920
-8.185977
-8.274600
-8.177920
-8.194034
-8.153751
-8.113467
-8.097354
-8.024844
-7.952335
-7.815372
-7.678409
-7.485049
-7.340030
-7.195010
-6.921085
-6.622989
-6.437686
-6.075137
-5.801211
-5.438663
-5.051944
-4.713565
-4.351016
-3.932071
-3.497012
-3.070010
-2.707461
-2.272403
-1.869571
-1.507022
-1.080020
-0.669131
-0.266299
0.160703
0.515195
0.942197
1.232236
1.578671
1.989560
2.303769
2.698544
3.028867
3.423642
3.729794
4.060117
4.511289
4.906064
5.268613
5.590878
5.888974
6.235410
6.509335
6.710751
6.928281
7.194150
7.460019
7.637265
7.862851
7.999814
8.120664
8.104550
8.152890
8.241513
8.201230
8.257626
8.281796
8.241513
8.249570
8.160947
8.169003
8.185117
8.225400
8.249570
8.080380
7.999814
7.766171
7.524472
7.250546
6.944394
6.742978
6.428769
6.106503
5.752011
5.405576
5.043027
4.648251
4.269589
3.842587
3.455869
3.020810
2.609921
2.231259
1.788144
1.425595
1.006650
0.627988
0.241269
-0.177676
-0.580508
-0.935001
-1.321719
-1.652042
-1.998477
-2.344913
-2.715518
-3.045840
-3.416446
-3.770938
-4.077090
-4.496036
-4.882754
-5.253360
-5.559512
-5.889835
-6.163760
-6.437686
-6.703555
-6.953311
-7.195010
-7.404483
-7.630069
-7.791202
-7.887881
-8.008731
-8.057071
-8.121524
-8.161807
-8.194034
-8.194034
-8.210147
-8.161807
-8.242374
-8.177920
-8.113467
-8.089297
-8.024844
-7.936221
-7.799258
-7.678409
-7.493106
-7.340030
-7.106387
-6.904971
-6.590762
-6.381290
-6.059024
-5.768985
-5.406436
-5.019717
-4.641055
-4.310733
-3.915958
-3.464786
-3.045840
-2.634952
-2.240176
-1.861514
-1.426456
-1.080020
-0.620792
-0.242129
0.152646
0.555478
0.918027
1.296689
1.643124
1.989560
2.360165
2.690488
3.093320
3.423642
3.778134
4.092343
4.471005
4.922177
5.260556
5.590878
5.905087
6.187070
6.501279
6.775205
6.984677
7.202206
7.468076
7.653378
7.919248
7.975644
8.048154
8.136777
8.169003
8.225400
8.257626
8.241513
8.305966
8.249570
8.241513
8.217343
8.152890
8.104550
8.032040
7.927304
7.862851
7.653378
7.548642
7.306943
7.097470
6.823544
6.614072
6.324033
6.017880
5.711728
5.357236
5.010800
4.632138
4.261533
3.810361
3.423642
3.004697
2.593808
2.199033
1.788144
1.393369
0.974423
0.555478
0.192929
-0.185733
-0.419376
-0.725528
-1.112247
-1.539249
-1.861514
-2.232120
-2.594669
-2.965274
-3.384219
-3.722598
-4.109317
-4.496036
-4.890811
-5.253360
-5.607852
-5.889835
-6.139590
-6.486026
-6.703555
-6.985538
-7.219180
-7.404483
-7.605899
-7.799258
-7.912051
-7.968448
-8.097354
-8.129581
-8.161807
-8.177920
-8.185977
-8.194034
-8.210147
-8.177920
-8.121524
-8.121524
-8.073184
-7.992618
-7.903995
-7.791202
-7.678409
-7.493106
-7.340030
-7.130557
-6.848575
-6.606876
-6.365176
-6.010684
-5.728702
-5.350040
-4.947208
-4.657169
-4.278506
-3.891788
-3.448672
-3.021670
-2.626895
-2.224063
-1.780948
-1.418399
-1.015567
-0.604678
-0.185733
0.192929
0.579648
0.966367
1.304746
1.699521
2.037900
2.384335
2.698544
3.061093
3.471982
3.842587
4.116513
4.527402
4.930234
5.300839
5.647275
5.929257
6.219296
6.557675
6.767148
7.033017
7.218320
7.468076
7.742001
7.854794
8.015927
8.104550
8.104550
8.217343
8.225400
8.193173
8.289853
8.305966
8.281796
8.281796
8.241513
8.185117
8.128720
7.999814
7.943417
7.862851
7.677548
7.524472
7.306943
7.129697
6.871884
6.622128
6.348203
6.050107
5.703671
5.373349
4.962460
4.648251
4.253476
3.810361
3.439755
3.044980
2.561581
2.174863
1.731748
1.336972
0.974423
0.555478
0.184873
-0.209903
-0.580508
-0.999454
-1.329776
-1.716495
-1.998477
-2.361026
-2.723575
-3.110294
-3.464786
-3.762881
-4.157657
-4.536319
-4.914981
-5.277530
-5.591739
-5.897891
-6.187930
-6.486026
-6.679385
-6.977481
-7.186954
-7.299747
-7.517276
-7.662295
-7.767032
-7.879825
-7.992618
-8.040958
-8.129581
-8.161807
-8.194034
-8.185977
-8.177920
-8.161807
-8.145694
-8.113467
-8.032901
-7.968448
-7.944278
-7.783145
-7.630069
-7.485049
-7.331973
-7.066104
-6.880801
-6.590762
-6.341006
-5.978458
-5.728702
-5.309756
-4.898868
-4.624942
-4.246280
-3.859561
-3.360049
-2.965274
-2.602725
-2.175723
-1.789004
-1.394229
-0.967227
-0.532169
-0.169620
0.217099
0.636044
1.006650
1.336972
1.699521
2.078183
2.400449
2.730771
3.125546
3.512265
3.818417
4.140683
4.559628
4.986630
5.349179
5.663388
5.953427
6.235410
6.533505
6.807431
7.065244
7.258603
7.516415
7.709775
7.927304
8.032040
8.072324
8.128720
8.217343
8.217343
8.273740
8.257626
8.273740
8.273740
8.249570
8.257626
8.160947
8.096494
8.015927
7.943417
7.790341
7.717831
7.548642
7.314999
7.073300
6.896054
6.597958
6.324033
6.042050
5.663388
5.381406
4.962460
4.575742
4.229306
3.810361
3.383359
2.996640
2.601865
2.150693
1.796201
1.328915
0.950253
0.579648
0.144589
-0.234073
-0.628848
-1.015567
-1.345889
-1.740665
-2.070987
-2.409366
-2.739688
-3.134463
-3.432559
-3.811221
-4.189883
-4.592715
-4.923038
-5.285586
-5.607852
-5.922061
-6.212100
-6.421573
-6.743838
-6.985538
-7.227237
-7.436710
-7.613956
-7.791202
-7.887881
-8.008731
-8.073184
-8.113467
-8.161807
-8.177920
-8.218204
-8.218204
-8.185977
-8.177920
-8.121524
-8.121524
-8.065127
-7.992618
-7.903995
-7.815372
-7.613956
-7.493106
-7.299747
-7.090274
-6.856631
-6.590762
-6.332950
-5.986514
-5.672305
-5.196963
-4.778018
-4.407413
-4.012637
-3.674258
-3.231143
-2.876651
-2.441592
-2.046817
-1.652042
-1.321719
-0.902774
-0.516055
-0.121280
0.241269
0.692441
1.063046
1.353085
1.723691
2.142636
2.424619
2.754941
3.198056
3.528378
3.842587
4.213193
4.591855
5.026914
5.381406
5.647275
5.977597
6.251523
6.549619
6.823544
7.033017
7.282773
7.548642
7.701718
7.911191
8.064267
8.104550
8.128720
8.193173
8.217343
8.273740
8.273740
8.273740
8.346249
8.281796
8.201230
8.201230
8.096494
8.015927
7.927304
7.862851
7.669492
7.476132
7.306943
7.081357
6.839658
6.589902
6.315976
5.993710
5.655331
5.300839
4.962460
4.559628
4.197080
3.786191
3.367246
2.972470
2.513242
2.126523
1.699521
1.353085
0.966367
0.571591
0.144589
-0.242129
-0.636905
-1.031680
-1.362002
-1.724551
-2.046817
-2.433536
-2.771915
-3.134463
-3.480899
-3.803165
-4.165713
-4.592715
-4.914981
-5.309756
-5.640079
-5.938174
-6.195987
-6.502139
-6.695499
-7.025821
-7.267520
-7.468936
-7.589786
-7.815372
-7.912051
-7.968448
-8.073184
-8.113467
-8.161807
-8.177920
-8.218204
-8.210147
-8.177920
-8.145694
-8.129581
-8.073184
-8.065127
-7.968448
-7.871768
-7.767032
-7.662295
-7.452823
-7.299747
-7.058047
-6.792178
-6.606876
-6.244327
-5.946231
-5.623965
-5.277530
-4.898868
-4.552432
-4.189883
-3.811221
-3.327823
-2.933047
-2.530215
-2.087100
-1.684268
-1.321719
-0.910831
-0.483829
-0.137393
0.313779
0.644101
1.063046
1.369199
1.731748
2.142636
2.416562
2.803281
3.149716
3.600888
4.076230
4.479062
4.873837
5.316953
5.615048
5.840634
6.130673
6.388486
6.718808
6.863828
7.065244
7.371396
7.532529
7.790341
7.943417
8.048154
8.136777
8.185117
8.249570
8.241513
8.257626
8.305966
8.273740
8.281796
8.281796
8.201230
8.185117
8.120664
8.032040
7.943417
7.822568
7.709775
7.476132
7.306943
7.081357
6.791318
6.589902
6.307919
6.017880
5.655331
5.292783
4.938290
4.535458
4.148740
3.778134
3.351132
2.940244
2.537412
2.118466
1.691464
1.312802
0.869687
0.539365
0.120419
-0.298526
-0.685245
-1.055850
-1.426456
-1.772891
-2.054874
-2.441592
-2.771915
-3.118350
-3.497012
-3.843448
-4.205997
-4.641055
-4.955264
-5.277530
-5.656192
-5.954288
-6.187930
-6.494083
-6.816348
-7.009708
-7.219180
-7.485049
-7.662295
-7.815372
-7.887881
-8.040958
-8.065127
-8.121524
-8.153751
-8.161807
-8.177920
-8.194034
-8.177920
-8.177920
-8.129581
-8.057071
-8.024844
-7.976504
-7.903995
-7.758975
-7.605899
-7.460879
-7.227237
-7.098331
-6.800235
-6.526309
-6.300723
-5.922061
-5.623965
-5.229190
-4.882754
-4.496036
-4.189883
-3.690372
-3.295596
-2.933047
-2.514102
-2.054874
-1.692325
-1.289493
-0.878604
-0.443545
-0.048770
0.313779
0.764951
1.095273
1.417539
1.796201
2.174863
2.472958
2.843564
3.262509
3.608945
3.890927
4.285703
4.656308
5.099423
5.405576
5.735898
5.993710
6.340146
6.565732
6.831601
7.081357
7.306943
7.548642
7.798398
7.959531
8.040097
8.120664
8.136777
8.185117
8.225400
8.257626
8.281796
8.257626
8.249570
8.185117
8.225400
8.257626
8.362363
8.322080
8.185117
8.096494
7.919248
7.701718
7.435849
7.202206
6.928281
6.581845
6.356259
5.993710
5.623105
5.260556
4.930234
4.543515
4.197080
3.697568
3.359189
2.908017
2.513242
2.094296
1.691464
1.304746
0.877744
0.507138
0.120419
-0.330752
-0.693301
-1.055850
-1.426456
-1.780948
-2.103213
-2.473819
-2.755801
-3.198917
-3.553409
-3.843448
-4.254336
-4.649112
-5.035831
-5.285586
-5.680362
-6.018741
-6.228213
-6.502139
-6.759952
-7.041934
-7.275577
-7.460879
-7.646182
-7.823428
-7.920108
-7.992618
-8.073184
-8.097354
-8.121524
-8.177920
-8.161807
-8.177920
-8.161807
-8.153751
-8.097354
-8.073184
-8.040958
-7.952335
-7.855655
-7.758975
-7.581729
-7.404483
-7.283633
-7.009708
-6.784122
-6.518252
-6.220157
-5.914004
-5.607852
-5.188907
-4.850528
-4.528262
-4.109317
-3.706485
-3.239200
-2.916934
-2.473819
-2.054874
-1.619815
-1.241153
-0.862491
-0.443545
-0.080997
0.370175
0.764951
1.119443
1.490048
1.812314
2.231259
2.537412
2.867734
3.302792
3.600888
3.955380
4.285703
4.712705
5.099423
5.478085
5.768124
6.050107
6.340146
6.630185
6.863828
7.081357
7.379453
7.580869
7.822568
7.959531
8.072324
8.104550
8.201230
8.217343
8.281796
8.314023
8.289853
8.289853
8.314023
8.257626
8.225400
8.160947
8.104550
7.999814
7.951474
7.798398
7.677548
7.500302
7.274716
7.008847
6.823544
6.549619
6.291806
5.961484
5.590878
5.252499
4.922177
4.503232
4.132626
3.713681
3.318906
2.835507
2.521298
2.247373
1.900937
1.481992
1.071103
0.668271
0.160703
-0.234073
-0.628848
-1.023624
-1.426456
-1.756778
-2.119327
-2.497989
-2.796085
-3.206973
-3.537295
-3.891788
-4.294620
-4.641055
-5.019717
-5.382266
-5.648135
-6.002627
-6.260440
-6.502139
-6.816348
-7.074161
-7.227237
-7.485049
-7.694522
-7.791202
-7.936221
-8.008731
-8.073184
-8.129581
-8.161807
-8.153751
-8.177920
-8.177920
-8.194034
-8.153751
-8.129581
-8.097354
-8.024844
-7.968448
-7.871768
-7.726749
-7.613956
-7.404483
-7.243350
-7.041934
-6.784122
-6.542422
-6.228213
-5.865665
-5.575626
-5.213077
-4.834415
-4.439639
-4.069034
-3.682315
-3.239200
-2.860538
-2.441592
-1.998477
-1.595645
-1.225040
-0.822208
-0.419376
-0.000430
0.386289
0.764951
1.143613
1.457822
1.868710
2.199033
2.569638
2.867734
3.294736
3.649228
3.963437
4.301816
4.769101
5.147763
5.510312
5.752011
6.066220
6.356259
6.622128
6.871884
7.137753
7.371396
7.596982
7.798398
7.943417
8.080380
8.160947
8.201230
8.225400
8.241513
8.289853
8.281796
8.362363
8.257626
8.289853
8.201230
8.152890
8.080380
8.015927
7.959531
7.822568
7.669492
7.476132
7.290830
7.016904
6.799374
6.509335
6.259580
5.897031
5.558652
5.196103
4.898007
4.527402
4.084287
3.633115
3.270566
2.883847
2.472958
2.062070
1.643124
1.232236
0.829404
0.466855
0.039853
-0.330752
-0.717471
-1.136417
-1.450626
-1.813174
-2.143497
-2.514102
-2.876651
-3.206973
-3.585635
-3.883731
-4.294620
-4.705508
-5.043887
-5.382266
-5.712588
-6.018741
-6.300723
-6.550479
-6.832461
-7.106387
-7.251407
-7.428653
-7.509219
-7.678409
-7.791202
-7.887881
-7.976504
-8.024844
-8.024844
-8.153751
-8.153751
-8.153751
-8.145694
-8.121524
-8.129581
-8.065127
-8.040958
-7.968448
-7.823428
-7.702579
-7.573672
-7.428653
-7.211124
-7.009708
-6.727725
-6.469913
-6.195987
-5.897891
-5.527286
-5.156680
-4.802188
-4.471866
-4.069034
-3.642032
-3.198917
-2.828311
-2.417422
-1.990420
-1.627872
-1.176700
-0.806094
-0.379092
-0.000430
0.394345
0.813290
1.183896
1.538388
1.876767
2.231259
2.577695
2.908017
3.286679
3.657285
3.995664
4.317929
4.777158
5.163876
5.510312
5.800351
6.114560
6.404599
6.670468
6.920224
7.113583
7.379453
7.621152
7.830624
7.975644
8.072324
8.152890
8.217343
8.217343
8.273740
8.281796
8.305966
8.289853
8.322080
8.257626
8.249570
8.160947
8.048154
8.007871
7.911191
7.822568
7.645322
7.468076
7.226376
7.049130
6.807431
6.477109
6.267636
5.945371
5.566708
5.236386
4.841611
4.495175
4.084287
3.649228
3.246396
2.835507
2.392392
2.029843
1.610898
1.183896
0.869687
0.418515
-0.000430
-0.354922
-0.741641
-1.136417
-1.531192
-1.861514
-2.143497
-2.514102
-2.868594
-3.231143
-3.585635
-3.964297
-4.278506
-4.681338
-5.051944
-5.406436
-5.696475
-6.042911
-6.260440
-6.574649
-6.816348
-7.066104
-7.275577
-7.493106
-7.694522
-7.831485
-7.952335
-7.992618
-8.073184
-8.153751
-8.153751
-8.161807
-8.210147
-8.161807
-8.185977
-8.177920
-8.113467
-8.097354
-8.024844
-7.968448
-7.847598
-7.694522
-7.581729
-7.372256
-7.195010
-7.001651
-6.647159
-6.332950
-6.018741
-5.656192
-5.406436
-4.979434
-4.689395
-4.399356
-3.932071
-3.537295
-3.134463
-2.747745
-2.385196
-1.958194
-1.563419
-1.184756
-0.781924
-0.338809
0.055966
0.450742
0.829404
1.232236
1.546445
1.884824
2.239316
2.601865
2.964414
3.359189
3.697568
4.011777
4.406552
4.801328
5.179990
5.542539
5.824521
6.114560
6.436826
6.710751
6.920224
7.129697
7.427792
7.621152
7.878964
7.959531
8.080380
8.160947
8.160947
8.225400
8.249570
8.257626
8.257626
8.305966
8.257626
8.281796
8.241513
8.152890
8.104550
8.064267
7.887021
7.774228
7.677548
7.443906
7.234433
6.992734
6.751035
6.501279
6.219296
5.905087
5.566708
5.171933
4.817441
4.479062
4.044003
3.657285
3.230283
2.787167
2.392392
2.037900
1.610898
1.208066
0.813290
0.394345
-0.016544
-0.379092
-0.806094
-1.168643
-1.515079
-1.861514
-2.199893
-2.586612
-2.860538
-3.263370
-3.569522
-3.932071
-4.342960
-4.745792
-5.076114
-5.414493
-5.760928
-6.018741
-6.308780
-6.574649
-6.816348
-7.106387
-7.267520
-7.517276
-7.702579
-7.823428
-7.968448
-8.065127
-8.032901
-8.145694
-8.161807
-8.185977
-8.153751
-8.185977
-8.177920
-8.153751
-8.113467
-8.032901
-8.073184
-7.944278
-7.831485
-7.710635
-7.541446
-7.372256
-7.186954
-6.945254
-6.695499
-6.486026
-6.131534
-5.857608
-5.487002
-5.108340
-4.794131
-4.383243
-4.004581
-3.593692
-3.174747
-2.771915
-2.377139
-1.982364
-1.571475
-1.152530
-0.757754
-0.387149
0.055966
0.458798
0.821347
1.216123
1.546445
1.884824
2.231259
2.609921
2.956357
3.480039
3.907040
4.285703
4.648251
5.083310
5.413632
5.687558
5.977597
6.251523
6.525449
6.742978
6.952451
7.202206
7.443906
7.653378
7.838681
8.015927
8.080380
8.136777
8.193173
8.241513
8.273740
8.314023
8.305966
8.305966
8.322080
8.273740
8.225400
8.169003
8.080380
7.983701
7.887021
7.774228
7.621152
7.443906
7.194150
6.976621
6.742978
6.460996
6.195126
5.872861
5.526425
5.171933
4.817441
4.471005
4.027890
3.608945
3.198056
2.779111
2.352109
1.997617
1.578671
1.183896
0.764951
0.370175
-0.024600
-0.451602
-0.757754
-1.176700
-1.531192
-1.845401
-2.207950
-2.554385
