239.090732
229.684878
231.808780
205.715122
197.826341
188.117073
174.160000
158.079024
145.639024
128.951220
111.656585
94.058537
77.674146
61.896585
45.208780
28.824390
10.316098
-4.603145
-18.124884
-33.948196
-47.469935
-61.567068
-75.664200
-88.610546
-100.118409
-110.763182
-123.134135
-136.655874
-148.739130
-161.685476
-171.179463
-182.687327
-197.359852
-211.169288
-223.252544
-230.157262
-241.665125
-250.583719
-257.200740
-266.119334
-272.160962
-277.339500
-284.819611
-290.285846
-292.875116
-293.738205
-295.176688
-295.464385
-293.738205
-292.875116
-290.573543
-288.559667
-283.668825
-278.202590
-272.448659
-264.105458
-255.474561
-246.555967
-235.048104
-222.101758
-209.443108
-193.619796
-178.084181
-161.110083
-144.423682
-127.449584
-108.749306
-91.775208
-75.376503
-58.977798
-41.140611
-27.043478
-13.809436
0.910244
15.777561
31.251707
43.691707
55.221463
66.144390
76.763902
88.900488
98.002927
105.588293
114.387317
121.062439
127.130732
135.322927
141.694634
148.369756
153.831220
159.596098
166.878049
175.373659
185.386341
192.061463
201.163902
215.424390
226.347317
236.056585
243.641951
252.744390
261.240000
269.128780
274.590244
281.872195
287.940488
295.525854
301.897561
305.235122
306.448780
307.055610
309.179512
309.786341
311.000000
310.696585
310.696585
310.393171
308.269268
303.718049
300.987317
297.953171
292.795122
288.547317
283.085854
277.624390
270.645854
260.633171
252.137561
242.124878
233.629268
221.189268
209.052683
195.095610
180.835122
166.271220
151.403902
139.570732
122.579512
104.374634
87.686829
70.999024
55.524878
38.837073
21.542439
3.640976
-11.507863
-25.892692
-41.140611
-54.086957
-68.184089
-81.130435
-92.350601
-105.584644
-118.243293
-129.175763
-142.122109
-154.493062
-166.576318
-176.645698
-188.441258
-203.401480
-216.635523
-227.855689
-235.048104
-246.268270
-255.474561
-263.242368
-270.147086
-277.051804
-284.244218
-290.861240
-298.629047
-301.218316
-303.807586
-305.533765
-305.821462
-307.259944
-307.547641
-307.259944
-306.684551
-303.232192
-302.656799
-300.067530
-297.190564
-291.148936
-286.833488
-282.230342
-273.599445
-267.557817
-259.502313
-249.720629
-239.363552
-229.581869
-219.224792
-205.990749
-191.318224
-177.221092
-163.123959
-144.999075
-129.751156
-115.078631
-97.529140
-79.116559
-61.854764
-46.031452
-30.495837
-13.521739
1.820488
17.598049
31.251707
43.691707
58.862439
71.605854
82.225366
92.541463
104.678049
114.994146
125.310244
135.626341
146.549268
159.292683
169.608780
178.104390
189.937561
203.894634
219.672195
229.381463
238.180488
246.979512
255.778537
264.577561
271.556098
278.534634
284.906341
293.401951
299.773659
303.111220
306.145366
307.359024
310.393171
309.786341
309.482927
310.696585
309.179512
307.965854
306.145366
304.021463
302.504390
297.346341
293.705366
289.154146
282.175610
274.893659
269.128780
260.026341
250.317073
241.214634
231.201951
219.975610
207.232195
193.275122
179.318049
162.630244
149.886829
135.626341
119.545366
102.857561
84.956098
70.695610
52.490732
36.106341
19.115122
2.427317
-12.083256
-27.043478
-41.140611
-54.950046
-68.471785
-81.705828
-94.939870
-107.598520
-117.667900
-130.614246
-142.985199
-154.780759
-167.439408
-175.782609
-189.016651
-203.401480
-218.074006
-229.581869
-236.774283
-246.555967
-256.913043
-263.530065
-271.010176
-277.914894
-286.258094
-294.025902
-299.779833
-303.807586
-303.807586
-305.533765
-307.259944
-307.835338
-307.547641
-308.698427
-307.835338
-305.246068
-303.232192
-300.642923
-298.629047
-296.327475
-291.436633
-285.395005
-279.065680
-272.448659
-264.680851
-255.762257
-246.555967
-236.486586
-225.554117
-214.333950
-199.949121
-188.153562
-172.042553
-157.945421
-143.848289
-128.600370
-112.489362
-93.213691
-76.239593
-62.430157
-45.456059
-31.934320
-13.809436
2.123902
16.687805
32.161951
44.905366
59.469268
71.605854
83.742439
96.485854
105.588293
118.635122
129.558049
141.087805
154.438049
166.574634
175.070244
186.600000
202.074146
216.941463
225.740488
235.449756
244.855610
253.654634
262.757073
269.432195
276.714146
283.389268
292.795122
297.953171
302.504390
306.448780
307.055610
309.179512
309.179512
311.000000
309.482927
309.179512
308.269268
306.145366
303.414634
299.470244
297.346341
291.581463
287.333659
282.782439
274.286829
268.521951
259.722927
248.496585
239.697561
230.595122
218.155122
206.018537
193.275122
178.104390
164.147317
148.673171
134.716098
118.331707
100.126829
84.045854
67.964878
51.883902
35.499512
18.204878
0.910244
-13.809436
-28.481961
-42.866790
-55.237743
-70.197965
-82.856614
-95.802960
-108.461610
-119.106383
-130.326549
-143.560592
-156.506938
-168.302498
-177.796485
-189.879741
-203.401480
-218.937095
-229.006475
-236.774283
-248.282146
-256.337650
-264.393154
-272.448659
-278.490287
-286.545791
-293.450509
-300.067530
-303.232192
-305.246068
-305.821462
-308.410731
-308.123034
-308.123034
-308.986124
-306.684551
-306.684551
-304.095282
-302.369103
-301.218316
-295.464385
-292.012026
-288.271970
-281.367253
-275.613321
-266.982424
-258.063830
-248.569843
-238.500463
-228.143386
-217.498612
-205.415356
-189.592044
-176.070305
-161.685476
-147.300648
-134.354302
-117.092507
-98.967623
-82.856614
-67.608696
-52.073080
-35.962072
-19.851064
-3.164662
10.316098
25.790244
39.747317
53.704390
66.751220
80.101463
91.934634
103.160976
114.994146
125.917073
140.177561
152.010732
163.540488
172.642927
184.779512
200.557073
214.210732
225.133659
233.325854
243.338537
252.440976
261.846829
268.825366
275.803902
283.996098
293.401951
300.077073
303.111220
305.235122
307.662439
309.786341
309.179512
309.482927
309.482927
309.482927
307.965854
305.538537
302.200976
299.773659
296.739512
290.671220
286.726829
281.265366
274.590244
269.128780
257.599024
250.013659
239.394146
229.381463
217.851707
204.804878
191.454634
176.890732
161.416585
148.369756
135.019512
118.635122
99.520000
83.135610
67.054634
50.366829
33.679024
15.170732
0.303415
-14.672525
-29.057354
-44.017576
-57.251619
-70.485661
-84.582794
-97.529140
-109.037003
-119.969473
-131.765032
-145.862165
-155.931545
-168.590194
-178.371878
-191.318224
-206.278446
-218.937095
-229.581869
-238.212766
-247.994450
-257.488437
-265.256244
-272.736355
-279.065680
-287.696577
-294.313599
-301.218316
-303.807586
-304.670675
-306.972248
-309.273821
-309.561517
-308.410731
-308.410731
-306.684551
-306.396855
-304.095282
-301.218316
-300.067530
-295.464385
-292.875116
-287.408881
-281.367253
-275.325624
-268.133210
-258.926920
-250.008326
-241.089732
-230.157262
-219.800185
-205.990749
-192.469010
-179.234968
-162.836263
-149.026827
-136.080481
-118.818686
-101.844588
-85.733580
-71.348751
-55.237743
-38.263645
-22.728030
-6.904718
8.495610
23.059512
37.623415
50.973659
64.020488
77.370732
89.507317
101.037073
111.960000
123.793171
137.143415
149.280000
162.326829
170.822439
184.476098
199.646829
213.300488
224.830244
232.719024
243.641951
252.440976
262.453659
269.128780
276.107317
284.299512
292.795122
298.863415
304.021463
304.628293
307.965854
307.662439
308.572683
309.179512
309.482927
307.662439
306.752195
305.235122
302.504390
299.773659
294.919024
291.884878
285.513171
281.872195
274.286829
266.701463
258.205854
248.193171
237.270244
229.078049
216.638049
204.501463
189.634146
176.283902
160.202927
147.459512
132.895610
116.207805
98.913171
80.404878
66.144390
49.456585
32.465366
15.170732
-1.726179
-16.111008
-30.495837
-44.592969
-58.402405
-72.787234
-84.295097
-99.255319
-109.324699
-120.257169
-132.628122
-144.135985
-157.370028
-168.877891
-178.659574
-191.605920
-206.278446
-220.375578
-230.444958
-238.212766
-248.282146
-258.063830
-266.694727
-274.174838
-279.065680
-288.271970
-295.176688
-301.506013
-303.519889
-305.821462
-306.396855
-309.849214
-308.986124
-309.561517
-308.986124
-308.123034
-306.972248
-305.246068
-302.656799
-299.779833
-295.464385
-292.875116
-287.121184
-282.805735
-275.037928
-268.996300
-260.365402
-251.159112
-242.240518
-231.308048
-219.800185
-207.429232
-194.770583
-180.385754
-164.850139
-151.040703
-136.943571
-119.969473
-102.995375
-88.035153
-72.499537
-57.251619
-41.140611
-23.878816
-8.630897
6.675122
20.632195
36.106341
49.760000
62.503415
77.370732
88.293659
99.823415
112.263415
123.186341
135.929756
148.976585
160.506341
170.822439
182.959024
199.040000
212.390244
224.526829
232.415610
242.731707
252.744390
261.240000
269.128780
276.714146
284.602927
293.098537
299.470244
304.021463
305.538537
306.752195
307.359024
309.179512
309.786341
309.179512
308.269268
307.359024
304.628293
303.111220
299.166829
296.132683
291.278049
284.602927
280.355122
273.073171
265.791220
255.475122
246.372683
237.877073
228.774634
216.334634
204.198049
191.151220
177.194146
159.899512
146.852683
130.771707
114.994146
97.699512
80.101463
64.627317
48.546341
30.644878
13.653659
-3.452359
-17.261795
-31.646623
-45.456059
-59.553191
-73.074931
-85.445883
-99.543016
-109.900093
-121.983349
-132.628122
-145.574468
-157.945421
-170.891767
-180.098057
-191.893617
-208.004625
-220.375578
-229.869565
-239.075856
-250.583719
-258.926920
-265.831637
-274.174838
-281.942646
-288.559667
-296.039778
-301.218316
-305.246068
-306.109158
-308.986124
-308.410731
-310.424607
-308.986124
-310.136910
-309.273821
-306.396855
-305.821462
-303.519889
-300.930620
-296.327475
-292.587419
-287.984274
-282.518039
-275.901018
-269.571693
-259.214616
-251.446809
-241.377428
-232.458834
-220.375578
-208.292322
-194.770583
-180.385754
-166.576318
-151.616096
-140.108233
-122.558742
-107.023127
-89.473636
-74.225717
-59.553191
-42.003700
-26.180389
-9.493987
4.247805
19.418537
35.802927
47.939512
62.200000
74.943415
87.686829
99.520000
111.049756
121.669268
134.109268
149.280000
159.596098
169.305366
182.352195
197.522927
212.390244
223.009756
231.808780
241.821463
251.227317
261.543415
268.825366
276.410732
284.299512
293.401951
299.166829
303.414634
305.538537
306.752195
307.965854
308.572683
308.269268
309.482927
307.965854
307.055610
304.628293
301.290732
300.683902
294.615610
290.671220
285.209756
280.658537
273.073171
264.577561
255.171707
245.159024
236.966829
226.650732
216.638049
202.377561
190.544390
174.160000
159.596098
145.335610
130.468293
114.690732
96.485854
77.977561
63.110244
46.119024
30.038049
13.350244
-3.452359
-17.549491
-32.797410
-46.031452
-60.703978
-73.650324
-86.021277
-100.118409
-110.763182
-121.983349
-134.929695
-146.149861
-159.096207
-171.467160
-179.810361
-192.756707
-208.292322
-220.950971
-230.157262
-239.075856
-249.720629
-259.214616
-265.256244
-275.037928
-281.654949
-288.271970
-296.327475
-301.218316
-305.533765
-305.533765
-309.273821
-309.849214
-308.410731
-310.712303
-309.849214
-309.561517
-306.396855
-305.533765
-302.369103
-300.355227
-295.752081
-292.587419
-287.984274
-282.518039
-275.901018
-268.708603
-260.077706
-251.446809
-242.815911
-232.458834
-221.814061
-208.580019
-196.496762
-180.385754
-166.000925
-152.479186
-139.820537
-123.997225
-106.160037
-89.185939
-74.801110
-58.977798
-43.154487
-26.755782
-9.493987
3.034146
19.418537
33.679024
46.725854
60.379512
74.640000
86.473171
98.306341
110.139512
121.972683
135.019512
148.976585
159.292683
169.001951
182.048780
198.129756
212.086829
222.402927
231.201951
242.731707
251.834146
260.633171
268.521951
276.714146
284.299512
292.188293
299.470244
303.111220
305.841951
307.965854
308.876098
308.269268
308.269268
308.572683
307.055610
305.538537
304.324878
301.897561
299.470244
293.401951
291.581463
284.299512
278.231220
273.376585
264.274146
255.475122
245.765854
237.270244
227.560976
215.424390
202.680976
188.723902
174.463415
158.382439
145.032195
130.771707
113.780488
96.182439
78.584390
62.200000
45.512195
29.431220
10.922927
-3.452359
-18.412581
-33.085106
-47.469935
-60.703978
-74.225717
-86.021277
-99.255319
-110.475486
-121.407956
-132.340426
-146.149861
-157.370028
-170.604070
-178.084181
-191.893617
-208.004625
-220.950971
-230.157262
-239.075856
-248.857539
-256.913043
-267.845513
-274.174838
-281.654949
-289.135060
-294.888992
-302.081406
-304.958372
-307.835338
-308.410731
-308.410731
-309.849214
-308.698427
-309.561517
-307.547641
-306.972248
-304.095282
-302.369103
-300.930620
-295.464385
-292.875116
-288.559667
-283.093432
-276.188714
-267.845513
-261.516189
-251.734505
-242.815911
-231.595745
-220.087882
-208.867715
-194.482886
-181.824237
-165.137835
-151.903793
-140.108233
-123.421832
-106.735430
-89.185939
-74.801110
-59.265495
-41.140611
-26.468085
-10.644773
3.337561
18.811707
33.679024
48.242927
61.896585
75.853659
87.080000
99.216585
109.836098
121.062439
135.322927
147.762927
158.989268
169.001951
182.352195
199.040000
212.086829
223.313171
232.112195
243.035122
252.744390
260.936585
269.432195
277.017561
284.299512
293.098537
299.166829
303.111220
305.538537
306.752195
308.876098
309.179512
308.572683
308.876098
306.752195
306.448780
304.931707
301.594146
297.953171
295.222439
289.154146
284.906341
279.141463
272.162927
265.487805
254.564878
247.586341
236.663415
226.043902
216.334634
201.467317
189.634146
173.249756
157.168780
145.335610
129.558049
114.083902
95.272195
78.584390
63.717073
45.208780
28.824390
11.226341
-3.452359
-18.700278
-33.085106
-47.182239
-61.854764
-73.650324
-87.459759
-98.392229
-110.475486
-121.120259
-133.491212
-146.725254
-157.657724
-170.316374
-179.810361
-191.893617
-208.292322
-219.512488
-230.732655
-239.075856
-250.296022
-258.351526
-265.831637
-273.887142
-281.942646
-287.696577
-296.327475
-301.218316
-305.246068
-306.396855
-308.410731
-310.136910
-309.273821
-309.849214
-309.273821
-307.835338
-306.972248
-304.095282
-302.369103
-299.492137
-295.752081
-292.299722
-285.970398
-281.942646
-275.325624
-267.557817
-260.365402
-251.159112
-242.815911
-231.883441
-220.950971
-208.004625
-195.345976
-181.536540
-166.288622
-152.766883
-140.108233
-123.134135
-106.160037
-88.322849
-75.376503
-58.402405
-42.866790
-26.755782
-10.357077
2.730732
19.418537
33.375610
47.636098
60.682927
74.033171
87.080000
98.913171
110.746341
122.276098
135.019512
148.369756
159.596098
168.698537
183.262439
198.433171
212.693659
223.616585
233.022439
244.248780
253.047805
263.060488
270.645854
277.927805
286.120000
291.884878
300.077073
304.021463
305.841951
308.269268
308.269268
308.269268
308.876098
308.269268
308.269268
305.235122
304.628293
302.807805
297.953171
294.008780
289.457561
284.602927
279.748293
271.859512
265.487805
256.688780
245.765854
236.966829
227.560976
213.907317
201.770732
186.903415
171.429268
156.561951
144.121951
130.164878
111.960000
94.361951
76.157073
60.682927
44.601951
26.700488
10.316098
-5.466235
-20.714154
-35.674376
-50.059204
-62.717854
-76.239593
-89.185939
-101.269195
-112.201665
-124.860315
-135.505088
-147.300648
-159.959297
-171.467160
-180.961147
-193.332100
-208.867715
-222.389454
-231.020352
-239.363552
-251.446809
-258.926920
-267.845513
-275.325624
-283.381129
-289.998150
-296.327475
-302.081406
-304.958372
-307.835338
-308.410731
-309.849214
-309.849214
-311.000000
-310.424607
-308.698427
-307.835338
-304.670675
-302.944496
-300.930620
-295.176688
-292.875116
-287.408881
-281.079556
-274.750231
-267.845513
-260.940796
-251.159112
-241.952821
-232.171138
-220.663275
-207.716929
-195.345976
-181.248844
-163.987049
-152.191489
-140.108233
-122.271045
-106.160037
-88.322849
-73.362627
-58.402405
-42.291397
-25.029602
-9.781684
4.247805
19.115122
34.285854
49.153171
61.289756
75.246829
88.597073
99.520000
112.566829
123.489756
137.750244
149.583415
159.899512
169.912195
183.565854
200.860488
213.300488
223.616585
234.539512
245.159024
254.261463
262.453659
270.645854
277.017561
286.726829
294.312195
299.166829
304.324878
305.235122
307.662439
308.572683
308.572683
310.089756
308.269268
308.269268
307.359024
303.718049
302.807805
298.560000
294.919024
290.064390
285.513171
279.444878
272.466341
264.577561
254.868293
246.372683
235.753171
226.650732
215.120976
200.860488
188.117073
172.642927
155.651707
143.818537
128.951220
111.353171
93.755122
75.246829
59.772683
43.388293
26.093659
10.619512
-6.041628
-19.563367
-35.098982
-49.483811
-62.142461
-75.664200
-87.747456
-101.269195
-112.777058
-121.983349
-134.929695
-146.725254
-158.520814
-170.316374
-180.961147
-193.044403
-208.580019
-222.389454
-230.157262
-239.938945
-250.871415
-259.502313
-267.270120
-274.462535
-283.668825
-289.710453
-295.752081
-301.218316
-304.095282
-306.972248
-308.123034
-310.136910
-309.849214
-308.986124
-308.698427
-309.561517
-306.109158
-304.382979
-302.944496
-299.779833
-295.752081
-292.299722
-287.121184
-281.367253
-275.037928
-266.407031
-259.214616
-250.583719
-241.089732
-231.308048
-219.224792
-207.429232
-195.345976
-179.522664
-166.288622
-152.479186
-139.532840
-123.709528
-106.160037
-90.049029
-74.225717
-58.977798
-42.291397
-27.043478
-11.507863
3.034146
19.115122
33.982439
47.332683
61.896585
74.943415
86.473171
98.913171
110.139512
121.972683
135.626341
148.369756
159.899512
169.608780
182.959024
199.040000
212.086829
223.313171
234.236098
244.552195
253.958049
263.667317
270.039024
278.231220
285.513171
293.098537
300.077073
304.021463
305.538537
307.662439
308.572683
308.876098
308.572683
309.482927
307.965854
307.055610
304.931707
301.290732
298.256585
295.525854
290.064390
284.299512
280.051707
273.073171
263.970732
255.778537
244.855610
235.449756
227.864390
213.907317
201.163902
188.420488
171.732683
156.258537
144.425366
128.040976
111.353171
92.844878
75.550244
60.076098
43.084878
26.700488
9.709268
-6.617021
-19.563367
-35.674376
-49.771508
-63.293247
-75.664200
-87.747456
-100.981499
-111.338575
-123.134135
-136.368178
-147.588344
-159.671600
-170.604070
-180.098057
-193.044403
-208.580019
-220.950971
-231.308048
-239.075856
-251.159112
-259.214616
-266.982424
-275.325624
-282.230342
-289.710453
-296.902868
-301.218316
-304.382979
-305.533765
-308.986124
-310.136910
-308.986124
-309.561517
-308.986124
-308.123034
-306.972248
-304.382979
-302.369103
-298.916744
-294.313599
-291.724329
-286.545791
-280.504163
-274.750231
-267.845513
-257.776133
-250.871415
-240.802035
-231.020352
-220.087882
-207.716929
-192.756707
-179.810361
-164.274746
-152.191489
-138.957447
-122.271045
-104.146161
-87.747456
-73.074931
-56.963922
-41.428307
-25.029602
-8.630897
4.247805
20.328780
34.589268
49.760000
62.503415
77.067317
88.597073
99.823415
112.566829
124.400000
137.446829
151.100488
161.113171
171.125854
184.779512
200.860488
215.727805
224.526829
235.146341
244.855610
255.171707
263.363902
270.949268
278.231220
286.423415
294.312195
300.987317
304.021463
306.752195
308.572683
309.179512
310.089756
310.393171
308.269268
310.089756
307.359024
304.628293
303.111220
300.077073
294.008780
290.367805
284.299512
279.141463
272.769756
263.667317
254.564878
245.765854
234.842927
225.133659
214.210732
199.950244
186.296585
172.339512
155.044878
142.908293
128.647805
110.442927
91.024390
75.550244
58.559024
43.388293
25.790244
7.888780
-7.192414
-21.577243
-36.537465
-50.346901
-64.731730
-76.239593
-89.473636
-101.556892
-111.626272
-123.421832
-136.080481
-147.588344
-159.383904
-170.891767
-180.961147
-193.619796
-210.306198
-220.950971
-231.883441
-240.514339
-250.583719
-259.502313
-267.557817
-274.462535
-282.805735
-289.998150
-296.615171
-302.369103
-305.246068
-306.684551
-308.410731
-308.410731
-309.273821
-308.698427
-308.410731
-307.835338
-305.533765
-303.807586
-301.506013
-299.779833
-294.313599
-291.436633
-287.408881
-281.367253
-275.037928
-266.982424
-258.639223
-250.008326
-241.377428
-230.157262
-219.224792
-207.429232
-192.469010
-180.385754
-165.425532
-152.479186
-138.669750
-121.983349
-105.872340
-88.898242
-74.513414
-58.977798
-42.003700
-27.043478
-10.932470
3.034146
19.721951
35.802927
47.636098
61.593171
74.640000
87.080000
99.216585
110.442927
122.579512
135.626341
148.976585
159.596098
169.608780
183.869268
200.860488
213.603902
224.526829
233.629268
244.855610
254.261463
263.667317
270.949268
278.838049
287.637073
294.615610
300.077073
303.718049
307.359024
307.662439
309.179512
309.482927
308.876098
309.179512
307.965854
306.752195
304.628293
302.807805
299.470244
295.222439
290.974634
284.906341
277.927805
272.466341
264.274146
254.261463
245.159024
235.146341
225.740488
214.817561
199.646829
186.600000
171.125854
155.348293
142.908293
127.130732
110.746341
91.631220
74.640000
59.469268
41.567805
26.700488
8.192195
-7.192414
-20.714154
-36.537465
-49.483811
-63.580944
-76.239593
-89.185939
-100.406105
-112.489362
-124.572618
-135.792784
-148.163737
-159.671600
-171.467160
-180.385754
-193.044403
-210.881591
-223.252544
-231.595745
-240.226642
-249.720629
-259.214616
-265.831637
-274.174838
-281.942646
-289.710453
-296.615171
-301.793710
-304.382979
-307.547641
-308.123034
-308.986124
-309.273821
-309.273821
-309.561517
-308.410731
-306.396855
-304.670675
-302.369103
-298.916744
-294.313599
-292.012026
-285.395005
-280.504163
-275.037928
-265.543941
-258.639223
-249.145236
-240.802035
-230.157262
-218.649399
-206.853839
-192.181314
-179.234968
-164.850139
-151.040703
-137.806660
-120.832562
-104.721554
-87.459759
-73.362627
-56.388529
-39.414431
-24.454209
-8.630897
4.247805
20.935610
35.196098
49.760000
63.413659
75.853659
87.686829
100.126829
112.263415
123.489756
137.750244
150.493659
160.202927
170.519024
184.779512
201.467317
213.603902
226.650732
235.449756
246.069268
255.171707
264.274146
272.162927
280.051707
287.940488
295.829268
300.987317
304.931707
305.841951
308.572683
308.876098
309.786341
308.572683
308.876098
308.876098
307.359024
305.235122
302.807805
299.470244
294.919024
289.760976
285.816585
278.838049
272.162927
264.577561
255.475122
244.248780
235.753171
225.133659
212.086829
200.253659
185.689756
169.608780
155.044878
140.177561
126.523902
108.925854
89.810732
73.729756
57.648780
40.657561
23.059512
6.978537
-9.206290
-23.303423
-38.263645
-52.073080
-65.882516
-79.404255
-90.912118
-103.283071
-115.366327
-125.148011
-137.806660
-149.602220
-161.973173
-173.481036
-182.975023
-195.058279
-210.881591
-222.964847
-232.171138
-241.665125
-252.597595
-260.653099
-269.571693
-276.476411
-283.956522
-292.012026
-297.190564
-302.944496
-305.821462
-306.684551
-307.835338
-309.273821
-309.849214
-308.986124
-309.273821
-308.410731
-306.109158
-304.958372
-302.656799
-298.053654
-296.039778
-291.724329
-285.682701
-281.367253
-273.887142
-266.119334
-258.639223
-249.432932
-240.226642
-229.869565
-218.649399
-205.990749
-193.332100
-180.385754
-165.425532
-152.479186
-139.532840
-121.983349
-105.584644
-88.322849
-73.074931
-58.690102
-41.428307
-25.317299
-9.493987
4.551220
19.418537
34.589268
48.546341
61.593171
76.157073
87.383415
99.520000
112.263415
122.882927
136.536585
149.886829
161.113171
172.036098
185.082927
202.377561
214.210732
224.830244
235.146341
245.765854
255.778537
264.274146
271.252683
280.658537
287.637073
295.829268
300.683902
304.628293
305.841951
307.965854
309.786341
308.876098
309.786341
308.876098
309.179512
306.448780
304.324878
302.200976
297.953171
294.008780
290.064390
283.389268
278.838049
270.645854
262.757073
254.868293
243.945366
235.146341
224.830244
211.480000
198.129756
184.476098
169.608780
153.527805
139.874146
124.703415
106.195122
87.990244
71.302439
56.131707
39.140488
22.149268
5.764878
-9.493987
-24.166512
-39.126735
-53.511563
-66.170213
-79.404255
-91.487512
-103.570768
-115.078631
-125.723404
-138.957447
-151.040703
-163.699352
-174.919519
-182.975023
-197.072155
-211.456984
-224.403330
-232.458834
-241.952821
-252.885291
-261.516189
-268.996300
-275.901018
-283.668825
-292.012026
-297.478261
-303.232192
-304.958372
-307.547641
-308.410731
-309.849214
-308.698427
-309.849214
-309.561517
-308.123034
-306.396855
-305.533765
-302.656799
-299.204440
-296.039778
-292.012026
-286.545791
-281.367253
-274.750231
-266.119334
-256.913043
-250.008326
-239.651249
-230.444958
-218.937095
-205.990749
-192.181314
-179.522664
-163.699352
-152.479186
-138.669750
-121.983349
-103.858464
-88.035153
-72.787234
-57.827012
-41.716004
-24.741906
-9.493987
4.551220
20.935610
35.196098
47.939512
62.200000
74.943415
87.686829
99.216585
111.049756
123.186341
136.840000
149.886829
160.202927
169.305366
184.172683
201.467317
214.210732
224.526829
236.056585
244.855610
254.261463
264.880976
271.859512
279.141463
287.940488
294.008780
301.290732
304.021463
306.448780
307.359024
307.662439
308.269268
308.876098
308.876098
308.269268
307.055610
305.841951
300.683902
299.166829
293.401951
289.760976
285.816585
277.320976
272.162927
263.363902
253.351220
243.641951
234.236098
224.223415
210.569756
197.826341
183.262439
167.484878
153.831220
138.660488
124.400000
106.801951
87.990244
71.302439
55.221463
38.533659
22.452683
4.247805
-10.069380
-25.029602
-39.989824
-52.936170
-67.896392
-80.555042
-91.775208
-105.009251
-115.366327
-126.874191
-138.382054
-150.177613
-163.123959
-173.193340
-182.687327
-197.647549
-211.744681
-224.691027
-233.897317
-242.528215
-252.885291
-260.653099
-270.434783
-277.339500
-283.668825
-291.724329
-298.629047
-302.081406
-306.109158
-306.684551
-309.561517
-310.136910
-310.424607
-311.000000
-308.698427
-308.986124
-306.396855
-304.670675
-302.369103
-298.053654
-295.752081
-291.436633
-285.970398
-279.641073
-274.174838
-266.119334
-257.488437
-249.720629
-239.075856
-229.869565
-218.937095
-205.703053
-191.893617
-179.522664
-163.699352
-151.328400
-138.094357
-121.695652
-104.146161
-88.035153
-72.787234
-56.388529
-40.852914
-24.741906
-9.206290
4.551220
21.239024
34.285854
49.456585
63.413659
75.853659
87.686829
99.823415
111.353171
122.276098
136.536585
150.190244
159.899512
170.519024
185.386341
200.860488
215.424390
224.526829
235.146341
245.765854
255.778537
263.667317
271.859512
278.838049
287.333659
295.829268
301.594146
304.628293
306.448780
307.662439
309.482927
308.876098
308.876098
309.179512
307.965854
306.145366
305.235122
302.807805
297.649756
294.312195
289.760976
283.085854
278.534634
271.556098
261.846829
253.654634
243.945366
234.842927
223.313171
210.873171
198.129756
183.262439
168.091707
153.527805
140.480976
124.400000
107.408780
87.686829
70.999024
56.131707
38.837073
21.542439
4.551220
-9.206290
-25.029602
-39.414431
-54.086957
-67.033302
-79.116559
-92.638298
-103.570768
-115.078631
-126.874191
-136.655874
-150.465310
-161.685476
-173.193340
-182.399630
-197.072155
-212.895467
-224.403330
-233.897317
-243.679001
-252.885291
-262.379278
-268.996300
-276.188714
-284.244218
-292.875116
-298.341351
-303.232192
-305.246068
-307.547641
-309.561517
-308.986124
-310.424607
-309.849214
-309.561517
-308.410731
-305.821462
-304.670675
-301.218316
-297.190564
-296.039778
-290.861240
-285.682701
-280.216466
-274.462535
-265.831637
-257.488437
-250.008326
-239.363552
-228.718779
-218.937095
-205.703053
-191.605920
-178.084181
-164.274746
-151.040703
-137.806660
-120.544866
-103.858464
-86.884366
-71.636448
-56.388529
-39.702128
-24.166512
-7.767808
5.764878
21.845854
36.409756
49.153171
64.323902
77.977561
88.900488
101.037073
111.960000
124.703415
137.446829
150.493659
160.506341
170.519024
186.296585
201.467317
216.638049
225.437073
235.753171
246.676098
256.688780
264.880976
272.466341
279.141463
287.030244
295.525854
300.683902
304.324878
306.752195
307.359024
308.876098
309.482927
308.876098
309.482927
308.269268
306.752195
304.628293
301.594146
297.649756
293.098537
289.154146
284.299512
277.320976
270.949268
262.453659
253.654634
243.641951
233.629268
222.706341
210.569756
197.522927
184.172683
167.788293
152.920976
138.660488
122.579512
105.284878
86.776585
70.392195
54.614634
37.016585
20.935610
2.730732
-11.795560
-26.180389
-40.565217
-54.662350
-68.471785
-81.418131
-91.487512
-105.584644
-117.092507
-128.312673
-139.245143
-151.903793
-163.699352
-173.768733
-184.413506
-199.086031
-214.046253
-225.266420
-234.472710
-243.391304
-253.172988
-263.242368
-270.434783
-276.764107
-285.107308
-291.724329
-299.492137
-303.519889
-305.246068
-308.410731
-308.410731
-310.424607
-309.849214
-310.712303
-310.136910
-308.410731
-306.684551
-304.670675
-301.793710
-299.492137
-294.313599
-290.573543
-285.395005
-281.942646
-273.887142
-264.968548
-257.776133
-247.994450
-239.075856
-228.718779
-217.498612
-205.415356
-192.181314
-178.659574
-163.699352
-151.328400
-136.368178
-118.818686
-103.283071
-87.172063
-71.636448
-57.251619
-38.839038
-24.166512
-8.055504
4.551220
21.239024
36.409756
49.456585
62.806829
75.853659
88.293659
99.520000
110.746341
123.793171
137.143415
149.583415
160.809756
171.429268
185.689756
201.467317
214.817561
225.437073
236.056585
246.069268
255.171707
264.577561
272.162927
280.355122
288.243902
294.919024
301.290732
304.021463
305.841951
307.662439
308.572683
308.572683
309.482927
308.572683
308.572683
305.235122
304.021463
301.594146
297.346341
293.705366
289.154146
283.996098
276.714146
270.039024
262.150244
252.137561
242.428293
233.022439
223.009756
208.749268
196.005854
182.048780
167.484878
152.314146
137.750244
122.276098
103.767805
85.259512
69.481951
53.097561
36.713171
20.025366
3.034146
-12.083256
-26.755782
-41.140611
-55.237743
-69.334875
-82.856614
-94.939870
-107.886216
-118.818686
-128.888067
-142.122109
-153.054579
-164.274746
-174.631822
-184.988899
-199.373728
-214.046253
-226.129510
-233.897317
-245.117484
-254.611471
-263.242368
-271.585569
-277.051804
-285.970398
-292.875116
-300.067530
-303.807586
-307.259944
-307.835338
-310.712303
-309.561517
-310.424607
-309.849214
-309.561517
-309.561517
-305.821462
-305.246068
-302.944496
-299.204440
-294.601295
-292.012026
-286.258094
-279.641073
-273.599445
-265.256244
-256.625347
-248.282146
-239.363552
-229.006475
-218.074006
-205.415356
-191.030527
-179.234968
-162.260870
-151.616096
-136.943571
-119.394080
-102.707678
-86.308973
-71.636448
-55.237743
-39.126735
-24.741906
-8.343201
5.158049
20.632195
36.106341
48.849756
63.413659
76.763902
87.686829
99.823415
112.870244
124.400000
138.357073
149.886829
160.809756
172.036098
186.296585
203.287805
215.727805
226.043902
236.663415
245.462439
255.475122
264.274146
272.162927
280.051707
287.637073
295.222439
300.380488
304.324878
306.448780
307.965854
307.965854
308.572683
308.876098
308.269268
307.965854
306.145366
301.897561
301.290732
297.042927
292.491707
288.850732
282.782439
276.410732
269.128780
261.846829
251.530732
242.124878
233.022439
221.796098
208.445854
195.702439
182.352195
166.574634
150.190244
137.446829
122.276098
103.464390
84.956098
67.964878
51.883902
34.285854
18.508293
2.123902
-13.234043
-27.618871
-43.154487
-56.100833
-69.910268
-83.432007
-95.802960
-107.886216
-117.955597
-128.600370
-141.834413
-153.342276
-165.713228
-175.494912
-184.125809
-200.524514
-215.197040
-226.417206
-235.335800
-245.405180
-254.899167
-264.105458
-271.297872
-277.051804
-285.970398
-293.162812
-300.067530
-303.519889
-306.972248
-307.835338
-309.273821
-310.424607
-310.424607
-310.136910
-310.424607
-310.424607
-306.684551
-304.670675
-303.807586
-298.341351
-294.313599
-292.012026
-287.121184
-280.504163
-273.599445
-265.543941
-256.625347
-248.857539
-238.212766
-229.294172
-217.498612
-205.127660
-192.469010
-178.659574
-162.836263
-151.040703
-135.792784
-119.394080
-102.419981
-87.172063
-71.636448
-55.813136
-40.277521
-23.591119
-8.630897
6.068293
20.935610
35.499512
50.670244
62.200000
77.067317
88.597073
100.126829
111.353171
124.400000
138.357073
150.190244
160.202927
171.429268
187.510244
202.984390
215.120976
225.437073
235.449756
245.765854
255.778537
264.577561
271.252683
280.051707
287.333659
295.829268
300.987317
303.718049
306.752195
307.662439
307.055610
308.876098
307.359024
307.359024
307.055610
304.628293
303.111220
299.470244
297.042927
293.098537
287.333659
282.479024
277.017561
269.735610
259.722927
251.834146
242.124878
231.505366
220.885854
207.535610
195.399024
180.228293
164.147317
149.583415
135.626341
121.062439
103.160976
83.439024
68.875122
51.580488
34.892683
18.508293
0.910244
-14.097132
-28.194265
-43.442183
-56.388529
-70.197965
-83.432007
-95.802960
-108.749306
-118.818686
-129.751156
-142.985199
-153.917669
-166.576318
-176.645698
-186.427382
-201.099907
-214.909343
-227.280296
-235.335800
-246.555967
-255.762257
-264.105458
-271.873265
-277.627197
-285.970398
-293.162812
-300.642923
-303.807586
-306.396855
-308.123034
-310.136910
-311.000000
-310.136910
-311.000000
-311.000000
-309.561517
-306.684551
-305.533765
-301.793710
-298.341351
-295.176688
-292.012026
-285.970398
-280.504163
-272.736355
-266.119334
-257.200740
-247.994450
-238.500463
-229.294172
-217.210916
-205.127660
-191.893617
-178.371878
-162.836263
-150.753006
-136.080481
-118.530990
-102.132285
-86.308973
-71.924144
-54.086957
-38.551341
-23.015726
-7.192414
5.461463
21.845854
35.196098
50.366829
63.413659
76.763902
88.597073
99.216585
111.960000
124.703415
137.446829
150.797073
159.596098
171.429268
187.206829
202.680976
216.638049
225.133659
235.753171
245.765854
255.475122
264.880976
271.859512
280.051707
288.547317
296.132683
301.594146
303.414634
306.145366
307.662439
307.662439
309.482927
308.572683
308.876098
307.359024
305.841951
303.111220
299.166829
297.953171
293.098537
286.726829
283.085854
276.714146
269.128780
259.722927
250.013659
240.911220
