-256.357009
-261.007477
-238.045794
-226.419626
-220.025234
-211.886916
-198.226168
-184.274766
-170.323364
-158.115888
-143.292523
-125.562617
-109.285981
-93.881308
-78.476636
-64.815888
-48.829907
-32.843925
-16.857944
-4.359813
10.724138
24.512315
39.526108
53.620690
66.489655
80.277833
92.227586
106.015764
119.191133
132.672906
147.686700
158.410837
170.973399
187.519212
203.145813
215.095567
225.206897
235.931034
244.203941
254.621675
262.894581
268.716256
277.295567
283.423645
289.245320
293.841379
294.147783
295.373399
294.454187
295.066995
293.534975
289.858128
287.100493
284.036453
278.521182
273.312315
265.958621
256.153695
245.123153
233.479803
220.917241
206.516256
189.970443
172.199015
155.040394
136.349754
117.965517
98.968473
79.358621
62.200000
42.590148
24.205911
8.885714
-4.650467
-18.892523
-34.587850
-49.120561
-59.584112
-70.338318
-80.511215
-90.974766
-100.566355
-110.157944
-116.552336
-125.271963
-131.957009
-138.642056
-145.908411
-152.593458
-158.697196
-163.347664
-169.742056
-177.299065
-185.728037
-194.157009
-199.970093
-209.852336
-220.606542
-232.232710
-240.371028
-247.928037
-255.485047
-261.879439
-268.855140
-275.830841
-281.062617
-288.328972
-295.304673
-299.664486
-303.152336
-304.024299
-305.768224
-306.349533
-306.930841
-308.093458
-306.930841
-307.512150
-306.058879
-305.186916
-301.699065
-300.536449
-297.920561
-294.723364
-290.363551
-285.713084
-279.028037
-273.505607
-266.239252
-258.682243
-249.671963
-239.789720
-229.035514
-217.118692
-203.457944
-191.250467
-178.461682
-164.219626
-152.012150
-137.188785
-119.458879
-104.054206
-88.940187
-74.988785
-59.002804
-42.726168
-27.902804
-12.207477
1.532020
15.626601
30.333990
43.509360
57.910345
71.392118
83.954680
97.130049
108.773399
124.706404
136.349754
151.976355
161.168473
174.343842
191.196059
206.209852
219.385222
228.577340
238.995074
248.800000
257.685714
267.490640
274.231527
282.504433
290.164532
297.211823
301.501478
303.952709
307.016749
307.629557
308.548768
309.467980
309.774384
309.467980
307.935961
305.484729
302.727094
299.050246
295.986207
290.164532
285.262069
279.133990
272.699507
264.733005
254.928079
244.203941
232.560591
219.078818
206.516256
190.583251
173.424631
158.104433
141.252217
123.174384
106.934975
87.937931
69.553695
49.637438
32.785222
16.852217
2.144828
-13.079439
-29.065421
-44.470093
-56.677570
-70.047664
-81.964486
-91.556075
-104.344860
-113.645794
-125.271963
-134.572897
-145.036449
-155.790654
-166.544860
-177.008411
-185.728037
-197.935514
-210.724299
-223.222430
-233.395327
-240.371028
-249.381308
-256.938318
-265.076636
-271.761682
-278.156075
-283.969159
-291.816822
-297.629907
-301.117757
-304.605607
-306.349533
-307.221495
-306.930841
-306.930841
-307.221495
-307.221495
-306.058879
-304.314953
-303.442991
-301.699065
-297.920561
-293.560748
-290.654206
-285.713084
-280.771963
-275.249533
-267.983178
-258.100935
-249.962617
-239.499065
-228.454206
-218.571963
-204.620561
-191.831776
-177.008411
-163.928972
-152.593458
-136.316822
-119.749533
-102.891589
-88.940187
-74.698131
-59.293458
-43.307477
-27.902804
-12.788785
1.532020
16.545813
29.414778
44.122167
57.297537
72.004926
85.180296
96.823645
110.918227
123.787192
136.656158
150.137931
161.168473
174.650246
191.196059
206.822660
218.466010
228.883744
238.382266
248.187192
258.298522
266.265025
274.231527
282.198030
290.470936
298.131034
303.339901
305.484729
307.323153
308.855172
308.548768
310.387192
310.387192
309.161576
309.774384
306.403941
305.484729
301.501478
298.437438
294.454187
288.938916
282.810837
275.457143
269.329064
260.443350
250.944828
239.914286
228.270936
215.401970
201.000985
185.987192
169.747783
153.508374
136.962562
121.642365
105.096552
86.712315
67.408867
50.863054
34.623645
19.303448
2.451232
-13.951402
-27.612150
-41.563551
-55.514953
-69.466355
-81.092523
-92.718692
-105.507477
-116.261682
-126.725234
-138.351402
-149.105607
-161.022430
-173.811215
-182.821495
-192.413084
-207.527103
-220.897196
-231.070093
-238.627103
-247.637383
-255.485047
-261.879439
-269.727103
-277.865421
-284.550467
-291.235514
-297.048598
-302.280374
-304.024299
-306.640187
-306.640187
-306.930841
-307.221495
-307.802804
-307.802804
-306.058879
-304.896262
-303.152336
-300.827103
-298.501869
-295.304673
-290.944860
-285.713084
-280.481308
-274.377570
-266.820561
-257.810280
-249.671963
-238.627103
-228.744860
-217.700000
-206.655140
-190.959813
-178.752336
-163.057009
-150.558879
-137.479439
-120.040187
-103.472897
-87.777570
-74.116822
-60.456075
-44.760748
-29.065421
-13.079439
0.306404
16.545813
29.721182
42.590148
57.603941
70.166502
84.567488
96.517241
110.305419
123.787192
136.962562
150.444335
160.249261
172.811823
191.196059
205.290640
219.385222
229.190148
238.995074
249.106404
256.766502
265.345813
275.457143
282.810837
290.777340
297.824631
302.727094
304.871921
307.323153
308.242365
309.467980
310.080788
308.855172
308.855172
308.855172
306.710345
305.791133
303.339901
299.969458
295.986207
290.777340
285.874877
279.746798
271.780296
263.200985
253.396059
241.446305
231.947783
218.159606
204.371429
190.276847
174.037438
157.491626
142.171429
127.157635
111.531034
91.921182
74.456158
58.829557
41.670936
26.044335
8.579310
-6.685047
-21.799065
-35.459813
-49.120561
-63.362617
-75.860748
-86.905607
-99.985047
-112.483178
-122.365421
-134.863551
-145.908411
-157.825234
-170.614019
-178.752336
-191.250467
-204.620561
-218.862617
-229.907477
-235.720561
-245.893458
-252.578505
-261.588785
-268.855140
-275.830841
-283.678505
-290.363551
-297.920561
-302.280374
-304.896262
-306.349533
-306.930841
-308.674766
-307.221495
-307.802804
-307.802804
-306.930841
-305.768224
-303.152336
-300.827103
-297.339252
-295.595327
-289.782243
-286.294393
-281.062617
-274.086916
-268.273832
-258.100935
-249.671963
-239.789720
-229.616822
-218.281308
-205.783178
-192.122430
-177.880374
-165.091589
-152.012150
-136.607477
-120.330841
-103.182243
-89.230841
-74.698131
-59.293458
-43.598131
-27.321495
-13.951402
1.532020
15.013793
30.333990
43.509360
56.991133
70.779310
83.648276
97.130049
109.999015
122.255172
136.962562
151.057143
162.394089
172.199015
189.051232
205.903448
217.546798
227.964532
238.382266
247.574384
257.992118
266.265025
274.537931
281.891626
291.083744
298.131034
302.114286
304.565517
308.242365
308.242365
308.855172
309.161576
309.774384
310.080788
308.548768
307.629557
305.484729
302.727094
299.663054
295.986207
290.164532
285.874877
278.827586
273.312315
265.039409
255.540887
245.123153
232.560591
221.836453
207.741872
193.034483
178.633498
160.862069
145.541872
131.140887
115.820690
95.598030
78.133005
62.506404
46.266995
29.721182
12.256158
-2.906542
-18.892523
-32.553271
-46.795327
-59.874766
-73.244860
-85.452336
-97.659813
-110.157944
-120.621495
-131.957009
-145.327103
-155.790654
-167.998131
-177.589720
-187.762617
-202.585981
-218.571963
-227.291589
-235.429907
-245.021495
-252.869159
-260.426168
-269.145794
-275.540187
-284.259813
-290.654206
-298.211215
-301.989720
-304.896262
-306.349533
-307.221495
-308.093458
-308.384112
-307.512150
-307.512150
-306.930841
-306.640187
-304.314953
-301.408411
-299.083178
-294.723364
-290.944860
-286.294393
-281.353271
-275.830841
-267.401869
-260.135514
-251.415888
-240.371028
-230.488785
-218.281308
-205.783178
-192.703738
-179.042991
-164.800935
-151.430841
-138.060748
-120.912150
-104.926168
-89.230841
-74.698131
-60.746729
-45.342056
-28.484112
-13.079439
-0.000000
14.707389
29.414778
42.896552
57.910345
71.085714
83.035468
96.210837
108.773399
121.948768
136.349754
148.605911
159.636453
171.892611
189.051232
204.677833
217.240394
227.658128
236.850246
247.574384
256.153695
265.345813
272.699507
282.198030
289.858128
297.211823
303.033498
305.791133
307.935961
308.548768
309.161576
310.080788
309.774384
309.467980
308.548768
306.403941
304.871921
302.420690
300.275862
295.679803
290.470936
286.181281
281.278818
273.005911
265.345813
255.540887
246.655172
234.705419
222.755665
209.886700
194.872906
179.246305
162.700493
146.767488
133.592118
117.659113
98.968473
79.971429
64.038424
48.718227
33.704433
15.320197
-0.581308
-14.823364
-29.356075
-43.888785
-57.258879
-71.210280
-82.545794
-96.206542
-108.414019
-119.168224
-131.085047
-143.001869
-154.046729
-167.126168
-178.461682
-187.762617
-202.876636
-215.956075
-226.710280
-235.139252
-243.858879
-253.159813
-261.588785
-267.983178
-276.121495
-282.806542
-291.526168
-297.048598
-301.989720
-304.605607
-306.349533
-308.384112
-307.802804
-308.384112
-308.674766
-307.802804
-307.512150
-306.058879
-304.314953
-300.827103
-297.339252
-295.885981
-291.235514
-286.003738
-281.353271
-274.086916
-266.820561
-259.554206
-251.125234
-240.952336
-230.198131
-218.862617
-205.783178
-193.866355
-179.042991
-165.091589
-152.012150
-138.351402
-120.912150
-105.216822
-90.102804
-75.279439
-60.746729
-44.179439
-28.774766
-13.370093
0.306404
14.707389
30.640394
43.509360
56.684729
70.472906
82.422660
95.598030
108.160591
121.642365
135.430542
149.218719
160.555665
171.586207
187.825616
204.677833
217.546798
226.126108
238.382266
247.880788
257.685714
266.265025
274.231527
281.585222
289.245320
297.211823
303.646305
305.178325
307.629557
308.855172
308.548768
309.467980
309.161576
309.467980
308.548768
307.016749
305.791133
302.727094
298.743842
294.760591
291.390148
285.568473
279.440394
273.312315
265.958621
256.766502
246.042365
236.237438
223.981281
210.193103
196.404926
179.552709
164.845320
149.525123
134.204926
119.803941
100.500493
82.116256
66.489655
50.863054
34.623645
16.852217
0.612808
-13.951402
-28.484112
-41.272897
-56.096262
-70.047664
-82.255140
-95.334579
-105.507477
-118.005607
-129.341121
-141.257944
-153.465421
-164.219626
-175.555140
-185.437383
-200.551402
-215.956075
-225.838318
-234.267290
-243.277570
-252.869159
-261.298131
-268.855140
-276.121495
-283.678505
-291.235514
-297.920561
-302.280374
-304.605607
-306.640187
-307.512150
-308.674766
-308.965421
-308.384112
-307.802804
-307.802804
-305.477570
-304.896262
-301.989720
-299.664486
-295.885981
-290.363551
-287.166355
-281.934579
-275.249533
-268.564486
-260.426168
-251.706542
-241.824299
-230.488785
-219.734579
-207.236449
-193.866355
-179.914953
-165.672897
-153.174766
-139.223364
-122.365421
-106.960748
-89.230841
-75.570093
-60.456075
-44.470093
-29.065421
-13.660748
-0.290654
14.400985
30.027586
44.122167
56.684729
71.085714
82.729064
94.678818
108.160591
120.723153
134.817734
148.299507
159.330049
171.279803
186.906404
204.065025
216.933990
227.045320
237.156650
246.042365
256.766502
265.039409
273.618719
280.359606
288.632512
295.373399
300.888670
305.484729
307.629557
307.629557
311.000000
309.467980
309.467980
309.467980
308.242365
307.016749
305.484729
302.727094
299.050246
295.679803
290.777340
285.262069
279.746798
273.312315
266.265025
256.766502
246.961576
235.931034
225.819704
211.418719
198.243350
181.697537
165.458128
150.750739
136.349754
120.110345
102.338916
84.261084
68.634483
52.088670
36.462069
19.303448
1.838424
-11.044860
-25.286916
-40.982243
-53.189720
-68.013084
-79.057944
-93.590654
-105.507477
-116.842991
-128.178505
-141.839252
-152.302804
-165.091589
-174.973832
-185.146729
-200.551402
-214.212150
-225.547664
-233.685981
-243.277570
-253.159813
-260.716822
-269.436449
-276.121495
-283.097196
-291.526168
-296.757944
-302.861682
-305.186916
-306.349533
-308.674766
-308.093458
-308.384112
-308.674766
-308.093458
-308.384112
-306.349533
-304.314953
-301.699065
-298.501869
-296.176636
-292.398131
-287.457009
-282.225234
-274.958879
-268.564486
-260.135514
-251.706542
-241.533645
-230.779439
-220.606542
-207.817757
-192.994393
-180.786916
-165.672897
-153.174766
-140.676636
-122.365421
-105.798131
-89.230841
-75.279439
-60.746729
-44.760748
-29.646729
-13.951402
-0.290654
14.400985
28.801970
42.896552
56.991133
69.553695
83.035468
94.985222
108.466995
121.029557
133.592118
147.686700
158.410837
170.054187
186.600000
202.839409
215.708374
225.819704
237.156650
246.042365
254.928079
265.039409
273.312315
280.359606
289.551724
296.599015
301.807882
305.178325
306.403941
308.855172
309.161576
309.467980
308.548768
309.161576
309.161576
306.710345
304.565517
302.114286
298.743842
295.679803
291.696552
286.487685
280.053202
275.457143
267.490640
256.766502
249.106404
237.156650
225.819704
212.644335
198.856158
182.923153
167.296552
151.057143
138.188177
121.642365
103.870936
84.873892
68.940887
53.007882
36.768473
20.529064
3.064039
-9.882243
-26.449533
-39.528972
-54.352336
-67.141121
-79.639252
-92.137383
-104.344860
-117.424299
-127.597196
-140.676636
-153.174766
-164.800935
-173.811215
-184.565421
-197.935514
-213.049533
-224.094393
-233.104673
-243.568224
-251.125234
-260.716822
-268.564486
-275.830841
-282.806542
-289.491589
-296.757944
-300.827103
-305.477570
-306.930841
-308.674766
-309.837383
-308.674766
-308.674766
-307.802804
-306.930841
-306.930841
-304.896262
-301.699065
-298.501869
-296.757944
-290.654206
-286.875701
-282.225234
-274.958879
-269.727103
-261.007477
-252.578505
-242.986916
-231.360748
-221.187850
-208.399065
-194.447664
-181.368224
-165.963551
-153.465421
-140.676636
-123.528037
-105.798131
-90.684112
-76.151402
-61.328037
-44.470093
-29.937383
-14.532710
-0.000000
14.094581
27.882759
43.202956
55.459113
70.472906
82.116256
94.985222
107.547783
119.803941
134.204926
147.686700
158.104433
169.134975
185.987192
202.839409
214.789163
226.126108
235.318227
246.961576
255.847291
263.200985
272.699507
280.053202
287.406897
296.292611
300.888670
304.871921
307.016749
308.242365
309.467980
309.467980
309.161576
309.161576
308.548768
307.016749
305.484729
302.420690
300.888670
296.599015
290.777340
285.874877
280.053202
274.537931
267.490640
258.604926
247.574384
237.156650
225.819704
212.644335
199.162562
184.761576
167.602956
154.427586
139.413793
123.480788
104.790148
85.180296
69.860099
55.152709
38.300493
20.835468
4.902463
-10.172897
-23.833645
-38.075701
-52.608411
-65.978505
-79.348598
-91.265421
-104.054206
-116.261682
-126.725234
-138.932710
-150.268224
-163.057009
-173.229907
-183.402804
-198.807477
-213.340187
-224.094393
-233.685981
-242.405607
-250.834579
-260.716822
-268.273832
-275.540187
-283.678505
-290.072897
-297.629907
-301.699065
-305.477570
-306.640187
-307.512150
-309.256075
-309.837383
-308.674766
-308.965421
-308.384112
-306.640187
-305.477570
-302.280374
-300.827103
-296.467290
-292.398131
-288.619626
-282.225234
-276.412150
-269.145794
-261.588785
-251.997196
-243.858879
-232.232710
-220.897196
-207.527103
-195.028972
-180.205607
-167.416822
-152.884112
-140.676636
-123.818692
-106.088785
-90.393458
-76.151402
-61.618692
-45.923364
-29.937383
-15.114019
0.306404
13.481773
28.495567
43.509360
55.459113
69.860099
82.422660
94.678818
107.241379
120.110345
132.979310
146.461084
158.717241
169.134975
185.067980
201.307389
214.176355
225.513300
235.318227
245.735961
254.315271
263.507389
272.699507
279.746798
287.406897
295.373399
301.501478
303.646305
307.016749
307.016749
308.548768
309.774384
309.774384
309.467980
308.242365
307.935961
305.484729
303.339901
299.356650
295.066995
291.696552
286.181281
280.666010
274.844335
266.877833
257.992118
248.800000
237.463054
226.126108
212.644335
198.856158
184.148768
170.360591
153.201970
139.413793
123.787192
106.015764
86.405911
70.472906
55.152709
38.913300
22.061084
5.208867
-9.010280
-23.542991
-37.785047
-51.155140
-65.106542
-78.185981
-90.684112
-102.600935
-115.099065
-126.143925
-137.770093
-150.558879
-162.475701
-173.229907
-183.693458
-198.807477
-213.049533
-223.803738
-233.976636
-242.405607
-251.997196
-260.426168
-268.273832
-275.830841
-282.515888
-290.072897
-297.048598
-301.989720
-305.477570
-306.349533
-308.965421
-308.674766
-308.965421
-309.256075
-308.384112
-308.093458
-306.930841
-304.896262
-303.152336
-299.083178
-296.757944
-291.816822
-288.910280
-282.515888
-276.702804
-270.017757
-260.716822
-253.159813
-242.986916
-232.232710
-221.478505
-208.689720
-196.191589
-181.368224
-167.126168
-153.756075
-141.839252
-123.528037
-106.960748
-90.102804
-76.442056
-60.456075
-44.760748
-31.100000
-14.532710
-0.871963
13.788177
29.108374
41.670936
56.071921
69.553695
81.197044
93.759606
106.628571
118.578325
132.979310
146.154680
158.410837
168.828571
184.455172
201.307389
213.257143
224.594089
235.624631
244.203941
253.702463
264.426601
271.167488
279.746798
288.326108
295.679803
300.888670
303.646305
306.403941
307.629557
308.242365
309.161576
308.855172
309.467980
308.855172
307.629557
306.710345
301.807882
301.195074
295.986207
291.390148
288.326108
280.972414
274.231527
267.490640
258.604926
247.574384
238.075862
226.432512
213.563547
200.694581
185.067980
170.054187
154.121182
139.413793
124.400000
106.322167
88.244335
72.311330
56.378325
40.138916
23.593103
7.047291
-8.428972
-22.671028
-36.622430
-51.445794
-64.234579
-77.023364
-90.684112
-102.600935
-114.517757
-125.853271
-138.060748
-150.268224
-162.766355
-172.648598
-182.530841
-197.354206
-212.468224
-223.222430
-233.685981
-241.824299
-251.125234
-260.426168
-267.983178
-276.702804
-283.678505
-290.654206
-297.048598
-303.152336
-305.768224
-306.349533
-308.965421
-309.256075
-307.802804
-308.384112
-309.837383
-308.384112
-306.640187
-305.768224
-302.571028
-299.664486
-296.467290
-293.270093
-288.328972
-282.806542
-278.156075
-270.599065
-262.170093
-254.322430
-243.568224
-233.104673
-222.059813
-210.724299
-194.738318
-181.949533
-167.707477
-153.174766
-142.129907
-124.109346
-108.123364
-90.974766
-77.023364
-61.328037
-46.795327
-30.518692
-15.114019
-1.162617
14.094581
28.495567
41.364532
55.152709
68.328079
81.503448
93.759606
106.628571
118.884729
132.979310
146.767488
158.717241
168.215764
183.842365
200.081773
213.563547
224.287685
234.399015
244.816749
253.702463
261.668966
271.473892
278.827586
286.181281
295.373399
299.969458
303.646305
306.097537
307.629557
308.855172
309.161576
309.467980
309.774384
308.548768
308.242365
305.484729
302.727094
298.131034
296.292611
291.083744
286.794089
280.666010
274.844335
267.184236
257.992118
249.106404
237.769458
227.964532
215.401970
200.694581
187.519212
169.747783
156.266010
140.333005
125.319212
108.160591
88.550739
72.617734
56.684729
40.445320
25.431527
8.272906
-7.266355
-21.799065
-36.041121
-49.701869
-63.362617
-76.442056
-89.812150
-102.600935
-114.227103
-125.853271
-137.479439
-149.396262
-161.603738
-172.067290
-182.240187
-197.063551
-211.305607
-222.641121
-232.814019
-241.242991
-251.997196
-260.426168
-268.564486
-275.249533
-283.678505
-291.526168
-296.176636
-301.989720
-304.896262
-307.221495
-308.965421
-308.384112
-309.546729
-309.546729
-309.256075
-308.965421
-307.221495
-305.186916
-304.314953
-300.245794
-297.629907
-292.688785
-288.328972
-283.097196
-277.865421
-269.145794
-263.332710
-253.741121
-242.405607
-233.685981
-222.059813
-210.142991
-196.191589
-182.821495
-169.160748
-156.081308
-142.129907
-124.400000
-108.123364
-92.137383
-78.185981
-63.943925
-46.214019
-31.681308
-15.695327
-0.581308
12.868966
27.576355
41.670936
54.539901
68.328079
81.197044
93.453202
106.628571
119.191133
131.753695
146.154680
158.104433
167.296552
183.842365
199.162562
212.950739
223.368473
234.399015
243.284729
253.089655
263.200985
271.167488
278.827586
287.406897
293.841379
301.195074
303.646305
306.403941
307.323153
308.855172
309.161576
309.161576
308.855172
308.855172
306.403941
304.871921
302.420690
299.969458
296.292611
291.083744
286.794089
280.972414
274.537931
268.103448
259.524138
248.800000
237.769458
227.964532
215.095567
200.081773
186.906404
171.586207
155.653202
141.865025
125.932020
108.773399
89.776355
73.230542
56.684729
40.751724
25.431527
7.660099
-6.103738
-21.217757
-36.041121
-49.411215
-63.362617
-75.279439
-89.521495
-102.310280
-113.064486
-124.690654
-136.607477
-148.524299
-161.313084
-172.067290
-182.240187
-195.900935
-211.014953
-222.350467
-232.232710
-241.824299
-250.543925
-260.135514
-268.564486
-275.540187
-283.678505
-290.072897
-297.048598
-303.152336
-305.477570
-307.802804
-308.384112
-309.546729
-309.837383
-310.418692
-309.546729
-308.965421
-308.674766
-306.349533
-303.152336
-300.536449
-296.757944
-293.270093
-288.619626
-284.841121
-278.156075
-270.599065
-261.879439
-254.031776
-244.440187
-233.685981
-223.513084
-210.724299
-197.935514
-183.112150
-168.579439
-156.662617
-142.711215
-125.853271
-108.123364
-91.846729
-77.023364
-61.909346
-47.376636
-31.390654
-16.276636
-1.162617
12.868966
26.963547
41.670936
53.620690
68.940887
80.277833
93.453202
106.015764
117.965517
131.140887
144.316256
158.104433
167.602956
183.229557
200.081773
213.257143
223.674877
232.560591
244.203941
252.783251
260.749754
270.554680
277.908374
286.794089
294.147783
298.743842
304.259113
305.484729
306.403941
309.161576
309.161576
309.467980
308.855172
308.242365
307.323153
305.178325
302.114286
299.969458
296.292611
291.390148
286.794089
281.278818
275.150739
268.409852
259.217734
250.638424
238.688670
227.964532
215.401970
201.307389
187.212808
171.279803
155.653202
141.865025
127.157635
109.692611
89.776355
74.762562
57.910345
42.283744
26.963547
8.885714
-5.813084
-20.636449
-35.459813
-49.411215
-62.490654
-75.279439
-88.649533
-101.147664
-113.645794
-124.109346
-136.316822
-148.233645
-160.150467
-171.485981
-180.786916
-195.319626
-210.433645
-222.350467
-231.942056
-240.952336
-251.125234
-259.844860
-268.273832
-275.540187
-283.387850
-290.363551
-297.339252
-301.699065
-304.896262
-308.093458
-308.674766
-309.546729
-310.418692
-309.546729
-310.128037
-308.384112
-308.093458
-305.768224
-302.861682
-301.117757
-297.048598
-294.432710
-289.491589
-283.678505
-278.156075
-270.889720
-263.623364
-254.322430
-245.312150
-235.139252
-222.059813
-211.014953
-197.935514
-183.984112
-170.614019
-155.500000
-143.292523
-124.981308
-108.995327
-93.009346
-78.185981
-62.490654
-47.376636
-31.390654
-15.695327
-0.871963
12.256158
27.269951
41.364532
54.539901
67.715271
81.197044
93.146798
105.402956
117.965517
131.753695
144.316256
156.878818
167.296552
182.310345
198.856158
211.112315
223.062069
233.479803
243.284729
252.476847
262.281773
270.554680
277.295567
286.487685
293.534975
300.275862
304.871921
306.097537
307.323153
308.242365
308.855172
308.242365
309.467980
307.935961
307.323153
304.259113
303.952709
299.050246
296.599015
291.083744
286.181281
282.810837
274.844335
267.797044
259.830542
249.106404
239.301478
228.270936
215.095567
202.226601
188.132020
172.505419
156.266010
142.477833
127.464039
109.999015
91.001970
75.068966
59.135961
42.283744
26.963547
10.111330
-5.522430
-19.183178
-34.878505
-48.829907
-63.362617
-74.988785
-87.777570
-100.566355
-112.192523
-124.109346
-135.444860
-148.233645
-159.859813
-171.485981
-182.240187
-195.319626
-210.433645
-222.931776
-232.523364
-241.242991
-251.125234
-258.682243
-267.983178
-275.830841
-281.643925
-290.072897
-296.467290
-302.861682
-306.349533
-306.058879
-308.965421
-309.546729
-310.418692
-310.128037
-309.256075
-309.837383
-307.221495
-305.477570
-303.442991
-300.536449
-297.339252
-293.851402
-288.619626
-284.550467
-277.574766
-271.180374
-263.332710
-254.903738
-245.602804
-234.848598
-224.094393
-212.177570
-198.516822
-183.693458
-170.032710
-156.662617
-143.583178
-126.143925
-108.995327
-92.718692
-77.604673
-63.653271
-47.957944
-32.553271
-16.567290
-2.615888
11.643350
26.963547
40.445320
53.927094
68.940887
80.584236
92.533990
104.790148
118.578325
131.447291
144.009852
157.798030
166.377340
181.084729
198.549754
211.112315
222.755665
233.173399
243.284729
251.864039
261.362562
269.941872
278.214778
285.568473
293.534975
299.663054
303.339901
305.484729
307.629557
308.548768
309.161576
308.242365
308.855172
308.548768
307.016749
305.484729
302.420690
299.969458
297.211823
291.696552
287.100493
281.278818
276.069951
268.409852
258.911330
248.800000
240.527094
228.577340
215.095567
202.839409
188.132020
173.118227
157.185222
141.252217
128.689655
109.079803
91.614778
75.681773
60.361576
43.815764
27.576355
10.417734
-5.813084
-19.473832
-33.425234
-48.539252
-60.746729
-75.279439
-87.196262
-99.985047
-112.773832
-122.946729
-135.735514
-147.361682
-159.859813
-172.067290
-181.077570
-194.738318
-209.852336
-222.059813
-232.523364
-240.661682
-250.253271
-259.554206
-267.692523
-275.540187
-282.806542
-290.654206
-297.629907
-302.280374
-305.477570
-307.512150
-308.965421
-309.256075
-309.837383
-310.128037
-308.674766
-308.965421
-307.802804
-305.477570
-303.442991
-301.699065
-296.757944
-292.979439
-289.782243
-283.387850
-278.156075
-271.180374
-263.914019
-256.357009
-245.602804
-234.267290
-223.803738
-210.724299
-199.679439
-184.856075
-170.032710
-156.371963
-144.455140
-126.434579
-109.576636
-93.590654
-78.767290
-63.653271
-48.829907
-33.134579
-16.567290
-3.197196
11.336946
26.044335
40.445320
54.233498
67.715271
81.809852
92.227586
103.564532
117.965517
129.915271
145.235468
156.572414
166.070936
180.778325
197.630542
212.031527
222.449261
231.641379
242.978325
251.557635
261.056158
269.635468
277.601970
285.568473
292.922167
299.050246
303.646305
304.565517
307.629557
308.855172
308.855172
309.774384
309.161576
309.161576
307.323153
304.565517
304.259113
299.969458
295.986207
292.002956
287.406897
282.198030
276.069951
267.490640
260.136946
250.638424
238.688670
228.883744
217.240394
203.452217
189.664039
173.118227
158.104433
143.397044
128.689655
111.837438
91.921182
75.988177
60.055172
43.815764
27.882759
10.417734
-5.231776
-19.183178
-33.134579
-46.795327
-61.618692
-73.826168
-86.614953
-100.275701
-111.320561
-122.656075
-134.282243
-147.652336
-158.406542
-171.485981
-181.077570
-193.866355
-209.561682
-221.187850
-230.779439
-239.499065
-250.543925
-258.100935
-267.692523
-275.249533
-281.934579
-290.363551
-296.757944
-302.280374
-305.768224
-306.640187
-309.256075
-310.709346
-310.709346
-309.837383
-309.546729
-308.965421
-307.512150
-306.058879
-304.314953
-302.861682
-298.501869
-293.560748
-290.654206
-283.678505
-279.609346
-272.633645
-263.914019
-256.066355
-245.312150
-235.139252
-223.803738
-211.014953
-199.388785
-184.856075
-170.904673
-156.953271
-145.617757
-127.597196
-109.576636
-93.590654
-78.476636
-64.815888
-48.829907
-33.134579
-17.148598
-3.487850
11.030542
26.044335
40.445320
53.314286
67.715271
80.584236
91.001970
104.483744
117.046305
129.915271
143.397044
155.959606
164.538916
180.165517
197.324138
210.193103
221.836453
231.641379
242.059113
251.251232
261.362562
269.635468
277.908374
285.568473
291.696552
299.969458
303.339901
305.791133
307.323153
307.629557
309.467980
308.855172
308.855172
308.242365
307.016749
305.178325
302.727094
300.275862
296.292611
291.390148
288.019704
282.810837
275.150739
269.635468
259.830542
251.557635
240.220690
229.496552
218.159606
204.065025
189.970443
174.956650
157.798030
144.929064
129.915271
112.143842
94.066010
75.988177
61.587192
45.960591
29.108374
12.868966
-3.197196
-17.729907
-31.971963
-45.923364
-60.746729
-72.372897
-86.324299
-98.531776
-111.029907
-122.074766
-133.700935
-145.908411
-158.115888
-169.451402
-178.752336
-192.994393
-208.108411
-220.897196
-230.779439
-238.917757
-249.381308
-257.810280
-267.401869
-273.796262
-281.643925
-288.910280
-296.467290
-303.152336
-305.186916
-307.221495
-308.093458
-309.837383
-310.709346
-308.674766
-310.128037
-308.674766
-308.093458
-306.349533
-303.733645
-300.536449
-297.629907
-294.142056
-288.910280
-284.550467
-278.446729
-272.342991
-263.914019
-255.194393
-245.893458
-235.720561
-225.547664
-213.049533
-199.970093
-186.309346
-171.485981
-157.825234
-144.164486
-127.597196
-110.739252
-93.590654
-78.476636
-63.943925
-47.957944
-33.134579
-17.439252
-2.906542
11.336946
26.657143
40.138916
53.007882
67.408867
80.277833
92.533990
105.096552
117.659113
131.140887
144.316256
155.653202
166.377340
180.165517
197.630542
211.418719
223.368473
231.947783
242.365517
251.251232
261.362562
269.635468
276.682759
284.649261
292.922167
299.356650
304.259113
304.259113
307.016749
307.935961
308.548768
308.548768
307.935961
308.242365
307.629557
304.871921
303.339901
299.663054
296.599015
292.922167
287.713300
281.278818
276.376355
269.941872
260.749754
251.251232
239.607882
228.883744
217.240394
204.065025
189.664039
174.650246
159.023645
145.235468
129.302463
113.369458
93.146798
77.213793
61.587192
44.734975
29.721182
12.868966
-2.325234
-17.439252
-32.262617
-46.214019
-60.456075
-72.082243
-85.742991
-99.113084
-110.448598
-121.784112
-134.572897
-146.199065
-157.825234
-170.614019
-179.624299
-193.866355
-207.527103
-221.478505
-231.070093
-239.499065
-249.962617
-258.100935
-267.692523
-275.249533
-282.225234
-289.782243
-295.885981
-302.861682
-304.896262
-306.349533
-308.384112
-309.837383
-310.128037
-310.418692
-310.128037
-308.965421
-307.802804
-306.349533
-303.442991
-301.408411
-298.211215
-294.142056
-291.526168
-285.131776
-279.028037
-270.889720
-264.495327
-256.647664
-245.893458
-235.139252
-224.385047
-213.049533
-199.970093
-185.437383
-170.323364
-156.371963
-144.164486
-127.597196
-110.157944
-94.753271
-78.767290
-63.943925
-48.829907
-32.843925
-18.020561
-2.906542
10.724138
26.044335
40.751724
53.007882
68.328079
80.890640
93.759606
105.402956
117.659113
131.140887
144.009852
156.572414
166.377340
179.246305
197.324138
211.112315
222.755665
232.866995
241.752709
251.557635
260.749754
269.022660
277.295567
285.262069
293.228571
299.356650
303.952709
305.178325
307.323153
308.548768
309.161576
310.080788
308.855172
308.548768
307.629557
305.178325
302.727094
301.807882
295.986207
292.922167
287.713300
282.504433
276.989163
269.635468
260.443350
250.944828
241.446305
231.334975
218.772414
204.984236
190.889655
175.263054
160.249261
145.541872
130.834483
114.288670
95.904433
77.826601
63.425616
47.492611
31.559606
14.400985
-2.615888
-15.404673
-30.809346
-43.888785
-57.549533
-71.210280
-82.836449
-96.206542
-108.414019
-119.458879
-130.794393
-143.873832
-156.081308
-167.707477
-177.299065
-191.250467
-206.945794
-219.443925
-229.907477
-238.917757
-249.381308
-258.391589
-265.367290
-273.796262
-281.643925
-288.328972
-296.467290
-300.536449
-305.768224
-306.349533
-308.093458
-308.674766
-309.546729
-310.128037
-310.128037
-308.674766
-307.802804
-305.768224
-304.314953
-300.827103
-297.339252
-293.851402
-289.200935
-284.841121
-278.737383
-272.633645
-264.495327
-255.775701
-247.056075
-235.720561
-226.128972
-213.630841
-200.260748
-186.600000
-172.648598
-158.115888
-145.036449
-127.887850
-111.320561
-93.881308
-79.929907
-64.525234
-49.411215
-34.297196
-18.601869
-2.906542
9.192118
25.431527
39.526108
53.314286
66.796059
79.665025
93.146798
104.790148
117.046305
129.608867
142.171429
155.653202
166.070936
179.552709
195.792118
209.580296
221.223645
231.028571
241.446305
250.638424
261.362562
269.329064
276.682759
285.262069
292.002956
298.437438
303.033498
305.791133
307.323153
308.548768
309.161576
308.548768
308.548768
308.548768
307.629557
306.403941
303.339901
301.807882
297.211823
292.309360
288.632512
283.117241
276.989163
269.941872
261.056158
252.476847
240.833498
231.641379
219.078818
204.984236
192.728079
177.101478
159.023645
145.235468
131.140887
113.369458
95.904433
78.133005
60.974384
46.573399
30.333990
13.788177
-1.743925
-16.276636
-31.390654
-45.632710
-58.712150
-71.791589
-83.999065
-96.787850
-109.867290
-120.621495
-132.828972
-145.908411
-156.953271
-168.579439
-178.461682
-191.250467
-206.364486
-219.734579
-230.488785
-238.917757
-248.509346
-258.100935
-265.367290
-274.668224
-280.481308
-287.747664
-296.176636
-301.699065
-305.768224
-306.349533
-308.384112
-309.546729
-308.965421
-309.837383
-309.546729
-308.384112
-308.093458
-305.768224
-304.024299
-300.827103
-297.629907
-294.142056
-289.491589
-285.422430
-278.737383
-272.633645
-264.785981
-256.647664
-246.765421
-236.592523
-225.257009
-213.630841
-200.842056
-188.053271
-172.357944
-157.825234
-145.617757
-129.341121
-111.901869
-95.915888
-80.801869
-66.269159
-51.445794
-35.459813
-19.183178
-3.487850
9.804926
23.593103
38.913300
52.701478
65.570443
79.665025
91.614778
104.483744
116.433498
129.608867
142.784236
156.266010
164.845320
179.246305
194.566502
210.499507
221.836453
231.947783
240.833498
250.332020
260.749754
268.409852
277.601970
284.342857
292.922167
299.050246
301.807882
306.097537
306.710345
307.323153
309.161576
309.467980
309.161576
308.242365
307.629557
305.484729
303.952709
300.582266
297.211823
292.922167
286.794089
282.198030
276.989163
269.329064
261.668966
252.476847
240.220690
231.028571
219.385222
206.209852
192.728079
176.488670
161.781281
146.767488
132.366502
115.514286
96.517241
78.439409
64.651232
48.105419
32.478818
13.788177
-0.871963
-15.695327
-30.809346
-44.470093
-58.130841
-71.210280
-83.417757
-97.369159
-108.123364
-120.330841
-131.666355
-145.327103
-156.953271
-169.451402
-178.752336
-191.831776
-206.655140
-220.315888
-229.326168
-238.917757
-248.509346
-257.228972
-266.529907
-273.796262
-279.609346
-288.619626
-294.723364
-301.408411
-305.477570
-305.768224
-308.384112
-308.384112
-311.000000
-309.837383
-309.546729
-309.546729
-307.512150
-306.349533
-304.024299
-301.117757
-298.792523
-293.560748
-290.654206
-284.841121
-279.609346
-272.924299
