-200.654528
-202.106443
-212.850607
-233.467787
-242.179272
-251.181139
-259.311858
-266.281046
-274.702148
-280.509804
-288.930906
-294.448179
-297.352007
-299.965453
-301.707750
-301.998133
-303.740430
-303.159664
-302.869281
-301.417367
-301.126984
-299.384687
-298.513539
-294.448179
-292.125117
-288.059757
-283.123249
-277.896359
-272.959851
-265.990663
-258.731092
-250.019608
-239.856209
-230.854342
-218.948646
-206.752568
-193.975724
-179.166200
-163.485528
-150.999066
-137.641457
-121.960784
-104.537815
-88.857143
-73.466853
-58.076564
-44.718954
-26.424837
-11.615313
2.746811
17.701668
32.046124
44.559372
58.598626
71.111874
83.930324
95.833170
108.651619
122.080471
134.593719
148.938175
160.535819
169.081452
183.731109
199.906771
214.251227
223.712463
235.004907
245.381747
254.232581
260.947007
270.103042
277.122669
285.363101
292.687929
300.928361
303.980373
306.116781
308.863592
310.084396
311.000000
310.694799
310.084396
311.000000
309.779195
307.947988
304.590775
300.623160
296.655545
292.993131
289.941119
283.531894
277.427870
270.713445
263.083415
253.011776
244.160942
233.478901
220.965653
208.757605
194.413150
179.458292
163.893032
148.938175
136.119725
120.249264
101.021590
83.930324
68.365064
50.968597
35.403337
19.532875
1.831207
-11.034547
-26.134454
-40.072829
-54.301587
-68.530345
-79.564893
-92.051354
-105.118581
-116.733894
-128.929972
-140.254902
-153.612512
-165.227824
-174.520075
-189.039216
-203.848739
-216.915966
-226.788982
-235.790850
-246.244631
-254.956116
-261.634921
-269.184874
-276.444444
-283.994398
-292.125117
-296.190476
-299.965453
-302.869281
-303.450047
-305.773109
-304.901961
-306.353875
-304.611578
-305.192344
-304.321195
-302.578898
-300.546218
-297.352007
-294.448179
-291.253968
-286.027077
-281.380952
-275.282913
-268.313725
-261.344538
-252.342670
-244.502334
-234.048553
-222.723623
-210.527544
-195.718021
-181.779645
-166.389356
-152.741363
-140.835668
-124.283847
-108.022409
-91.180205
-76.370682
-60.980392
-45.299720
-29.619048
-13.938375
0.305201
13.734053
28.994112
43.033366
56.767419
69.280667
82.709519
94.612365
107.430815
119.944063
133.067713
145.580962
157.178606
166.334642
180.679097
198.075564
211.809617
223.102061
232.868499
241.719333
252.401374
260.947007
269.492640
277.733072
284.447498
293.603533
300.012758
303.675172
305.506379
307.337586
308.558391
309.168793
310.389598
310.084396
309.779195
307.947988
306.116781
303.980373
301.233562
296.655545
294.213935
289.025515
283.837095
277.427870
271.018646
262.473013
253.316977
242.940137
232.868499
220.660451
207.231600
194.413150
179.763494
163.893032
148.632974
135.509323
117.807655
99.495584
83.319921
67.754661
50.968597
35.403337
18.617272
1.831207
-11.615313
-27.586368
-42.105509
-54.882353
-68.530345
-81.016807
-93.212885
-105.118581
-116.733894
-128.929972
-142.577965
-153.902894
-164.937442
-174.810458
-187.587302
-203.267974
-215.464052
-226.498599
-235.790850
-244.502334
-254.084967
-261.344538
-269.765640
-276.444444
-285.446312
-292.415500
-297.061625
-301.998133
-303.159664
-305.482726
-306.063492
-306.934641
-306.934641
-307.225023
-306.353875
-305.773109
-303.450047
-302.288515
-298.223156
-295.609711
-291.253968
-287.478992
-282.832866
-275.573296
-268.604108
-262.215686
-253.794585
-243.921569
-235.500467
-223.594771
-211.398693
-198.331466
-183.521942
-169.293184
-155.935574
-142.287582
-125.735761
-108.603175
-92.341737
-76.951447
-62.141923
-47.913165
-32.232493
-15.680672
-0.871148
13.428852
27.773307
40.896958
55.241413
67.754661
80.573111
93.696762
106.210010
118.418057
131.236506
143.749755
157.178606
165.724239
179.458292
195.328754
209.062807
221.576055
231.952895
242.634936
251.180569
260.336605
268.882237
276.207066
283.837095
292.687929
299.707556
302.454367
305.506379
306.727184
308.863592
310.694799
309.779195
310.694799
310.084396
308.863592
307.642787
304.895976
301.538763
298.181551
293.908734
289.330716
284.142296
276.817468
270.713445
262.473013
253.011776
243.855741
232.258096
221.270854
207.842002
193.802748
179.763494
163.587831
149.548577
135.814524
117.807655
101.021590
82.099117
67.449460
51.578999
35.708538
17.701668
1.526006
-12.486461
-27.005602
-40.653595
-53.720822
-67.659197
-80.145658
-93.212885
-105.408964
-117.314659
-128.929972
-140.835668
-153.322129
-166.098973
-175.100840
-188.748833
-203.267974
-216.915966
-226.788982
-236.081232
-246.244631
-254.665733
-262.506069
-269.765640
-277.896359
-285.446312
-292.996265
-297.352007
-302.869281
-304.030812
-306.353875
-307.225023
-306.063492
-307.225023
-306.934641
-306.934641
-306.063492
-303.450047
-302.288515
-298.513539
-297.061625
-294.157796
-287.478992
-283.704015
-276.444444
-271.507937
-263.086835
-254.375350
-245.954248
-235.210084
-225.046685
-212.269841
-199.492997
-184.973856
-168.131653
-156.516340
-143.158730
-127.187675
-109.474323
-92.341737
-78.403361
-63.303455
-48.493931
-33.103641
-15.971055
-2.032680
11.902846
27.468106
39.981354
54.325810
67.449460
80.573111
92.475957
104.684004
117.502453
129.710500
142.223749
154.736997
164.503435
178.847890
194.413150
208.147203
220.355250
229.511286
242.024534
250.570167
259.115800
267.661433
275.901865
283.531894
291.467125
298.791953
302.149166
305.506379
307.032385
307.642787
309.779195
309.473994
308.863592
308.558391
307.642787
306.116781
304.285574
300.317959
298.486752
293.908734
287.804711
284.447498
277.122669
271.018646
261.252208
253.927380
243.245339
234.394504
221.881256
207.842002
194.413150
178.847890
164.808636
149.243376
135.509323
119.028459
99.495584
83.014720
67.144259
52.189401
36.318940
18.006869
2.136408
-12.486461
-26.715219
-40.363212
-54.011204
-68.530345
-80.726424
-93.212885
-105.118581
-116.443511
-129.220355
-141.997199
-153.322129
-166.098973
-175.100840
-188.458450
-203.558357
-215.464052
-226.788982
-236.081232
-245.954248
-254.956116
-261.925303
-269.475257
-277.896359
-284.865546
-292.996265
-298.513539
-302.869281
-303.740430
-306.934641
-307.225023
-308.676937
-307.515406
-306.934641
-307.225023
-305.773109
-304.321195
-302.288515
-299.384687
-297.352007
-293.286648
-288.059757
-282.832866
-278.186741
-271.507937
-263.377218
-254.375350
-245.373483
-235.500467
-225.046685
-214.302521
-199.202614
-186.716153
-171.325864
-157.968254
-145.772176
-127.768441
-111.507003
-96.116713
-79.274510
-65.336134
-50.816993
-34.555556
-18.584500
-2.323063
10.682041
25.026497
39.981354
53.105005
66.839058
79.047105
90.339549
102.852797
115.366045
127.574092
142.528950
154.126595
164.198234
175.795878
192.887144
208.452404
220.050049
229.511286
240.498528
248.738960
259.421001
266.745829
275.291462
282.311089
291.772326
299.097154
302.759568
305.201178
306.421982
308.863592
308.863592
309.168793
309.168793
309.473994
307.642787
306.727184
303.980373
301.843965
296.960746
293.908734
289.025515
284.142296
277.733072
271.018646
262.167812
253.622179
242.024534
233.173700
222.186457
208.147203
195.939156
180.068695
163.587831
150.158979
135.814524
119.638862
101.326791
84.235525
68.975466
51.578999
35.403337
18.617272
2.136408
-10.453782
-25.844071
-40.072829
-54.301587
-68.239963
-80.436041
-93.503268
-105.408964
-116.733894
-128.349206
-139.964519
-152.450980
-164.647059
-175.681606
-186.716153
-202.106443
-215.754435
-226.208217
-236.081232
-244.502334
-254.956116
-262.506069
-269.765640
-276.734827
-284.284781
-291.834734
-299.094304
-302.869281
-304.321195
-306.644258
-308.386555
-308.386555
-307.225023
-308.096172
-307.805789
-306.934641
-305.192344
-302.869281
-300.546218
-297.932773
-292.705882
-290.963585
-283.994398
-279.348273
-272.088702
-265.119514
-255.246499
-246.825397
-236.952381
-226.498599
-214.592904
-201.235294
-186.716153
-171.906629
-158.258637
-144.901027
-129.801120
-112.087768
-97.278245
-81.307190
-67.368814
-51.978525
-34.845938
-20.036415
-5.807656
8.545633
23.500491
38.760550
51.273798
65.618253
77.521099
90.034347
101.937193
113.840039
127.574092
141.308145
155.347399
162.977429
175.185476
192.276742
207.231600
219.439647
228.290481
240.498528
249.044161
258.505397
266.745829
274.681060
281.395486
291.161923
297.876349
300.928361
305.506379
306.421982
308.558391
309.168793
309.168793
308.253189
309.779195
308.558391
305.811580
303.980373
300.623160
297.571148
292.993131
288.415113
284.142296
277.733072
270.408243
262.778214
253.011776
242.329735
232.868499
222.491658
209.978410
195.328754
180.984298
165.419038
149.243376
135.509323
120.859666
102.242395
85.151129
68.670265
52.189401
36.929342
19.227674
3.662414
-10.453782
-25.263305
-39.201681
-53.140056
-67.949580
-79.564893
-92.051354
-104.537815
-114.991597
-127.187675
-140.254902
-151.870215
-164.937442
-173.939309
-186.716153
-202.106443
-215.464052
-225.917834
-234.338936
-245.373483
-253.794585
-263.086835
-268.604108
-277.025210
-283.704015
-292.125117
-297.932773
-302.288515
-304.611578
-306.353875
-307.805789
-307.225023
-308.386555
-308.386555
-308.096172
-307.515406
-305.773109
-303.159664
-300.836601
-298.223156
-293.867414
-288.930906
-284.865546
-279.638655
-272.669468
-264.538749
-256.408030
-247.696545
-237.533147
-227.369748
-216.915966
-202.106443
-189.039216
-174.229692
-158.839402
-146.352941
-130.962652
-114.410831
-98.149393
-81.887955
-68.820728
-53.140056
-36.878618
-20.617180
-5.517274
7.935231
22.584887
37.234544
50.663395
64.397448
77.521099
87.592738
101.021590
113.534838
126.658489
139.782139
151.379784
161.756624
173.659470
191.055937
205.095191
217.608440
227.680079
238.667321
246.907753
258.200196
266.745829
274.375859
280.785083
289.635918
296.960746
301.843965
305.811580
306.421982
308.863592
308.558391
308.863592
308.253189
307.032385
307.337586
305.811580
303.675172
300.623160
296.655545
293.298332
287.804711
284.142296
276.817468
271.018646
263.388616
254.232581
244.466143
234.394504
223.102061
210.283611
196.244357
180.679097
165.419038
149.853778
136.424926
121.470069
102.242395
84.540726
68.975466
53.410206
37.539745
19.532875
3.662414
-10.744164
-24.101774
-38.911298
-53.430439
-66.788049
-79.274510
-92.632120
-103.957049
-116.443511
-128.058824
-139.964519
-152.160598
-163.775910
-173.648926
-184.973856
-200.364146
-214.302521
-225.046685
-233.467787
-243.631186
-254.665733
-261.344538
-269.765640
-276.734827
-284.865546
-291.253968
-297.932773
-302.288515
-304.030812
-307.225023
-307.515406
-307.225023
-308.096172
-308.676937
-308.676937
-307.225023
-306.353875
-304.321195
-301.417367
-297.642390
-294.738562
-290.092437
-285.446312
-280.219421
-274.411765
-264.829132
-257.569561
-247.696545
-238.404295
-227.950514
-217.787115
-203.848739
-190.491130
-176.262372
-160.581699
-148.966387
-133.866480
-115.281979
-98.730159
-83.339869
-69.691877
-54.301587
-37.459384
-22.069094
-7.549953
7.019627
21.669284
36.929342
49.442591
62.871443
76.910697
88.508342
99.190383
112.619235
124.827282
138.256133
152.600589
161.451423
173.964671
190.140334
205.095191
217.608440
226.154073
238.362120
247.823356
256.979392
266.135427
274.375859
281.090285
287.499509
297.265947
300.623160
303.980373
306.421982
307.642787
309.168793
308.558391
309.168793
307.947988
307.032385
307.032385
303.675172
300.012758
297.876349
292.687929
289.025515
284.142296
278.648675
271.323847
263.999019
254.232581
244.771344
234.089303
223.712463
210.588813
195.939156
183.425908
166.029441
151.074583
137.340530
121.164868
104.073602
84.845927
70.501472
52.799804
37.234544
21.669284
5.493621
-9.582633
-24.392157
-38.330532
-52.849673
-66.207283
-78.403361
-91.470588
-104.247432
-116.443511
-128.349206
-139.383754
-151.870215
-164.066293
-173.358543
-184.973856
-199.783380
-213.431373
-225.627451
-233.177404
-244.502334
-253.213819
-262.215686
-269.765640
-276.734827
-284.575163
-291.834734
-298.223156
-302.578898
-304.901961
-306.934641
-308.096172
-308.676937
-309.257703
-308.386555
-308.096172
-307.515406
-304.901961
-304.611578
-301.417367
-297.642390
-295.609711
-290.382820
-286.027077
-279.929038
-274.121382
-267.152194
-258.150327
-249.729225
-239.275444
-228.821662
-217.787115
-204.429505
-189.910364
-175.971989
-161.743231
-148.966387
-135.318394
-117.895425
-100.472456
-85.082166
-70.563025
-55.463119
-38.911298
-23.811391
-9.292250
5.188420
19.838077
34.182532
49.137390
61.955839
74.469087
87.287537
98.885182
112.008832
123.301276
137.035329
150.769382
160.230618
172.438665
188.309127
203.874387
216.387635
226.459274
237.446516
246.602552
256.674190
265.219823
271.934249
280.785083
288.415113
295.434740
301.538763
304.285574
305.811580
308.558391
308.558391
308.863592
308.558391
308.558391
307.642787
305.506379
304.285574
300.317959
296.960746
293.908734
289.025515
284.142296
278.648675
273.155054
263.999019
256.063788
245.381747
234.699706
224.933268
210.588813
197.465162
183.120707
167.250245
151.684985
137.950932
122.690873
104.378803
86.066732
70.196271
53.715407
37.844946
21.669284
6.104024
-8.711485
-23.230626
-38.040149
-51.978525
-65.336134
-78.403361
-91.180205
-102.795518
-113.830065
-126.606909
-137.641457
-150.418301
-163.195145
-173.358543
-184.973856
-200.364146
-213.140990
-224.756303
-234.338936
-243.340803
-253.504202
-261.054155
-269.184874
-277.025210
-283.704015
-291.544351
-297.932773
-302.288515
-304.901961
-307.225023
-308.386555
-309.548086
-309.257703
-308.676937
-309.257703
-307.225023
-306.353875
-304.030812
-302.288515
-298.803922
-295.319328
-291.253968
-286.898226
-280.800187
-274.992530
-267.442577
-258.440710
-248.858077
-240.146592
-228.821662
-217.787115
-206.171802
-191.652661
-176.262372
-162.614379
-150.999066
-135.028011
-119.347339
-101.924370
-86.534080
-72.014939
-56.624650
-40.072829
-24.392157
-9.582633
3.967615
19.227674
33.572130
47.916585
61.345437
74.469087
85.761531
98.274779
109.872424
121.775270
135.814524
149.548577
160.535819
170.912659
186.172718
202.653582
215.166830
225.543670
236.225711
245.381747
256.063788
263.083415
271.629048
279.564279
286.278705
294.824338
300.317959
304.285574
305.506379
308.558391
308.253189
308.558391
309.168793
307.947988
306.116781
307.337586
304.285574
301.538763
299.707556
294.519136
289.941119
285.973503
279.259078
272.544652
265.219823
256.063788
245.992149
235.920510
224.322866
211.504416
198.075564
183.120707
166.639843
153.516192
138.561335
122.385672
104.378803
86.982336
71.417076
54.936212
38.455348
22.584887
6.104024
-8.421102
-23.230626
-37.749767
-51.688142
-65.045752
-77.532213
-90.309057
-103.085901
-114.410831
-125.735761
-137.060691
-149.837535
-162.033613
-173.068161
-184.102708
-197.750700
-212.850607
-224.175537
-234.048553
-242.179272
-252.633053
-260.763772
-268.604108
-275.863679
-283.704015
-290.673203
-297.642390
-301.998133
-304.901961
-307.515406
-308.386555
-309.838469
-309.548086
-309.838469
-308.676937
-307.515406
-307.225023
-304.321195
-302.869281
-299.094304
-294.738562
-292.415500
-286.898226
-280.800187
-275.573296
-268.023343
-259.602241
-250.890756
-240.727358
-229.983193
-219.529412
-206.462185
-192.523810
-178.295051
-164.356676
-150.999066
-137.351074
-118.766573
-102.795518
-87.114846
-72.595705
-58.366947
-41.234360
-25.844071
-10.744164
3.052012
17.701668
32.961727
46.695780
60.124632
73.858685
85.151129
97.053974
108.956820
122.080471
134.898921
148.938175
159.315015
170.607458
186.172718
201.737978
214.556428
225.238469
235.920510
244.771344
254.842983
264.304220
271.934249
278.648675
287.499509
292.993131
299.402355
302.759568
304.895976
307.337586
308.558391
308.558391
307.947988
308.253189
307.642787
306.116781
303.675172
300.623160
298.181551
294.213935
289.941119
285.363101
278.953876
272.849853
264.304220
255.758587
245.381747
235.310108
224.933268
212.420020
198.991168
184.341511
168.165849
153.210991
139.782139
124.216879
106.515211
88.203140
72.027478
56.462218
41.202159
23.500491
7.630029
-7.549953
-22.069094
-36.297852
-50.816993
-64.174603
-76.370682
-89.728291
-102.795518
-113.249300
-126.026144
-136.770308
-150.127918
-161.452848
-172.197012
-183.812325
-196.879552
-212.269841
-223.885154
-232.887021
-243.050420
-252.342670
-261.344538
-268.604108
-276.154062
-283.704015
-290.092437
-297.352007
-301.998133
-305.482726
-306.353875
-308.676937
-308.096172
-309.257703
-309.257703
-308.967320
-308.386555
-306.644258
-305.773109
-302.578898
-298.803922
-295.900093
-290.673203
-287.188609
-282.252101
-275.863679
-267.732960
-260.763772
-251.761905
-241.308123
-231.144725
-220.110177
-207.042951
-193.975724
-180.037348
-164.937442
-152.741363
-137.931839
-121.089636
-105.118581
-87.695612
-74.047619
-59.238095
-42.105509
-27.586368
-11.905696
1.220805
16.786065
31.130520
45.169774
58.598626
72.332679
83.930324
96.138371
108.651619
121.470069
134.288518
147.717370
158.704612
169.081452
185.257115
200.822375
213.640824
224.322866
234.394504
245.076546
253.927380
263.083415
271.629048
277.733072
286.583906
293.908734
300.317959
303.369971
304.590775
307.947988
307.642787
308.253189
309.168793
307.947988
307.947988
306.727184
304.285574
301.843965
297.876349
294.519136
289.635918
284.142296
279.259078
273.460255
265.219823
256.368989
245.992149
235.310108
224.017664
212.725221
198.075564
184.646712
169.691855
154.126595
140.087341
124.216879
107.430815
88.203140
72.637880
57.683023
40.896958
24.721295
8.850834
-7.259570
-20.617180
-36.007470
-49.655462
-62.722689
-75.499533
-88.276377
-101.633987
-112.958917
-125.445378
-137.060691
-148.966387
-160.872082
-171.906629
-182.650794
-196.879552
-211.689076
-223.304388
-232.015873
-241.888889
-251.181139
-259.311858
-268.313725
-276.154062
-282.832866
-290.963585
-297.352007
-301.707750
-304.611578
-306.353875
-308.096172
-308.967320
-308.967320
-309.257703
-309.257703
-309.257703
-306.644258
-305.773109
-301.998133
-300.836601
-296.190476
-292.705882
-287.769374
-281.961718
-275.863679
-268.604108
-261.344538
-251.181139
-241.598506
-232.887021
-219.819795
-208.785247
-193.685341
-181.489262
-165.808590
-153.031746
-139.674136
-123.122316
-105.408964
-89.437908
-75.209150
-59.818861
-43.267040
-27.876751
-13.357610
0.915604
15.260059
30.214917
43.033366
56.767419
70.196271
82.099117
94.612365
107.430815
119.944063
132.457311
145.580962
156.568204
167.555447
183.120707
199.906771
212.725221
223.712463
233.784102
243.855741
253.011776
262.167812
270.408243
277.733072
285.363101
293.908734
299.402355
302.454367
304.895976
306.727184
307.642787
308.253189
308.253189
308.253189
307.947988
306.727184
305.201178
302.149166
297.876349
294.519136
289.941119
284.752699
280.479882
272.849853
264.914622
257.284593
246.907753
236.836114
226.459274
214.861629
199.906771
186.783121
169.081452
155.652601
141.308145
125.437684
108.956820
89.729146
73.248283
57.072620
40.896958
25.331698
8.850834
-5.517274
-20.907563
-35.426704
-49.074697
-63.303455
-74.918768
-88.276377
-100.472456
-112.087768
-124.864613
-135.608777
-148.385621
-159.420168
-172.487395
-181.779645
-196.008403
-211.398693
-222.723623
-232.015873
-240.727358
-250.309991
-260.763772
-268.313725
-273.830999
-283.413632
-290.673203
-297.932773
-301.126984
-305.482726
-307.225023
-309.257703
-309.548086
-309.548086
-309.257703
-309.838469
-308.676937
-306.644258
-305.482726
-303.159664
-300.546218
-296.480859
-293.577031
-288.930906
-282.832866
-277.025210
-270.056022
-261.634921
-252.923436
-242.469655
-233.467787
-223.304388
-208.785247
-196.879552
-182.070028
-166.679739
-153.902894
-140.545285
-124.864613
-106.570495
-90.599440
-76.370682
-60.980392
-45.880486
-29.328665
-13.938375
0.610402
14.649657
30.214917
43.033366
56.157017
69.891070
82.404318
94.001963
107.736016
119.333660
133.372915
146.496565
156.873405
166.945044
182.510304
198.380765
211.199215
222.186457
232.868499
242.634936
252.706575
261.252208
269.492640
278.648675
284.752699
292.077527
299.707556
302.759568
305.811580
306.727184
307.337586
307.947988
308.253189
306.727184
307.032385
305.201178
303.369971
300.317959
298.791953
294.519136
290.246320
285.363101
279.869480
274.070658
266.440628
256.979392
248.128557
236.225711
227.985280
214.861629
200.211973
186.477920
170.302257
156.263003
141.308145
127.268891
109.262022
90.644750
75.689892
59.514230
43.338567
26.247301
10.071639
-6.678805
-19.746032
-34.555556
-48.203548
-61.851541
-74.918768
-86.824463
-99.601307
-112.087768
-122.831933
-134.737628
-148.385621
-159.710551
-170.454715
-181.489262
-193.975724
-209.946779
-222.433240
-230.854342
-241.308123
-251.181139
-259.602241
-267.442577
-274.992530
-282.252101
-289.221289
-295.900093
-301.707750
-304.030812
-306.063492
-309.257703
-308.967320
-309.548086
-309.257703
-308.676937
-308.967320
-308.096172
-306.353875
-304.030812
-300.546218
-296.190476
-293.867414
-288.640523
-283.413632
-277.315593
-270.346405
-262.506069
-253.213819
-243.921569
-234.048553
-222.723623
-209.075630
-197.750700
-183.521942
-168.422035
-154.483660
-141.416433
-125.735761
-108.022409
-91.470588
-77.532213
-61.561158
-46.170868
-30.490196
-14.519141
-1.161531
13.734053
27.468106
42.117763
55.241413
68.365064
80.267910
92.781158
105.599607
117.807655
131.236506
144.360157
157.483808
166.945044
180.984298
197.770363
211.199215
221.881256
231.952895
242.329735
252.096173
261.557409
269.492640
276.512267
284.752699
292.382728
297.265947
302.454367
304.590775
306.116781
307.642787
307.337586
308.863592
307.642787
307.337586
306.421982
304.590775
301.843965
298.791953
293.603533
291.772326
285.973503
279.869480
275.901865
266.745829
257.894995
247.823356
237.141315
227.680079
215.166830
201.432777
189.529931
171.828263
155.652601
141.918548
127.268891
109.872424
91.865554
75.384691
59.514230
44.254171
27.468106
10.682041
-4.646125
-19.165266
-33.684407
-47.622782
-61.561158
-74.047619
-87.114846
-100.182073
-111.797386
-122.831933
-134.447246
-146.933707
-158.549020
-170.745098
-180.908497
-193.394958
-209.366013
-220.690943
-231.435107
-240.436975
-249.438842
-259.311858
-267.152194
-274.702148
-282.542484
-289.802054
-296.480859
-301.417367
-304.611578
-307.225023
-308.967320
-310.419234
-309.838469
-309.838469
-309.838469
-309.257703
-307.515406
-306.353875
-303.159664
-301.707750
-297.061625
-293.867414
-288.930906
-283.704015
-277.605976
-271.798319
-263.667600
-254.665733
-245.083100
-234.338936
-223.014006
-211.398693
-198.041083
-184.102708
-169.583567
-155.354809
-142.577965
-126.316527
-108.312792
-93.503268
-77.532213
-63.303455
-47.332400
-31.651727
-15.971055
-0.871148
12.208047
26.552502
40.896958
54.936212
68.975466
80.878312
93.391560
104.684004
117.502453
130.015702
143.749755
155.652601
164.198234
179.153091
195.633955
209.673209
220.660451
230.426889
241.719333
251.485770
260.947007
267.966634
276.207066
284.752699
290.551521
297.876349
302.454367
304.895976
306.727184
307.337586
308.863592
308.863592
308.253189
307.947988
306.116781
305.201178
303.064769
298.181551
295.434740
291.161923
285.973503
279.869480
274.375859
267.966634
258.200196
248.128557
237.446516
228.900883
215.777233
202.958783
189.224730
173.659470
158.094210
143.139352
129.100098
111.703631
92.781158
75.384691
60.124632
43.643768
28.688911
12.208047
-4.065359
-18.584500
-32.232493
-47.332400
-60.109244
-73.466853
-86.534080
-98.730159
-111.507003
-121.960784
-134.156863
-146.062558
-158.258637
-169.293184
-180.037348
-192.523810
-209.075630
-221.271709
-230.854342
-240.436975
-250.309991
-259.021475
-266.861811
-273.540616
-282.252101
-288.640523
-296.190476
-301.707750
-304.030812
-307.515406
-308.096172
-309.257703
-309.548086
-309.838469
-309.257703
-309.838469
-308.096172
-307.225023
-304.611578
-300.255836
-297.932773
-293.577031
-288.640523
-284.865546
-277.315593
-271.798319
-263.667600
-254.375350
-245.663866
-235.210084
-224.756303
-212.850607
-198.331466
-185.845005
-170.745098
-157.387488
-144.029879
-127.478058
-108.893557
-94.374416
-78.984127
-63.013072
-49.074697
-33.684407
-17.422969
-2.903828
10.682041
25.942100
40.286555
54.631011
67.144259
79.352306
92.170756
104.073602
116.281649
130.320903
142.528950
155.347399
164.198234
178.542689
194.718351
209.062807
221.270854
230.121688
241.108930
250.875368
259.726202
268.271835
275.901865
283.531894
291.467125
298.181551
302.149166
304.285574
305.811580
307.337586
307.032385
308.253189
308.253189
307.947988
304.895976
304.895976
302.149166
298.791953
295.129539
290.551521
287.194308
281.090285
274.681060
267.966634
258.810599
249.654563
239.277723
229.206084
217.608440
204.484789
190.140334
174.269872
157.178606
143.139352
129.405299
112.619235
93.696762
76.300294
60.735034
45.169774
29.299313
12.818449
-2.903828
-16.261438
-31.070962
-46.461251
-59.528478
-71.434174
-84.501401
-98.730159
-110.055089
-121.089636
-133.576097
-144.901027
-157.387488
-169.293184
-178.585434
-192.233427
-207.042951
-219.529412
-230.563959
-238.694678
-249.148459
-257.859944
-265.990663
-273.830999
-280.800187
-288.059757
-296.480859
-301.126984
-304.611578
-306.644258
-308.096172
-309.548086
-310.419234
-310.128852
-309.548086
-308.386555
-308.386555
-306.934641
-303.450047
-302.288515
-297.642390
-294.448179
-290.963585
-283.994398
-279.348273
-270.927171
-264.538749
-255.246499
-245.663866
-236.081232
-224.465920
-212.269841
-200.073763
-185.845005
-171.906629
-157.097106
-144.320261
-128.058824
-110.055089
-94.374416
-78.984127
-63.884220
-48.784314
-33.103641
-17.422969
-2.323063
11.292444
26.247301
40.286555
53.715407
66.839058
78.741904
92.475957
104.378803
116.586850
129.405299
142.528950
155.347399
164.503435
177.627085
194.718351
208.452404
219.744848
230.732090
241.414132
249.654563
260.336605
267.661433
275.291462
283.226693
291.161923
298.791953
301.538763
303.980373
305.811580
307.032385
308.253189
307.642787
307.337586
307.947988
306.421982
303.980373
302.454367
299.097154
296.350343
291.467125
285.668302
281.395486
275.901865
267.356232
260.641806
248.433759
240.803729
228.595682
217.608440
204.789990
190.750736
176.406281
159.620216
144.054956
130.931305
114.145240
94.307164
78.131501
62.261040
45.780177
32.351325
13.123651
-1.451914
-16.842204
-30.780579
-44.138189
-58.366947
-71.724556
-83.630252
-96.987862
-108.893557
-119.928105
-131.543417
-144.320261
-156.806723
-169.002801
-178.295051
-190.781513
-205.881419
-218.367880
-229.692810
-238.985061
-248.277311
-257.569561
-265.990663
-273.250233
-280.219421
-287.769374
-295.319328
-300.836601
-304.321195
-307.225023
-307.515406
-309.838469
-309.838469
-309.838469
-308.967320
-309.838469
-308.096172
-305.773109
-302.869281
-301.417367
-297.932773
-294.448179
-290.092437
-284.575163
-279.929038
-272.379085
-264.248366
-255.827264
-246.244631
-237.823529
-225.627451
-213.721755
-201.525677
-187.006536
-172.487395
-158.839402
-145.191410
-129.801120
-111.797386
-96.116713
-81.016807
-65.626517
-50.816993
-34.555556
-18.874883
-4.646125
9.766438
24.110893
39.065751
51.578999
65.007851
78.131501
90.339549
101.631992
115.060844
126.963690
140.697743
154.126595
164.198234
175.795878
193.802748
207.536801
217.913641
229.511286
239.582924
248.433759
258.505397
265.525025
274.986261
282.005888
290.246320
297.571148
301.233562
304.895976
306.116781
307.032385
308.253189
307.032385
308.253189
307.947988
305.811580
304.895976
301.843965
298.791953
295.129539
291.161923
287.499509
279.869480
274.986261
268.271835
259.421001
250.875368
239.888126
229.816487
219.134446
204.789990
192.276742
175.490677
159.925417
145.580962
130.015702
114.450442
97.053974
78.436703
62.871443
47.306183
31.740922
14.344455
-0.871148
-16.261438
-30.199813
-45.299720
-57.495798
-71.724556
-83.630252
-95.535948
-109.474323
-119.056956
-131.543417
-144.320261
-155.354809
-169.293184
-178.295051
-190.491130
-205.010271
-219.239029
-228.531279
-238.113912
-247.696545
-258.150327
-266.571429
-273.250233
-280.509804
-288.930906
-294.448179
-301.707750
-303.740430
-305.482726
-308.676937
-308.967320
-311.000000
-310.128852
-308.967320
-309.548086
-307.805789
-306.644258
-304.030812
-301.126984
-299.384687
-295.028945
-289.802054
-285.446312
-278.767507
-272.379085
-265.409897
-255.536881
-246.825397
-237.242764
-226.498599
-215.173669
-201.816060
-188.168067
-174.229692
-159.710551
-146.062558
-131.253035
-112.668534
-96.987862
-81.307190
-67.078431
-51.978525
-35.426704
-20.617180
-5.807656
8.850834
23.500491
38.150147
51.578999
64.092247
77.826300
89.423945
100.716389
114.145240
125.132483
140.392542
152.905790
161.756624
175.795878
192.581943
207.231600
218.829244
228.290481
239.277723
249.044161
257.894995
267.051030
273.460255
281.700687
289.635918
296.960746
301.233562
303.369971
305.811580
307.032385
307.337586
308.253189
308.253189
307.642787
307.337586
304.285574
301.843965
298.486752
296.350343
290.551521
286.278705
282.005888
275.596663
267.356232
260.641806
249.959764
240.193327
230.732090
219.439647
206.010795
191.666340
176.711482
160.230618
146.496565
130.931305
115.366045
97.969578
79.352306
64.397448
48.526987
32.046124
15.260059
-0.290383
-15.680672
-28.747899
-43.267040
-57.205415
-70.563025
-83.339869
-96.407096
-108.312792
-119.637722
-131.253035
-144.610644
-155.354809
-166.970121
-176.843137
-188.748833
-205.300654
-218.367880
-228.240896
-236.952381
-246.535014
-256.698413
-265.119514
-272.088702
-279.638655
-287.478992
-295.028945
-299.094304
-303.740430
-304.901961
-309.838469
-309.548086
-310.419234
-310.128852
-310.128852
-310.419234
-309.838469
-306.644258
-304.611578
-301.126984
-297.932773
-294.738562
-289.511671
-286.898226
-280.219421
-273.830999
-265.409897
-256.117647
-247.696545
-238.113912
-227.660131
-216.625584
-202.106443
-189.910364
-173.939309
-160.581699
-147.804855
-131.833800
-114.410831
-97.859010
-82.759104
-67.659197
-52.849673
-36.878618
-22.359477
-6.678805
6.714426
22.584887
36.624141
49.747792
63.787046
75.995093
89.118744
101.021590
113.534838
125.742885
138.866536
152.905790
161.756624
173.964671
191.666340
205.400393
216.998037
227.069676
238.362120
247.518155
257.284593
266.135427
273.765456
281.090285
288.109912
296.350343
300.623160
303.064769
305.811580
306.421982
307.642787
307.642787
306.727184
308.253189
306.116781
305.506379
302.759568
300.012758
296.350343
292.077527
287.804711
282.311089
275.291462
269.492640
260.641806
251.485770
240.193327
231.342493
220.355250
206.926398
193.192345
177.321884
162.367026
147.412169
132.762512
116.586850
98.274779
80.573111
64.092247
48.526987
33.572130
16.786065
-0.000000
-13.938375
-29.038282
-42.976657
-56.043884
-70.272642
-81.887955
-94.084034
-108.022409
-118.476190
-130.381886
-142.287582
-154.193277
-166.389356
-175.681606
-187.296919
-203.848739
-218.077498
-228.240896
-237.242764
-247.696545
-256.988796
-265.119514
-272.379085
-279.929038
-286.607843
-294.448179
-300.836601
-303.159664
-306.934641
-306.934641
-309.257703
-309.838469
-309.257703
-310.709617
-308.386555
-308.096172
-307.225023
-304.901961
-302.578898
-300.255836
-295.028945
-290.092437
-286.317460
-281.090570
-274.121382
-265.700280
-257.569561
-247.696545
-238.113912
-229.402428
-216.335201
-204.429505
-190.200747
-176.552754
-161.743231
-148.385621
-133.576097
-115.572362
-99.020542
-84.211018
-68.239963
-53.720822
-37.459384
-22.940243
-6.969188
6.714426
21.364082
35.098135
49.747792
62.261040
75.995093
86.982336
99.190383
112.619235
124.827282
137.645731
151.379784
161.756624
173.049068
190.445535
204.484789
217.303238
227.069676
237.751717
247.212954
256.368989
266.135427
272.849853
281.700687
289.330716
295.739941
301.843965
303.369971
305.506379
306.116781
307.642787
308.558391
306.727184
307.337586
306.421982
304.590775
303.369971
299.097154
296.350343
292.382728
286.889107
284.142296
277.122669
269.797841
262.473013
252.706575
243.245339
232.258096
222.491658
207.842002
194.718351
179.153091
162.977429
147.106968
134.288518
117.502453
98.885182
80.267910
65.618253
50.663395
34.182532
17.701668
0.915604
-12.776844
-27.005602
-42.105509
-55.172736
-69.401494
-80.726424
-93.793651
-106.570495
-117.605042
-129.801120
-141.416433
-155.354809
-166.098973
-175.391223
-188.168067
-202.687208
-216.335201
-226.788982
-236.081232
-246.535014
-256.117647
-264.829132
-272.088702
-279.057890
-287.478992
-293.867414
-301.707750
-304.901961
-305.773109
-308.967320
-310.128852
-311.000000
-310.128852
-310.419234
-309.838469
-308.386555
-306.644258
-304.611578
-301.998133
-298.223156
-294.448179
-292.705882
-286.607843
-280.800187
-274.702148
-265.990663
-258.731092
-248.858077
-239.565826
-228.240896
-217.496732
-205.591036
-191.071895
-176.843137
-161.743231
-148.966387
-134.156863
-115.862745
-100.472456
-84.791783
-70.853408
-54.882353
-38.330532
-23.521008
-7.840336
5.798822
20.448479
33.877331
48.221786
60.735034
74.469087
87.287537
97.969578
110.788027
123.606477
136.730128
151.379784
161.146222
172.133464
189.529931
204.484789
216.998037
225.848871
237.141315
247.212954
256.063788
264.304220
273.460255
280.174681
289.330716
295.129539
300.623160
303.064769
305.506379
306.421982
307.337586
307.642787
306.727184
307.032385
305.811580
305.201178
303.675172
300.317959
296.350343
292.687929
287.499509
283.531894
277.122669
269.492640
261.862610
251.485770
243.245339
233.478901
220.355250
208.147203
193.802748
180.373896
164.503435
148.938175
135.814524
118.112856
101.021590
82.404318
66.533857
50.968597
35.708538
18.006869
2.441609
-12.776844
-26.715219
-41.815126
-55.463119
-68.530345
-81.016807
-93.212885
-105.699346
-118.185808
-128.639589
-140.545285
-153.612512
-165.518207
-175.681606
