219.850049
291.013632
296.767283
297.978578
300.401168
301.309640
302.520935
301.006816
311.000000
309.183057
307.668939
304.640701
302.823759
299.492697
294.344693
291.013632
285.865628
280.414800
272.541383
266.182084
256.188900
247.709834
237.111003
227.420643
215.913340
203.194742
191.384615
175.637780
160.799416
146.566699
132.031159
114.770204
96.600779
82.670886
66.924051
49.360273
34.521908
16.352483
1.514119
-13.835032
-28.822984
-43.234476
-55.628360
-70.039852
-81.857275
-96.556997
-107.509731
-119.038925
-130.856348
-144.114921
-156.797034
-168.037998
-178.990732
-192.825765
-207.525487
-219.054680
-228.566265
-237.213160
-247.877665
-255.371640
-263.442076
-271.512512
-277.565338
-285.059314
-293.417980
-297.741427
-301.488415
-302.929564
-304.947173
-305.235403
-306.100093
-306.100093
-305.811863
-304.370714
-304.658943
-300.911956
-299.470806
-296.876738
-291.976830
-288.229842
-282.753475
-276.412419
-270.647822
-262.289157
-254.218721
-244.418906
-235.483781
-223.954588
-212.137164
-199.166821
-185.043559
-172.649676
-157.085264
-142.673772
-128.550510
-111.256719
-94.251158
-79.839666
-63.122335
-48.134384
-33.434662
-16.717331
-1.152919
12.718598
28.768257
41.789679
54.811100
68.438169
82.065239
94.178189
105.382668
116.889971
128.700097
142.024343
154.742941
165.341772
176.849075
190.476144
205.920156
216.821811
226.814995
236.505355
245.287244
254.977605
263.153846
270.421616
278.295034
284.957157
293.739046
299.189873
303.429406
306.457644
307.971762
310.091529
309.485881
309.183057
310.091529
308.880234
308.577410
305.851996
303.732230
299.795521
295.858812
292.527751
286.471276
280.414800
272.238559
264.365141
257.097371
248.012658
238.019474
229.237585
214.702045
203.194742
189.567673
175.334956
159.588121
145.052580
131.425511
114.164557
96.297955
79.339825
64.804284
49.965920
33.613437
15.746835
-0.000000
-14.411492
-28.822984
-43.522706
-57.069509
-72.057461
-83.586654
-97.709917
-108.662651
-120.480074
-131.721038
-144.979611
-157.085264
-168.902688
-179.567192
-192.249305
-208.678406
-218.766450
-228.566265
-237.213160
-247.877665
-255.659870
-263.730306
-271.224282
-277.853568
-285.347544
-292.841520
-297.453197
-301.776645
-303.217794
-305.235403
-306.100093
-305.523633
-306.100093
-306.100093
-306.100093
-303.794254
-302.353105
-300.911956
-297.453197
-293.706209
-289.670992
-285.924004
-278.430028
-270.647822
-264.018536
-255.083411
-247.012975
-236.924930
-225.683967
-214.731233
-200.896200
-187.349398
-173.226135
-158.526413
-144.114921
-131.721038
-114.427247
-96.268767
-80.704356
-66.292864
-49.863763
-34.875811
-16.717331
-3.746988
11.507303
26.648491
39.669912
55.113924
67.529698
80.853944
94.178189
104.474197
116.587147
129.002921
140.207400
152.925998
164.130477
173.215190
188.962025
204.708861
215.913340
226.512171
235.899708
245.287244
254.371957
262.548199
272.238559
277.689387
285.865628
293.739046
300.401168
304.035054
306.760467
308.274586
308.577410
310.697176
309.788705
310.091529
309.485881
308.274586
306.760467
302.823759
301.006816
297.070107
291.619279
287.076923
280.414800
273.752678
264.970789
256.794547
248.921130
239.230769
228.026290
215.913340
202.589094
187.447907
175.334956
159.285297
146.263875
132.031159
113.558909
96.600779
79.339825
64.501461
47.240506
31.190847
16.049659
-0.864690
-14.987952
-29.975904
-44.963855
-57.357739
-70.904541
-83.874884
-97.421687
-107.797961
-120.191844
-132.009268
-145.267841
-158.238184
-169.479147
-179.278962
-192.537535
-207.813716
-219.054680
-229.430955
-237.213160
-248.165894
-256.524560
-264.306766
-270.647822
-278.141798
-284.771084
-292.841520
-298.029657
-301.488415
-304.370714
-305.811863
-306.676552
-306.100093
-306.676552
-306.964782
-305.811863
-305.811863
-302.641335
-300.623726
-298.029657
-294.282669
-290.823911
-285.347544
-278.718258
-271.512512
-264.306766
-256.524560
-247.589435
-239.230769
-227.413346
-216.460612
-202.625579
-189.655236
-177.549583
-159.967563
-146.997220
-133.162187
-115.291937
-99.151066
-81.857275
-69.175162
-52.169601
-37.181650
-21.329008
-6.341057
7.570594
23.923077
38.761441
51.480039
65.409932
79.037001
90.544304
102.960078
112.953262
126.883155
139.601753
153.531646
164.130477
172.609542
187.750730
202.286271
215.307692
225.603700
234.688413
245.590068
254.069133
263.153846
270.421616
277.386563
286.168452
294.041870
300.098345
304.337877
306.154820
307.668939
309.788705
309.183057
309.788705
308.274586
308.880234
307.971762
306.154820
304.943525
300.703992
296.464460
291.013632
287.076923
281.626095
272.844206
265.879260
257.400195
247.104187
238.322298
227.723466
215.610516
201.680623
188.659202
174.426485
159.588121
145.658228
130.819864
113.256086
95.995131
79.945472
63.895813
47.240506
30.585200
12.718598
-1.729379
-16.717331
-30.552363
-44.675626
-59.087118
-71.769231
-85.027804
-99.151066
-108.662651
-119.615385
-132.297498
-144.403151
-157.661724
-168.614458
-178.414272
-193.402224
-209.831325
-219.342910
-229.430955
-238.366080
-249.030584
-256.812790
-264.306766
-271.512512
-278.430028
-287.365153
-293.994439
-298.606117
-301.776645
-304.658943
-305.811863
-305.811863
-307.253012
-306.388323
-307.541242
-306.388323
-305.235403
-303.506024
-300.047266
-298.317887
-293.994439
-289.670992
-284.194625
-279.294717
-273.530120
-265.459685
-256.812790
-248.454124
-238.366080
-228.278035
-216.748842
-204.931418
-190.519926
-177.549583
-162.561631
-148.726599
-135.179796
-117.021316
-101.456905
-84.451344
-70.616311
-55.340130
-38.911029
-23.058387
-6.629286
7.267770
22.408958
37.550146
49.965920
63.895813
77.522882
90.241480
100.840312
113.256086
124.763389
138.390458
152.017527
162.616358
172.306719
186.539435
201.377799
214.399221
225.603700
235.596884
246.195716
253.766310
263.456670
270.421616
278.295034
284.957157
293.436222
301.006816
303.732230
306.457644
307.668939
310.394352
310.394352
309.183057
310.091529
308.274586
307.971762
305.246349
303.126582
299.795521
296.161636
291.619279
286.168452
279.506329
272.844206
265.576436
257.097371
247.104187
238.625122
228.329114
214.399221
201.983447
188.356378
174.426485
158.982473
145.355404
129.911392
112.953262
95.086660
77.825706
63.895813
45.726388
31.190847
13.324245
-2.594069
-17.293791
-31.993513
-45.252085
-59.375348
-72.922150
-85.892493
-99.439296
-109.815570
-121.056534
-133.738647
-144.403151
-158.526413
-169.479147
-178.990732
-192.825765
-208.101946
-220.495829
-228.854495
-238.077850
-247.877665
-256.812790
-265.459685
-271.800741
-278.718258
-286.788693
-294.282669
-299.759036
-302.353105
-304.947173
-305.811863
-306.388323
-307.541242
-307.541242
-307.253012
-305.811863
-305.235403
-304.370714
-300.623726
-298.029657
-294.570899
-290.535681
-285.924004
-279.006487
-272.953661
-266.612604
-257.965709
-250.183503
-240.383689
-228.854495
-218.766450
-204.354958
-192.249305
-178.126043
-162.849861
-149.879518
-135.468026
-117.886006
-101.745134
-85.892493
-71.769231
-56.493049
-40.640408
-23.923077
-8.935125
4.542356
20.894839
33.613437
48.451801
62.078870
76.917235
89.333009
100.537488
112.044791
123.552093
137.481986
149.292113
160.193768
171.095424
185.933788
200.469328
213.490750
224.089581
234.385589
244.378773
254.069133
262.548199
270.421616
277.992210
285.562804
293.739046
299.492697
304.640701
305.851996
306.760467
309.485881
309.183057
308.577410
310.394352
309.183057
307.063291
305.851996
303.126582
299.492697
295.253165
290.710808
286.168452
279.203505
272.541383
265.879260
256.794547
246.195716
237.716650
226.209348
214.702045
201.983447
188.356378
174.729309
158.376826
144.446933
129.911392
112.650438
94.178189
78.431353
62.684518
46.634859
30.282376
12.112950
-3.458758
-17.293791
-31.705283
-45.828545
-60.528267
-72.633920
-85.892493
-99.727525
-109.815570
-121.056534
-133.738647
-145.844300
-157.661724
-169.479147
-179.278962
-192.825765
-207.525487
-219.919370
-228.566265
-237.789620
-248.454124
-256.812790
-265.459685
-273.530120
-279.582947
-286.500463
-292.553290
-300.047266
-301.776645
-305.235403
-306.388323
-307.541242
-306.388323
-307.541242
-307.541242
-307.541242
-306.100093
-303.794254
-302.641335
-298.894347
-294.282669
-290.247451
-286.212234
-280.735867
-274.106580
-266.324374
-257.965709
-248.742354
-239.518999
-229.430955
-218.766450
-206.084337
-193.978684
-179.278962
-163.426321
-151.320667
-137.197405
-119.038925
-104.050973
-87.045412
-72.345690
-57.069509
-42.081557
-25.364226
-9.511585
4.845180
19.077897
33.916261
47.846154
62.078870
74.797468
88.424537
99.931840
111.439143
123.249270
136.270691
149.292113
160.193768
170.186952
184.419669
200.772152
212.885102
224.089581
233.174294
244.984421
254.069133
262.245375
270.118793
277.992210
285.562804
293.739046
300.401168
304.337877
306.457644
306.457644
308.577410
308.577410
308.274586
308.880234
308.577410
307.063291
305.246349
302.218111
300.401168
294.950341
291.316456
285.562804
279.506329
272.541383
265.576436
256.794547
246.498539
237.716650
227.117819
215.004869
202.286271
188.053554
172.912366
158.074002
143.538462
128.700097
111.741967
93.875365
77.825706
61.170399
46.332035
29.676728
11.204479
-3.170528
-17.582020
-31.993513
-45.828545
-59.663577
-72.345690
-86.180723
-97.709917
-110.103800
-122.209453
-133.450417
-145.844300
-158.526413
-169.479147
-180.143652
-193.113994
-208.390176
-219.631140
-229.142725
-238.366080
-248.742354
-257.389249
-264.883225
-274.106580
-280.159407
-285.347544
-294.859129
-300.047266
-303.794254
-305.523633
-306.676552
-306.964782
-307.541242
-308.117702
-306.388323
-307.253012
-306.100093
-304.370714
-302.064875
-299.182576
-295.723818
-290.247451
-286.788693
-280.159407
-273.530120
-266.324374
-257.965709
-249.895273
-240.960148
-230.295644
-218.766450
-206.372567
-193.402224
-180.720111
-163.714551
-152.185357
-138.638554
-121.344764
-104.915663
-89.063021
-72.922150
-57.934198
-43.234476
-25.940686
-10.088044
3.331061
19.380721
33.310613
46.937683
61.170399
74.797468
87.213242
97.509250
110.833496
122.340798
135.665044
149.897760
159.890944
169.884129
184.116845
199.863681
212.885102
224.089581
232.568647
244.075949
253.463486
261.639727
270.421616
277.083739
284.654333
293.133398
299.189873
303.429406
305.851996
308.577410
308.577410
310.091529
309.183057
308.577410
307.668939
307.366115
305.549172
302.520935
300.098345
295.253165
289.802337
285.865628
278.900682
273.147030
264.970789
255.280428
246.498539
236.808179
227.420643
215.307692
201.680623
188.659202
172.912366
158.376826
144.446933
128.700097
112.650438
94.481013
77.220058
62.684518
45.726388
28.768257
11.204479
-3.170528
-17.293791
-32.858202
-47.269694
-60.816497
-74.075070
-86.757183
-100.015755
-111.256719
-120.768304
-132.873957
-146.132530
-158.814643
-169.479147
-179.855422
-192.825765
-208.390176
-219.631140
-230.007414
-238.366080
-248.165894
-257.677479
-264.883225
-272.953661
-279.294717
-286.788693
-293.706209
-300.623726
-303.217794
-305.523633
-307.541242
-308.694161
-308.694161
-308.117702
-307.253012
-308.117702
-306.100093
-303.506024
-302.929564
-299.182576
-294.859129
-291.976830
-285.059314
-281.888786
-272.953661
-267.477294
-258.830399
-249.607044
-241.248378
-230.007414
-220.207600
-207.237257
-193.978684
-180.720111
-164.291010
-152.473587
-139.215014
-122.209453
-106.645042
-88.198332
-74.363299
-58.510658
-43.234476
-27.093605
-11.240964
2.725414
17.866602
32.402142
47.240506
60.261928
73.888997
86.607595
98.417722
109.016553
121.735151
135.362220
148.080818
159.285297
168.672833
184.116845
199.863681
211.673807
223.483934
232.265823
243.167478
253.160662
261.336904
269.210321
276.478092
284.654333
292.224927
297.675755
303.732230
304.640701
307.668939
308.577410
309.183057
309.485881
309.485881
307.668939
306.457644
304.035054
302.823759
299.795521
295.253165
291.013632
284.351509
280.111977
272.844206
264.970789
257.097371
245.590068
237.413827
227.420643
214.702045
202.589094
188.356378
173.518014
157.165531
142.932814
128.700097
111.439143
93.875365
78.128530
62.078870
44.212269
28.465433
11.810127
-4.035218
-17.870250
-32.858202
-46.981464
-60.528267
-73.210380
-87.333642
-100.303985
-110.968489
-122.209453
-134.315107
-145.844300
-157.949954
-168.614458
-178.990732
-192.825765
-206.949027
-220.495829
-230.583874
-238.654310
-249.318814
-257.677479
-265.459685
-273.818350
-281.312326
-286.788693
-293.994439
-300.047266
-303.794254
-305.523633
-307.253012
-308.405931
-308.405931
-308.982391
-307.541242
-307.253012
-306.964782
-305.235403
-302.064875
-300.335496
-296.588508
-290.823911
-285.635774
-280.447637
-274.394810
-267.765524
-260.271548
-250.759963
-242.113068
-231.448563
-219.919370
-207.525487
-194.843373
-180.143652
-166.596849
-152.473587
-140.367933
-122.497683
-106.068582
-89.927711
-74.939759
-60.240037
-42.946247
-27.670065
-13.258573
2.422590
16.049659
32.099318
46.332035
59.050633
73.888997
85.093476
97.812074
109.016553
120.826680
134.150925
147.475170
158.074002
169.278481
183.814021
198.652386
211.370983
223.181110
233.174294
242.561831
252.555015
262.245375
267.999026
277.689387
284.654333
291.619279
299.492697
302.520935
304.337877
306.760467
308.577410
308.577410
309.183057
308.880234
307.668939
307.668939
305.246349
301.915287
299.795521
295.555988
290.407984
284.351509
280.414800
272.541383
265.273612
257.400195
247.104187
236.808179
227.420643
214.096397
201.377799
187.447907
173.215190
157.468354
142.629990
129.002921
112.044791
92.664070
76.917235
61.170399
43.606621
29.373905
11.507303
-4.035218
-17.293791
-33.146432
-46.693234
-61.104727
-74.075070
-86.757183
-100.015755
-111.256719
-122.209453
-134.315107
-146.420760
-159.102873
-169.479147
-179.567192
-192.537535
-208.390176
-220.495829
-229.142725
-238.077850
-248.742354
-257.101019
-265.459685
-272.377201
-279.871177
-287.076923
-294.282669
-298.606117
-303.217794
-305.523633
-307.541242
-308.982391
-308.694161
-308.982391
-308.694161
-307.541242
-306.676552
-304.947173
-302.064875
-300.911956
-295.147359
-289.959222
-287.653383
-281.024096
-274.394810
-268.053753
-259.118628
-251.624652
-242.113068
-232.025023
-221.072289
-207.813716
-194.555144
-180.720111
-165.732159
-151.897127
-140.367933
-122.497683
-106.645042
-89.927711
-75.227989
-60.528267
-44.675626
-29.399444
-12.682113
1.514119
16.655307
30.888023
44.212269
57.839338
72.677702
85.093476
96.600779
109.319377
121.432327
133.545278
147.475170
158.074002
167.764362
181.997079
198.349562
210.462512
222.575463
232.568647
242.561831
251.949367
261.336904
268.907498
275.872444
283.745862
291.922103
297.675755
303.429406
304.943525
305.549172
308.274586
309.183057
309.183057
308.880234
307.668939
306.457644
306.457644
303.732230
300.703992
296.464460
290.710808
284.957157
280.414800
272.238559
264.062317
256.491723
245.590068
237.413827
227.420643
215.004869
200.469328
187.750730
173.215190
157.468354
143.841285
129.002921
111.741967
94.481013
75.705940
60.261928
44.817916
27.859786
10.296008
-4.323448
-18.158480
-32.858202
-46.693234
-61.969416
-74.363299
-87.910102
-100.303985
-110.968489
-122.209453
-134.603336
-146.708990
-158.238184
-169.190918
-179.855422
-193.113994
-208.390176
-220.207600
-230.007414
-238.366080
-249.318814
-256.812790
-266.324374
-274.683040
-279.582947
-288.806302
-295.147359
-300.335496
-303.217794
-304.370714
-306.676552
-308.117702
-308.982391
-308.405931
-310.135310
-308.117702
-306.676552
-304.947173
-302.929564
-299.759036
-297.164968
-292.265060
-286.500463
-281.600556
-274.971270
-267.189064
-259.695088
-249.895273
-242.113068
-233.177943
-220.495829
-208.966636
-196.284523
-181.296571
-167.749768
-153.626506
-140.944393
-123.362373
-107.509731
-90.504171
-75.516219
-60.240037
-44.675626
-29.111214
-13.835032
0.908471
14.838364
29.979552
44.817916
57.839338
72.980526
84.487829
96.600779
107.805258
119.918208
132.939630
147.475170
158.074002
167.764362
182.299903
198.955209
210.159688
221.666991
231.962999
242.259007
251.949367
260.731256
267.999026
276.478092
283.745862
291.922103
297.978578
303.126582
304.943525
307.063291
308.880234
309.485881
309.485881
308.274586
307.366115
307.668939
304.337877
302.823759
299.795521
294.647517
290.710808
286.168452
278.597858
273.449854
265.879260
256.794547
246.801363
237.413827
226.209348
214.702045
201.377799
187.750730
173.215190
157.165531
142.932814
128.397274
111.136319
92.966894
76.917235
60.867575
45.120740
29.071081
12.415774
-4.611677
-18.158480
-33.434662
-47.269694
-61.681186
-74.075070
-87.910102
-100.303985
-111.256719
-122.209453
-134.315107
-147.285449
-158.238184
-170.632067
-179.855422
-193.402224
-208.101946
-220.207600
-230.007414
-238.077850
-248.454124
-257.677479
-265.459685
-273.241891
-279.871177
-287.653383
-294.570899
-300.623726
-302.929564
-306.388323
-308.694161
-308.982391
-309.558851
-309.847081
-308.694161
-308.405931
-306.388323
-304.082484
-303.794254
-299.759036
-296.876738
-292.841520
-288.229842
-281.888786
-275.547729
-268.341983
-258.830399
-251.048193
-241.536608
-232.025023
-221.072289
-208.966636
-196.284523
-182.737720
-168.037998
-154.779425
-140.944393
-125.091752
-107.797961
-90.792400
-76.380908
-61.681186
-45.252085
-29.687674
-13.835032
0.605648
14.232717
29.979552
43.303797
57.839338
72.072055
84.790652
95.086660
108.108082
119.312561
132.333982
146.869523
157.165531
167.158715
181.997079
198.046738
211.068160
222.575463
231.054528
241.956183
251.949367
260.428432
267.696203
276.175268
283.443038
292.224927
297.675755
302.823759
305.246349
305.851996
307.668939
307.668939
308.880234
308.577410
307.668939
307.366115
304.943525
302.520935
299.492697
295.253165
291.316456
285.562804
277.992210
273.752678
265.273612
255.886076
246.498539
235.596884
225.603700
214.399221
200.469328
187.750730
172.912366
158.074002
143.235638
128.397274
110.227848
93.269718
76.008763
60.564752
44.212269
29.071081
10.598832
-4.323448
-17.870250
-32.858202
-46.981464
-60.816497
-74.363299
-87.045412
-100.592215
-111.544949
-121.632994
-134.026877
-145.556070
-158.814643
-170.632067
-179.567192
-193.402224
-208.678406
-219.631140
-229.142725
-238.942539
-248.454124
-257.389249
-266.612604
-272.953661
-280.735867
-287.941613
-295.147359
-299.759036
-303.794254
-306.676552
-308.405931
-308.982391
-309.270621
-308.982391
-309.558851
-308.694161
-307.541242
-304.947173
-303.794254
-299.759036
-295.723818
-292.841520
-286.500463
-281.600556
-275.259500
-268.053753
-259.695088
-251.336423
-242.401297
-231.160334
-221.360519
-208.678406
-196.284523
-183.602410
-167.749768
-154.202966
-141.232623
-124.803522
-108.662651
-90.792400
-76.669138
-62.257646
-46.405005
-31.993513
-14.411492
-0.000000
14.232717
29.979552
43.000974
57.536514
71.163583
83.882181
95.086660
107.199611
119.009737
131.425511
145.658228
157.165531
166.250243
181.088608
197.441091
210.159688
221.969815
230.448880
242.864654
251.343720
259.217137
268.604674
274.358325
282.837390
291.013632
297.070107
302.823759
304.337877
306.457644
307.971762
308.880234
308.577410
308.274586
308.880234
306.760467
305.549172
301.612463
299.189873
295.253165
290.710808
285.259981
278.597858
272.844206
265.576436
256.188900
247.709834
237.716650
227.117819
215.610516
201.377799
187.145083
171.701071
156.862707
143.235638
128.397274
111.136319
92.966894
76.008763
60.867575
43.303797
28.465433
10.598832
-4.323448
-18.158480
-34.875811
-48.134384
-60.816497
-74.075070
-88.486562
-100.592215
-110.968489
-123.362373
-134.603336
-146.420760
-158.526413
-170.055607
-180.431881
-191.961075
-208.678406
-219.919370
-230.295644
-237.789620
-248.454124
-257.677479
-266.036145
-272.953661
-279.871177
-287.941613
-294.282669
-299.759036
-304.082484
-305.523633
-308.117702
-309.847081
-308.982391
-310.423540
-309.558851
-308.694161
-308.694161
-304.947173
-303.794254
-300.911956
-296.300278
-292.265060
-287.941613
-281.312326
-275.835959
-268.053753
-258.830399
-252.201112
-242.113068
-231.736793
-221.360519
-208.966636
-196.572753
-184.178869
-168.326228
-155.067655
-142.673772
-125.091752
-107.797961
-91.657090
-77.245598
-61.681186
-46.116775
-31.417053
-14.987952
-0.288230
13.929893
30.282376
43.303797
57.536514
71.466407
83.579357
94.481013
106.593963
118.404090
131.122687
143.841285
157.468354
166.553067
180.785784
196.229796
210.462512
221.061344
230.448880
241.047712
250.738072
260.428432
268.301850
275.872444
284.048685
291.619279
297.372931
301.915287
304.943525
306.457644
307.063291
308.577410
307.971762
308.577410
307.971762
306.457644
304.640701
301.612463
300.098345
294.041870
289.802337
285.562804
278.295034
271.935735
264.667965
255.886076
246.195716
237.111003
226.814995
215.307692
201.377799
188.356378
173.215190
156.559883
142.327167
128.094450
110.530672
92.966894
76.614411
60.564752
44.817916
28.465433
12.112950
-5.188137
-17.582020
-33.434662
-46.981464
-61.104727
-74.363299
-87.910102
-101.168675
-111.544949
-122.785913
-134.603336
-146.420760
-159.967563
-170.632067
-179.855422
-192.537535
-207.525487
-219.919370
-228.566265
-237.789620
-249.030584
-257.101019
-265.747915
-272.377201
-280.159407
-287.365153
-295.147359
-301.776645
-304.370714
-306.100093
-307.541242
-309.270621
-309.270621
-309.558851
-310.423540
-309.270621
-308.117702
-306.388323
-303.217794
-300.911956
-296.300278
-291.112141
-287.941613
-281.312326
-274.971270
-268.341983
-260.271548
-251.048193
-243.265987
-232.025023
-221.648749
-210.119555
-198.302132
-183.602410
-169.190918
-155.355885
-142.962002
-126.244671
-107.509731
-91.657090
-76.957368
-61.969416
-46.981464
-31.993513
-15.564411
-0.864690
13.324245
27.556962
42.698150
57.536514
70.557936
83.579357
94.481013
106.291139
119.009737
132.031159
144.749757
157.468354
166.553067
180.482960
196.229796
210.159688
221.061344
229.843233
241.047712
250.132425
258.914314
267.999026
275.569620
282.534567
291.013632
297.372931
303.126582
305.549172
305.549172
307.668939
308.274586
308.274586
307.971762
307.668939
307.971762
304.337877
303.126582
300.098345
295.253165
290.105161
285.865628
279.203505
273.449854
264.970789
256.491723
247.104187
235.596884
226.209348
215.004869
199.863681
187.145083
173.820837
156.559883
142.629990
128.700097
110.833496
92.664070
76.008763
61.776047
44.515093
29.071081
10.901655
-4.323448
-18.734940
-32.281742
-46.981464
-61.104727
-74.075070
-87.910102
-100.303985
-111.544949
-122.785913
-133.738647
-146.997220
-158.238184
-170.343837
-181.008341
-192.249305
-208.101946
-219.631140
-229.719184
-237.789620
-249.318814
-256.812790
-266.324374
-274.683040
-281.312326
-289.670992
-295.147359
-301.200185
-304.658943
-306.964782
-308.405931
-308.982391
-309.270621
-309.558851
-308.982391
-308.694161
-306.676552
-305.523633
-303.794254
-302.064875
-296.300278
-293.129750
-288.518072
-281.600556
-275.547729
-267.765524
-260.848007
-251.624652
-242.689527
-233.177943
-221.360519
-209.543095
-197.437442
-184.178869
-169.190918
-154.779425
-143.826691
-125.379981
-108.950880
-93.386469
-77.533828
-62.834106
-47.557924
-31.993513
-14.987952
-0.576460
13.021422
27.254138
42.092502
55.113924
70.255112
82.065239
94.178189
106.593963
118.101266
130.517040
144.749757
156.862707
165.644596
181.088608
196.229796
210.159688
221.061344
229.843233
240.139241
251.040896
259.519961
267.090555
275.569620
282.231743
291.922103
297.675755
301.915287
305.246349
305.851996
307.971762
307.366115
307.668939
308.577410
308.274586
306.457644
304.640701
302.218111
298.584226
293.739046
291.013632
284.654333
277.992210
272.238559
264.667965
257.097371
245.590068
237.716650
227.420643
214.096397
202.286271
188.053554
174.426485
157.468354
144.144109
129.002921
111.439143
92.664070
74.494645
59.353457
43.606621
27.859786
11.810127
-4.611677
-19.311399
-33.434662
-46.981464
-61.969416
-74.075070
-88.486562
-100.015755
-110.680259
-122.497683
-134.026877
-147.285449
-158.238184
-170.632067
-181.008341
-192.537535
-208.678406
-219.631140
-230.007414
-238.366080
-247.877665
-257.101019
-266.324374
-272.953661
-279.871177
-288.229842
-294.570899
-300.623726
-303.794254
-306.676552
-308.694161
-311.000000
-309.270621
-309.847081
-309.847081
-308.694161
-308.117702
-304.370714
-303.794254
-300.911956
-295.723818
-292.841520
-287.076923
-283.041705
-275.259500
-269.783133
-261.712697
-252.489342
-243.554217
-233.177943
-223.089898
-210.696015
-197.725672
-184.755329
-169.767377
-156.508804
-143.250232
-126.244671
-109.527340
-93.386469
-78.110287
-63.410565
-48.422614
-32.281742
-15.852641
-1.152919
12.718598
27.859786
42.092502
56.325219
71.163583
81.762415
92.966894
106.593963
117.495618
130.517040
144.446933
156.257059
165.644596
179.574489
195.321324
209.856865
220.455696
230.751704
240.442064
249.223953
259.217137
266.787731
274.358325
282.534567
291.316456
297.372931
302.823759
303.732230
306.154820
308.274586
307.971762
307.971762
308.577410
307.366115
306.760467
304.337877
302.520935
299.492697
294.950341
289.802337
284.957157
277.992210
273.147030
264.365141
255.280428
246.498539
236.505355
228.026290
215.004869
201.074976
188.356378
172.003895
157.165531
143.841285
129.305745
112.347614
93.269718
76.311587
61.170399
45.120740
28.162610
11.204479
-4.899907
-18.158480
-33.722892
-47.846154
-61.104727
-75.227989
-87.045412
-100.592215
-111.544949
-123.074143
-134.891566
-146.708990
-158.814643
-170.632067
-179.278962
-193.113994
-208.101946
-220.784059
-230.295644
-238.077850
-249.030584
-257.389249
-265.459685
-273.241891
-280.447637
-287.941613
-294.570899
-301.776645
-304.658943
-306.676552
-308.117702
-309.847081
-309.558851
-310.711770
-309.270621
-309.270621
-308.117702
-306.100093
-303.794254
-302.929564
-297.453197
-292.553290
-287.941613
-283.329935
-275.835959
-268.918443
-260.271548
-252.201112
-244.418906
-233.466172
-222.225209
-211.272475
-198.590361
-185.043559
-169.479147
-156.508804
-143.538462
-126.244671
-110.392030
-93.674699
-78.686747
-63.987025
-47.846154
-32.858202
-16.429101
-1.729379
12.718598
27.859786
40.881207
56.022395
69.952288
81.459591
93.572541
104.777020
118.404090
130.819864
143.841285
157.165531
165.644596
179.877313
195.624148
209.251217
219.244401
228.329114
241.350536
248.921130
258.005842
267.696203
273.752678
282.837390
289.499513
297.675755
301.915287
304.035054
306.154820
307.063291
307.063291
308.274586
306.760467
306.457644
307.063291
304.337877
301.612463
298.887050
294.647517
289.499513
285.259981
279.203505
274.358325
264.970789
255.583252
246.195716
235.899708
226.512171
215.004869
201.680623
188.659202
173.518014
157.165531
144.144109
128.700097
112.044791
93.269718
75.705940
61.776047
44.212269
28.162610
11.507303
-4.611677
-17.293791
-33.434662
-46.981464
-61.681186
-74.651529
-87.621872
-100.880445
-111.833179
-122.497683
-134.315107
-146.420760
-158.238184
-170.055607
-180.143652
-191.384615
-207.525487
-219.054680
-230.007414
-238.366080
-249.030584
-257.965709
-265.747915
-272.953661
-280.735867
-288.806302
-295.147359
-300.911956
-303.794254
-306.100093
-308.982391
-310.423540
-309.558851
-309.558851
-310.135310
-308.694161
-308.694161
-305.523633
-304.370714
-301.200185
-296.876738
-292.841520
-288.229842
-282.465246
-276.700649
-269.206673
-262.000927
-252.201112
-242.977757
-234.330862
-222.513438
-211.848934
-198.878591
-184.755329
-170.632067
-157.085264
-142.962002
-127.109361
-110.103800
-93.674699
-78.974977
-63.698795
-48.422614
-32.281742
-16.429101
-1.152919
12.112950
27.859786
41.184031
55.416748
70.255112
82.065239
93.572541
105.685492
117.192795
130.517040
142.629990
155.045764
165.644596
178.968841
195.624148
207.737098
220.152872
229.540409
239.533593
249.223953
258.914314
266.182084
273.449854
282.534567
290.407984
297.372931
301.309640
304.640701
305.851996
306.760467
308.274586
307.668939
307.668939
307.668939
306.457644
304.943525
301.915287
299.795521
294.950341
289.196689
284.957157
279.203505
273.147030
264.365141
255.886076
246.195716
236.505355
227.723466
214.399221
201.074976
187.750730
173.820837
157.771178
143.538462
128.700097
112.650438
92.966894
75.705940
60.261928
45.120740
28.465433
11.810127
-4.035218
-18.734940
-32.281742
-46.405005
-61.392956
-74.939759
-87.333642
-100.880445
-111.544949
-122.785913
-135.179796
-146.420760
-159.102873
-171.208526
-180.143652
-192.537535
-207.525487
-219.919370
-229.142725
-238.077850
-248.742354
-257.101019
-265.747915
-272.953661
-281.600556
-287.076923
-294.859129
-302.064875
-304.947173
-307.253012
-307.829472
-309.558851
-310.711770
-309.847081
-310.711770
-308.982391
-308.405931
-306.100093
-303.794254
-302.064875
-297.164968
-292.553290
-288.229842
-282.465246
-276.988879
-268.918443
-260.848007
-253.642261
-243.265987
-234.042632
-223.378128
-211.272475
-199.743281
-185.331789
-170.920297
-157.373494
-144.114921
-126.821131
-109.239110
-94.539388
-79.263207
-63.410565
-49.287303
-32.858202
-16.717331
-1.729379
12.415774
27.556962
40.881207
55.416748
69.649464
81.762415
93.572541
106.593963
117.495618
129.305745
144.144109
155.954236
164.736125
178.968841
195.018500
208.948393
219.244401
229.237585
239.836417
248.618306
258.914314
267.090555
275.266796
281.626095
289.499513
296.767283
301.915287
304.337877
305.246349
306.760467
307.366115
307.668939
307.366115
307.366115
307.063291
304.035054
301.612463
299.189873
295.555988
290.710808
284.048685
279.809153
272.541383
264.667965
256.188900
246.195716
236.202532
227.117819
214.399221
200.469328
188.659202
172.306719
157.771178
143.841285
129.608569
112.650438
93.572541
76.917235
61.473223
45.120740
29.676728
12.112950
-4.323448
-18.446710
-33.434662
-47.269694
-60.528267
-74.363299
-87.621872
-99.439296
-110.968489
-122.785913
-134.603336
-146.997220
-157.949954
-170.055607
-180.431881
-191.961075
-206.949027
-220.207600
-230.583874
-238.077850
-248.454124
-257.677479
-266.036145
-274.106580
-280.159407
-289.094532
-294.859129
-301.488415
-305.235403
-307.829472
-308.694161
-309.270621
-309.847081
-309.558851
-309.270621
-309.270621
-308.982391
-306.388323
-302.929564
-300.911956
-299.470806
-293.129750
-288.806302
-283.329935
-276.700649
-268.918443
-261.712697
-252.201112
-242.689527
-234.042632
-221.648749
-210.696015
-197.725672
-184.467099
-170.632067
-155.932345
-144.114921
-126.821131
-109.239110
-93.674699
-78.110287
-63.987025
-47.846154
-31.993513
-15.276182
-0.864690
12.718598
28.465433
41.789679
56.325219
70.255112
83.579357
95.389484
106.593963
118.706913
132.031159
144.749757
156.862707
166.855891
179.877313
195.321324
208.645570
219.850049
228.631938
240.139241
249.526777
258.914314
266.787731
275.569620
282.837390
290.407984
297.372931
302.218111
305.246349
305.851996
308.274586
308.577410
307.668939
308.577410
307.063291
307.063291
304.943525
301.915287
299.492697
293.739046
290.407984
286.168452
279.809153
273.147030
264.667965
256.491723
247.709834
237.413827
227.420643
215.307692
203.194742
189.264849
174.123661
158.074002
145.052580
130.517040
113.256086
95.086660
77.220058
61.473223
45.423564
30.282376
12.718598
-3.746988
-17.870250
-31.128823
-46.405005
-60.240037
-72.633920
-85.892493
-97.998146
-110.103800
-120.480074
-132.297498
-145.556070
-156.797034
-168.902688
-178.126043
-191.384615
-206.372567
-218.766450
-229.142725
-238.077850
-247.589435
-256.812790
-265.459685
-272.377201
-280.447637
-287.653383
-294.282669
-301.488415
-305.523633
-308.117702
-308.982391
-309.847081
-309.847081
-310.711770
-310.423540
-308.694161
-308.694161
-306.100093
-303.217794
-300.335496
-295.723818
-293.129750
-288.229842
-282.753475
-276.124189
-268.918443
-261.712697
-252.201112
-245.571826
-233.754402
-223.954588
-212.425394
-198.590361
-185.331789
-170.343837
-157.661724
-142.962002
-126.532901
-110.392030
-94.251158
-79.551437
-63.698795
-49.287303
-32.569972
-16.140871
-1.441149
12.718598
27.859786
41.486855
55.416748
69.952288
82.065239
93.875365
105.382668
116.889971
129.608569
143.235638
154.440117
165.038948
179.271665
194.715677
208.948393
219.547225
228.934761
240.139241
249.829601
259.217137
266.484907
274.358325
281.928919
290.105161
297.675755
301.612463
304.035054
305.246349
307.668939
307.668939
308.577410
307.668939
308.577410
306.154820
305.549172
301.915287
298.584226
294.950341
290.407984
284.654333
279.809153
273.752678
265.576436
255.886076
246.498539
236.505355
228.026290
215.913340
203.194742
188.962025
174.729309
158.982473
145.355404
131.122687
112.953262
95.086660
78.431353
62.987342
45.423564
31.493671
14.232717
-1.729379
-17.293791
-31.417053
-46.116775
-59.951807
-73.498610
-84.739574
-98.862836
-109.815570
-120.768304
-132.585728
-144.691381
-156.797034
-168.037998
-177.837813
-191.672845
-205.796108
-219.054680
-228.566265
-236.636701
-248.165894
-256.236330
-265.459685
-273.241891
-280.159407
-287.941613
-293.417980
-301.200185
-304.082484
-306.100093
-307.541242
-308.982391
-310.711770
-309.270621
-308.694161
-308.982391
-308.694161
-306.388323
-303.794254
-300.047266
-297.164968
-292.553290
-288.229842
-281.888786
-276.124189
-268.918443
-261.136237
-253.065802
-243.265987
-233.466172
-223.378128
-212.425394
-197.437442
-186.484708
-170.920297
-157.661724
-144.691381
-126.532901
-109.815570
-93.098239
-78.974977
-64.563485
-48.710843
-33.722892
-16.717331
-2.305839
11.204479
27.254138
40.578384
55.719572
68.438169
82.670886
94.481013
105.988315
118.101266
130.819864
143.841285
156.257059
165.038948
179.574489
194.715677
209.856865
219.547225
229.843233
240.442064
249.526777
259.217137
266.787731
274.358325
283.443038
