290.915851
309.174168
296.697652
296.697652
297.306262
297.610568
295.176125
292.741683
289.698630
286.351272
282.395303
278.135029
272.353229
267.180039
260.485323
251.660470
242.227006
230.663405
219.099804
204.493151
189.886497
183.800391
157.934442
139.980431
120.809198
102.855186
83.075342
65.425636
47.471624
32.864971
13.998043
-4.611677
-18.158480
-33.722892
-44.675626
-57.069509
-70.328082
-82.721965
-91.368860
-102.033364
-112.697868
-120.480074
-129.415199
-137.485635
-145.556070
-153.338276
-151.320667
-159.967563
-169.479147
-179.567192
-188.502317
-193.978684
-207.237257
-219.342910
-229.430955
-238.366080
-245.860056
-254.506951
-257.101019
-258.542169
-264.018536
-271.512512
-278.141798
-284.771084
-299.182576
-302.353105
-293.994439
-294.282669
-296.012048
-296.876738
-296.588508
-296.876738
-295.723818
-295.723818
-293.417980
-291.400371
-289.094532
-284.482854
-280.735867
-274.394810
-270.359592
-264.883225
-257.101019
-249.607044
-242.113068
-231.448563
-222.513438
-210.984245
-201.184430
-196.572753
-183.602410
-169.479147
-156.797034
-143.538462
-126.821131
-110.392030
-93.674699
-79.839666
-65.139944
-49.863763
-35.452271
-18.446710
-4.323448
11.259295
24.953033
38.646771
53.862035
66.947162
80.032290
92.204501
104.681018
118.070450
130.546967
145.457926
158.543053
168.585127
184.104697
199.624266
213.318004
224.272994
233.402153
245.270059
254.399217
262.919765
271.136008
276.917808
285.134051
293.654599
298.827789
304.609589
307.348337
309.174168
310.087084
309.174168
311.000000
309.782779
308.869863
307.044031
304.000978
300.957926
298.827789
292.437378
289.090020
282.395303
274.483366
268.092955
258.963796
247.704501
237.053816
225.794521
211.187867
198.102740
182.278865
166.454990
149.109589
132.372798
116.548924
99.812133
80.336595
60.556751
41.994129
26.474560
9.737769
-5.764597
-20.464319
-35.740500
-48.710843
-61.969416
-73.786840
-85.604263
-97.998146
-107.221501
-118.462465
-127.974050
-138.926784
-149.591288
-159.391103
-172.361446
-181.296571
-189.655236
-202.625579
-216.748842
-228.278035
-235.772011
-244.418906
-253.354032
-259.695088
-267.477294
-272.665431
-279.582947
-286.212234
-293.129750
-298.894347
-301.776645
-303.506024
-305.235403
-305.811863
-306.388323
-306.388323
-306.676552
-305.811863
-305.811863
-302.353105
-301.200185
-299.470806
-294.282669
-291.688601
-286.500463
-280.447637
-274.106580
-267.477294
-259.406858
-251.912882
-242.689527
-231.736793
-221.648749
-208.390176
-196.572753
-182.737720
-168.902688
-155.644115
-144.403151
-126.821131
-109.527340
-95.115848
-80.416126
-65.428174
-50.440222
-34.011121
-19.311399
-3.170528
10.042074
24.344423
40.168297
52.644814
68.164384
79.423679
92.508806
104.985323
116.853229
131.155577
144.545010
157.934442
167.672211
183.496086
199.624266
212.405088
223.968689
233.097847
244.052838
253.181996
262.919765
270.223092
277.830724
286.655577
294.263209
300.045010
304.609589
306.739726
307.956947
308.565558
310.695695
310.087084
308.869863
309.478474
307.956947
305.826810
301.870841
300.653620
296.697652
291.828767
285.438356
278.439335
272.353229
262.311155
253.486301
241.922701
232.489237
221.229941
206.014677
192.016634
174.975538
160.673190
144.545010
129.025440
114.114481
94.943249
76.989237
58.730920
42.298434
25.865949
9.433464
-5.764597
-21.329008
-36.028730
-49.575533
-63.987025
-75.804449
-87.333642
-99.727525
-110.392030
-121.344764
-132.585728
-144.403151
-155.644115
-167.173309
-177.261353
-186.484708
-199.166821
-213.001854
-225.395737
-233.754402
-242.113068
-251.336423
-258.253939
-265.747915
-271.512512
-279.006487
-285.924004
-293.129750
-299.182576
-302.353105
-304.658943
-305.523633
-306.388323
-306.676552
-306.676552
-307.541242
-305.523633
-305.235403
-303.794254
-300.623726
-298.029657
-294.282669
-289.959222
-286.788693
-280.447637
-274.106580
-268.053753
-258.830399
-251.624652
-243.554217
-232.313253
-221.360519
-208.101946
-195.996293
-182.161260
-169.190918
-155.932345
-142.385542
-125.956441
-109.239110
-93.098239
-79.263207
-64.275255
-51.304912
-34.587581
-18.158480
-3.170528
10.954990
25.257339
39.863992
52.949119
67.860078
79.727984
91.900196
105.898239
117.461840
132.677104
146.979452
157.630137
167.672211
182.583170
199.319961
213.622309
224.272994
234.315068
244.357143
254.094912
262.615460
270.527397
279.047945
285.438356
294.567515
300.349315
304.305284
307.044031
308.261252
308.869863
310.391389
310.087084
311.000000
309.782779
308.261252
306.739726
304.000978
301.262231
296.393346
292.133072
285.742661
280.265166
273.570450
265.049902
256.225049
245.270059
234.619374
222.447162
210.274951
196.276908
180.453033
164.324853
149.109589
134.807241
119.287671
101.942270
83.683953
65.121331
48.688845
32.864971
15.519569
-0.864690
-16.429101
-29.975904
-44.387396
-58.510658
-70.328082
-83.586654
-96.556997
-108.662651
-117.021316
-129.415199
-139.791474
-153.338276
-165.443930
-174.955514
-184.178869
-197.437442
-212.425394
-222.225209
-232.313253
-239.807229
-249.318814
-257.965709
-265.171455
-272.665431
-278.718258
-286.788693
-294.282669
-299.759036
-302.929564
-304.370714
-305.811863
-307.253012
-306.676552
-307.253012
-305.811863
-306.388323
-304.947173
-303.794254
-301.776645
-297.453197
-294.282669
-290.535681
-287.076923
-280.735867
-275.259500
-266.900834
-260.271548
-251.624652
-242.113068
-232.601483
-221.360519
-208.966636
-196.860982
-181.584801
-169.190918
-154.491196
-143.538462
-126.244671
-108.950880
-93.386469
-79.551437
-65.139944
-49.863763
-34.875811
-18.734940
-2.594069
10.346380
25.257339
38.951076
53.557730
67.860078
80.945205
92.813112
103.768102
118.070450
130.546967
146.675147
157.934442
167.367906
182.583170
197.798434
212.100783
224.577299
233.402153
244.357143
255.312133
263.528376
270.527397
277.830724
286.959883
294.871820
301.262231
303.696673
305.826810
309.478474
309.782779
311.000000
309.174168
310.391389
308.869863
307.652642
305.826810
303.392368
301.566536
296.089041
290.915851
286.351272
280.265166
273.874755
265.962818
256.225049
245.270059
236.749511
225.490215
212.405088
197.189824
182.278865
167.063601
151.544031
136.024462
121.722114
103.768102
85.509785
69.077299
51.123288
36.212329
18.866928
1.521526
-12.393883
-27.958295
-41.216867
-54.187210
-69.463392
-80.704356
-93.098239
-106.645042
-117.309546
-127.974050
-139.215014
-151.897127
-163.714551
-174.090825
-183.890639
-196.572753
-210.984245
-222.225209
-231.160334
-239.518999
-249.318814
-257.677479
-265.459685
-270.936052
-279.871177
-286.788693
-294.570899
-299.470806
-303.506024
-304.370714
-306.388323
-306.100093
-308.117702
-307.253012
-306.676552
-307.253012
-306.100093
-304.082484
-301.776645
-298.606117
-294.570899
-290.823911
-285.924004
-282.177016
-274.683040
-268.341983
-260.559778
-251.048193
-242.689527
-232.601483
-220.495829
-209.254866
-196.284523
-183.314180
-168.902688
-156.508804
-142.673772
-125.091752
-109.527340
-93.674699
-78.686747
-64.563485
-48.710843
-34.299351
-18.158480
-2.594069
10.650685
26.474560
39.559687
53.557730
67.860078
80.336595
92.813112
104.072407
118.374755
131.764188
145.457926
157.630137
167.672211
182.583170
199.015656
213.013699
223.055773
233.706458
244.661448
253.790607
263.224070
271.744618
278.743640
286.655577
294.263209
301.262231
304.000978
306.739726
307.652642
309.782779
309.782779
310.391389
310.087084
309.478474
307.956947
305.826810
303.088063
300.045010
295.480431
291.828767
287.568493
281.482387
273.570450
266.875734
255.920744
247.704501
236.445205
225.794521
212.709393
198.407045
184.409002
168.889432
152.761252
138.458904
122.939335
106.506849
86.118395
70.903131
54.470646
37.733855
22.518591
3.651663
-10.664504
-26.228916
-39.775718
-54.187210
-66.292864
-79.839666
-91.945320
-104.050973
-115.868397
-125.956441
-138.638554
-150.744208
-162.561631
-173.514365
-182.449490
-195.131603
-210.407785
-221.360519
-229.719184
-238.654310
-248.165894
-257.101019
-265.747915
-273.241891
-280.447637
-287.076923
-293.417980
-301.488415
-303.506024
-305.811863
-306.100093
-308.117702
-307.253012
-308.117702
-306.964782
-307.541242
-304.947173
-303.506024
-301.488415
-300.335496
-294.282669
-291.976830
-287.941613
-280.735867
-275.547729
-266.900834
-260.271548
-251.624652
-242.113068
-231.448563
-220.495829
-208.678406
-196.284523
-181.296571
-169.767377
-155.644115
-143.250232
-125.956441
-110.103800
-94.251158
-79.263207
-63.410565
-48.999073
-33.146432
-17.293791
-2.594069
11.259295
26.170254
40.168297
54.774951
67.555773
80.640900
92.508806
105.289628
117.461840
130.546967
145.153620
157.325832
166.150685
182.583170
198.711350
212.405088
223.968689
232.489237
244.661448
253.486301
263.224070
270.223092
277.830724
286.046967
294.263209
300.045010
305.826810
306.739726
308.869863
310.087084
310.391389
309.478474
309.174168
309.174168
308.565558
305.522505
303.088063
300.957926
295.176125
291.828767
285.742661
282.090998
274.179061
266.875734
257.746575
247.704501
236.445205
226.707436
214.230920
199.624266
185.321918
170.106654
154.282779
139.980431
124.156556
107.115460
89.161448
71.816047
55.687867
38.038160
23.127202
5.173190
-9.223355
-23.634847
-38.622799
-52.746061
-66.004634
-78.974977
-91.657090
-103.762743
-113.274328
-126.821131
-137.485635
-149.303058
-162.273401
-173.514365
-182.737720
-194.266914
-210.407785
-221.360519
-229.719184
-238.077850
-248.742354
-257.101019
-265.747915
-273.530120
-279.006487
-286.500463
-293.129750
-300.335496
-301.776645
-305.523633
-306.964782
-308.405931
-308.982391
-308.694161
-308.117702
-306.388323
-306.100093
-303.506024
-302.064875
-298.894347
-294.859129
-292.553290
-287.365153
-282.465246
-275.547729
-267.477294
-259.118628
-250.759963
-242.113068
-232.601483
-221.648749
-209.543095
-197.437442
-182.737720
-169.190918
-154.779425
-143.250232
-126.532901
-109.815570
-94.539388
-78.974977
-64.563485
-48.710843
-33.146432
-16.717331
-2.594069
11.259295
26.474560
41.081213
53.862035
67.555773
80.336595
92.813112
104.681018
117.766145
131.155577
144.545010
157.630137
166.759295
181.061644
197.798434
211.796477
223.664384
232.489237
243.139922
254.399217
262.615460
270.527397
277.830724
285.438356
293.350294
300.957926
304.609589
306.131115
308.261252
309.478474
309.782779
309.478474
309.478474
308.261252
307.044031
305.218200
303.392368
300.045010
295.480431
291.828767
286.351272
280.873777
274.179061
266.875734
258.050881
248.313112
238.879648
228.533268
215.143836
199.928571
186.234834
169.802348
153.978474
139.980431
125.373777
108.332681
90.378669
72.728963
57.209393
40.472603
24.040117
6.694716
-7.493976
-23.346617
-37.469880
-51.881372
-65.139944
-78.110287
-90.504171
-102.033364
-114.427247
-124.803522
-136.044486
-149.303058
-160.255792
-172.649676
-180.720111
-193.113994
-208.966636
-221.072289
-229.719184
-238.942539
-249.030584
-256.812790
-265.459685
-272.953661
-281.024096
-286.788693
-294.282669
-300.335496
-302.064875
-305.811863
-306.100093
-308.117702
-308.694161
-308.117702
-308.694161
-306.676552
-306.388323
-304.370714
-301.200185
-299.759036
-294.282669
-291.688601
-287.076923
-283.041705
-275.835959
-267.765524
-259.695088
-251.912882
-242.689527
-233.177943
-222.225209
-209.831325
-196.284523
-184.467099
-168.902688
-155.932345
-142.673772
-125.379981
-110.103800
-93.674699
-78.974977
-63.987025
-48.710843
-33.146432
-16.717331
-2.882298
12.172211
26.170254
39.559687
54.470646
68.772994
80.032290
92.204501
104.376712
116.548924
130.546967
143.936399
155.804305
167.367906
181.365949
198.711350
212.100783
223.360078
233.402153
242.227006
252.877691
261.093933
270.831703
278.439335
284.829746
294.263209
298.827789
304.913894
306.435421
308.261252
309.782779
309.478474
309.782779
310.391389
308.869863
307.652642
305.522505
303.088063
300.653620
294.871820
291.828767
285.438356
280.569472
273.874755
265.962818
257.746575
248.313112
238.271037
228.837573
215.143836
201.450098
187.147750
171.932485
155.804305
140.893346
127.503914
108.941292
89.770059
73.337573
58.426614
40.776908
24.953033
8.520548
-6.629286
-22.193698
-36.028730
-51.304912
-64.275255
-77.822057
-89.351251
-102.321594
-113.274328
-123.938832
-136.332715
-147.861909
-160.544022
-171.496756
-181.296571
-192.825765
-209.543095
-220.495829
-229.719184
-238.366080
-248.742354
-257.965709
-265.459685
-273.530120
-279.582947
-288.229842
-295.147359
-300.047266
-303.794254
-304.947173
-306.964782
-308.405931
-308.117702
-308.982391
-307.829472
-308.117702
-306.388323
-303.506024
-302.929564
-299.182576
-295.723818
-291.688601
-287.653383
-283.329935
-275.259500
-268.918443
-260.271548
-251.912882
-243.842447
-234.042632
-221.360519
-211.848934
-196.860982
-182.449490
-169.190918
-155.067655
-143.538462
-126.532901
-109.239110
-94.539388
-77.822057
-64.563485
-50.151993
-32.858202
-17.582020
-2.594069
11.563601
26.778865
39.559687
54.774951
68.164384
80.640900
92.508806
103.768102
117.766145
130.242661
144.240705
157.934442
166.454990
181.061644
197.189824
211.492172
222.751468
232.489237
243.139922
252.269080
261.702544
269.918787
277.526419
285.134051
293.045988
300.653620
304.305284
306.131115
307.956947
308.565558
309.782779
309.782779
309.174168
309.174168
307.348337
305.522505
302.783757
300.045010
295.480431
291.828767
286.959883
281.786693
275.091977
268.092955
257.137965
247.095890
239.183953
227.620352
215.448141
201.450098
187.147750
172.541096
155.500000
141.806262
127.503914
108.028376
90.987280
73.641879
57.209393
40.776908
25.257339
8.216243
-6.052827
-21.040778
-34.875811
-50.728452
-63.410565
-76.092678
-89.063021
-102.033364
-112.409639
-124.515292
-135.468026
-147.861909
-161.120482
-171.784986
-181.296571
-193.113994
-208.966636
-220.495829
-229.142725
-238.366080
-248.742354
-256.812790
-266.612604
-272.665431
-280.735867
-287.941613
-294.570899
-300.623726
-303.506024
-305.811863
-307.253012
-308.982391
-307.829472
-308.982391
-308.117702
-307.541242
-307.253012
-304.370714
-302.929564
-299.759036
-295.723818
-292.841520
-286.500463
-282.753475
-276.700649
-268.341983
-260.848007
-252.201112
-243.265987
-233.754402
-222.801668
-210.407785
-197.149212
-183.314180
-169.190918
-156.797034
-143.538462
-126.532901
-110.968489
-93.386469
-78.974977
-64.275255
-48.134384
-32.569972
-16.717331
-2.017609
11.563601
27.691781
39.863992
53.253425
67.555773
80.640900
92.508806
104.072407
117.461840
129.938356
143.632094
156.717221
164.933464
181.061644
197.494129
211.187867
223.360078
231.576321
241.618395
251.660470
262.006849
268.701566
277.222114
285.438356
292.741683
300.349315
303.392368
306.435421
307.956947
309.174168
309.174168
309.174168
308.565558
308.869863
309.174168
305.522505
303.392368
300.957926
295.480431
291.524462
287.264188
280.873777
274.179061
267.788650
257.746575
248.617417
238.271037
228.533268
215.448141
201.450098
187.452055
171.932485
156.108611
143.023483
127.808219
110.767123
92.204501
75.163405
57.818004
41.385519
27.691781
9.129159
-5.188137
-21.040778
-36.605190
-48.710843
-63.122335
-75.516219
-89.063021
-101.745134
-113.562558
-123.938832
-135.756256
-147.861909
-159.391103
-172.649676
-180.720111
-193.402224
-208.390176
-219.631140
-230.007414
-237.789620
-247.589435
-256.812790
-265.459685
-273.530120
-281.312326
-288.806302
-294.859129
-301.488415
-303.794254
-305.811863
-307.829472
-308.405931
-308.982391
-308.982391
-308.694161
-307.829472
-306.388323
-305.811863
-301.776645
-300.047266
-296.012048
-292.841520
-288.518072
-283.041705
-276.988879
-268.918443
-261.712697
-252.777572
-242.401297
-233.754402
-221.648749
-209.254866
-198.013902
-183.314180
-170.632067
-156.508804
-144.114921
-126.821131
-109.815570
-94.827618
-78.686747
-64.851715
-49.287303
-33.146432
-17.582020
-3.170528
12.476517
27.691781
40.472603
54.470646
67.860078
80.945205
91.900196
104.376712
117.766145
131.459883
144.240705
155.804305
165.846380
181.365949
197.189824
211.187867
222.751468
230.967710
242.835616
252.269080
262.311155
269.918787
277.830724
285.134051
291.828767
299.132094
303.696673
305.522505
307.652642
309.782779
308.565558
309.782779
309.478474
308.565558
308.565558
305.522505
302.479452
300.045010
295.176125
290.611546
286.959883
281.178082
273.874755
267.180039
258.050881
247.095890
238.271037
228.533268
215.752446
202.971624
187.452055
171.628180
156.412916
142.110568
126.590998
111.375734
91.900196
73.946184
59.948141
41.081213
27.083170
9.129159
-5.188137
-19.887859
-35.452271
-48.134384
-62.545876
-75.516219
-87.910102
-100.880445
-111.256719
-124.227062
-136.044486
-146.708990
-159.679333
-170.343837
-180.143652
-193.402224
-207.237257
-220.495829
-230.295644
-238.366080
-248.742354
-257.677479
-265.459685
-272.953661
-281.600556
-287.941613
-294.282669
-300.911956
-303.506024
-306.388323
-308.117702
-308.982391
-309.270621
-308.694161
-308.982391
-308.405931
-307.253012
-305.811863
-302.641335
-300.335496
-296.588508
-292.265060
-288.806302
-283.329935
-277.277108
-268.918443
-262.577386
-252.489342
-242.689527
-234.042632
-221.936979
-210.119555
-197.725672
-183.890639
-169.767377
-156.797034
-143.826691
-127.109361
-110.103800
-93.674699
-78.974977
-63.987025
-48.999073
-32.858202
-17.582020
-2.594069
11.867906
26.778865
41.385519
54.166341
67.555773
79.727984
90.987280
105.289628
116.548924
130.546967
143.936399
155.500000
164.324853
179.235812
196.276908
209.970646
222.142857
230.967710
241.618395
251.964775
260.181018
269.614481
277.526419
284.525440
293.045988
298.523483
303.696673
306.131115
307.348337
308.565558
309.782779
310.087084
308.869863
308.565558
307.348337
305.522505
303.392368
299.132094
295.176125
291.828767
286.959883
280.569472
275.091977
268.092955
257.137965
248.921722
239.183953
228.228963
215.143836
202.363014
186.843444
173.454012
156.412916
141.806262
128.416830
111.071429
92.508806
75.163405
58.730920
42.907045
27.387476
10.042074
-5.188137
-19.887859
-34.875811
-48.999073
-62.545876
-75.804449
-87.910102
-100.303985
-112.409639
-122.785913
-134.891566
-147.573679
-159.679333
-171.208526
-179.567192
-192.825765
-207.813716
-219.342910
-229.430955
-236.924930
-248.454124
-257.101019
-266.036145
-273.241891
-280.159407
-287.365153
-295.435589
-301.200185
-303.217794
-306.676552
-306.964782
-308.694161
-309.847081
-308.982391
-309.270621
-308.982391
-306.676552
-305.235403
-303.217794
-300.047266
-296.012048
-293.417980
-287.941613
-282.465246
-276.700649
-268.630213
-260.848007
-253.354032
-243.554217
-234.330862
-223.378128
-210.696015
-197.437442
-183.890639
-170.632067
-156.797034
-144.114921
-126.821131
-110.103800
-94.251158
-78.686747
-63.698795
-48.999073
-33.434662
-16.717331
-3.746988
11.563601
26.170254
38.951076
53.253425
66.642857
80.336595
91.595890
104.681018
117.766145
129.938356
143.632094
155.804305
165.237769
178.931507
196.581213
209.970646
220.317025
230.663405
241.618395
252.269080
260.485323
268.701566
276.917808
284.221135
293.350294
299.436399
302.175147
305.826810
307.044031
308.261252
308.261252
308.261252
309.478474
308.261252
307.652642
305.522505
303.088063
300.045010
295.480431
290.307241
285.134051
281.178082
274.483366
265.658513
258.355186
248.921722
237.053816
228.837573
215.143836
200.841487
188.060665
172.845401
157.934442
142.414873
129.025440
112.288650
92.508806
75.467710
60.252446
43.211350
27.387476
10.346380
-4.035218
-18.734940
-34.875811
-48.422614
-61.969416
-76.092678
-88.198332
-100.592215
-112.121409
-122.497683
-135.179796
-146.132530
-158.814643
-171.208526
-180.143652
-192.537535
-208.101946
-220.784059
-229.142725
-238.654310
-248.165894
-257.101019
-266.324374
-273.530120
-280.735867
-288.518072
-295.147359
-299.759036
-304.082484
-306.676552
-308.117702
-309.847081
-308.694161
-309.558851
-308.982391
-308.982391
-307.541242
-304.947173
-303.794254
-299.759036
-296.876738
-292.841520
-288.806302
-283.618165
-276.412419
-269.783133
-261.424467
-253.354032
-244.707136
-233.177943
-223.378128
-209.831325
-198.013902
-185.908248
-171.208526
-156.508804
-144.403151
-127.685820
-109.815570
-94.539388
-79.263207
-65.139944
-49.863763
-33.722892
-18.446710
-2.882298
10.954990
25.865949
40.472603
54.470646
68.164384
80.640900
92.508806
103.159491
117.766145
130.242661
143.632094
156.412916
164.629159
179.844423
195.668297
209.057730
221.229941
229.750489
242.227006
250.747554
261.398239
268.092955
276.613503
284.525440
292.741683
299.436399
303.696673
304.913894
307.348337
308.261252
309.478474
309.174168
309.782779
308.261252
305.826810
305.522505
302.479452
299.132094
296.089041
291.524462
286.959883
281.178082
274.179061
266.875734
258.050881
247.704501
240.096869
228.228963
215.752446
202.058708
187.756360
171.932485
157.325832
143.327789
128.416830
110.767123
92.813112
75.467710
59.035225
42.602740
27.083170
10.650685
-5.188137
-19.887859
-34.011121
-48.422614
-61.969416
-74.651529
-86.757183
-99.727525
-111.544949
-122.785913
-134.026877
-146.420760
-158.814643
-170.632067
-180.143652
-192.537535
-207.237257
-219.342910
-228.566265
-238.942539
-247.877665
-256.812790
-265.459685
-273.241891
-281.024096
-287.941613
-295.147359
-301.488415
-303.506024
-306.676552
-306.964782
-308.694161
-309.558851
-308.405931
-308.982391
-308.694161
-306.388323
-305.523633
-303.506024
-301.200185
-297.741427
-293.129750
-288.229842
-284.482854
-276.700649
-268.918443
-261.712697
-252.489342
-244.995366
-234.042632
-222.801668
-211.848934
-197.725672
-186.484708
-171.208526
-157.661724
-144.979611
-127.397590
-111.256719
-94.539388
-79.263207
-63.987025
-48.422614
-34.299351
-18.446710
-2.882298
11.867906
27.083170
40.472603
54.166341
67.860078
80.336595
91.595890
103.768102
116.548924
129.938356
142.719178
156.108611
164.629159
179.844423
196.581213
209.666341
222.142857
230.054795
241.618395
250.747554
259.876712
269.005871
276.917808
283.003914
292.133072
299.436399
302.783757
305.826810
307.348337
307.044031
308.565558
308.261252
309.174168
307.348337
306.739726
305.826810
302.479452
299.740705
295.480431
292.437378
286.046967
280.873777
275.396282
267.788650
258.050881
247.704501
238.879648
227.316047
215.448141
201.754403
189.277886
173.758317
157.325832
143.936399
128.112524
112.897260
93.117417
76.684932
59.948141
43.515656
28.604697
10.650685
-4.323448
-19.023170
-34.587581
-48.134384
-62.257646
-74.075070
-87.910102
-100.303985
-110.680259
-122.209453
-134.603336
-147.285449
-158.238184
-171.208526
-179.278962
-192.537535
-207.237257
-219.919370
-230.007414
-236.924930
-248.454124
-258.253939
-265.459685
-274.106580
-281.312326
-288.518072
-296.300278
-301.488415
-304.658943
-307.253012
-308.694161
-308.982391
-310.135310
-308.694161
-308.982391
-308.982391
-307.253012
-305.523633
-303.217794
-302.064875
-297.453197
-292.265060
-289.382762
-283.618165
-277.565338
-269.494903
-262.000927
-253.642261
-244.707136
-234.042632
-224.242817
-211.560704
-198.590361
-185.043559
-171.496756
-156.220575
-144.691381
-127.974050
-110.392030
-95.692308
-77.822057
-65.428174
-49.575533
-34.299351
-18.158480
-2.882298
10.650685
26.170254
40.168297
53.253425
67.555773
80.336595
91.291585
104.376712
115.940313
129.025440
143.327789
155.195695
164.324853
178.627202
195.972603
210.274951
221.229941
230.967710
241.314090
250.747554
260.485323
269.310176
275.700587
283.916830
290.915851
299.132094
302.175147
304.609589
307.044031
307.348337
307.956947
308.565558
308.869863
307.956947
307.652642
304.913894
303.696673
300.653620
294.567515
291.828767
285.438356
280.265166
273.874755
266.267123
258.659491
247.400196
238.575342
228.837573
216.361057
202.363014
188.973581
174.366928
158.543053
143.936399
129.025440
113.201566
94.030333
75.467710
60.252446
43.211350
28.300391
11.563601
-5.476367
-18.734940
-34.011121
-46.981464
-61.104727
-75.516219
-87.621872
-100.592215
-110.680259
-122.497683
-134.315107
-146.420760
-159.102873
-170.343837
-180.143652
-192.249305
-207.813716
-220.207600
-229.430955
-238.077850
-249.030584
-257.677479
-266.612604
-274.683040
-281.600556
-288.518072
-295.147359
-301.776645
-304.082484
-305.811863
-306.676552
-308.982391
-310.711770
-309.270621
-309.558851
-309.558851
-307.829472
-305.523633
-302.929564
-300.623726
-296.876738
-292.553290
-289.670992
-283.906395
-277.277108
-270.071362
-262.577386
-253.354032
-244.995366
-233.754402
-223.666358
-213.001854
-198.302132
-186.772938
-172.073216
-157.373494
-144.979611
-127.685820
-111.544949
-95.692308
-79.263207
-65.139944
-50.440222
-34.299351
-17.582020
-2.594069
11.563601
26.474560
39.559687
53.253425
68.468689
80.032290
90.682975
103.463796
116.244618
129.634051
142.414873
155.804305
165.237769
178.322896
195.668297
208.449119
220.925636
230.967710
240.705479
251.051859
260.485323
267.484344
276.309198
283.308219
291.828767
298.523483
303.088063
305.522505
306.739726
307.956947
307.652642
308.565558
308.565558
307.956947
305.826810
305.218200
302.175147
299.740705
296.089041
290.307241
285.742661
280.265166
275.091977
267.788650
258.355186
247.704501
239.488258
229.141879
216.056751
202.667319
188.973581
173.149706
157.630137
142.110568
129.329746
111.984344
93.117417
76.076321
60.252446
43.515656
29.517613
11.867906
-4.035218
-18.734940
-31.993513
-48.710843
-61.104727
-74.651529
-87.045412
-99.727525
-111.256719
-121.632994
-134.891566
-146.132530
-157.661724
-170.632067
-180.143652
-191.961075
-207.237257
-218.766450
-229.430955
-237.501390
-248.165894
-257.965709
-265.747915
-274.106580
-281.888786
-288.806302
-294.570899
-301.776645
-305.235403
-306.964782
-307.829472
-308.982391
-310.423540
-308.982391
-309.270621
-309.558851
-308.117702
-305.523633
-303.217794
-300.335496
-296.876738
-292.553290
-288.518072
-283.041705
-277.565338
-269.783133
-262.577386
-253.065802
-244.995366
-234.042632
-223.089898
-212.137164
-199.166821
-185.620019
-172.361446
-158.814643
-145.267841
-128.262280
-110.103800
-94.827618
-79.263207
-64.275255
-50.151993
-34.587581
-18.158480
-2.882298
10.954990
25.865949
39.559687
53.253425
65.729941
80.032290
91.595890
102.855186
117.157534
128.112524
142.414873
155.195695
164.324853
179.235812
194.146771
208.449119
219.708415
230.359100
240.401174
250.443249
260.181018
267.788650
276.613503
283.003914
291.524462
299.132094
301.870841
304.609589
305.826810
307.956947
309.174168
307.956947
308.261252
308.261252
306.435421
304.000978
302.479452
300.045010
296.697652
291.828767
286.655577
281.178082
275.091977
266.267123
257.442270
248.008806
237.966732
228.533268
215.752446
202.971624
188.973581
173.454012
158.543053
143.023483
129.329746
111.680039
93.117417
76.684932
60.556751
44.124266
29.213307
11.563601
-3.746988
-18.734940
-33.146432
-47.269694
-60.528267
-73.498610
-85.604263
-99.439296
-110.392030
-122.209453
-134.603336
-145.556070
-157.661724
-171.208526
-179.855422
-192.249305
-207.237257
-220.207600
-230.007414
-238.077850
-248.454124
-257.677479
-266.324374
-273.818350
-281.888786
-288.806302
-295.435589
-301.776645
-304.658943
-307.253012
-308.405931
-309.270621
-308.982391
-309.847081
-308.694161
-308.405931
-307.829472
-305.523633
-304.370714
-299.759036
-298.606117
-292.841520
-289.094532
-283.906395
-278.141798
-271.800741
-263.153846
-254.218721
-246.148285
-234.042632
-223.954588
-211.560704
-198.302132
-186.196478
-171.496756
-157.373494
-144.979611
-129.126969
-111.544949
-95.115848
-79.551437
-65.139944
-50.728452
-34.299351
-18.734940
-3.458758
10.042074
25.865949
39.863992
53.253425
67.251468
79.423679
90.987280
103.463796
117.157534
129.025440
142.110568
155.195695
164.020548
177.714286
194.451076
208.449119
220.621331
229.446184
240.705479
249.834638
259.876712
268.092955
275.396282
283.308219
292.133072
298.523483
303.088063
304.913894
306.739726
307.652642
307.956947
307.956947
307.956947
307.956947
305.522505
305.826810
300.957926
300.653620
296.697652
290.915851
287.568493
280.873777
274.179061
267.788650
257.442270
249.226027
239.183953
229.141879
217.273973
203.275930
189.277886
174.671233
158.543053
144.240705
129.634051
112.288650
94.030333
76.684932
60.861057
43.515656
28.604697
12.476517
-4.035218
-18.734940
-33.146432
-48.134384
-61.681186
-74.363299
-86.468953
-98.862836
-110.968489
-121.632994
-133.162187
-145.844300
-157.949954
-170.343837
-179.567192
-191.961075
-206.949027
-219.631140
-229.142725
-238.077850
-249.318814
-256.812790
-265.747915
-273.530120
-281.888786
-288.806302
-295.723818
-301.488415
-304.658943
-306.388323
-308.117702
-309.270621
-310.711770
-310.423540
-311.000000
-308.982391
-308.405931
-305.811863
-304.370714
-300.335496
-296.300278
-293.994439
-289.670992
-284.771084
-276.988879
-270.359592
-263.730306
-253.930491
-245.283596
-234.042632
-224.819277
-213.578313
-199.743281
-185.331789
-170.632067
-157.661724
-144.691381
-129.415199
-112.409639
-94.539388
-80.127896
-64.851715
-49.863763
-34.299351
-18.446710
-3.458758
10.346380
25.865949
39.559687
52.949119
67.555773
79.423679
91.291585
102.550881
115.940313
129.329746
142.414873
155.500000
163.716243
178.322896
194.146771
208.753425
221.229941
228.837573
241.922701
250.443249
259.268102
267.180039
275.091977
283.612524
291.524462
298.219178
302.479452
305.218200
306.739726
307.652642
308.565558
307.956947
307.956947
307.348337
305.218200
305.218200
300.957926
298.827789
295.176125
291.220157
287.264188
280.873777
274.179061
266.571429
258.963796
248.313112
238.575342
228.533268
216.056751
202.667319
189.582192
174.671233
158.238748
144.240705
129.025440
112.592955
94.334638
76.684932
61.773973
43.819961
29.517613
11.867906
-4.035218
-18.158480
-32.858202
-46.693234
-61.104727
-74.075070
-87.045412
-99.727525
-110.103800
-122.497683
-134.603336
-146.997220
-158.526413
-170.632067
-179.278962
-191.384615
-207.237257
-219.631140
-230.007414
-236.924930
-247.877665
-257.101019
-264.594995
-273.818350
-279.871177
-288.806302
-296.300278
-300.623726
-306.100093
-307.829472
-309.270621
-308.405931
-309.270621
-309.558851
-310.711770
-310.135310
-308.405931
-305.811863
-303.506024
-301.488415
-297.164968
-292.841520
-289.670992
-283.906395
-277.853568
-270.647822
-263.442076
-254.795181
-244.707136
-235.195551
-223.378128
-213.578313
-198.590361
-186.196478
-172.361446
-157.949954
-144.403151
-128.262280
-111.833179
-96.268767
-79.551437
-65.716404
-50.728452
-34.587581
-20.752549
-3.458758
9.737769
24.953033
39.559687
52.949119
66.034247
79.727984
90.987280
102.855186
115.636008
127.503914
143.023483
154.587084
164.020548
178.018591
194.755382
208.753425
220.621331
228.837573
240.705479
250.138943
260.485323
267.484344
274.787671
283.003914
291.220157
298.219178
302.783757
304.609589
305.826810
308.261252
308.261252
308.565558
307.956947
307.956947
306.739726
304.913894
302.175147
299.436399
295.784736
291.524462
285.742661
280.265166
275.396282
267.180039
257.746575
246.791585
238.879648
230.054795
215.752446
202.363014
188.669276
174.062622
158.238748
143.936399
129.634051
112.897260
94.638943
76.380626
60.556751
45.645793
30.430528
11.867906
-4.035218
-17.582020
-33.434662
-46.693234
-60.528267
-74.363299
-86.180723
-99.439296
-110.680259
-121.344764
-134.026877
-145.556070
-158.238184
-169.190918
-178.990732
-191.384615
-206.660797
-219.919370
-229.430955
-238.366080
-248.165894
-257.101019
-265.459685
-272.665431
-282.177016
-288.806302
-294.859129
-301.776645
-305.235403
-308.405931
-308.982391
-309.270621
-310.423540
-309.270621
-310.135310
-309.270621
-307.253012
-306.100093
-303.794254
-301.776645
-297.453197
-292.553290
-289.670992
-284.194625
-277.565338
-270.359592
-262.289157
-255.948100
-244.707136
-235.195551
-225.107507
-213.290083
-200.319741
-187.061168
-171.784986
-158.814643
-145.844300
-128.550510
-111.833179
-96.268767
-79.551437
-66.292864
-50.728452
-35.452271
-18.734940
-4.035218
9.129159
25.257339
38.951076
53.862035
66.338552
80.336595
91.291585
102.550881
115.636008
128.416830
142.110568
153.978474
164.324853
177.105675
194.146771
207.536204
218.795499
230.054795
239.488258
249.530333
258.963796
267.180039
276.309198
283.003914
290.611546
298.219178
302.783757
304.305284
305.826810
307.652642
307.652642
307.652642
308.261252
307.956947
306.739726
304.913894
302.479452
298.827789
294.567515
290.307241
286.655577
281.178082
274.179061
268.092955
257.746575
249.226027
238.271037
229.141879
216.969667
202.363014
188.973581
174.062622
157.630137
145.153620
129.329746
111.984344
93.726027
76.684932
60.252446
45.037182
29.821918
13.389432
-2.305839
-18.734940
-31.705283
-47.269694
-60.816497
-73.498610
-86.757183
-98.862836
-111.256719
-121.056534
-134.603336
-146.132530
-157.661724
-169.479147
-178.414272
-191.096386
-206.660797
-219.054680
-229.719184
-236.924930
-247.877665
-258.253939
-265.747915
-274.394810
-280.735867
-289.094532
-295.435589
-301.776645
-305.523633
-308.117702
-308.982391
-309.270621
-310.135310
-309.847081
-310.135310
-308.982391
-307.829472
-306.964782
-304.082484
-302.064875
-298.029657
-293.994439
-290.247451
-283.618165
-278.141798
-270.359592
-262.865616
-255.659870
-245.283596
-235.195551
-224.819277
-213.866543
-199.455051
-187.061168
-172.361446
-159.391103
-145.844300
-129.991659
-112.697868
-97.133457
-80.704356
-66.292864
-51.016682
-34.587581
-18.734940
-4.035218
10.042074
25.561644
38.646771
52.949119
66.034247
79.423679
89.770059
101.942270
115.331703
127.199609
141.806262
154.587084
163.716243
177.105675
192.929550
208.449119
220.317025
229.141879
240.705479
249.530333
258.963796
267.180039
274.483366
282.699609
290.307241
