307.020669
300.286417
296.613189
298.143701
301.204724
302.735236
304.877953
302.735236
302.123031
300.286417
297.837598
295.694882
292.021654
288.960630
284.369094
281.001969
277.328740
270.594488
265.084646
256.207677
247.942913
238.147638
231.413386
226.821850
213.965551
194.375000
176.927165
161.009843
146.929134
133.460630
117.543307
98.871063
83.259843
66.118110
52.649606
36.120079
18.672244
3.061024
-11.626168
-26.158879
-31.390654
-45.632710
-59.584112
-73.244860
-85.452336
-98.531776
-109.576636
-122.365421
-135.444860
-148.233645
-160.150467
-171.195327
-183.112150
-196.772897
-212.177570
-221.478505
-231.651402
-240.080374
-250.253271
-259.263551
-266.820561
-273.796262
-281.934579
-274.086916
-284.259813
-299.955140
-301.989720
-303.442991
-304.314953
-300.827103
-294.142056
-295.014019
-294.723364
-292.688785
-292.398131
-289.491589
-286.585047
-281.643925
-279.028037
-274.958879
-270.308411
-265.367290
-257.519626
-250.834579
-242.405607
-231.942056
-222.059813
-210.724299
-210.433645
-196.482243
-183.112150
-167.998131
-152.884112
-139.804673
-124.690654
-108.414019
-89.812150
-74.407477
-60.746729
-44.760748
-28.484112
-12.207477
1.530512
14.692913
30.916339
43.772638
57.853346
71.321850
83.259843
95.503937
108.666339
120.298228
132.542323
146.623031
158.561024
168.662402
180.294291
195.905512
211.822835
222.842520
231.107283
240.290354
248.861220
258.656496
267.533465
273.655512
281.920276
291.103346
297.837598
303.041339
306.102362
307.020669
309.775591
309.775591
311.000000
310.387795
311.000000
309.775591
309.163386
306.102362
303.041339
300.286417
296.000984
292.633858
285.593504
279.777559
273.349409
265.390748
256.513780
246.106299
235.392717
226.209646
213.659449
199.272638
185.191929
169.274606
154.581693
142.031496
125.501969
108.666339
89.381890
73.158465
59.077756
43.772638
27.855315
11.325787
-4.359813
-19.764486
-35.459813
-48.248598
-61.909346
-74.698131
-87.486916
-100.275701
-111.029907
-123.818692
-136.898131
-149.686916
-161.313084
-172.067290
-184.856075
-198.226168
-213.340187
-223.222430
-232.523364
-241.824299
-250.543925
-259.844860
-267.401869
-274.668224
-282.806542
-289.782243
-296.176636
-299.955140
-303.442991
-304.024299
-304.605607
-306.349533
-308.093458
-306.349533
-306.058879
-305.477570
-304.605607
-302.861682
-299.083178
-295.885981
-292.979439
-288.619626
-283.678505
-276.993458
-272.633645
-264.495327
-255.194393
-245.893458
-235.429907
-224.094393
-210.724299
-198.226168
-185.146729
-169.160748
-154.337383
-141.839252
-127.306542
-108.704673
-91.846729
-76.151402
-61.618692
-45.342056
-30.228037
-15.404673
-1.162617
13.468504
29.691929
43.466535
57.241142
69.179134
82.341535
94.891732
107.135827
119.379921
132.236220
144.174213
158.254921
167.744094
179.988189
196.211614
209.680118
221.924213
230.188976
240.902559
251.003937
259.268701
267.839567
275.492126
282.532480
290.797244
298.143701
304.571850
305.184055
307.938976
310.387795
311.000000
310.693898
311.000000
310.693898
309.775591
307.632874
305.490157
303.041339
298.755906
296.000984
291.103346
285.287402
280.695866
273.349409
265.390748
256.207677
246.718504
235.698819
225.597441
211.516732
197.742126
183.355315
169.580709
154.275591
140.807087
125.501969
106.523622
90.912402
74.076772
59.383858
41.323819
25.712598
9.183071
-6.103738
-19.764486
-36.041121
-48.539252
-62.490654
-75.570093
-88.068224
-100.566355
-113.064486
-124.981308
-138.060748
-151.140187
-163.347664
-172.648598
-184.856075
-199.388785
-214.502804
-224.094393
-233.104673
-243.858879
-252.578505
-259.844860
-268.564486
-275.540187
-282.515888
-290.363551
-296.757944
-301.699065
-303.733645
-305.477570
-306.930841
-307.512150
-308.384112
-307.221495
-307.221495
-306.058879
-304.024299
-302.861682
-299.664486
-296.757944
-292.979439
-288.038318
-284.259813
-279.028037
-271.761682
-264.204673
-255.775701
-246.765421
-235.720561
-225.838318
-212.468224
-199.679439
-184.274766
-171.195327
-155.209346
-142.711215
-127.597196
-109.576636
-92.428037
-76.732710
-63.362617
-49.411215
-32.262617
-16.276636
-0.581308
13.162402
28.467520
41.629921
55.404528
68.566929
81.117126
93.667323
105.605315
118.155512
131.317913
144.480315
157.948819
166.519685
179.375984
193.762795
209.067913
221.618110
230.495079
241.514764
249.167323
259.574803
268.145669
277.022638
283.144685
291.103346
297.837598
302.735236
307.326772
307.020669
309.163386
310.081693
310.693898
311.000000
310.387795
310.387795
308.245079
306.102362
303.653543
299.368110
295.694882
290.491142
286.817913
280.389764
273.043307
266.615157
255.901575
246.106299
235.086614
223.454724
211.210630
197.129921
182.743110
168.356299
153.357283
139.276575
123.665354
105.911417
88.157480
73.158465
56.935039
40.099409
23.875984
6.734252
-6.975701
-21.217757
-36.622430
-50.573832
-64.234579
-77.314019
-89.230841
-101.728972
-114.227103
-125.271963
-137.770093
-151.140187
-162.475701
-173.811215
-186.018692
-200.551402
-215.665421
-224.966355
-234.557944
-244.149533
-252.287850
-261.007477
-267.692523
-276.121495
-283.097196
-291.235514
-296.467290
-301.117757
-304.024299
-305.768224
-306.930841
-307.512150
-308.093458
-307.512150
-307.221495
-306.349533
-304.605607
-302.571028
-300.827103
-297.339252
-292.979439
-288.328972
-284.841121
-278.446729
-272.052336
-264.495327
-255.194393
-247.346729
-236.592523
-226.128972
-212.177570
-199.679439
-185.728037
-170.614019
-157.534579
-143.001869
-128.178505
-109.867290
-92.718692
-77.604673
-63.943925
-49.411215
-33.134579
-16.857944
-1.743925
12.244094
26.630906
40.711614
54.180118
68.260827
81.117126
93.667323
105.605315
118.155512
131.011811
143.255906
157.336614
165.601378
178.151575
193.762795
208.149606
220.699803
228.964567
240.596457
250.085630
258.962598
266.615157
274.267717
283.144685
289.572835
299.062008
302.429134
306.408465
308.245079
308.551181
310.693898
310.387795
311.000000
310.081693
308.245079
307.326772
305.796260
302.123031
299.062008
293.858268
290.185039
285.899606
279.165354
273.655512
264.166339
255.901575
245.187992
234.474409
223.148622
210.598425
196.823819
182.743110
166.519685
153.663386
138.970472
122.747047
103.156496
86.014764
72.240157
55.404528
39.487205
23.263780
6.734252
-7.847664
-23.833645
-37.203738
-51.155140
-65.397196
-77.604673
-90.102804
-102.600935
-114.808411
-125.562617
-139.223364
-150.849533
-163.928972
-174.392523
-185.146729
-201.423364
-215.084112
-225.547664
-234.557944
-244.440187
-254.613084
-261.588785
-269.145794
-276.412150
-283.969159
-290.944860
-297.629907
-302.280374
-304.314953
-306.640187
-307.221495
-307.221495
-308.093458
-308.674766
-307.512150
-307.512150
-305.186916
-303.152336
-299.664486
-296.467290
-292.688785
-289.782243
-283.969159
-279.609346
-271.761682
-265.076636
-255.194393
-247.346729
-236.011215
-225.257009
-213.340187
-199.970093
-186.890654
-171.485981
-156.953271
-146.199065
-128.469159
-110.739252
-94.462617
-79.348598
-65.106542
-49.992523
-34.297196
-18.311215
-2.615888
11.019685
26.630906
40.405512
54.180118
67.954724
80.504921
92.136811
104.993110
117.543307
130.705709
144.786417
156.112205
164.683071
177.233268
194.987205
209.374016
220.393701
231.107283
241.208661
251.003937
260.187008
267.227362
276.104331
282.226378
291.409449
298.755906
303.653543
306.408465
307.020669
308.857283
308.857283
310.693898
310.387795
309.469488
309.469488
307.326772
305.490157
303.041339
298.755906
294.470472
289.572835
284.981299
279.777559
272.125000
265.084646
253.452756
244.269685
233.862205
223.454724
210.292323
197.436024
181.518701
167.437992
151.520669
137.746063
121.522638
103.462598
85.402559
70.097441
52.955709
38.568898
21.427165
5.509843
-9.300935
-23.542991
-38.366355
-52.608411
-65.687850
-78.476636
-91.846729
-103.763551
-115.971028
-127.306542
-140.385981
-153.174766
-163.928972
-174.973832
-186.600000
-201.132710
-215.665421
-224.966355
-234.848598
-245.021495
-254.322430
-261.588785
-270.017757
-276.121495
-284.841121
-291.526168
-297.920561
-302.571028
-304.314953
-306.640187
-307.512150
-308.674766
-307.512150
-307.221495
-308.093458
-306.930841
-304.896262
-302.571028
-300.245794
-297.048598
-292.979439
-289.491589
-284.841121
-278.446729
-272.052336
-264.495327
-256.647664
-246.765421
-236.883178
-224.966355
-214.793458
-200.842056
-186.018692
-171.485981
-156.953271
-144.455140
-128.178505
-111.611215
-95.915888
-79.348598
-64.815888
-49.701869
-33.715888
-18.601869
-3.778505
10.101378
24.794291
40.099409
53.874016
67.036417
79.280512
92.136811
104.993110
116.931102
129.787402
143.562008
157.030512
165.907480
178.151575
194.068898
208.761811
219.781496
229.576772
240.290354
250.085630
259.574803
266.921260
275.798228
281.920276
290.185039
298.449803
303.653543
305.184055
307.632874
309.469488
309.163386
310.387795
309.775591
310.387795
308.857283
307.020669
305.184055
301.510827
298.755906
294.164370
289.878937
284.369094
277.634843
270.900591
263.248031
254.371063
243.045276
234.780512
223.148622
209.986220
195.293307
182.130906
165.601378
150.296260
138.052165
121.522638
103.768701
85.402559
69.791339
54.486220
37.650591
20.202756
3.979331
-10.172897
-23.542991
-39.238318
-52.317757
-66.850467
-79.057944
-92.428037
-104.344860
-115.389720
-128.469159
-139.514019
-153.174766
-165.382243
-174.683178
-186.309346
-201.714019
-216.246729
-226.710280
-235.139252
-245.602804
-256.066355
-262.751402
-270.017757
-277.284112
-284.841121
-292.979439
-297.920561
-303.442991
-305.768224
-306.930841
-307.802804
-308.093458
-306.930841
-308.093458
-307.512150
-307.221495
-305.477570
-304.024299
-300.536449
-296.757944
-293.270093
-289.782243
-284.550467
-278.446729
-273.214953
-265.657944
-256.357009
-246.184112
-237.173832
-226.710280
-213.340187
-199.970093
-187.181308
-171.485981
-156.662617
-144.745794
-129.922430
-112.773832
-95.625234
-79.639252
-65.106542
-49.411215
-33.715888
-18.311215
-4.359813
10.713583
26.018701
39.181102
53.874016
67.648622
79.892717
91.830709
103.156496
116.625000
129.481299
142.337598
156.724409
164.989173
177.233268
193.456693
207.537402
220.393701
229.882874
239.984252
250.697835
258.350394
268.451772
276.104331
283.144685
290.797244
298.449803
303.959646
305.796260
307.632874
309.163386
308.857283
310.387795
309.469488
309.469488
308.551181
307.632874
305.490157
301.510827
298.755906
293.552165
288.654528
283.144685
278.859252
271.818898
262.635827
254.677165
243.963583
234.168307
222.536417
209.374016
195.599409
179.682087
165.295276
151.214567
136.215551
121.216535
101.625984
83.259843
67.648622
51.425197
36.426181
19.590551
3.979331
-11.335514
-26.158879
-40.691589
-53.771028
-67.141121
-80.220561
-92.718692
-106.088785
-116.552336
-128.759813
-141.257944
-153.174766
-166.254206
-175.555140
-187.471963
-202.004673
-215.956075
-226.419626
-234.557944
-245.893458
-255.194393
-263.042056
-270.599065
-277.284112
-284.550467
-291.816822
-298.211215
-304.024299
-304.605607
-307.802804
-309.256075
-308.674766
-309.256075
-307.802804
-307.802804
-307.512150
-306.058879
-304.605607
-299.373832
-297.629907
-293.851402
-288.619626
-285.713084
-278.737383
-271.471028
-264.495327
-256.647664
-247.637383
-236.592523
-226.710280
-214.502804
-200.551402
-187.762617
-172.067290
-157.243925
-145.908411
-131.957009
-111.901869
-95.625234
-79.929907
-64.815888
-50.864486
-34.297196
-19.183178
-4.069159
9.795276
24.794291
39.487205
52.037402
66.424213
78.362205
91.830709
104.074803
115.400591
129.787402
141.725394
155.806102
164.376969
177.233268
194.375000
208.455709
220.087598
230.188976
241.514764
249.167323
260.187008
267.839567
274.573819
284.062992
291.715551
299.674213
303.653543
306.102362
307.938976
309.163386
310.081693
309.469488
309.775591
309.469488
308.245079
306.714567
304.571850
301.816929
297.837598
293.552165
288.654528
283.756890
277.328740
271.206693
263.554134
252.534449
243.657480
232.637795
221.312008
209.067913
194.375000
179.069882
163.764764
149.684055
136.521654
118.767717
102.238189
84.178150
67.342520
51.425197
36.120079
19.896654
3.061024
-11.044860
-26.158879
-40.110280
-54.933645
-68.303738
-81.092523
-93.300000
-105.798131
-117.714953
-129.341121
-141.548598
-153.465421
-165.382243
-175.555140
-187.181308
-202.876636
-217.118692
-226.710280
-236.011215
-246.474766
-255.194393
-263.914019
-271.471028
-278.156075
-285.131776
-293.560748
-300.245794
-303.152336
-305.768224
-307.221495
-308.093458
-308.674766
-308.384112
-308.384112
-309.256075
-307.221495
-304.896262
-303.442991
-300.536449
-297.339252
-293.270093
-289.491589
-284.841121
-278.156075
-271.761682
-264.495327
-255.485047
-247.346729
-237.173832
-227.000935
-214.793458
-201.132710
-186.890654
-172.067290
-158.697196
-145.036449
-129.631776
-113.064486
-95.915888
-80.801869
-65.106542
-50.573832
-35.169159
-18.311215
-4.359813
8.570866
25.100394
38.875000
53.261811
66.730315
78.668307
91.830709
103.462598
116.931102
129.175197
142.031496
155.500000
164.683071
177.233268
193.762795
207.537402
219.781496
229.576772
240.596457
250.391732
259.574803
268.451772
275.492126
283.450787
290.797244
297.531496
303.347441
306.408465
308.245079
308.245079
310.081693
309.469488
309.775591
309.163386
308.551181
306.714567
303.959646
301.204724
298.449803
292.939961
288.348425
284.675197
277.328740
271.206693
262.941929
254.064961
243.657480
232.637795
221.924213
207.843504
194.068898
179.069882
162.846457
148.459646
135.603346
118.461614
99.483268
82.341535
67.342520
50.200787
34.895669
18.366142
1.836614
-11.916822
-25.868224
-40.110280
-54.642991
-68.885047
-80.801869
-94.171963
-106.670093
-117.424299
-129.631776
-142.420561
-155.209346
-165.963551
-176.136449
-187.762617
-202.876636
-216.537383
-227.582243
-236.011215
-246.184112
-256.357009
-263.332710
-271.471028
-278.737383
-285.131776
-293.560748
-299.083178
-303.152336
-304.896262
-307.221495
-308.093458
-309.256075
-308.965421
-308.093458
-309.256075
-307.802804
-306.349533
-304.605607
-301.117757
-296.757944
-293.560748
-289.782243
-284.259813
-280.771963
-271.471028
-264.204673
-256.647664
-245.893458
-237.173832
-225.838318
-213.630841
-199.679439
-187.181308
-172.648598
-157.825234
-146.489720
-129.922430
-113.355140
-96.787850
-79.639252
-66.850467
-50.573832
-34.878505
-19.473832
-4.650467
8.876969
24.488189
38.568898
52.955709
65.505906
78.974409
90.606299
103.768701
116.012795
128.562992
141.725394
155.193898
163.458661
177.233268
192.844488
207.843504
220.087598
229.882874
241.208661
250.085630
260.187008
269.063976
275.798228
283.144685
292.021654
299.062008
303.347441
305.490157
307.326772
308.857283
309.163386
309.469488
310.081693
309.469488
309.163386
306.102362
304.265748
300.898622
298.143701
294.164370
288.042323
284.062992
278.247047
270.594488
262.941929
252.534449
243.045276
232.331693
221.005906
207.537402
192.844488
178.457677
162.846457
148.459646
135.603346
118.155512
98.871063
82.953740
66.730315
50.200787
34.283465
17.753937
2.142717
-13.079439
-27.030841
-41.272897
-55.514953
-69.466355
-81.383178
-93.881308
-105.216822
-118.586916
-130.503738
-142.420561
-156.081308
-166.835514
-177.299065
-188.343925
-204.039252
-216.828037
-227.872897
-236.301869
-246.765421
-256.066355
-263.914019
-271.180374
-279.318692
-286.003738
-292.688785
-299.664486
-304.314953
-306.640187
-308.093458
-308.674766
-309.256075
-308.674766
-308.965421
-308.965421
-308.674766
-305.477570
-303.152336
-301.699065
-298.211215
-293.560748
-290.654206
-284.841121
-279.028037
-272.924299
-265.367290
-255.775701
-246.765421
-237.173832
-224.966355
-213.921495
-200.842056
-186.600000
-172.939252
-158.406542
-146.199065
-130.213084
-112.192523
-95.334579
-80.801869
-66.269159
-50.864486
-34.878505
-20.055140
-4.069159
9.795276
24.488189
39.181102
51.731299
66.424213
78.974409
90.300197
104.380906
115.400591
129.175197
142.643701
154.581693
164.376969
176.927165
194.375000
208.149606
219.781496
229.882874
240.290354
249.779528
259.880906
267.533465
275.492126
283.450787
291.715551
298.143701
303.347441
305.796260
307.326772
309.469488
309.163386
308.245079
309.775591
308.857283
308.245079
306.714567
305.184055
301.816929
298.755906
294.164370
288.348425
284.062992
277.022638
270.594488
261.717520
251.616142
242.433071
231.719488
219.781496
206.619094
194.375000
176.927165
163.764764
149.071850
133.154528
117.849409
99.177165
80.504921
65.812008
49.894685
33.977362
17.447835
0.612205
-13.951402
-27.902804
-43.307477
-56.096262
-70.047664
-82.255140
-95.043925
-107.832710
-118.296262
-130.503738
-142.711215
-154.337383
-167.416822
-176.136449
-189.797196
-204.039252
-218.281308
-227.872897
-236.301869
-247.928037
-255.775701
-265.657944
-272.924299
-278.446729
-287.747664
-295.014019
-299.083178
-304.024299
-306.349533
-307.221495
-308.384112
-309.256075
-308.674766
-309.837383
-308.965421
-308.384112
-306.058879
-304.314953
-301.699065
-297.339252
-293.270093
-290.072897
-285.713084
-278.737383
-272.633645
-265.657944
-254.903738
-247.637383
-236.592523
-225.838318
-214.502804
-199.098131
-186.309346
-172.648598
-159.278505
-146.489720
-129.922430
-112.483178
-96.206542
-80.801869
-65.687850
-50.864486
-35.750467
-19.473832
-4.650467
9.795276
24.488189
39.181102
52.649606
65.505906
79.280512
91.218504
103.462598
116.318898
128.256890
142.643701
155.500000
164.070866
177.539370
194.375000
209.374016
221.005906
230.495079
239.678150
250.391732
258.962598
267.533465
276.104331
283.756890
291.103346
298.755906
303.041339
304.571850
308.245079
309.775591
309.163386
309.163386
309.469488
309.469488
308.551181
305.796260
304.571850
300.286417
296.919291
293.858268
287.736220
283.450787
277.940945
269.982283
261.717520
252.534449
241.514764
231.413386
220.087598
206.619094
192.232283
177.233268
161.928150
147.541339
132.848425
117.237205
97.646654
80.811024
64.587598
48.364173
33.365157
16.835630
1.530512
-13.660748
-28.484112
-42.726168
-56.096262
-70.628972
-82.836449
-95.334579
-108.414019
-119.458879
-131.085047
-144.164486
-156.081308
-167.998131
-177.299065
-190.378505
-205.201869
-219.153271
-229.907477
-236.301869
-248.800000
-256.647664
-265.076636
-272.633645
-279.609346
-286.875701
-293.851402
-299.955140
-304.896262
-305.477570
-307.512150
-309.837383
-309.546729
-309.546729
-310.128037
-308.674766
-307.512150
-306.349533
-303.733645
-300.245794
-297.339252
-294.142056
-289.491589
-284.550467
-278.446729
-272.924299
-265.367290
-254.613084
-247.637383
-236.883178
-224.966355
-214.793458
-200.260748
-186.890654
-171.776636
-158.406542
-146.780374
-129.050467
-112.483178
-95.043925
-80.220561
-65.106542
-50.864486
-34.587850
-19.764486
-4.650467
9.183071
24.182087
39.487205
52.955709
66.424213
79.280512
90.300197
103.462598
115.706693
128.869094
142.337598
155.806102
164.376969
177.539370
194.681102
208.761811
221.005906
231.107283
241.208661
249.779528
258.656496
267.839567
275.798228
283.144685
291.715551
298.449803
302.123031
305.184055
307.632874
307.632874
309.163386
309.469488
309.775591
309.163386
308.857283
307.020669
303.959646
300.592520
297.837598
292.939961
288.042323
282.838583
277.634843
270.288386
261.411417
251.922244
240.596457
231.413386
219.475394
206.925197
191.620079
177.233268
161.315945
148.153543
133.460630
116.012795
97.952756
79.586614
65.199803
48.670276
33.671260
17.141732
-0.290654
-14.532710
-29.356075
-43.016822
-57.258879
-70.628972
-83.417757
-96.787850
-108.123364
-119.749533
-132.247664
-144.455140
-156.953271
-167.416822
-177.008411
-190.378505
-205.783178
-218.862617
-229.326168
-237.173832
-248.509346
-257.519626
-265.076636
-273.505607
-280.481308
-287.166355
-295.304673
-300.245794
-303.442991
-306.930841
-308.384112
-309.256075
-309.837383
-309.546729
-309.546729
-308.384112
-308.384112
-306.058879
-304.314953
-300.827103
-298.211215
-293.851402
-289.782243
-284.841121
-278.737383
-273.214953
-263.914019
-255.485047
-247.928037
-236.592523
-225.838318
-213.630841
-200.551402
-186.890654
-172.357944
-158.406542
-145.617757
-129.922430
-111.320561
-95.625234
-80.511215
-65.397196
-50.283178
-34.878505
-18.601869
-4.650467
7.958661
24.182087
38.568898
52.037402
65.812008
78.056102
91.524606
104.074803
115.706693
129.481299
143.562008
155.806102
164.989173
178.151575
194.987205
209.067913
220.087598
230.188976
241.208661
249.779528
258.656496
268.451772
275.186024
283.756890
290.797244
297.837598
302.735236
305.490157
306.714567
308.551181
309.775591
309.469488
309.469488
308.857283
307.020669
306.408465
303.653543
300.592520
296.613189
291.715551
287.430118
281.920276
277.328740
269.676181
260.187008
251.922244
240.902559
230.801181
220.393701
206.006890
193.150591
176.927165
160.091535
147.847441
132.848425
116.012795
97.340551
78.974409
64.281496
46.833661
32.140748
14.999016
-0.871963
-13.951402
-29.356075
-43.888785
-57.840187
-71.500935
-83.127103
-96.787850
-108.123364
-120.040187
-130.794393
-144.164486
-156.662617
-168.579439
-178.171028
-191.250467
-205.492523
-219.153271
-229.616822
-237.755140
-247.637383
-257.519626
-265.657944
-272.633645
-281.062617
-287.747664
-295.014019
-299.955140
-303.733645
-306.640187
-307.512150
-308.674766
-310.128037
-310.128037
-309.256075
-310.128037
-308.384112
-306.640187
-304.605607
-301.117757
-299.083178
-294.723364
-289.200935
-284.550467
-280.190654
-271.180374
-264.495327
-256.357009
-246.474766
-236.011215
-224.094393
-214.212150
-200.260748
-186.890654
-173.811215
-158.406542
-146.199065
-129.341121
-112.192523
-96.497196
-80.220561
-65.687850
-51.155140
-34.878505
-19.183178
-4.069159
9.183071
24.794291
38.875000
52.037402
65.199803
77.750000
90.606299
103.462598
115.706693
129.175197
142.643701
154.887795
164.683071
177.233268
194.681102
209.374016
220.087598
230.188976
240.902559
249.473425
259.880906
268.451772
275.186024
284.062992
292.633858
299.062008
303.041339
305.490157
307.326772
308.245079
308.245079
308.857283
309.775591
308.551181
307.938976
304.877953
303.347441
301.204724
297.531496
293.858268
287.736220
282.838583
276.410433
269.676181
261.105315
250.697835
239.984252
231.413386
218.250984
205.394685
191.313976
176.621063
161.009843
146.929134
131.930118
115.400591
96.728346
78.974409
63.669291
48.058071
32.752953
14.692913
-0.871963
-15.695327
-30.228037
-43.888785
-58.130841
-71.791589
-83.708411
-97.659813
-109.285981
-120.621495
-131.957009
-145.036449
-157.534579
-168.870093
-179.333645
-190.669159
-206.073832
-219.443925
-228.744860
-237.755140
-248.800000
-258.100935
-266.239252
-274.086916
-280.190654
-287.747664
-295.595327
-300.536449
-304.024299
-306.640187
-308.384112
-309.546729
-309.256075
-310.418692
-310.128037
-309.546729
-308.093458
-306.349533
-303.442991
-301.699065
-297.339252
-294.142056
-289.491589
-284.841121
-278.446729
-272.924299
-263.914019
-255.775701
-246.474766
-236.301869
-226.128972
-212.177570
-200.551402
-186.600000
-172.067290
-158.115888
-145.327103
-129.631776
-111.901869
-95.915888
-79.639252
-65.106542
-50.283178
-34.587850
-19.473832
-4.650467
9.489173
24.794291
38.568898
52.343504
65.505906
78.362205
90.606299
103.156496
115.400591
129.481299
143.255906
154.887795
165.601378
178.457677
194.681102
209.067913
220.393701
230.495079
240.902559
251.310039
258.962598
269.370079
275.798228
283.756890
291.103346
297.531496
302.735236
305.184055
306.102362
308.245079
309.163386
308.551181
308.551181
307.326772
307.632874
305.490157
303.041339
300.286417
295.694882
293.246063
287.430118
282.226378
275.186024
269.370079
260.493110
250.085630
239.984252
230.801181
219.169291
204.782480
190.701772
176.314961
160.091535
146.316929
131.317913
116.012795
96.422244
78.362205
62.750984
46.833661
32.446850
14.080709
-1.743925
-16.276636
-29.646729
-45.051402
-57.258879
-71.500935
-84.289720
-96.787850
-109.576636
-120.040187
-131.957009
-144.745794
-156.953271
-168.870093
-177.880374
-191.250467
-206.073832
-219.734579
-230.198131
-238.045794
-249.381308
-257.228972
-266.820561
-273.505607
-280.190654
-289.200935
-294.723364
-301.117757
-304.896262
-306.349533
-308.674766
-310.418692
-310.418692
-309.546729
-310.418692
-308.384112
-308.965421
-306.058879
-305.186916
-301.408411
-297.920561
-293.851402
-289.200935
-285.713084
-279.609346
-272.052336
-264.495327
-254.613084
-246.474766
-236.011215
-224.966355
-213.630841
-200.260748
-186.600000
-172.067290
-158.406542
-145.617757
-129.050467
-112.192523
-95.043925
-80.220561
-65.397196
-50.573832
-34.587850
-18.311215
-4.069159
10.713583
24.794291
39.181102
53.261811
66.424213
79.280512
91.218504
102.850394
116.931102
129.481299
142.643701
154.887795
163.764764
178.151575
194.681102
208.761811
220.699803
231.107283
241.820866
251.616142
259.880906
267.533465
275.798228
283.144685
291.715551
298.143701
301.816929
305.490157
307.938976
307.632874
307.938976
308.857283
308.857283
309.163386
307.632874
304.877953
303.041339
300.286417
296.000984
291.409449
286.511811
282.532480
275.186024
267.839567
260.187008
250.391732
240.290354
229.270669
218.557087
205.700787
191.313976
176.314961
159.479331
145.398622
131.317913
114.482283
95.197835
78.362205
61.526575
46.527559
31.222441
13.468504
-1.162617
-15.404673
-30.518692
-44.470093
-59.002804
-72.082243
-85.161682
-97.659813
-109.285981
-120.912150
-133.410280
-146.199065
-157.534579
-168.579439
-178.171028
-191.250467
-206.073832
-220.025234
-230.488785
-237.755140
-249.381308
-258.682243
-265.948598
-273.796262
-280.771963
-289.491589
-295.885981
-300.827103
-305.186916
-307.221495
-308.384112
-310.128037
-309.837383
-310.709346
-309.546729
-309.546729
-308.674766
-306.640187
-305.186916
-301.989720
-297.629907
-294.432710
-289.200935
-285.131776
-278.446729
-271.471028
-265.076636
-255.485047
-246.474766
-236.592523
-225.257009
-214.212150
-200.260748
-186.309346
-172.067290
-157.825234
-145.327103
-128.759813
-111.901869
-95.043925
-79.057944
-66.269159
-49.992523
-34.878505
-18.892523
-4.650467
9.795276
24.794291
39.793307
52.649606
66.118110
78.974409
91.218504
103.462598
116.625000
128.869094
143.255906
154.581693
164.989173
178.763780
195.599409
208.455709
220.087598
230.188976
240.902559
251.003937
260.187008
268.757874
275.798228
283.450787
291.409449
299.062008
302.123031
304.877953
306.408465
308.245079
308.857283
307.938976
308.551181
308.857283
307.020669
306.102362
302.735236
300.898622
296.613189
291.409449
288.042323
280.695866
276.104331
267.839567
258.656496
249.779528
239.372047
230.495079
218.250984
203.558071
191.620079
175.090551
158.254921
145.398622
131.011811
113.563976
94.891732
77.750000
62.750984
47.751969
30.610236
13.468504
-2.325234
-17.148598
-31.681308
-45.923364
-58.130841
-73.244860
-85.452336
-98.822430
-110.448598
-122.074766
-133.119626
-145.327103
-157.825234
-169.451402
-179.624299
-191.541121
-206.945794
-220.025234
-229.616822
-239.208411
-249.671963
-258.100935
-266.529907
-274.377570
-282.225234
-288.910280
-295.595327
-301.699065
-304.896262
-307.221495
-308.093458
-308.965421
-310.418692
-310.709346
-309.837383
-308.674766
-308.674766
-306.930841
-304.024299
-301.699065
-297.920561
-294.142056
-290.944860
-283.969159
-277.865421
-271.471028
-263.914019
-255.485047
-246.184112
-236.011215
-225.547664
-213.340187
-199.679439
-186.600000
-170.614019
-158.115888
-145.036449
-128.178505
-111.029907
-94.753271
-79.929907
-64.815888
-49.411215
-34.297196
-17.439252
-5.231776
9.795276
25.100394
39.487205
52.649606
67.036417
79.586614
91.218504
104.687008
117.543307
129.481299
142.949803
156.112205
165.295276
179.069882
196.211614
209.067913
221.312008
231.413386
239.678150
250.697835
258.962598
267.839567
276.410433
283.756890
290.797244
298.449803
302.429134
304.877953
307.632874
308.245079
308.245079
308.857283
308.857283
308.245079
307.020669
306.714567
303.653543
299.368110
296.000984
290.797244
288.042323
281.001969
275.492126
267.533465
258.962598
250.085630
238.453740
228.964567
217.638780
203.251969
190.395669
174.478346
159.173228
145.398622
130.093504
113.563976
94.891732
77.137795
60.914370
45.609252
30.916339
13.162402
-2.906542
-17.439252
-31.971963
-45.632710
-60.456075
-73.826168
-85.161682
-99.113084
-110.157944
-122.074766
-133.991589
-146.199065
-158.697196
-169.742056
-179.042991
-192.413084
-207.236449
-220.897196
-230.488785
-240.080374
-249.090654
-257.228972
-267.401869
-274.377570
-281.934579
-288.910280
-296.467290
-301.989720
-305.477570
-306.930841
-308.093458
-310.709346
-309.256075
-310.128037
-310.128037
-308.965421
-309.256075
-306.930841
-304.896262
-300.827103
-298.211215
-293.560748
-290.363551
-284.841121
-278.737383
-272.052336
-264.204673
-256.066355
-245.312150
-235.720561
-224.385047
-212.758879
-200.842056
-185.437383
-171.776636
-157.243925
-145.617757
-128.178505
-110.157944
-94.462617
-80.220561
-64.815888
-49.120561
-34.297196
-18.892523
-3.778505
10.101378
25.712598
39.793307
52.343504
67.648622
79.280512
91.830709
103.462598
116.931102
129.481299
142.643701
154.275591
164.989173
178.457677
195.599409
209.680118
220.087598
231.413386
241.514764
251.003937
260.493110
267.839567
276.410433
284.062992
292.939961
299.368110
302.735236
305.796260
306.714567
308.245079
308.245079
308.245079
308.551181
307.938976
306.714567
304.571850
301.816929
300.898622
295.082677
291.715551
286.817913
281.001969
276.716535
268.451772
259.268701
249.779528
238.759843
229.882874
217.944882
203.251969
189.783465
173.866142
158.561024
144.174213
130.093504
113.257874
94.585630
76.831693
61.526575
45.609252
29.998031
13.162402
-2.615888
-16.857944
-31.681308
-46.214019
-61.037383
-72.954206
-85.742991
-98.241121
-109.867290
-121.784112
-133.991589
-146.780374
-158.406542
-170.323364
-180.496262
-192.994393
-207.527103
-221.478505
-231.651402
-240.080374
-249.090654
-258.972897
-266.529907
-274.377570
-281.934579
-288.619626
-297.339252
-301.699065
-304.896262
-307.221495
-307.802804
-310.418692
-310.128037
-311.000000
-309.837383
-309.256075
-308.674766
-306.640187
-305.186916
-301.408411
-297.629907
-294.432710
-289.491589
-285.422430
-278.737383
-272.342991
-264.785981
-254.903738
-245.893458
-235.429907
-224.966355
-213.340187
-199.388785
-186.309346
-170.614019
-157.534579
-145.617757
-128.759813
-110.448598
-94.753271
-78.476636
-64.815888
-48.829907
-33.134579
-19.183178
-3.197196
10.101378
26.324803
40.711614
52.955709
66.424213
79.892717
91.830709
103.768701
116.625000
129.175197
142.643701
155.806102
164.376969
179.375984
196.517717
209.374016
220.393701
230.801181
241.820866
250.391732
260.187008
267.839567
275.798228
283.756890
292.327756
299.368110
302.429134
305.184055
307.020669
307.632874
308.551181
308.551181
308.245079
308.245079
307.326772
306.408465
303.959646
299.980315
296.307087
291.715551
287.124016
280.695866
274.573819
267.533465
259.880906
249.473425
238.759843
228.046260
217.944882
203.558071
189.171260
174.784449
157.336614
144.480315
129.481299
112.645669
94.279528
75.607283
60.302165
44.997047
29.385827
11.937992
-3.197196
-17.729907
-32.262617
-46.504673
-60.746729
-73.535514
-86.324299
-99.985047
-111.611215
-122.074766
-134.282243
-146.780374
-158.115888
-170.904673
-179.624299
-193.285047
-208.399065
-220.897196
-231.651402
-240.080374
-249.671963
-258.391589
-267.692523
-274.668224
-281.934579
-290.363551
-297.339252
-302.280374
-305.477570
-306.640187
-308.965421
-309.837383
-310.709346
-309.837383
-309.837383
-309.837383
-308.965421
-306.349533
-304.024299
-302.280374
-297.339252
-295.014019
-290.654206
-284.259813
-279.028037
-271.761682
-264.495327
-255.485047
-245.312150
-236.011215
-225.257009
-212.177570
-199.098131
-185.146729
-170.323364
-156.953271
-144.455140
-127.306542
-110.739252
-94.462617
-79.639252
-65.397196
-49.701869
-34.006542
-18.020561
-3.487850
10.713583
26.018701
40.711614
54.792323
67.342520
79.892717
92.136811
104.380906
117.849409
129.787402
144.174213
156.418307
164.070866
178.763780
196.211614
209.374016
220.699803
230.495079
241.820866
250.391732
260.799213
268.757874
275.798228
284.981299
292.021654
298.449803
303.041339
305.184055
306.714567
307.938976
308.245079
308.245079
308.551181
307.938976
306.714567
305.184055
303.041339
298.449803
295.694882
291.103346
285.899606
280.083661
274.573819
266.615157
258.350394
248.861220
239.065945
228.352362
217.026575
202.945866
188.865157
173.866142
157.642717
142.949803
128.869094
111.727362
92.749016
76.525591
61.220472
44.384843
28.467520
11.019685
-3.778505
-18.020561
-32.262617
-46.504673
-61.328037
-73.535514
-86.324299
-99.403738
-111.320561
-122.946729
-134.282243
-146.780374
-159.859813
-170.614019
-179.914953
-193.285047
-208.980374
-220.897196
-231.651402
-240.080374
-249.962617
-259.263551
-267.111215
-275.830841
-281.643925
-289.782243
-297.048598
-301.989720
-304.605607
-306.930841
-308.093458
-309.837383
-310.128037
-310.709346
-309.837383
-310.128037
-308.965421
-306.349533
-305.477570
-301.699065
-297.339252
-293.560748
-288.910280
-285.131776
-278.737383
-272.342991
-264.785981
-254.322430
-246.474766
-234.848598
-224.675701
-212.177570
-198.807477
-186.018692
-170.614019
-156.953271
-144.455140
-127.306542
-110.739252
-92.718692
-78.185981
-64.234579
-48.829907
-34.006542
-18.020561
-2.906542
11.631890
26.324803
39.793307
53.567913
67.342520
80.198819
92.136811
104.993110
116.931102
130.093504
144.480315
155.500000
165.601378
180.600394
196.517717
209.986220
221.005906
230.801181
242.126969
251.616142
259.880906
268.757874
276.104331
283.756890
292.939961
