1.041805
3.732723
7.857723
12.554744
16.494441
18.718074
19.660701
19.870174
19.846004
19.515682
19.145076
18.750301
18.540828
18.701961
19.008113
19.306209
19.523738
19.241756
18.315242
16.985896
15.938533
15.334285
14.794490
14.278865
13.594051
12.168025
10.290828
8.373348
6.512264
4.981502
3.764949
2.806209
2.129451
1.452693
0.969295
0.663142
0.558406
0.485896
0.502010
0.421443
0.469783
0.397273
0.397273
0.348934
0.324764
0.324764
0.268367
0.268367
0.195857
0.195857
0.155574
0.115291
0.083064
0.107234
0.115291
0.050838
0.034725
-0.086125
-0.134465
-0.126408
-0.166691
-0.182805
-0.166691
-0.247258
-0.247258
-0.327824
-0.360051
-0.368108
-0.400334
-0.424504
-0.456731
-0.480900
-0.513127
-0.480900
-0.545354
-0.497014
-0.609807
-0.617863
-0.601750
-0.650090
-0.642033
-0.722600
-0.730656
-0.706486
-0.754826
-0.706486
-0.730656
-0.827336
-0.875676
-1.254338
-1.963322
-2.503117
-2.793156
-2.841496
-2.656193
-2.422551
-2.051945
-1.608830
-1.310734
-1.012639
-0.891789
-0.843449
-0.762883
-0.762883
-0.722600
-0.722600
-0.690373
-0.642033
-0.633977
-0.617863
-0.569524
-0.529240
-0.529240
-0.521184
-0.448674
-0.400334
-0.368108
-0.376164
-0.311711
-0.360051
-0.247258
-0.206975
-0.190861
-0.158635
-0.118352
-0.045842
-0.094182
-0.102238
-0.005559
-0.005559
0.026668
0.083064
0.107234
0.155574
0.155574
0.195857
0.211971
0.236141
0.244197
0.292537
0.324764
0.316707
0.316707
0.397273
0.381160
0.397273
0.413387
0.437557
0.437557
0.445613
0.445613
0.485896
0.477840
0.477840
0.477840
0.477840
0.502010
0.469783
0.469783
0.437557
0.453670
0.469783
0.445613
0.477840
0.502010
0.413387
0.389217
0.437557
0.397273
0.365047
0.381160
0.300594
0.316707
0.292537
0.300594
0.276424
0.236141
0.139461
0.123348
0.123348
0.115291
0.050838
0.050838
0.026668
0.058894
-0.045842
-0.102238
-0.118352
-0.134465
-0.190861
-0.223088
-0.239201
-0.255315
-0.327824
-0.303654
-0.343938
-0.368108
-0.432561
-0.464787
-0.408391
-0.513127
-0.488957
-0.545354
-0.609807
-0.585637
-0.617863
-0.617863
-0.650090
-0.674260
-0.650090
-0.706486
-0.706486
-0.770940
-0.754826
-0.754826
-0.754826
-0.730656
-0.762883
-0.754826
-0.811223
-0.819279
-0.819279
-0.787053
-0.770940
-0.795109
-0.770940
-0.690373
-0.754826
-0.698430
-0.722600
-0.722600
-0.642033
-0.674260
-0.674260
-0.674260
-0.633977
-0.545354
-0.585637
-0.521184
-0.513127
-0.497014
-0.497014
-0.464787
-0.448674
-0.408391
-0.400334
-0.376164
-0.376164
-0.327824
-0.271428
-0.255315
-0.215031
-0.126408
-0.094182
-0.118352
-0.070012
-0.029729
-0.029729
0.050838
0.026668
0.058894
0.139461
0.147517
0.179744
0.195857
0.179744
0.228084
0.211971
0.268367
0.332820
0.324764
0.381160
0.389217
0.381160
0.421443
0.397273
0.469783
0.469783
0.437557
0.510066
0.453670
0.477840
0.485896
0.469783
0.606746
0.969295
1.267391
1.404353
1.380184
1.162654
0.880672
0.630916
0.534236
0.485896
0.453670
0.445613
0.397273
0.381160
0.397273
0.348934
0.348934
0.300594
0.276424
0.195857
0.179744
0.171687
0.179744
0.123348
0.115291
0.083064
0.050838
0.018611
-0.037785
-0.070012
-0.061955
-0.126408
-0.158635
-0.150578
-0.239201
-0.247258
-0.279484
-0.327824
-0.279484
-0.360051
-0.368108
-0.408391
-0.448674
-0.488957
-0.513127
-0.545354
-0.497014
-0.529240
-0.617863
-0.609807
-0.666203
-0.674260
-0.642033
-0.650090
-0.690373
-0.706486
-0.706486
-0.754826
-0.770940
-0.787053
-0.762883
-0.730656
-0.738713
-0.738713
-0.787053
-0.787053
-0.762883
-0.762883
-0.787053
-0.787053
-0.706486
-0.770940
-0.770940
-0.706486
-0.730656
-0.698430
-0.690373
-0.690373
-0.674260
-0.642033
-0.617863
-0.601750
-0.569524
-0.585637
-0.545354
-0.529240
-0.497014
-0.488957
-0.424504
-0.376164
-0.368108
-0.311711
-0.247258
-0.271428
-0.206975
-0.150578
-0.126408
-0.094182
-0.094182
-0.045842
0.018611
0.050838
0.050838
0.083064
0.107234
0.155574
0.171687
0.171687
0.203914
0.203914
0.228084
0.236141
0.292537
0.324764
0.300594
0.365047
0.397273
0.381160
0.381160
0.469783
0.453670
0.469783
0.477840
0.469783
0.469783
0.518123
0.502010
0.469783
0.437557
0.453670
0.518123
0.477840
0.469783
0.485896
0.469783
0.477840
0.421443
0.437557
0.421443
0.365047
0.421443
0.397273
0.365047
0.324764
0.300594
0.300594
0.300594
0.276424
0.228084
0.211971
0.195857
0.195857
0.107234
0.075008
0.050838
0.075008
0.026668
-0.037785
-0.070012
-0.118352
-0.134465
-0.158635
-0.190861
-0.223088
-0.279484
-0.311711
-0.335881
-0.368108
-0.376164
-0.400334
-0.432561
-0.432561
-0.545354
-0.529240
-0.585637
-0.577580
-0.585637
-0.601750
-0.601750
-0.698430
-0.698430
-0.706486
-0.738713
-0.698430
-0.698430
-0.762883
-0.762883
-0.738713
-0.762883
-0.762883
-0.795109
-0.795109
-0.762883
-0.819279
-0.819279
-0.819279
-0.795109
-0.770940
-0.787053
-0.754826
-0.722600
-0.730656
-0.787053
-0.698430
-0.730656
-0.642033
-0.674260
-0.698430
-0.650090
-0.642033
-0.569524
-0.521184
-0.521184
-0.464787
-0.497014
-0.448674
-0.392277
-0.360051
-0.335881
-0.303654
-0.271428
-0.206975
-0.206975
-0.158635
-0.070012
-0.061955
-0.045842
-0.070012
-0.029729
0.026668
0.034725
0.058894
0.083064
0.123348
0.115291
0.155574
0.179744
0.228084
0.236141
0.236141
0.292537
0.332820
0.381160
0.365047
0.356990
0.389217
0.437557
0.437557
0.485896
0.421443
0.477840
0.445613
0.453670
0.445613
0.445613
0.453670
0.437557
0.502010
0.534236
0.663142
0.920955
1.057918
0.929012
0.663142
0.518123
0.445613
0.413387
0.453670
0.445613
0.413387
0.397273
0.348934
0.316707
0.276424
0.260310
0.244197
0.260310
0.203914
0.179744
0.115291
0.139461
0.075008
0.083064
0.018611
-0.070012
-0.086125
-0.118352
-0.134465
-0.158635
-0.150578
-0.223088
-0.271428
-0.239201
-0.303654
-0.327824
-0.376164
-0.360051
-0.408391
-0.464787
-0.448674
-0.497014
-0.545354
-0.569524
-0.577580
-0.633977
-0.650090
-0.633977
-0.609807
-0.690373
-0.666203
-0.674260
-0.706486
-0.738713
-0.738713
-0.787053
-0.762883
-0.738713
-0.770940
-0.762883
-0.762883
-0.787053
-0.795109
-0.827336
-0.827336
-0.811223
-0.811223
-0.762883
-0.754826
-0.722600
-0.706486
-0.698430
-0.650090
-0.674260
-0.674260
-0.666203
-0.617863
-0.577580
-0.577580
-0.553410
-0.577580
-0.497014
-0.488957
-0.456731
-0.432561
-0.400334
-0.376164
-0.376164
-0.287541
-0.287541
-0.271428
-0.215031
-0.134465
-0.182805
-0.094182
-0.094182
-0.061955
-0.013615
-0.005559
0.018611
0.034725
0.026668
0.123348
0.147517
0.171687
0.203914
0.179744
0.260310
0.300594
0.300594
0.356990
0.324764
0.324764
0.413387
0.421443
0.421443
0.477840
0.397273
0.502010
0.453670
0.453670
0.510066
0.477840
0.477840
0.477840
0.477840
0.477840
0.485896
0.437557
0.445613
0.413387
0.469783
0.510066
0.453670
0.469783
0.421443
0.421443
0.381160
0.332820
0.397273
0.381160
0.292537
0.316707
0.276424
0.244197
0.171687
0.171687
0.115291
0.139461
0.123348
0.050838
0.058894
0.034725
0.018611
-0.086125
-0.118352
-0.070012
-0.223088
-0.182805
-0.215031
-0.223088
-0.223088
-0.335881
-0.327824
-0.360051
-0.448674
-0.392277
-0.424504
-0.480900
-0.424504
-0.529240
-0.521184
-0.553410
-0.569524
-0.617863
-0.642033
-0.666203
-0.690373
-0.698430
-0.698430
-0.706486
-0.698430
-0.690373
-0.811223
-0.787053
-0.795109
-0.851506
-0.843449
-0.827336
-0.875676
-0.795109
-0.811223
-0.819279
-0.843449
-0.819279
-0.851506
-0.819279
-0.811223
-0.754826
-0.754826
-0.706486
-0.706486
-0.730656
-0.674260
-0.666203
-0.633977
-0.609807
-0.617863
-0.601750
-0.577580
-0.553410
-0.448674
-0.488957
-0.424504
-0.327824
-0.424504
-0.335881
-0.303654
-0.271428
-0.247258
-0.158635
-0.166691
-0.126408
-0.102238
-0.094182
-0.013615
-0.029729
0.107234
0.018611
0.050838
0.091121
0.171687
0.171687
0.203914
0.236141
0.228084
0.228084
0.300594
0.348934
0.365047
0.356990
0.421443
0.421443
0.421443
0.477840
0.469783
0.453670
0.453670
0.469783
0.453670
0.445613
0.477840
0.469783
0.477840
0.421443
0.437557
0.510066
0.469783
0.485896
0.485896
0.445613
0.421443
0.365047
0.437557
0.437557
0.413387
0.421443
0.348934
0.332820
0.316707
0.300594
0.260310
0.260310
0.195857
0.203914
0.195857
0.195857
0.123348
0.034725
0.058894
0.018611
-0.061955
-0.061955
-0.118352
-0.150578
-0.158635
-0.134465
-0.166691
-0.223088
-0.279484
-0.303654
-0.343938
-0.360051
-0.376164
-0.432561
-0.456731
-0.456731
-0.513127
-0.497014
-0.569524
-0.617863
-0.617863
-0.609807
-0.666203
-0.722600
-0.722600
-0.730656
-0.706486
-0.762883
-0.706486
-0.787053
-0.762883
-0.762883
-0.770940
-0.770940
-0.843449
-0.787053
-0.787053
-0.811223
-0.827336
-0.787053
-0.770940
-0.762883
-0.730656
-0.706486
-0.722600
-0.722600
-0.722600
-0.666203
-0.633977
-0.666203
-0.609807
-0.633977
-0.633977
-0.609807
-0.569524
-0.521184
-0.480900
-0.480900
-0.480900
-0.464787
-0.392277
-0.368108
-0.360051
-0.335881
-0.311711
-0.239201
-0.223088
-0.182805
-0.094182
-0.094182
-0.094182
-0.045842
-0.061955
0.002498
0.075008
0.091121
0.115291
0.115291
0.115291
0.195857
0.179744
0.211971
0.260310
0.268367
0.276424
0.356990
0.316707
0.332820
0.381160
0.365047
0.397273
0.365047
0.469783
0.477840
0.485896
0.510066
0.469783
0.445613
0.469783
0.445613
0.485896
0.477840
0.663142
1.001521
1.138484
1.074031
0.904842
0.695369
0.502010
0.469783
0.421443
0.469783
0.389217
0.348934
0.381160
0.348934
0.332820
0.276424
0.260310
0.228084
0.179744
0.179744
0.147517
0.139461
0.083064
0.050838
0.050838
0.026668
0.034725
-0.102238
-0.102238
-0.134465
-0.190861
-0.166691
-0.223088
-0.223088
-0.271428
-0.279484
-0.279484
-0.360051
-0.368108
-0.464787
-0.432561
-0.529240
-0.545354
-0.529240
-0.545354
-0.585637
-0.601750
-0.666203
-0.706486
-0.642033
-0.698430
-0.730656
-0.706486
-0.754826
-0.722600
-0.738713
-0.795109
-0.811223
-0.698430
-0.738713
-0.754826
-0.795109
-0.819279
-0.811223
-0.787053
-0.795109
-0.738713
-0.754826
-0.754826
-0.730656
-0.730656
-0.706486
-0.738713
-0.698430
-0.690373
-0.674260
-0.633977
-0.633977
-0.633977
-0.617863
-0.529240
-0.545354
-0.545354
-0.488957
-0.456731
-0.376164
-0.392277
-0.335881
-0.335881
-0.311711
-0.279484
-0.239201
-0.247258
-0.158635
-0.134465
-0.070012
-0.070012
-0.045842
0.002498
-0.005559
0.018611
0.091121
0.091121
0.139461
0.139461
0.211971
0.211971
0.203914
0.276424
0.260310
0.260310
0.300594
0.413387
0.365047
0.365047
0.389217
0.421443
0.445613
0.469783
0.502010
0.453670
0.453670
0.502010
0.477840
0.445613
0.477840
0.502010
0.421443
0.485896
0.445613
0.445613
0.413387
0.397273
0.421443
0.445613
0.413387
0.445613
0.453670
0.381160
0.348934
0.348934
0.381160
0.316707
0.268367
0.268367
0.203914
0.155574
0.123348
0.155574
0.171687
0.123348
0.058894
0.050838
0.018611
0.002498
-0.045842
-0.102238
-0.094182
-0.118352
-0.215031
-0.239201
-0.247258
-0.303654
-0.271428
-0.392277
-0.368108
-0.408391
-0.432561
-0.432561
-0.432561
-0.497014
-0.529240
-0.577580
-0.585637
-0.601750
-0.617863
-0.666203
-0.674260
-0.706486
-0.674260
-0.722600
-0.698430
-0.722600
-0.754826
-0.770940
-0.787053
-0.738713
-0.722600
-0.754826
-0.787053
-0.770940
-0.851506
-0.787053
-0.827336
-0.787053
-0.787053
-0.738713
-0.730656
-0.730656
-0.738713
-0.706486
-0.706486
-0.674260
-0.650090
-0.690373
-0.642033
-0.601750
-0.585637
-0.529240
-0.529240
-0.488957
-0.464787
-0.464787
-0.432561
-0.376164
-0.343938
-0.271428
-0.287541
-0.223088
-0.223088
-0.166691
-0.150578
-0.094182
-0.094182
-0.094182
-0.045842
-0.045842
0.058894
0.058894
0.083064
0.058894
0.091121
0.107234
0.195857
0.195857
0.236141
0.203914
0.236141
0.236141
0.300594
0.316707
0.397273
0.381160
0.397273
0.437557
0.389217
0.437557
0.453670
0.502010
0.510066
0.469783
0.485896
0.469783
0.510066
0.518123
0.445613
0.469783
0.485896
0.445613
0.477840
0.469783
0.437557
0.421443
0.389217
0.437557
0.421443
0.381160
0.413387
0.356990
0.332820
0.324764
0.316707
0.236141
0.268367
0.203914
0.171687
0.171687
0.083064
0.091121
0.075008
0.002498
-0.045842
-0.061955
-0.118352
-0.102238
-0.150578
-0.126408
-0.215031
-0.206975
-0.247258
-0.311711
-0.279484
-0.360051
-0.408391
-0.432561
-0.408391
-0.424504
-0.456731
-0.497014
-0.513127
-0.545354
-0.577580
-0.577580
-0.577580
-0.650090
-0.650090
-0.650090
-0.730656
-0.722600
-0.738713
-0.722600
-0.722600
-0.770940
-0.754826
-0.770940
-0.787053
-0.762883
-0.787053
-0.770940
-0.770940
-0.762883
-0.787053
-0.738713
-0.738713
-0.754826
-0.754826
-0.738713
-0.722600
-0.722600
-0.690373
-0.674260
-0.642033
-0.674260
-0.617863
-0.577580
-0.569524
-0.569524
-0.497014
-0.488957
-0.488957
-0.408391
-0.400334
-0.360051
-0.343938
-0.376164
-0.343938
-0.311711
-0.279484
-0.215031
-0.134465
-0.118352
-0.086125
-0.094182
-0.118352
-0.013615
-0.029729
0.018611
0.058894
0.091121
0.123348
0.115291
0.155574
0.171687
0.155574
0.211971
0.276424
0.268367
0.276424
0.332820
0.421443
0.421443
0.365047
0.421443
0.437557
0.469783
0.477840
0.485896
0.469783
0.485896
0.469783
0.485896
0.485896
0.453670
0.445613
0.502010
0.469783
0.477840
0.469783
0.437557
0.421443
0.421443
0.389217
0.413387
0.445613
0.437557
0.356990
0.397273
0.348934
0.300594
0.292537
0.236141
0.211971
0.139461
0.083064
0.115291
0.147517
0.083064
0.034725
-0.061955
-0.037785
-0.013615
-0.061955
-0.086125
-0.182805
-0.182805
-0.190861
-0.255315
-0.279484
-0.271428
-0.368108
-0.360051
-0.368108
-0.400334
-0.432561
-0.424504
-0.480900
-0.488957
-0.545354
-0.497014
-0.569524
-0.569524
-0.553410
-0.666203
-0.690373
-0.642033
-0.706486
-0.722600
-0.698430
-0.787053
-0.754826
-0.770940
-0.770940
-0.730656
-0.730656
-0.787053
-0.795109
-0.843449
-0.819279
-0.787053
-0.787053
-0.787053
-0.762883
-0.770940
-0.754826
-0.762883
-0.698430
-0.698430
-0.666203
-0.666203
-0.666203
-0.674260
-0.633977
-0.585637
-0.569524
-0.513127
-0.513127
-0.497014
-0.432561
-0.392277
-0.400334
-0.424504
-0.376164
-0.287541
-0.247258
-0.247258
-0.247258
-0.190861
-0.190861
-0.150578
-0.094182
-0.037785
-0.005559
-0.013615
0.018611
0.026668
0.115291
0.155574
0.123348
0.171687
0.203914
0.195857
0.260310
0.195857
0.276424
0.324764
0.324764
0.356990
0.348934
0.397273
0.397273
0.381160
0.437557
0.445613
0.469783
0.477840
0.445613
0.445613
0.437557
0.421443
0.469783
0.502010
0.477840
0.510066
0.469783
0.477840
0.502010
0.469783
0.437557
0.477840
0.421443
0.413387
0.421443
0.356990
0.397273
0.348934
0.332820
0.292537
0.244197
0.244197
0.179744
0.195857
0.203914
0.115291
0.139461
0.107234
0.083064
0.002498
-0.013615
-0.061955
-0.086125
-0.102238
-0.126408
-0.134465
-0.182805
-0.247258
-0.255315
-0.279484
-0.255315
-0.335881
-0.360051
-0.376164
-0.456731
-0.432561
-0.488957
-0.513127
-0.488957
-0.521184
-0.553410
-0.585637
-0.617863
-0.698430
-0.706486
-0.730656
-0.666203
-0.674260
-0.706486
-0.722600
-0.738713
-0.738713
-0.811223
-0.811223
-0.754826
-0.762883
-0.787053
-0.811223
-0.811223
-0.795109
-0.795109
-0.787053
-0.738713
-0.754826
-0.754826
-0.754826
-0.690373
-0.650090
-0.666203
-0.650090
-0.617863
-0.666203
-0.642033
-0.553410
-0.585637
-0.577580
-0.497014
-0.497014
-0.408391
-0.456731
-0.448674
-0.392277
-0.392277
-0.327824
-0.271428
-0.223088
-0.271428
-0.215031
-0.182805
-0.182805
-0.118352
-0.118352
-0.037785
-0.045842
0.018611
0.050838
0.058894
0.091121
0.115291
0.147517
0.203914
0.211971
0.211971
0.260310
0.268367
0.276424
0.292537
0.348934
0.389217
0.413387
0.381160
0.397273
0.413387
0.437557
0.445613
0.445613
0.485896
0.445613
0.477840
0.502010
0.485896
0.485896
0.518123
0.727596
0.953182
1.074031
0.937068
0.751766
0.590633
0.534236
0.453670
0.445613
0.445613
0.413387
0.365047
0.348934
0.300594
0.324764
0.316707
0.236141
0.244197
0.195857
0.155574
0.139461
0.050838
0.075008
0.075008
0.050838
0.018611
-0.045842
-0.070012
-0.118352
-0.150578
-0.166691
-0.190861
-0.206975
-0.279484
-0.271428
-0.287541
-0.343938
-0.424504
-0.392277
-0.400334
-0.488957
-0.432561
-0.497014
-0.529240
-0.529240
-0.609807
-0.545354
-0.609807
-0.650090
-0.674260
-0.650090
-0.738713
-0.738713
-0.730656
-0.706486
-0.706486
-0.730656
-0.787053
-0.738713
-0.754826
-0.762883
-0.795109
-0.811223
-0.762883
-0.787053
-0.787053
-0.762883
-0.795109
-0.762883
-0.730656
-0.730656
-0.706486
-0.722600
-0.706486
-0.690373
-0.722600
-0.650090
-0.617863
-0.601750
-0.569524
-0.601750
-0.521184
-0.513127
-0.497014
-0.464787
-0.432561
-0.368108
-0.368108
-0.287541
-0.279484
-0.190861
-0.223088
-0.223088
-0.086125
-0.134465
-0.045842
-0.045842
-0.086125
-0.029729
0.002498
0.050838
0.058894
0.083064
0.155574
0.107234
0.179744
0.211971
0.244197
0.260310
0.292537
0.276424
0.324764
0.356990
0.365047
0.389217
0.413387
0.397273
0.477840
0.437557
0.421443
0.437557
0.437557
0.437557
0.437557
0.469783
0.445613
0.421443
0.477840
0.469783
0.421443
0.437557
0.485896
0.437557
0.397273
0.413387
0.348934
0.437557
0.389217
0.365047
0.421443
0.332820
0.300594
0.292537
0.260310
0.268367
0.179744
0.236141
0.179744
0.139461
0.139461
0.058894
0.050838
-0.005559
0.026668
-0.005559
-0.037785
-0.070012
-0.150578
-0.118352
-0.166691
-0.182805
-0.279484
-0.279484
-0.279484
-0.392277
-0.400334
-0.432561
-0.432561
-0.376164
-0.456731
-0.480900
-0.553410
-0.545354
-0.609807
-0.609807
-0.642033
-0.690373
-0.674260
-0.722600
-0.698430
-0.698430
-0.730656
-0.722600
-0.754826
-0.770940
-0.770940
-0.754826
-0.762883
-0.762883
-0.787053
-0.795109
-0.811223
-0.754826
-0.787053
-0.787053
-0.754826
-0.787053
-0.770940
-0.754826
-0.730656
-0.674260
-0.666203
-0.666203
-0.674260
-0.650090
-0.617863
-0.617863
-0.577580
-0.513127
-0.545354
-0.480900
-0.432561
-0.432561
-0.368108
-0.368108
-0.376164
-0.247258
-0.327824
-0.239201
-0.206975
-0.158635
-0.126408
-0.118352
-0.070012
-0.070012
-0.029729
-0.013615
0.034725
0.050838
0.091121
0.155574
0.139461
0.203914
0.211971
0.195857
0.203914
0.211971
0.324764
0.324764
0.324764
0.292537
0.365047
0.365047
0.389217
0.413387
0.437557
0.397273
0.421443
0.485896
0.445613
0.437557
0.421443
0.413387
0.421443
0.413387
0.381160
0.453670
0.421443
0.437557
0.445613
0.445613
0.381160
0.356990
0.356990
0.413387
0.365047
0.397273
0.397273
0.316707
0.260310
0.292537
0.244197
0.228084
0.195857
0.155574
0.171687
0.123348
0.083064
0.083064
0.002498
-0.037785
-0.070012
-0.118352
-0.102238
-0.158635
-0.215031
-0.206975
-0.247258
-0.279484
-0.287541
-0.311711
-0.335881
-0.368108
-0.480900
-0.448674
-0.521184
-0.480900
-0.480900
-0.569524
-0.521184
-0.617863
-0.585637
-0.617863
-0.617863
-0.633977
-0.642033
-0.690373
-0.738713
-0.722600
-0.730656
-0.730656
-0.754826
-0.762883
-0.787053
-0.795109
-0.730656
-0.787053
-0.819279
-0.827336
-0.827336
-0.770940
-0.730656
-0.754826
-0.770940
-0.754826
-0.730656
-0.722600
-0.698430
-0.722600
-0.674260
-0.666203
-0.690373
-0.674260
-0.617863
-0.642033
-0.585637
-0.529240
-0.513127
-0.521184
-0.448674
-0.432561
-0.424504
-0.335881
-0.335881
-0.360051
-0.311711
-0.215031
-0.239201
-0.150578
-0.150578
-0.150578
-0.094182
-0.045842
-0.037785
0.026668
-0.005559
0.058894
0.091121
0.083064
0.091121
0.139461
0.195857
0.155574
0.203914
0.228084
0.211971
0.260310
0.332820
0.365047
0.324764
0.437557
0.445613
0.397273
0.485896
0.477840
0.469783
0.453670
0.477840
0.485896
0.421443
0.437557
0.485896
0.445613
0.534236
0.485896
0.453670
0.445613
0.397273
0.421443
0.413387
0.381160
0.445613
0.453670
0.421443
0.413387
0.365047
0.300594
0.324764
0.300594
0.292537
0.260310
0.260310
0.203914
0.147517
0.139461
0.115291
0.050838
0.083064
0.050838
0.002498
-0.037785
-0.102238
-0.126408
-0.158635
-0.134465
-0.182805
-0.206975
-0.271428
-0.335881
-0.303654
-0.368108
-0.392277
-0.432561
-0.392277
-0.480900
-0.464787
-0.497014
-0.545354
-0.497014
-0.569524
-0.609807
-0.577580
-0.666203
-0.650090
-0.666203
-0.730656
-0.666203
-0.722600
-0.706486
-0.730656
-0.770940
-0.770940
-0.754826
-0.738713
-0.811223
-0.787053
-0.827336
-0.754826
-0.787053
-0.827336
-0.811223
-0.819279
-0.762883
-0.706486
-0.730656
-0.690373
-0.722600
-0.666203
-0.690373
-0.722600
-0.690373
-0.545354
-0.601750
-0.569524
-0.521184
-0.529240
-0.513127
-0.480900
-0.448674
-0.392277
-0.424504
-0.360051
-0.279484
-0.255315
-0.182805
-0.206975
-0.182805
-0.166691
-0.126408
-0.094182
-0.102238
-0.061955
-0.005559
0.034725
0.018611
0.107234
0.075008
0.115291
0.155574
0.244197
0.155574
0.236141
0.236141
0.276424
0.292537
0.300594
0.348934
0.356990
0.413387
0.421443
0.389217
0.445613
0.469783
0.477840
0.485896
0.469783
0.453670
0.469783
0.469783
0.485896
0.445613
0.469783
0.445613
0.477840
0.453670
0.469783
0.437557
0.413387
0.397273
0.453670
0.453670
0.397273
0.397273
0.381160
0.365047
0.348934
0.316707
0.276424
0.244197
0.236141
0.155574
0.211971
0.155574
0.115291
0.091121
0.058894
0.075008
0.034725
-0.070012
-0.045842
-0.094182
-0.134465
-0.206975
-0.223088
-0.247258
-0.239201
-0.303654
-0.303654
-0.327824
-0.392277
-0.400334
-0.464787
-0.432561
-0.497014
-0.521184
-0.545354
-0.513127
-0.569524
-0.569524
-0.617863
-0.706486
-0.666203
-0.698430
-0.690373
-0.706486
-0.722600
-0.722600
-0.787053
-0.819279
-0.754826
-0.811223
-0.754826
-0.722600
-0.811223
-0.827336
-0.851506
-0.770940
-0.770940
-0.754826
-0.762883
-0.811223
-0.762883
-0.738713
-0.754826
-0.690373
-0.633977
-0.674260
-0.690373
-0.617863
-0.609807
-0.609807
-0.609807
-0.553410
-0.513127
-0.488957
-0.464787
-0.432561
-0.432561
-0.343938
-0.376164
-0.311711
-0.343938
-0.279484
-0.239201
-0.206975
-0.206975
-0.118352
-0.126408
-0.094182
-0.029729
0.026668
-0.005559
0.034725
0.091121
0.179744
0.195857
0.195857
0.211971
0.171687
0.244197
0.260310
0.260310
0.316707
0.324764
0.348934
0.356990
0.365047
0.413387
0.413387
0.437557
0.469783
0.477840
0.445613
0.453670
0.437557
0.477840
0.437557
0.453670
0.485896
0.453670
0.469783
0.485896
0.469783
0.485896
0.453670
0.469783
0.453670
0.389217
0.437557
0.397273
0.413387
0.397273
0.348934
0.356990
0.324764
0.268367
0.236141
0.228084
0.195857
0.171687
0.147517
0.083064
0.091121
0.058894
-0.045842
-0.037785
-0.070012
-0.094182
-0.061955
-0.134465
-0.134465
-0.206975
-0.223088
-0.311711
-0.327824
-0.368108
-0.360051
-0.376164
-0.400334
-0.400334
-0.448674
-0.464787
-0.497014
-0.545354
-0.585637
-0.601750
-0.633977
-0.609807
-0.650090
-0.650090
-0.674260
-0.690373
-0.770940
-0.706486
-0.754826
-0.762883
-0.754826
-0.770940
-0.770940
-0.762883
-0.730656
-0.787053
-0.827336
-0.795109
-0.770940
-0.811223
-0.787053
-0.819279
-0.730656
-0.730656
-0.754826
-0.706486
-0.698430
-0.650090
-0.633977
-0.650090
-0.633977
-0.617863
-0.617863
-0.642033
-0.569524
-0.569524
-0.513127
-0.545354
-0.448674
-0.408391
-0.408391
-0.376164
-0.360051
-0.287541
-0.206975
-0.223088
-0.239201
-0.158635
-0.102238
-0.070012
-0.086125
-0.061955
-0.005559
0.026668
0.083064
0.091121
0.083064
0.155574
0.123348
0.195857
0.179744
0.203914
0.260310
0.260310
0.324764
0.332820
0.381160
0.348934
0.397273
0.397273
0.445613
0.469783
0.421443
0.477840
0.469783
0.453670
0.502010
0.485896
0.453670
0.510066
0.469783
0.485896
0.477840
0.469783
0.485896
0.469783
0.502010
0.437557
0.389217
0.381160
0.453670
0.421443
0.437557
0.381160
0.381160
0.332820
0.244197
0.244197
0.268367
0.203914
0.171687
0.179744
0.091121
0.139461
0.050838
0.058894
0.050838
-0.045842
-0.045842
-0.126408
-0.094182
-0.134465
-0.166691
-0.215031
-0.223088
-0.279484
-0.327824
-0.311711
-0.368108
-0.368108
-0.497014
-0.456731
-0.424504
-0.521184
-0.488957
-0.521184
-0.585637
-0.553410
-0.633977
-0.601750
-0.633977
-0.690373
-0.674260
-0.690373
-0.722600
-0.738713
-0.690373
-0.738713
-0.762883
-0.730656
-0.787053
-0.770940
-0.811223
-0.762883
-0.811223
-0.787053
-0.762883
-0.787053
-0.795109
-0.787053
-0.770940
-0.787053
-0.762883
-0.730656
-0.730656
-0.706486
-0.706486
-0.690373
-0.674260
-0.642033
-0.642033
-0.553410
-0.569524
-0.529240
-0.456731
-0.456731
-0.400334
-0.368108
-0.400334
-0.360051
-0.287541
-0.311711
-0.223088
-0.190861
-0.215031
-0.182805
-0.118352
-0.102238
-0.086125
-0.013615
0.002498
0.026668
0.058894
0.083064
0.147517
0.123348
0.139461
0.155574
0.179744
0.244197
0.236141
0.276424
0.292537
0.316707
0.332820
0.381160
0.365047
0.421443
0.437557
0.453670
0.477840
0.469783
0.421443
0.445613
0.453670
0.477840
0.477840
0.477840
0.469783
0.453670
0.485896
0.469783
0.445613
0.445613
0.445613
0.445613
0.469783
0.445613
0.389217
0.421443
0.365047
0.413387
0.356990
0.332820
0.316707
0.276424
0.292537
0.203914
0.203914
0.179744
0.147517
0.091121
0.107234
0.058894
-0.005559
0.002498
-0.045842
-0.070012
-0.070012
-0.166691
-0.223088
-0.279484
-0.311711
-0.279484
-0.343938
-0.327824
-0.360051
-0.424504
-0.448674
-0.497014
-0.432561
-0.529240
-0.521184
-0.529240
-0.553410
-0.577580
-0.617863
-0.642033
-0.674260
-0.666203
-0.674260
-0.738713
-0.722600
-0.690373
-0.722600
-0.762883
-0.795109
-0.762883
-0.787053
-0.770940
-0.770940
-0.811223
-0.762883
-0.819279
-0.851506
-0.811223
-0.811223
-0.762883
-0.762883
-0.738713
-0.722600
-0.706486
-0.706486
-0.690373
-0.609807
-0.666203
-0.642033
-0.666203
-0.642033
-0.585637
-0.545354
-0.497014
-0.488957
-0.480900
-0.456731
-0.432561
-0.376164
-0.368108
-0.287541
-0.271428
-0.255315
-0.247258
-0.190861
-0.134465
-0.158635
-0.029729
-0.086125
-0.061955
-0.029729
0.026668
0.050838
0.026668
0.058894
0.179744
0.139461
0.195857
0.228084
0.211971
0.211971
0.236141
0.324764
0.348934
0.348934
0.437557
0.365047
0.413387
0.445613
0.445613
0.453670
0.485896
0.518123
0.510066
0.469783
0.469783
0.445613
0.437557
0.445613
0.485896
0.437557
0.469783
0.437557
0.469783
0.453670
0.437557
0.389217
0.437557
0.397273
0.397273
0.381160
0.324764
0.332820
0.300594
0.268367
0.292537
0.300594
0.203914
0.203914
0.171687
0.195857
0.171687
0.091121
0.107234
0.034725
-0.029729
-0.037785
-0.118352
-0.102238
-0.182805
-0.158635
-0.223088
-0.255315
-0.271428
-0.287541
-0.360051
-0.400334
-0.376164
-0.448674
-0.448674
-0.464787
-0.448674
-0.553410
-0.545354
-0.521184
-0.553410
-0.585637
-0.577580
-0.633977
-0.674260
-0.690373
-0.698430
-0.690373
-0.722600
-0.738713
-0.787053
-0.762883
-0.787053
-0.811223
-0.811223
-0.819279
-0.819279
-0.819279
-0.851506
-0.851506
-0.827336
-0.811223
-0.787053
-0.762883
-0.738713
-0.762883
-0.730656
-0.698430
-0.706486
-0.642033
-0.650090
-0.633977
-0.545354
-0.585637
-0.553410
-0.545354
-0.521184
-0.488957
-0.432561
-0.424504
-0.408391
-0.392277
-0.327824
-0.327824
-0.311711
-0.239201
-0.215031
-0.150578
-0.102238
-0.094182
-0.086125
-0.061955
-0.037785
0.034725
0.034725
0.058894
0.115291
0.139461
0.179744
0.171687
0.228084
0.236141
0.211971
0.244197
0.292537
0.332820
0.316707
0.348934
0.413387
0.445613
0.437557
0.389217
0.437557
0.453670
0.445613
0.485896
0.469783
0.485896
0.510066
0.437557
0.453670
0.413387
0.485896
0.469783
0.485896
0.477840
0.445613
0.437557
0.397273
0.445613
0.413387
0.445613
0.437557
0.389217
0.397273
0.365047
0.365047
0.348934
0.244197
0.260310
0.203914
0.171687
0.171687
0.115291
0.139461
0.050838
0.050838
0.050838
-0.013615
-0.061955
-0.118352
-0.134465
-0.166691
-0.150578
-0.190861
-0.206975
-0.247258
-0.279484
-0.311711
-0.424504
-0.392277
-0.392277
-0.432561
-0.464787
-0.488957
-0.521184
-0.513127
-0.577580
-0.577580
-0.585637
-0.633977
-0.674260
-0.642033
-0.738713
-0.730656
-0.730656
-0.738713
-0.730656
-0.754826
-0.738713
-0.762883
-0.770940
-0.754826
-0.762883
-0.851506
-0.762883
-0.851506
-0.795109
-0.795109
-0.795109
-0.762883
-0.787053
-0.730656
-0.706486
-0.722600
-0.674260
-0.698430
-0.650090
-0.674260
-0.609807
-0.609807
-0.553410
-0.529240
-0.545354
-0.480900
-0.513127
-0.464787
-0.456731
-0.400334
-0.311711
-0.360051
-0.327824
-0.287541
-0.271428
-0.239201
-0.190861
-0.158635
-0.102238
-0.094182
-0.094182
-0.045842
-0.013615
0.002498
0.050838
0.107234
0.123348
0.171687
0.155574
0.228084
0.211971
0.211971
0.292537
0.268367
0.348934
0.356990
0.348934
0.356990
0.381160
0.389217
0.437557
0.445613
0.469783
0.421443
0.453670
0.453670
0.477840
0.477840
0.477840
0.477840
0.502010
0.687312
0.993465
1.162654
1.090144
0.937068
0.679256
0.510066
0.477840
0.469783
0.413387
0.397273
0.397273
0.365047
0.348934
0.292537
0.300594
0.300594
0.244197
0.195857
0.195857
0.155574
0.139461
0.123348
0.050838
0.026668
-0.029729
-0.029729
-0.061955
-0.094182
-0.150578
-0.223088
-0.150578
-0.223088
-0.271428
-0.279484
-0.311711
-0.303654
-0.360051
-0.400334
-0.432561
-0.480900
-0.513127
-0.513127
-0.569524
-0.553410
-0.569524
-0.633977
-0.666203
-0.633977
-0.698430
-0.666203
-0.633977
-0.674260
-0.706486
-0.698430
-0.754826
-0.722600
-0.795109
-0.770940
-0.754826
-0.770940
-0.770940
-0.770940
-0.754826
-0.730656
-0.795109
-0.762883
-0.762883
-0.770940
-0.738713
-0.738713
-0.770940
-0.690373
-0.617863
-0.617863
-0.674260
-0.706486
-0.650090
-0.666203
-0.617863
-0.529240
-0.521184
-0.513127
-0.513127
-0.497014
-0.456731
-0.448674
-0.400334
-0.335881
-0.327824
-0.287541
-0.190861
-0.247258
-0.223088
-0.118352
-0.102238
-0.094182
-0.029729
-0.029729
