1.071429
3.681780
7.693987
12.157366
15.943987
18.336809
19.561419
19.907854
19.746722
19.513079
19.239153
18.900774
18.771868
18.860491
18.965227
19.174700
19.287493
19.013567
18.288470
17.079974
16.064837
15.339739
14.751604
14.219866
13.462542
12.213763
10.409075
8.499651
6.727190
5.244768
4.004046
3.077532
2.287981
1.667620
1.111712
0.821673
0.555804
0.531634
0.467181
0.475237
0.467181
0.402727
0.378558
0.370501
0.289934
0.289934
0.297991
0.265765
0.217425
0.193255
0.201311
0.144915
0.136858
0.080462
0.096575
0.048235
0.040179
-0.040388
-0.080671
-0.112898
-0.145124
-0.137067
-0.161237
-0.201521
-0.249860
-0.306257
-0.338483
-0.346540
-0.402937
-0.427107
-0.402937
-0.443220
-0.443220
-0.507673
-0.523786
-0.523786
-0.580183
-0.564069
-0.564069
-0.620466
-0.596296
-0.701032
-0.709089
-0.668806
-0.709089
-0.701032
-0.709089
-0.765485
-0.805769
-1.136091
-1.756452
-2.255964
-2.618513
-2.674909
-2.513776
-2.312360
-2.070661
-1.700056
-1.401960
-1.095808
-0.918562
-0.854108
-0.717146
-0.701032
-0.684919
-0.644636
-0.668806
-0.628523
-0.556013
-0.596296
-0.523786
-0.547956
-0.491560
-0.475446
-0.443220
-0.386823
-0.370710
-0.346540
-0.314314
-0.306257
-0.233747
-0.217634
-0.217634
-0.161237
-0.137067
-0.104841
-0.064558
-0.080671
-0.016218
0.024065
0.056292
0.096575
0.096575
0.096575
0.161028
0.193255
0.217425
0.217425
0.225481
0.265765
0.322161
0.314104
0.346331
0.378558
0.354388
0.434954
0.434954
0.434954
0.491351
0.467181
0.467181
0.491351
0.418841
0.507464
0.507464
0.459124
0.499407
0.467181
0.475237
0.459124
0.459124
0.475237
0.467181
0.491351
0.467181
0.402727
0.443011
0.459124
0.410784
0.410784
0.402727
0.346331
0.338274
0.322161
0.297991
0.281878
0.217425
0.225481
0.201311
0.169085
0.136858
0.056292
0.080462
0.040179
-0.008161
-0.016218
-0.064558
-0.112898
-0.137067
-0.137067
-0.193464
-0.233747
-0.265974
-0.290144
-0.322370
-0.370710
-0.402937
-0.459333
-0.435163
-0.378767
-0.459333
-0.459333
-0.475446
-0.556013
-0.564069
-0.580183
-0.596296
-0.644636
-0.652692
-0.644636
-0.684919
-0.749372
-0.733259
-0.749372
-0.765485
-0.733259
-0.701032
-0.765485
-0.765485
-0.789655
-0.805769
-0.837995
-0.837995
-0.773542
-0.829939
-0.789655
-0.717146
-0.749372
-0.733259
-0.676862
-0.684919
-0.628523
-0.668806
-0.684919
-0.652692
-0.596296
-0.588239
-0.588239
-0.531843
-0.507673
-0.491560
-0.523786
-0.499616
-0.491560
-0.402937
-0.386823
-0.386823
-0.265974
-0.265974
-0.257917
-0.282087
-0.193464
-0.137067
-0.104841
-0.096784
-0.008161
0.024065
-0.008161
-0.016218
0.040179
0.072405
0.136858
0.136858
0.161028
0.225481
0.233538
0.257708
0.281878
0.297991
0.338274
0.322161
0.402727
0.378558
0.410784
0.402727
0.418841
0.491351
0.499407
0.443011
0.459124
0.467181
0.459124
0.499407
0.467181
0.491351
0.700823
1.039202
1.321184
1.385638
1.256731
0.990862
0.741106
0.539690
0.539690
0.531634
0.499407
0.410784
0.370501
0.370501
0.378558
0.346331
0.338274
0.265765
0.233538
0.193255
0.169085
0.201311
0.193255
0.169085
0.096575
0.080462
-0.008161
-0.008161
0.016009
-0.096784
-0.112898
-0.169294
-0.169294
-0.145124
-0.217634
-0.233747
-0.290144
-0.314314
-0.314314
-0.386823
-0.402937
-0.410993
-0.467390
-0.475446
-0.547956
-0.499616
-0.564069
-0.612409
-0.628523
-0.588239
-0.676862
-0.644636
-0.644636
-0.684919
-0.749372
-0.749372
-0.733259
-0.749372
-0.773542
-0.741316
-0.733259
-0.797712
-0.765485
-0.829939
-0.789655
-0.749372
-0.765485
-0.765485
-0.765485
-0.684919
-0.684919
-0.701032
-0.676862
-0.701032
-0.701032
-0.676862
-0.668806
-0.652692
-0.612409
-0.620466
-0.620466
-0.531843
-0.531843
-0.467390
-0.491560
-0.443220
-0.427107
-0.386823
-0.354597
-0.346540
-0.322370
-0.265974
-0.233747
-0.185407
-0.193464
-0.129011
-0.104841
-0.072614
-0.064558
0.007952
0.007952
0.016009
0.080462
0.096575
0.112688
0.161028
0.161028
0.225481
0.249651
0.225481
0.257708
0.257708
0.370501
0.354388
0.354388
0.443011
0.370501
0.386614
0.418841
0.467181
0.443011
0.491351
0.499407
0.467181
0.491351
0.467181
0.434954
0.443011
0.443011
0.507464
0.475237
0.491351
0.467181
0.467181
0.459124
0.467181
0.418841
0.467181
0.475237
0.418841
0.402727
0.386614
0.297991
0.314104
0.314104
0.297991
0.257708
0.193255
0.217425
0.169085
0.177142
0.072405
0.040179
0.096575
0.016009
-0.016218
-0.008161
-0.064558
-0.129011
-0.104841
-0.169294
-0.169294
-0.201521
-0.282087
-0.265974
-0.314314
-0.370710
-0.410993
-0.402937
-0.427107
-0.435163
-0.491560
-0.523786
-0.547956
-0.547956
-0.628523
-0.588239
-0.644636
-0.676862
-0.709089
-0.709089
-0.749372
-0.684919
-0.709089
-0.701032
-0.709089
-0.733259
-0.741316
-0.717146
-0.765485
-0.773542
-0.765485
-0.765485
-0.741316
-0.749372
-0.749372
-0.765485
-0.741316
-0.701032
-0.676862
-0.749372
-0.668806
-0.684919
-0.644636
-0.644636
-0.652692
-0.644636
-0.556013
-0.620466
-0.580183
-0.499616
-0.507673
-0.467390
-0.435163
-0.427107
-0.354597
-0.346540
-0.322370
-0.290144
-0.217634
-0.217634
-0.193464
-0.169294
-0.104841
-0.048444
-0.024274
-0.072614
-0.024274
0.040179
0.096575
0.072405
0.169085
0.136858
0.177142
0.169085
0.233538
0.233538
0.233538
0.249651
0.314104
0.354388
0.338274
0.370501
0.402727
0.418841
0.418841
0.410784
0.459124
0.507464
0.531634
0.499407
0.443011
0.459124
0.491351
0.459124
0.491351
0.523577
0.475237
0.475237
0.491351
0.499407
0.467181
0.475237
0.410784
0.443011
0.410784
0.418841
0.418841
0.378558
0.386614
0.354388
0.322161
0.281878
0.225481
0.257708
0.201311
0.177142
0.201311
0.136858
0.104632
0.104632
0.056292
0.072405
0.007952
-0.040388
-0.024274
-0.104841
-0.169294
-0.145124
-0.201521
-0.201521
-0.217634
-0.290144
-0.370710
-0.378767
-0.354597
-0.386823
-0.427107
-0.435163
-0.459333
-0.531843
-0.507673
-0.564069
-0.620466
-0.596296
-0.652692
-0.652692
-0.676862
-0.701032
-0.684919
-0.709089
-0.709089
-0.717146
-0.749372
-0.733259
-0.741316
-0.749372
-0.749372
-0.733259
-0.797712
-0.773542
-0.741316
-0.773542
-0.749372
-0.789655
-0.765485
-0.741316
-0.701032
-0.701032
-0.676862
-0.612409
-0.668806
-0.652692
-0.652692
-0.628523
-0.612409
-0.596296
-0.507673
-0.531843
-0.523786
-0.499616
-0.523786
-0.467390
-0.427107
-0.338483
-0.354597
-0.314314
-0.265974
-0.217634
-0.185407
-0.169294
-0.145124
-0.096784
-0.096784
-0.048444
0.007952
-0.024274
0.048235
0.056292
0.080462
0.128802
0.169085
0.217425
0.201311
0.257708
0.257708
0.289934
0.289934
0.386614
0.354388
0.370501
0.402727
0.410784
0.410784
0.443011
0.443011
0.507464
0.499407
0.499407
0.499407
0.507464
0.507464
0.467181
0.491351
0.459124
0.563860
0.805559
1.095599
1.143938
1.023089
0.797503
0.588030
0.523577
0.491351
0.410784
0.418841
0.378558
0.378558
0.354388
0.346331
0.346331
0.297991
0.257708
0.193255
0.193255
0.144915
0.177142
0.144915
0.080462
0.056292
0.016009
0.007952
-0.048444
-0.080671
-0.112898
-0.201521
-0.185407
-0.201521
-0.201521
-0.217634
-0.314314
-0.314314
-0.346540
-0.402937
-0.443220
-0.475446
-0.443220
-0.435163
-0.507673
-0.523786
-0.556013
-0.547956
-0.596296
-0.652692
-0.644636
-0.668806
-0.684919
-0.668806
-0.709089
-0.668806
-0.733259
-0.773542
-0.773542
-0.749372
-0.749372
-0.733259
-0.741316
-0.789655
-0.797712
-0.789655
-0.765485
-0.733259
-0.765485
-0.749372
-0.733259
-0.709089
-0.717146
-0.684919
-0.676862
-0.668806
-0.644636
-0.684919
-0.612409
-0.556013
-0.523786
-0.507673
-0.507673
-0.499616
-0.443220
-0.459333
-0.427107
-0.378767
-0.354597
-0.346540
-0.306257
-0.249860
-0.225691
-0.201521
-0.185407
-0.104841
-0.072614
-0.096784
-0.024274
-0.008161
0.072405
0.080462
0.056292
0.096575
0.104632
0.161028
0.177142
0.233538
0.265765
0.257708
0.281878
0.297991
0.314104
0.354388
0.338274
0.434954
0.443011
0.418841
0.475237
0.434954
0.475237
0.467181
0.491351
0.475237
0.459124
0.467181
0.499407
0.539690
0.475237
0.507464
0.507464
0.475237
0.491351
0.475237
0.402727
0.410784
0.386614
0.418841
0.443011
0.418841
0.418841
0.346331
0.354388
0.354388
0.281878
0.289934
0.257708
0.201311
0.225481
0.128802
0.112688
0.056292
0.048235
-0.008161
-0.024274
-0.072614
-0.024274
-0.080671
-0.129011
-0.145124
-0.185407
-0.185407
-0.225691
-0.282087
-0.257917
-0.354597
-0.402937
-0.386823
-0.410993
-0.427107
-0.443220
-0.467390
-0.531843
-0.531843
-0.580183
-0.556013
-0.612409
-0.628523
-0.701032
-0.644636
-0.668806
-0.676862
-0.701032
-0.741316
-0.701032
-0.733259
-0.797712
-0.733259
-0.765485
-0.741316
-0.789655
-0.773542
-0.765485
-0.765485
-0.765485
-0.717146
-0.709089
-0.741316
-0.749372
-0.717146
-0.668806
-0.684919
-0.676862
-0.676862
-0.644636
-0.644636
-0.612409
-0.564069
-0.556013
-0.547956
-0.491560
-0.443220
-0.443220
-0.435163
-0.370710
-0.370710
-0.354597
-0.354597
-0.282087
-0.306257
-0.257917
-0.217634
-0.185407
-0.064558
-0.072614
-0.096784
-0.024274
-0.048444
0.024065
0.096575
0.096575
0.169085
0.128802
0.161028
0.177142
0.169085
0.233538
0.297991
0.289934
0.322161
0.338274
0.378558
0.402727
0.418841
0.410784
0.434954
0.402727
0.467181
0.491351
0.475237
0.499407
0.443011
0.475237
0.507464
0.459124
0.459124
0.475237
0.499407
0.555804
0.475237
0.475237
0.475237
0.475237
0.434954
0.459124
0.410784
0.443011
0.386614
0.386614
0.386614
0.338274
0.314104
0.257708
0.233538
0.233538
0.193255
0.177142
0.201311
0.144915
0.136858
0.104632
0.040179
-0.008161
-0.008161
-0.064558
-0.064558
-0.104841
-0.161237
-0.145124
-0.201521
-0.217634
-0.233747
-0.306257
-0.338483
-0.306257
-0.354597
-0.378767
-0.427107
-0.459333
-0.402937
-0.507673
-0.507673
-0.531843
-0.556013
-0.628523
-0.644636
-0.628523
-0.684919
-0.717146
-0.741316
-0.684919
-0.701032
-0.733259
-0.741316
-0.749372
-0.717146
-0.749372
-0.765485
-0.789655
-0.821882
-0.821882
-0.749372
-0.773542
-0.741316
-0.741316
-0.709089
-0.733259
-0.709089
-0.668806
-0.684919
-0.668806
-0.644636
-0.652692
-0.620466
-0.612409
-0.644636
-0.588239
-0.531843
-0.531843
-0.523786
-0.475446
-0.427107
-0.354597
-0.386823
-0.346540
-0.346540
-0.322370
-0.282087
-0.233747
-0.233747
-0.145124
-0.145124
-0.096784
-0.064558
-0.040388
0.007952
0.016009
0.048235
0.096575
0.128802
0.144915
0.169085
0.169085
0.257708
0.201311
0.249651
0.297991
0.289934
0.346331
0.386614
0.322161
0.378558
0.410784
0.443011
0.418841
0.434954
0.475237
0.499407
0.491351
0.475237
0.475237
0.459124
0.491351
0.499407
0.499407
0.531634
0.741106
0.958636
0.990862
0.837786
0.660540
0.491351
0.491351
0.459124
0.434954
0.410784
0.378558
0.378558
0.354388
0.354388
0.265765
0.281878
0.265765
0.201311
0.201311
0.144915
0.136858
0.144915
0.040179
-0.008161
0.048235
-0.008161
-0.024274
-0.048444
-0.080671
-0.137067
-0.185407
-0.201521
-0.249860
-0.257917
-0.249860
-0.314314
-0.346540
-0.346540
-0.427107
-0.427107
-0.467390
-0.467390
-0.491560
-0.499616
-0.580183
-0.564069
-0.596296
-0.620466
-0.709089
-0.652692
-0.628523
-0.709089
-0.668806
-0.709089
-0.749372
-0.765485
-0.765485
-0.749372
-0.701032
-0.717146
-0.709089
-0.765485
-0.789655
-0.773542
-0.773542
-0.749372
-0.717146
-0.709089
-0.709089
-0.676862
-0.701032
-0.668806
-0.652692
-0.701032
-0.644636
-0.644636
-0.588239
-0.588239
-0.564069
-0.531843
-0.499616
-0.491560
-0.443220
-0.475446
-0.402937
-0.386823
-0.346540
-0.338483
-0.282087
-0.249860
-0.201521
-0.185407
-0.217634
-0.137067
-0.072614
-0.072614
-0.008161
0.040179
0.040179
0.128802
0.072405
0.096575
0.072405
0.161028
0.193255
0.201311
0.225481
0.257708
0.289934
0.289934
0.297991
0.354388
0.386614
0.386614
0.418841
0.434954
0.443011
0.467181
0.459124
0.467181
0.507464
0.467181
0.475237
0.507464
0.434954
0.443011
0.443011
0.434954
0.507464
0.434954
0.402727
0.410784
0.418841
0.386614
0.402727
0.402727
0.378558
0.354388
0.378558
0.386614
0.346331
0.289934
0.265765
0.233538
0.233538
0.217425
0.144915
0.136858
0.112688
0.112688
0.104632
0.024065
0.056292
0.016009
-0.064558
-0.104841
-0.185407
-0.137067
-0.201521
-0.217634
-0.201521
-0.290144
-0.346540
-0.346540
-0.410993
-0.410993
-0.435163
-0.467390
-0.523786
-0.467390
-0.507673
-0.523786
-0.588239
-0.644636
-0.596296
-0.676862
-0.701032
-0.652692
-0.733259
-0.709089
-0.749372
-0.709089
-0.709089
-0.789655
-0.821882
-0.773542
-0.765485
-0.797712
-0.773542
-0.797712
-0.797712
-0.765485
-0.749372
-0.837995
-0.886335
-0.837995
-0.789655
-0.854108
-0.797712
-0.789655
-0.749372
-0.797712
-0.741316
-0.749372
-0.749372
-0.701032
-0.717146
-0.644636
-0.620466
-0.556013
-0.612409
-0.547956
-0.459333
-0.499616
-0.427107
-0.410993
-0.402937
-0.338483
-0.338483
-0.265974
-0.282087
-0.225691
-0.193464
-0.161237
-0.112898
-0.072614
0.007952
0.040179
0.072405
0.080462
0.112688
0.144915
0.169085
0.193255
0.217425
0.217425
0.225481
0.289934
0.297991
0.338274
0.386614
0.410784
0.402727
0.378558
0.402727
0.434954
0.443011
0.443011
0.475237
0.467181
0.402727
0.459124
0.434954
0.434954
0.443011
0.418841
0.386614
0.402727
0.354388
0.354388
0.378558
0.370501
0.354388
0.338274
0.346331
0.265765
0.257708
0.281878
0.257708
0.177142
0.136858
0.080462
0.080462
0.112688
0.048235
0.056292
0.024065
-0.064558
-0.048444
-0.064558
-0.096784
-0.129011
-0.129011
-0.193464
-0.201521
-0.201521
-0.193464
-0.265974
-0.265974
-0.282087
-0.338483
-0.314314
-0.370710
-0.402937
-0.410993
-0.467390
-0.459333
-0.499616
-0.556013
-0.547956
-0.556013
-0.588239
-0.596296
-0.668806
-0.684919
-0.684919
-0.676862
-0.717146
-0.717146
-0.717146
-0.741316
-0.773542
-0.773542
-0.773542
-0.765485
-0.805769
-0.797712
-0.829939
-0.805769
-0.789655
-0.821882
-0.733259
-0.717146
-0.749372
-0.733259
-0.749372
-0.749372
-0.684919
-0.668806
-0.652692
-0.628523
-0.676862
-0.644636
-0.612409
-0.628523
-0.531843
-0.499616
-0.499616
-0.459333
-0.435163
-0.410993
-0.410993
-0.410993
-0.314314
-0.306257
-0.257917
-0.233747
-0.233747
-0.169294
-0.129011
-0.072614
-0.104841
-0.072614
-0.072614
-0.016218
0.096575
0.040179
0.104632
0.104632
0.136858
0.177142
0.136858
0.193255
0.193255
0.177142
0.201311
0.281878
0.322161
0.346331
0.346331
0.378558
0.378558
0.434954
0.459124
0.491351
0.491351
0.467181
0.443011
0.434954
0.459124
0.434954
0.467181
0.499407
0.491351
0.499407
0.467181
0.491351
0.418841
0.418841
0.418841
0.402727
0.418841
0.459124
0.378558
0.338274
0.314104
0.322161
0.265765
0.257708
0.249651
0.169085
0.169085
0.161028
0.112688
0.080462
0.056292
0.040179
0.016009
-0.024274
-0.096784
-0.104841
-0.096784
-0.201521
-0.129011
-0.225691
-0.233747
-0.257917
-0.346540
-0.338483
-0.370710
-0.410993
-0.427107
-0.475446
-0.475446
-0.475446
-0.556013
-0.556013
-0.547956
-0.564069
-0.612409
-0.620466
-0.709089
-0.676862
-0.741316
-0.684919
-0.733259
-0.797712
-0.749372
-0.733259
-0.789655
-0.789655
-0.829939
-0.837995
-0.805769
-0.805769
-0.821882
-0.797712
-0.797712
-0.773542
-0.789655
-0.805769
-0.741316
-0.765485
-0.717146
-0.733259
-0.684919
-0.701032
-0.684919
-0.668806
-0.684919
-0.628523
-0.620466
-0.628523
-0.547956
-0.523786
-0.499616
-0.475446
-0.427107
-0.402937
-0.378767
-0.346540
-0.354597
-0.346540
-0.282087
-0.249860
-0.201521
-0.161237
-0.137067
-0.096784
-0.096784
-0.040388
-0.040388
0.016009
0.024065
0.072405
0.040179
0.016009
0.104632
0.201311
0.136858
0.193255
0.225481
0.233538
0.289934
0.322161
0.314104
0.402727
0.410784
0.378558
0.434954
0.418841
0.491351
0.443011
0.410784
0.467181
0.434954
0.467181
0.499407
0.475237
0.475237
0.459124
0.443011
0.443011
0.418841
0.434954
0.410784
0.434954
0.386614
0.434954
0.418841
0.410784
0.386614
0.338274
0.346331
0.289934
0.281878
0.289934
0.257708
0.225481
0.225481
0.136858
0.080462
0.104632
0.104632
0.056292
0.024065
-0.008161
-0.016218
-0.104841
-0.161237
-0.217634
-0.201521
-0.169294
-0.233747
-0.290144
-0.306257
-0.322370
-0.346540
-0.378767
-0.459333
-0.467390
-0.467390
-0.467390
-0.499616
-0.523786
-0.523786
-0.596296
-0.620466
-0.612409
-0.668806
-0.668806
-0.684919
-0.717146
-0.701032
-0.749372
-0.733259
-0.773542
-0.773542
-0.773542
-0.741316
-0.765485
-0.805769
-0.821882
-0.837995
-0.821882
-0.797712
-0.829939
-0.821882
-0.837995
-0.797712
-0.717146
-0.749372
-0.684919
-0.684919
-0.684919
-0.676862
-0.709089
-0.644636
-0.628523
-0.612409
-0.523786
-0.507673
-0.547956
-0.507673
-0.467390
-0.507673
-0.402937
-0.386823
-0.314314
-0.314314
-0.290144
-0.265974
-0.233747
-0.217634
-0.249860
-0.193464
-0.145124
-0.072614
-0.072614
-0.040388
0.007952
0.080462
0.096575
0.072405
0.136858
0.128802
0.193255
0.193255
0.233538
0.225481
0.289934
0.281878
0.314104
0.297991
0.322161
0.370501
0.370501
0.386614
0.499407
0.434954
0.443011
0.410784
0.410784
0.443011
0.443011
0.475237
0.459124
0.434954
0.443011
0.443011
0.443011
0.443011
0.491351
0.443011
0.418841
0.443011
0.386614
0.443011
0.370501
0.402727
0.354388
0.322161
0.354388
0.297991
0.297991
0.257708
0.217425
0.177142
0.169085
0.136858
0.144915
0.056292
0.007952
0.056292
-0.024274
-0.064558
-0.104841
-0.104841
-0.193464
-0.185407
-0.185407
-0.225691
-0.306257
-0.314314
-0.306257
-0.370710
-0.370710
-0.435163
-0.459333
-0.427107
-0.475446
-0.499616
-0.523786
-0.531843
-0.564069
-0.612409
-0.596296
-0.701032
-0.644636
-0.709089
-0.676862
-0.749372
-0.733259
-0.749372
-0.773542
-0.717146
-0.805769
-0.805769
-0.773542
-0.797712
-0.773542
-0.797712
-0.821882
-0.749372
-0.773542
-0.733259
-0.749372
-0.749372
-0.797712
-0.749372
-0.741316
-0.709089
-0.668806
-0.668806
-0.628523
-0.668806
-0.588239
-0.612409
-0.596296
-0.547956
-0.491560
-0.491560
-0.459333
-0.427107
-0.402937
-0.427107
-0.378767
-0.322370
-0.282087
-0.282087
-0.225691
-0.161237
-0.137067
-0.112898
-0.104841
-0.112898
0.007952
-0.016218
0.016009
0.048235
0.048235
0.112688
0.128802
0.144915
0.217425
0.136858
0.201311
0.225481
0.249651
0.289934
0.346331
0.354388
0.354388
0.386614
0.402727
0.370501
0.443011
0.418841
0.402727
0.459124
0.443011
0.443011
0.475237
0.475237
0.418841
0.539690
0.491351
0.467181
0.499407
0.443011
0.467181
0.491351
0.402727
0.443011
0.443011
0.459124
0.410784
0.386614
0.386614
0.314104
0.322161
0.322161
0.289934
0.257708
0.193255
0.193255
0.128802
0.096575
0.112688
0.096575
0.072405
-0.016218
-0.024274
-0.072614
-0.129011
-0.104841
-0.185407
-0.169294
-0.145124
-0.225691
-0.257917
-0.346540
-0.306257
-0.346540
-0.370710
-0.354597
-0.427107
-0.467390
-0.499616
-0.507673
-0.547956
-0.564069
-0.580183
-0.620466
-0.652692
-0.652692
-0.684919
-0.701032
-0.717146
-0.676862
-0.717146
-0.741316
-0.733259
-0.789655
-0.741316
-0.773542
-0.765485
-0.749372
-0.765485
-0.837995
-0.805769
-0.821882
-0.797712
-0.773542
-0.765485
-0.733259
-0.741316
-0.749372
-0.709089
-0.749372
-0.684919
-0.676862
-0.652692
-0.620466
-0.684919
-0.620466
-0.580183
-0.556013
-0.523786
-0.547956
-0.499616
-0.435163
-0.386823
-0.378767
-0.378767
-0.322370
-0.314314
-0.201521
-0.217634
-0.193464
-0.137067
-0.145124
-0.040388
-0.112898
-0.064558
0.007952
0.007952
0.072405
0.072405
0.112688
0.104632
0.161028
0.193255
0.193255
0.217425
0.257708
0.265765
0.289934
0.346331
0.370501
0.346331
0.410784
0.386614
0.370501
0.443011
0.443011
0.443011
0.459124
0.459124
0.491351
0.459124
0.475237
0.443011
0.507464
0.765276
1.079485
1.168108
1.095599
0.902239
0.684710
0.531634
0.434954
0.434954
0.475237
0.418841
0.386614
0.354388
0.322161
0.297991
0.257708
0.257708
0.225481
0.249651
0.217425
0.112688
0.161028
0.096575
0.040179
0.080462
0.040179
-0.008161
-0.064558
-0.080671
-0.096784
-0.185407
-0.169294
-0.225691
-0.233747
-0.257917
-0.322370
-0.346540
-0.354597
-0.346540
-0.402937
-0.435163
-0.402937
-0.467390
-0.475446
-0.580183
-0.556013
-0.588239
-0.588239
-0.668806
-0.684919
-0.733259
-0.701032
-0.717146
-0.701032
-0.717146
-0.733259
-0.749372
-0.749372
-0.765485
-0.805769
-0.765485
-0.773542
-0.741316
-0.797712
-0.789655
-0.749372
-0.829939
-0.797712
-0.797712
-0.797712
-0.789655
-0.789655
-0.741316
-0.709089
-0.701032
-0.733259
-0.709089
-0.668806
-0.620466
-0.620466
-0.588239
-0.523786
-0.531843
-0.523786
-0.475446
-0.475446
-0.370710
-0.378767
-0.322370
-0.282087
-0.282087
-0.225691
-0.185407
-0.233747
-0.104841
-0.104841
-0.129011
-0.072614
0.007952
0.024065
0.016009
0.048235
0.104632
0.136858
0.128802
0.177142
0.217425
0.193255
0.169085
0.225481
0.257708
0.297991
0.346331
0.346331
0.338274
0.378558
0.402727
0.378558
0.475237
0.434954
0.467181
0.443011
0.418841
0.443011
0.491351
0.418841
0.475237
0.443011
0.459124
0.418841
0.443011
0.459124
0.475237
0.475237
0.443011
0.434954
0.443011
0.410784
0.418841
0.370501
0.354388
0.346331
0.297991
0.297991
0.249651
0.225481
0.193255
0.169085
0.201311
0.144915
0.080462
0.096575
0.048235
0.040179
0.024065
-0.064558
-0.064558
-0.080671
-0.169294
-0.225691
-0.265974
-0.265974
-0.265974
-0.306257
-0.314314
-0.354597
-0.435163
-0.435163
-0.491560
-0.467390
-0.475446
-0.531843
-0.547956
-0.580183
-0.620466
-0.644636
-0.652692
-0.676862
-0.684919
-0.652692
-0.701032
-0.701032
-0.733259
-0.733259
-0.789655
-0.773542
-0.749372
-0.789655
-0.797712
-0.789655
-0.821882
-0.829939
-0.789655
-0.773542
-0.773542
-0.789655
-0.749372
-0.773542
-0.717146
-0.717146
-0.749372
-0.741316
-0.676862
-0.684919
-0.701032
-0.644636
-0.612409
-0.588239
-0.580183
-0.531843
-0.499616
-0.443220
-0.467390
-0.443220
-0.427107
-0.354597
-0.346540
-0.322370
-0.249860
-0.257917
-0.217634
-0.185407
-0.169294
-0.129011
-0.064558
-0.064558
-0.080671
-0.024274
0.040179
0.040179
0.056292
0.112688
0.128802
0.136858
0.217425
0.193255
0.217425
0.217425
0.281878
0.314104
0.370501
0.354388
0.370501
0.402727
0.418841
0.402727
0.402727
0.475237
0.491351
0.475237
0.491351
0.475237
0.467181
0.475237
0.475237
0.499407
0.475237
0.467181
0.443011
0.434954
0.402727
0.443011
0.410784
0.402727
0.459124
0.459124
0.402727
0.370501
0.370501
0.338274
0.322161
0.265765
0.281878
0.233538
0.144915
0.161028
0.096575
0.161028
0.080462
0.096575
0.040179
-0.048444
-0.024274
-0.080671
-0.129011
-0.112898
-0.161237
-0.169294
-0.193464
-0.257917
-0.346540
-0.322370
-0.338483
-0.386823
-0.378767
-0.435163
-0.499616
-0.459333
-0.459333
-0.499616
-0.523786
-0.547956
-0.596296
-0.596296
-0.620466
-0.684919
-0.684919
-0.652692
-0.709089
-0.733259
-0.733259
-0.765485
-0.765485
-0.749372
-0.773542
-0.749372
-0.749372
-0.821882
-0.789655
-0.797712
-0.829939
-0.773542
-0.805769
-0.773542
-0.773542
-0.773542
-0.749372
-0.765485
-0.709089
-0.709089
-0.733259
-0.644636
-0.644636
-0.652692
-0.596296
-0.612409
-0.588239
-0.580183
-0.507673
-0.499616
-0.467390
-0.427107
-0.410993
-0.386823
-0.346540
-0.314314
-0.306257
-0.225691
-0.225691
-0.217634
-0.169294
-0.064558
-0.112898
-0.104841
-0.064558
0.016009
0.024065
0.016009
0.056292
0.136858
0.144915
0.169085
0.201311
0.233538
0.225481
0.233538
0.265765
0.314104
0.354388
0.370501
0.378558
0.378558
0.402727
0.402727
0.418841
0.410784
0.434954
0.491351
0.443011
0.467181
0.434954
0.443011
0.434954
0.443011
0.459124
0.467181
0.467181
0.507464
0.459124
0.418841
0.402727
0.410784
0.402727
0.459124
0.386614
0.346331
0.378558
0.354388
0.314104
0.249651
0.265765
0.265765
0.217425
0.161028
0.169085
0.112688
0.144915
0.048235
0.048235
0.048235
-0.008161
-0.048444
-0.072614
-0.145124
-0.145124
-0.185407
-0.225691
-0.257917
-0.290144
-0.290144
-0.354597
-0.435163
-0.427107
-0.427107
-0.475446
-0.443220
-0.443220
-0.531843
-0.556013
-0.564069
-0.612409
-0.620466
-0.668806
-0.709089
-0.709089
-0.741316
-0.765485
-0.805769
-0.789655
-0.797712
-0.821882
-0.805769
-0.829939
-0.805769
-0.837995
-0.862165
-0.854108
-0.870222
-0.837995
-0.821882
-0.821882
-0.789655
-0.805769
-0.805769
-0.709089
-0.749372
-0.749372
-0.701032
-0.684919
-0.668806
-0.709089
-0.644636
-0.612409
-0.676862
-0.588239
-0.564069
-0.556013
-0.523786
-0.499616
-0.459333
-0.402937
-0.435163
-0.338483
-0.370710
-0.322370
-0.249860
-0.193464
-0.193464
-0.161237
-0.129011
-0.129011
-0.048444
-0.016218
-0.016218
0.040179
0.048235
0.128802
0.136858
0.161028
0.169085
0.193255
0.177142
0.225481
0.265765
0.257708
0.289934
0.265765
0.314104
0.386614
0.354388
0.418841
0.410784
0.434954
0.475237
0.459124
0.443011
0.410784
0.410784
0.491351
0.459124
0.443011
0.443011
0.459124
0.459124
0.459124
0.491351
0.475237
0.418841
0.410784
0.418841
0.402727
0.370501
0.402727
0.354388
0.370501
0.338274
0.265765
0.265765
0.257708
0.233538
0.217425
0.177142
0.161028
0.177142
0.080462
0.040179
-0.008161
-0.064558
-0.008161
-0.040388
-0.112898
-0.137067
-0.193464
-0.185407
-0.257917
-0.282087
-0.265974
-0.314314
-0.346540
-0.338483
-0.435163
-0.459333
-0.491560
-0.475446
-0.507673
-0.564069
-0.531843
-0.588239
-0.612409
-0.628523
-0.628523
-0.668806
-0.676862
-0.701032
-0.789655
-0.709089
-0.741316
-0.749372
-0.741316
-0.797712
-0.773542
-0.741316
-0.765485
-0.765485
-0.789655
-0.797712
-0.805769
-0.773542
-0.741316
-0.749372
-0.765485
-0.741316
-0.717146
-0.733259
-0.684919
-0.701032
-0.644636
-0.652692
-0.701032
-0.644636
-0.628523
-0.596296
-0.531843
-0.556013
-0.499616
-0.491560
-0.467390
-0.427107
-0.402937
-0.354597
-0.314314
-0.282087
-0.217634
-0.257917
-0.201521
-0.161237
-0.129011
-0.112898
-0.064558
-0.080671
-0.016218
-0.016218
0.072405
0.128802
0.104632
0.128802
0.177142
0.136858
0.201311
0.217425
0.217425
0.249651
0.289934
0.314104
0.370501
0.378558
0.370501
0.378558
0.418841
0.418841
0.475237
0.459124
0.475237
0.467181
0.443011
0.443011
0.418841
0.499407
0.467181
0.467181
0.467181
0.499407
0.434954
0.418841
0.410784
0.418841
0.418841
0.410784
0.434954
0.378558
0.378558
0.338274
0.354388
0.297991
0.338274
0.257708
0.265765
0.249651
0.193255
0.193255
0.104632
0.096575
0.112688
0.048235
0.056292
-0.008161
-0.008161
-0.040388
-0.112898
-0.169294
-0.217634
-0.185407
-0.217634
-0.249860
-0.290144
-0.314314
-0.354597
-0.402937
-0.410993
-0.386823
-0.467390
-0.435163
-0.443220
-0.491560
-0.547956
-0.564069
-0.588239
-0.628523
-0.676862
-0.676862
-0.684919
-0.676862
-0.684919
-0.733259
-0.709089
-0.733259
-0.773542
-0.789655
-0.797712
-0.765485
-0.749372
-0.773542
-0.805769
-0.805769
-0.805769
-0.805769
-0.821882
-0.773542
-0.749372
-0.797712
-0.733259
-0.773542
-0.733259
-0.684919
-0.717146
-0.668806
-0.668806
-0.620466
-0.628523
-0.620466
-0.580183
-0.580183
-0.499616
-0.443220
-0.475446
-0.435163
-0.338483
-0.346540
-0.314314
-0.314314
-0.249860
-0.169294
-0.169294
-0.193464
-0.104841
-0.129011
-0.112898
-0.048444
-0.048444
0.007952
0.040179
0.048235
0.048235
0.169085
0.177142
0.177142
0.177142
0.217425
0.257708
0.257708
0.249651
0.281878
0.297991
0.402727
0.338274
0.410784
0.418841
0.386614
0.491351
0.491351
0.434954
0.475237
0.467181
0.467181
0.491351
0.491351
0.459124
0.418841
0.475237
0.459124
0.459124
0.491351
0.402727
0.402727
0.410784
0.443011
0.434954
0.410784
0.402727
0.354388
0.402727
0.297991
0.281878
0.297991
0.265765
0.249651
0.201311
0.136858
0.144915
0.104632
0.040179
0.080462
-0.008161
0.016009
-0.064558
-0.104841
-0.072614
-0.137067
-0.193464
-0.169294
-0.225691
-0.249860
-0.265974
-0.346540
-0.346540
-0.402937
-0.443220
-0.402937
-0.459333
-0.499616
-0.499616
-0.547956
-0.580183
-0.628523
-0.612409
-0.620466
-0.652692
-0.684919
-0.644636
-0.676862
-0.733259
-0.709089
-0.709089
-0.701032
-0.749372
-0.765485
-0.741316
-0.733259
-0.733259
-0.805769
-0.805769
-0.789655
-0.821882
-0.765485
-0.749372
-0.749372
-0.733259
-0.717146
-0.733259
-0.701032
-0.652692
-0.733259
-0.652692
-0.676862
-0.668806
-0.620466
-0.612409
-0.531843
-0.507673
-0.547956
-0.491560
-0.507673
-0.443220
-0.427107
-0.386823
-0.346540
-0.265974
-0.290144
-0.282087
-0.265974
-0.201521
-0.161237
-0.145124
-0.040388
-0.072614
-0.048444
-0.024274
0.024065
0.048235
0.112688
0.136858
0.112688
0.177142
0.169085
0.201311
0.233538
0.225481
0.322161
0.289934
0.370501
0.378558
0.370501
0.386614
0.386614
0.402727
0.418841
0.443011
0.459124
0.459124
0.475237
0.475237
0.475237
0.467181
0.467181
0.475237
0.475237
0.491351
0.467181
0.507464
0.434954
0.418841
0.434954
0.386614
0.410784
0.410784
0.378558
0.410784
0.370501
0.338274
0.338274
0.265765
0.249651
0.225481
0.193255
0.169085
0.193255
0.080462
0.104632
0.112688
0.040179
0.040179
-0.048444
-0.040388
-0.040388
-0.104841
-0.145124
-0.185407
-0.193464
-0.225691
-0.306257
-0.290144
-0.338483
-0.370710
-0.370710
-0.435163
-0.467390
-0.475446
-0.491560
-0.467390
-0.507673
-0.580183
-0.596296
-0.580183
-0.596296
-0.644636
-0.668806
-0.668806
-0.668806
-0.684919
-0.684919
-0.765485
-0.765485
-0.749372
-0.765485
-0.741316
-0.741316
-0.805769
-0.749372
-0.765485
-0.773542
-0.789655
-0.797712
-0.789655
-0.733259
-0.749372
-0.733259
-0.741316
-0.741316
-0.701032
-0.676862
-0.668806
-0.644636
-0.684919
-0.620466
-0.612409
-0.588239
-0.499616
-0.507673
-0.507673
-0.459333
-0.459333
-0.410993
-0.467390
-0.354597
-0.314314
-0.322370
-0.257917
-0.217634
-0.225691
-0.161237
-0.104841
-0.064558
-0.048444
-0.016218
-0.040388
