1.387140
4.577570
8.839533
13.319025
16.888117
18.813654
19.724054
19.869074
19.667658
19.393732
18.837824
18.426935
18.378595
18.571954
18.837824
19.063410
19.361505
19.143976
18.144953
16.855890
15.929376
15.252619
14.793390
14.374445
13.472101
12.013849
10.088312
8.114435
6.398370
4.907892
3.731622
2.797052
2.063898
1.507990
1.040704
0.718439
0.621759
0.541193
0.476740
0.492853
0.444513
0.388117
0.355890
0.355890
0.347833
0.267267
0.299494
0.267267
0.235040
0.235040
0.194757
0.138361
0.081964
0.041681
0.049738
0.057794
0.009454
-0.079169
-0.135565
-0.103338
-0.191962
-0.183905
-0.191962
-0.264471
-0.312811
-0.280585
-0.353094
-0.385321
-0.401434
-0.425604
-0.369208
-0.473944
-0.457831
-0.506171
-0.506171
-0.546454
-0.610907
-0.546454
-0.610907
-0.651190
-0.667303
-0.683417
-0.707587
-0.772040
-0.715643
-0.747870
-0.763983
-0.747870
-0.941229
-1.400458
-2.012762
-2.520331
-2.705633
-2.794256
-2.560614
-2.254462
-2.004706
-1.585760
-1.247381
-0.989569
-0.828436
-0.788153
-0.763983
-0.707587
-0.747870
-0.699530
-0.667303
-0.683417
-0.651190
-0.627020
-0.586737
-0.490057
-0.490057
-0.465887
-0.457831
-0.465887
-0.490057
-0.369208
-0.369208
-0.336981
-0.320868
-0.232245
-0.200018
-0.143622
-0.143622
-0.135565
-0.111395
-0.038885
-0.103338
-0.071112
0.041681
0.073908
0.098078
0.081964
0.057794
0.138361
0.194757
0.194757
0.251154
0.291437
0.283380
0.291437
0.315607
0.323663
0.339777
0.444513
0.412287
0.372003
0.476740
0.468683
0.500910
0.492853
0.500910
0.460626
0.492853
0.460626
0.420343
0.444513
0.500910
0.525079
0.557306
0.436456
0.468683
0.444513
0.460626
0.436456
0.412287
0.444513
0.436456
0.436456
0.436456
0.347833
0.380060
0.267267
0.267267
0.251154
0.218927
0.178644
0.170587
0.106134
0.073908
0.114191
0.049738
0.017511
-0.046942
-0.006659
-0.095282
-0.143622
-0.183905
-0.216131
-0.232245
-0.320868
-0.320868
-0.288641
-0.320868
-0.385321
-0.409491
-0.441717
-0.409491
-0.473944
-0.506171
-0.546454
-0.530340
-0.562567
-0.594794
-0.618963
-0.618963
-0.675360
-0.731756
-0.699530
-0.715643
-0.707587
-0.683417
-0.852606
-0.804266
-0.772040
-0.788153
-0.763983
-0.747870
-0.836493
-0.796210
-0.796210
-0.828436
-0.731756
-0.836493
-0.820380
-0.739813
-0.772040
-0.788153
-0.772040
-0.683417
-0.651190
-0.667303
-0.586737
-0.627020
-0.643133
-0.586737
-0.586737
-0.562567
-0.546454
-0.546454
-0.498114
-0.498114
-0.433661
-0.425604
-0.385321
-0.312811
-0.280585
-0.280585
-0.232245
-0.248358
-0.183905
-0.224188
-0.143622
-0.063055
-0.095282
-0.014715
-0.063055
0.057794
0.009454
0.098078
0.138361
0.170587
0.114191
0.226984
0.138361
0.251154
0.251154
0.323663
0.283380
0.347833
0.315607
0.323663
0.412287
0.420343
0.436456
0.460626
0.500910
0.508966
0.468683
0.444513
0.500910
0.412287
0.525079
0.799005
1.217951
1.435480
1.524103
1.371027
1.145441
0.903742
0.621759
0.589533
0.500910
0.500910
0.468683
0.420343
0.420343
0.323663
0.323663
0.323663
0.315607
0.339777
0.251154
0.218927
0.235040
0.194757
0.146417
0.138361
0.025568
0.081964
0.098078
-0.046942
-0.014715
-0.071112
-0.103338
-0.135565
-0.248358
-0.224188
-0.224188
-0.264471
-0.232245
-0.353094
-0.369208
-0.401434
-0.425604
-0.457831
-0.441717
-0.546454
-0.554510
-0.554510
-0.586737
-0.586737
-0.618963
-0.667303
-0.675360
-0.699530
-0.699530
-0.715643
-0.683417
-0.683417
-0.763983
-0.804266
-0.731756
-0.820380
-0.796210
-0.868719
-0.763983
-0.796210
-0.836493
-0.796210
-0.820380
-0.796210
-0.731756
-0.707587
-0.715643
-0.683417
-0.707587
-0.731756
-0.699530
-0.699530
-0.731756
-0.731756
-0.618963
-0.627020
-0.610907
-0.627020
-0.522284
-0.522284
-0.498114
-0.498114
-0.441717
-0.409491
-0.401434
-0.345038
-0.353094
-0.304755
-0.224188
-0.183905
-0.191962
-0.111395
-0.111395
-0.111395
-0.038885
-0.046942
-0.014715
-0.022772
0.041681
0.049738
0.114191
0.138361
0.138361
0.194757
0.178644
0.178644
0.259210
0.339777
0.323663
0.323663
0.323663
0.404230
0.404230
0.380060
0.388117
0.500910
0.476740
0.468683
0.492853
0.468683
0.436456
0.460626
0.468683
0.468683
0.468683
0.581476
0.525079
0.508966
0.492853
0.492853
0.436456
0.444513
0.420343
0.436456
0.476740
0.468683
0.388117
0.388117
0.380060
0.339777
0.283380
0.299494
0.226984
0.259210
0.194757
0.114191
0.138361
0.114191
0.073908
0.049738
0.057794
-0.014715
-0.103338
-0.103338
-0.111395
-0.167792
-0.159735
-0.216131
-0.224188
-0.232245
-0.288641
-0.385321
-0.409491
-0.409491
-0.433661
-0.409491
-0.441717
-0.473944
-0.473944
-0.490057
-0.562567
-0.546454
-0.586737
-0.683417
-0.651190
-0.731756
-0.731756
-0.731756
-0.731756
-0.699530
-0.788153
-0.796210
-0.772040
-0.747870
-0.739813
-0.739813
-0.683417
-0.683417
-0.836493
-0.820380
-0.747870
-0.796210
-0.731756
-0.763983
-0.731756
-0.715643
-0.731756
-0.707587
-0.699530
-0.651190
-0.667303
-0.651190
-0.618963
-0.618963
-0.586737
-0.562567
-0.546454
-0.562567
-0.441717
-0.490057
-0.385321
-0.433661
-0.409491
-0.320868
-0.353094
-0.264471
-0.216131
-0.183905
-0.127508
-0.135565
-0.071112
-0.071112
-0.103338
-0.014715
0.041681
0.017511
0.073908
0.009454
0.041681
0.114191
0.146417
0.138361
0.226984
0.251154
0.202814
0.267267
0.315607
0.315607
0.355890
0.388117
0.404230
0.420343
0.436456
0.468683
0.444513
0.500910
0.557306
0.492853
0.500910
0.492853
0.500910
0.533136
0.492853
0.525079
0.460626
0.525079
0.468683
0.492853
0.420343
0.468683
0.388117
0.436456
0.372003
0.420343
0.404230
0.404230
0.380060
0.339777
0.259210
0.355890
0.259210
0.202814
0.138361
0.162531
0.138361
0.081964
0.081964
0.009454
0.041681
-0.006659
-0.103338
-0.127508
-0.127508
-0.159735
-0.183905
-0.216131
-0.200018
-0.256415
-0.320868
-0.353094
-0.409491
-0.336981
-0.425604
-0.425604
-0.473944
-0.473944
-0.554510
-0.546454
-0.554510
-0.554510
-0.643133
-0.618963
-0.667303
-0.667303
-0.796210
-0.715643
-0.699530
-0.707587
-0.643133
-0.683417
-0.763983
-0.772040
-0.788153
-0.772040
-0.836493
-0.747870
-0.836493
-0.836493
-0.804266
-0.772040
-0.788153
-0.763983
-0.715643
-0.763983
-0.699530
-0.707587
-0.699530
-0.683417
-0.747870
-0.651190
-0.643133
-0.610907
-0.610907
-0.554510
-0.546454
-0.530340
-0.473944
-0.457831
-0.401434
-0.345038
-0.353094
-0.353094
-0.264471
-0.312811
-0.264471
-0.216131
-0.191962
-0.135565
-0.095282
-0.022772
-0.063055
-0.038885
0.009454
0.041681
0.025568
0.025568
0.106134
0.146417
0.218927
0.138361
0.226984
0.259210
0.259210
0.251154
0.267267
0.315607
0.388117
0.420343
0.404230
0.412287
0.444513
0.500910
0.460626
0.533136
0.500910
0.436456
0.476740
0.476740
0.460626
0.468683
0.662042
0.919855
1.193781
1.201837
1.129328
0.871515
0.629816
0.533136
0.460626
0.436456
0.404230
0.420343
0.388117
0.323663
0.355890
0.315607
0.347833
0.251154
0.218927
0.218927
0.130304
0.114191
0.218927
0.114191
0.057794
0.017511
-0.063055
-0.063055
-0.063055
-0.127508
-0.159735
-0.200018
-0.143622
-0.216131
-0.248358
-0.304755
-0.312811
-0.312811
-0.385321
-0.401434
-0.377264
-0.457831
-0.441717
-0.498114
-0.498114
-0.498114
-0.586737
-0.610907
-0.627020
-0.643133
-0.667303
-0.675360
-0.707587
-0.675360
-0.699530
-0.715643
-0.763983
-0.788153
-0.788153
-0.796210
-0.788153
-0.739813
-0.763983
-0.820380
-0.852606
-0.804266
-0.796210
-0.796210
-0.788153
-0.763983
-0.747870
-0.731756
-0.715643
-0.707587
-0.675360
-0.699530
-0.707587
-0.683417
-0.651190
-0.627020
-0.627020
-0.578680
-0.522284
-0.522284
-0.498114
-0.490057
-0.433661
-0.401434
-0.377264
-0.369208
-0.336981
-0.224188
-0.264471
-0.232245
-0.183905
-0.095282
-0.159735
-0.159735
-0.071112
-0.006659
0.041681
0.041681
0.057794
0.057794
0.106134
0.146417
0.178644
0.106134
0.251154
0.194757
0.251154
0.291437
0.323663
0.339777
0.355890
0.388117
0.404230
0.436456
0.468683
0.468683
0.492853
0.476740
0.500910
0.404230
0.492853
0.500910
0.444513
0.460626
0.436456
0.492853
0.444513
0.476740
0.444513
0.508966
0.468683
0.388117
0.412287
0.460626
0.412287
0.388117
0.372003
0.372003
0.404230
0.251154
0.283380
0.226984
0.251154
0.178644
0.178644
0.146417
0.130304
0.098078
0.057794
0.025568
0.009454
-0.006659
-0.095282
-0.046942
-0.143622
-0.111395
-0.143622
-0.224188
-0.224188
-0.320868
-0.280585
-0.345038
-0.401434
-0.401434
-0.441717
-0.465887
-0.498114
-0.465887
-0.473944
-0.522284
-0.546454
-0.578680
-0.586737
-0.699530
-0.675360
-0.731756
-0.739813
-0.699530
-0.683417
-0.739813
-0.772040
-0.788153
-0.739813
-0.707587
-0.788153
-0.739813
-0.804266
-0.804266
-0.788153
-0.828436
-0.796210
-0.763983
-0.788153
-0.747870
-0.763983
-0.747870
-0.739813
-0.667303
-0.667303
-0.707587
-0.675360
-0.715643
-0.651190
-0.627020
-0.643133
-0.578680
-0.554510
-0.498114
-0.490057
-0.506171
-0.473944
-0.433661
-0.409491
-0.336981
-0.345038
-0.304755
-0.248358
-0.232245
-0.183905
-0.159735
-0.095282
-0.111395
-0.079169
-0.063055
-0.038885
-0.022772
0.025568
0.041681
0.114191
0.098078
0.114191
0.170587
0.194757
0.218927
0.283380
0.299494
0.315607
0.323663
0.347833
0.347833
0.412287
0.412287
0.500910
0.492853
0.500910
0.460626
0.476740
0.444513
0.444513
0.492853
0.508966
0.476740
0.500910
0.476740
0.468683
0.508966
0.460626
0.444513
0.436456
0.460626
0.444513
0.500910
0.388117
0.372003
0.436456
0.339777
0.315607
0.323663
0.251154
0.194757
0.267267
0.218927
0.178644
0.146417
0.138361
0.098078
0.009454
0.049738
-0.022772
-0.022772
-0.095282
-0.103338
-0.071112
-0.167792
-0.191962
-0.216131
-0.280585
-0.280585
-0.369208
-0.369208
-0.385321
-0.336981
-0.385321
-0.457831
-0.473944
-0.506171
-0.522284
-0.490057
-0.546454
-0.618963
-0.594794
-0.683417
-0.675360
-0.675360
-0.707587
-0.707587
-0.707587
-0.763983
-0.772040
-0.788153
-0.788153
-0.788153
-0.788153
-0.715643
-0.788153
-0.788153
-0.796210
-0.796210
-0.796210
-0.739813
-0.763983
-0.731756
-0.796210
-0.747870
-0.683417
-0.715643
-0.747870
-0.715643
-0.731756
-0.651190
-0.627020
-0.618963
-0.610907
-0.546454
-0.562567
-0.562567
-0.490057
-0.465887
-0.425604
-0.377264
-0.336981
-0.377264
-0.336981
-0.304755
-0.232245
-0.183905
-0.224188
-0.135565
-0.111395
-0.079169
-0.063055
0.057794
0.049738
0.057794
0.041681
0.073908
0.073908
0.114191
0.138361
0.194757
0.106134
0.251154
0.267267
0.235040
0.299494
0.315607
0.380060
0.420343
0.404230
0.412287
0.460626
0.444513
0.508966
0.468683
0.436456
0.508966
0.492853
0.476740
0.525079
0.436456
0.533136
0.525079
0.541193
0.444513
0.436456
0.476740
0.420343
0.436456
0.436456
0.436456
0.460626
0.444513
0.412287
0.339777
0.323663
0.291437
0.339777
0.315607
0.251154
0.226984
0.218927
0.098078
0.162531
0.162531
0.057794
-0.006659
-0.014715
0.009454
-0.079169
-0.103338
-0.111395
-0.159735
-0.167792
-0.167792
-0.248358
-0.232245
-0.304755
-0.320868
-0.385321
-0.401434
-0.385321
-0.465887
-0.465887
-0.498114
-0.506171
-0.546454
-0.562567
-0.562567
-0.610907
-0.699530
-0.699530
-0.675360
-0.699530
-0.715643
-0.739813
-0.699530
-0.747870
-0.788153
-0.739813
-0.788153
-0.763983
-0.763983
-0.747870
-0.747870
-0.763983
-0.804266
-0.796210
-0.772040
-0.747870
-0.763983
-0.731756
-0.739813
-0.739813
-0.699530
-0.675360
-0.699530
-0.667303
-0.675360
-0.627020
-0.618963
-0.610907
-0.578680
-0.498114
-0.530340
-0.498114
-0.465887
-0.441717
-0.353094
-0.385321
-0.401434
-0.377264
-0.232245
-0.224188
-0.232245
-0.103338
-0.111395
-0.111395
-0.127508
-0.071112
-0.046942
-0.006659
0.017511
0.009454
0.025568
0.130304
0.130304
0.194757
0.178644
0.178644
0.202814
0.291437
0.267267
0.291437
0.355890
0.380060
0.380060
0.404230
0.436456
0.412287
0.444513
0.468683
0.460626
0.492853
0.476740
0.500910
0.508966
0.420343
0.460626
0.476740
0.508966
0.492853
0.436456
0.420343
0.444513
0.436456
0.420343
0.372003
0.508966
0.436456
0.436456
0.436456
0.347833
0.355890
0.315607
0.347833
0.259210
0.267267
0.218927
0.178644
0.146417
0.106134
0.081964
0.049738
0.049738
0.081964
-0.006659
-0.038885
-0.063055
-0.103338
-0.135565
-0.159735
-0.183905
-0.224188
-0.304755
-0.345038
-0.280585
-0.401434
-0.409491
-0.425604
-0.441717
-0.457831
-0.465887
-0.506171
-0.522284
-0.546454
-0.562567
-0.546454
-0.627020
-0.675360
-0.618963
-0.699530
-0.715643
-0.707587
-0.731756
-0.707587
-0.699530
-0.731756
-0.715643
-0.715643
-0.715643
-0.763983
-0.820380
-0.836493
-0.860663
-0.836493
-0.828436
-0.747870
-0.772040
-0.772040
-0.715643
-0.699530
-0.675360
-0.699530
-0.651190
-0.683417
-0.627020
-0.675360
-0.562567
-0.594794
-0.562567
-0.562567
-0.506171
-0.506171
-0.457831
-0.425604
-0.345038
-0.312811
-0.320868
-0.288641
-0.336981
-0.191962
-0.232245
-0.216131
-0.143622
-0.159735
-0.111395
-0.079169
-0.063055
-0.006659
0.017511
0.057794
0.025568
0.162531
0.106134
0.162531
0.178644
0.162531
0.259210
0.299494
0.291437
0.251154
0.283380
0.372003
0.404230
0.404230
0.444513
0.468683
0.436456
0.508966
0.476740
0.444513
0.444513
0.525079
0.476740
0.468683
0.492853
0.492853
0.476740
0.774835
1.105158
1.145441
0.927912
0.678156
0.589533
0.508966
0.444513
0.412287
0.492853
0.323663
0.412287
0.347833
0.315607
0.299494
0.259210
0.283380
0.178644
0.226984
0.178644
0.130304
0.130304
0.106134
0.041681
-0.006659
-0.022772
-0.046942
-0.111395
-0.135565
-0.159735
-0.135565
-0.191962
-0.264471
-0.280585
-0.288641
-0.320868
-0.353094
-0.425604
-0.441717
-0.490057
-0.465887
-0.578680
-0.490057
-0.554510
-0.530340
-0.578680
-0.610907
-0.683417
-0.651190
-0.643133
-0.651190
-0.707587
-0.707587
-0.763983
-0.763983
-0.763983
-0.715643
-0.820380
-0.796210
-0.763983
-0.796210
-0.804266
-0.772040
-0.763983
-0.772040
-0.820380
-0.796210
-0.772040
-0.707587
-0.707587
-0.715643
-0.699530
-0.683417
-0.707587
-0.675360
-0.675360
-0.675360
-0.610907
-0.610907
-0.586737
-0.498114
-0.506171
-0.441717
-0.457831
-0.409491
-0.457831
-0.385321
-0.409491
-0.304755
-0.304755
-0.288641
-0.232245
-0.183905
-0.135565
-0.063055
-0.135565
-0.063055
-0.046942
0.009454
0.025568
0.049738
0.057794
0.138361
0.162531
0.106134
0.178644
0.202814
0.235040
0.283380
0.283380
0.355890
0.347833
0.380060
0.355890
0.380060
0.404230
0.460626
0.436456
0.468683
0.468683
0.436456
0.525079
0.500910
0.436456
0.468683
0.460626
0.468683
0.476740
0.492853
0.460626
0.508966
0.420343
0.500910
0.468683
0.412287
0.468683
0.436456
0.412287
0.412287
0.347833
0.355890
0.347833
0.347833
0.267267
0.251154
0.170587
0.267267
0.114191
0.106134
0.106134
0.025568
0.106134
-0.006659
-0.038885
-0.063055
-0.127508
-0.159735
-0.159735
-0.183905
-0.232245
-0.264471
-0.248358
-0.320868
-0.345038
-0.369208
-0.353094
-0.465887
-0.409491
-0.473944
-0.522284
-0.490057
-0.457831
-0.530340
-0.554510
-0.594794
-0.667303
-0.675360
-0.715643
-0.699530
-0.739813
-0.675360
-0.763983
-0.731756
-0.763983
-0.804266
-0.788153
-0.772040
-0.772040
-0.796210
-0.796210
-0.772040
-0.788153
-0.788153
-0.763983
-0.772040
-0.852606
-0.707587
-0.739813
-0.739813
-0.675360
-0.731756
-0.683417
-0.651190
-0.651190
-0.618963
-0.562567
-0.618963
-0.530340
-0.506171
-0.498114
-0.465887
-0.473944
-0.401434
-0.441717
-0.369208
-0.369208
-0.312811
-0.191962
-0.224188
-0.183905
-0.159735
-0.143622
-0.079169
-0.046942
-0.079169
-0.063055
-0.038885
0.057794
0.025568
0.178644
0.130304
0.130304
0.202814
0.259210
0.235040
0.202814
0.299494
0.355890
0.299494
0.299494
0.372003
0.404230
0.404230
0.404230
0.420343
0.444513
0.492853
0.436456
0.492853
0.541193
0.476740
0.476740
0.500910
0.460626
0.460626
0.468683
0.404230
0.444513
0.460626
0.476740
0.444513
0.412287
0.444513
0.492853
0.420343
0.388117
0.372003
0.388117
0.347833
0.291437
0.235040
0.323663
0.267267
0.235040
0.178644
0.114191
0.130304
0.081964
0.049738
0.057794
-0.006659
-0.046942
-0.103338
-0.111395
-0.135565
-0.135565
-0.159735
-0.183905
-0.264471
-0.304755
-0.312811
-0.369208
-0.385321
-0.353094
-0.369208
-0.409491
-0.457831
-0.498114
-0.554510
-0.490057
-0.586737
-0.643133
-0.667303
-0.643133
-0.675360
-0.707587
-0.699530
-0.715643
-0.715643
-0.772040
-0.707587
-0.763983
-0.772040
-0.747870
-0.763983
-0.804266
-0.796210
-0.747870
-0.747870
-0.763983
-0.763983
-0.796210
-0.820380
-0.715643
-0.683417
-0.699530
-0.643133
-0.667303
-0.651190
-0.683417
-0.699530
-0.699530
-0.667303
-0.651190
-0.643133
-0.530340
-0.610907
-0.465887
-0.465887
-0.473944
-0.433661
-0.385321
-0.401434
-0.401434
-0.280585
-0.312811
-0.256415
-0.191962
-0.232245
-0.111395
-0.143622
-0.111395
-0.071112
-0.046942
-0.006659
0.081964
0.041681
0.073908
0.130304
0.170587
0.170587
0.162531
0.218927
0.251154
0.226984
0.251154
0.299494
0.323663
0.388117
0.380060
0.388117
0.404230
0.420343
0.412287
0.500910
0.468683
0.492853
0.468683
0.444513
0.525079
0.476740
0.444513
0.533136
0.444513
0.420343
0.533136
0.500910
0.492853
0.468683
0.444513
0.444513
0.444513
0.404230
0.388117
0.372003
0.355890
0.315607
0.315607
0.315607
0.259210
0.259210
0.178644
0.178644
0.162531
0.114191
0.098078
0.025568
-0.014715
-0.038885
-0.103338
-0.095282
-0.103338
-0.183905
-0.143622
-0.200018
-0.143622
-0.191962
-0.224188
-0.304755
-0.353094
-0.433661
-0.345038
-0.465887
-0.490057
-0.465887
-0.457831
-0.530340
-0.546454
-0.554510
-0.618963
-0.586737
-0.651190
-0.643133
-0.707587
-0.731756
-0.683417
-0.707587
-0.707587
-0.731756
-0.772040
-0.796210
-0.796210
-0.772040
-0.788153
-0.763983
-0.788153
-0.747870
-0.788153
-0.747870
-0.763983
-0.747870
-0.772040
-0.739813
-0.715643
-0.747870
-0.699530
-0.667303
-0.683417
-0.651190
-0.675360
-0.627020
-0.586737
-0.586737
-0.522284
-0.506171
-0.530340
-0.473944
-0.409491
-0.441717
-0.409491
-0.345038
-0.385321
-0.345038
-0.304755
-0.288641
-0.248358
-0.159735
-0.183905
-0.167792
-0.103338
-0.095282
-0.022772
0.049738
0.017511
0.017511
0.081964
0.130304
0.081964
0.146417
0.251154
0.178644
0.194757
0.259210
0.291437
0.339777
0.339777
0.339777
0.372003
0.388117
0.380060
0.412287
0.420343
0.500910
0.436456
0.500910
0.444513
0.444513
0.476740
0.476740
0.492853
0.444513
0.468683
0.444513
0.468683
0.476740
0.460626
0.388117
0.468683
0.468683
0.460626
0.420343
0.372003
0.339777
0.299494
0.380060
0.299494
0.283380
0.259210
0.194757
0.178644
0.202814
0.146417
0.202814
0.073908
0.081964
-0.006659
0.017511
-0.079169
-0.079169
-0.079169
-0.191962
-0.111395
-0.191962
-0.224188
-0.280585
-0.280585
-0.288641
-0.401434
-0.425604
-0.401434
-0.425604
-0.522284
-0.473944
-0.530340
-0.522284
-0.522284
-0.594794
-0.578680
-0.610907
-0.594794
-0.699530
-0.707587
-0.715643
-0.715643
-0.747870
-0.731756
-0.731756
-0.731756
-0.747870
-0.731756
-0.820380
-0.715643
-0.788153
-0.796210
-0.828436
-0.772040
-0.804266
-0.804266
-0.820380
-0.820380
-0.772040
-0.763983
-0.715643
-0.699530
-0.707587
-0.683417
-0.699530
-0.707587
-0.683417
-0.610907
-0.594794
-0.554510
-0.506171
-0.554510
-0.457831
-0.457831
-0.425604
-0.385321
-0.385321
-0.409491
-0.264471
-0.304755
-0.232245
-0.216131
-0.191962
-0.200018
-0.111395
-0.103338
-0.063055
-0.022772
-0.006659
0.041681
0.049738
0.106134
0.106134
0.170587
0.130304
0.202814
0.202814
0.178644
0.267267
0.283380
0.355890
0.355890
0.355890
0.436456
0.372003
0.444513
0.492853
0.500910
0.508966
0.525079
0.460626
0.492853
0.468683
0.525079
0.444513
0.492853
0.492853
0.525079
0.492853
0.476740
0.468683
0.372003
0.436456
0.460626
0.436456
0.436456
0.476740
0.372003
0.372003
0.355890
0.355890
0.291437
0.291437
0.235040
0.226984
0.235040
0.194757
0.114191
0.162531
0.098078
0.106134
0.025568
-0.063055
-0.038885
-0.103338
-0.095282
-0.111395
-0.191962
-0.200018
-0.191962
-0.232245
-0.288641
-0.312811
-0.345038
-0.385321
-0.409491
-0.425604
-0.457831
-0.465887
-0.473944
-0.522284
-0.554510
-0.522284
-0.578680
-0.651190
-0.618963
-0.618963
-0.699530
-0.739813
-0.627020
-0.643133
-0.715643
-0.699530
-0.772040
-0.772040
-0.763983
-0.804266
-0.796210
-0.763983
-0.796210
-0.804266
-0.804266
-0.820380
-0.804266
-0.796210
-0.747870
-0.715643
-0.747870
-0.675360
-0.731756
-0.675360
-0.618963
-0.699530
-0.627020
-0.627020
-0.643133
-0.594794
-0.578680
-0.530340
-0.490057
-0.457831
-0.457831
-0.433661
-0.401434
-0.409491
-0.320868
-0.345038
-0.280585
-0.248358
-0.264471
-0.159735
-0.183905
-0.095282
-0.095282
-0.014715
-0.014715
-0.006659
0.017511
0.041681
0.057794
0.057794
0.146417
0.194757
0.202814
0.170587
0.194757
0.291437
0.259210
0.291437
0.372003
0.420343
0.420343
0.420343
0.388117
0.444513
0.468683
0.460626
0.436456
0.468683
0.436456
0.476740
0.460626
0.565363
0.468683
0.508966
0.460626
0.581476
0.871515
0.976251
0.984308
0.662042
0.500910
0.525079
0.508966
0.372003
0.420343
0.355890
0.347833
0.299494
0.372003
0.251154
0.259210
0.251154
0.170587
0.194757
0.138361
0.170587
0.017511
0.025568
0.009454
-0.038885
-0.022772
-0.095282
-0.111395
-0.159735
-0.143622
-0.216131
-0.167792
-0.280585
-0.320868
-0.288641
-0.385321
-0.336981
-0.433661
-0.385321
-0.498114
-0.465887
-0.490057
-0.554510
-0.562567
-0.530340
-0.586737
-0.618963
-0.667303
-0.627020
-0.715643
-0.699530
-0.707587
-0.707587
-0.788153
-0.715643
-0.747870
-0.796210
-0.763983
-0.739813
-0.772040
-0.763983
-0.836493
-0.804266
-0.820380
-0.820380
-0.715643
-0.739813
-0.788153
-0.731756
-0.739813
-0.667303
-0.667303
-0.667303
-0.707587
-0.699530
-0.667303
-0.594794
-0.546454
-0.578680
-0.546454
-0.522284
-0.546454
-0.522284
-0.425604
-0.473944
-0.409491
-0.377264
-0.353094
-0.353094
-0.264471
-0.232245
-0.224188
-0.135565
-0.191962
-0.095282
-0.143622
-0.079169
-0.014715
-0.022772
-0.006659
0.041681
0.049738
0.098078
0.146417
0.170587
0.202814
0.194757
0.291437
0.218927
0.315607
0.339777
0.347833
0.323663
0.380060
0.420343
0.372003
0.500910
0.412287
0.444513
0.492853
0.468683
0.476740
0.436456
0.492853
0.436456
0.492853
0.420343
0.460626
0.508966
0.492853
0.468683
0.444513
0.436456
0.460626
0.468683
0.436456
0.436456
0.372003
0.404230
0.323663
0.299494
0.291437
0.251154
0.315607
0.202814
0.235040
0.178644
0.130304
0.130304
0.057794
-0.006659
0.009454
-0.006659
-0.071112
-0.103338
-0.111395
-0.159735
-0.183905
-0.224188
-0.224188
-0.256415
-0.369208
-0.304755
-0.312811
-0.353094
-0.425604
-0.433661
-0.465887
-0.465887
-0.498114
-0.465887
-0.530340
-0.594794
-0.562567
-0.618963
-0.683417
-0.667303
-0.731756
-0.747870
-0.763983
-0.731756
-0.772040
-0.731756
-0.772040
-0.763983
-0.747870
-0.772040
-0.804266
-0.788153
-0.804266
-0.788153
-0.804266
-0.804266
-0.763983
-0.715643
-0.747870
-0.747870
-0.699530
-0.715643
-0.699530
-0.643133
-0.675360
-0.699530
-0.651190
-0.683417
-0.610907
-0.594794
-0.610907
-0.546454
-0.554510
-0.490057
-0.457831
-0.433661
-0.433661
-0.353094
-0.353094
-0.409491
-0.288641
-0.256415
-0.200018
-0.135565
-0.143622
-0.071112
-0.143622
-0.071112
-0.014715
-0.006659
0.025568
0.017511
0.041681
0.114191
0.138361
0.114191
0.194757
0.218927
0.259210
0.259210
0.251154
0.339777
0.291437
0.372003
0.388117
0.412287
0.460626
0.444513
0.436456
0.476740
0.436456
0.436456
0.492853
0.468683
0.420343
0.460626
0.500910
0.500910
0.525079
0.468683
0.525079
0.468683
0.500910
0.460626
0.533136
0.460626
0.404230
0.404230
0.388117
0.380060
0.404230
0.323663
0.291437
0.267267
0.251154
0.218927
0.194757
0.194757
0.114191
0.162531
0.081964
0.073908
-0.014715
-0.038885
-0.014715
-0.071112
-0.143622
-0.191962
-0.183905
-0.183905
-0.232245
-0.232245
-0.288641
-0.304755
-0.264471
-0.369208
-0.369208
-0.441717
-0.425604
-0.409491
-0.522284
-0.490057
-0.498114
-0.546454
-0.554510
-0.610907
-0.627020
-0.675360
-0.707587
-0.715643
-0.731756
-0.699530
-0.788153
-0.739813
-0.772040
-0.715643
-0.763983
-0.772040
-0.772040
-0.772040
-0.804266
-0.763983
-0.747870
-0.763983
-0.739813
-0.699530
-0.747870
-0.772040
-0.747870
-0.699530
-0.715643
-0.707587
-0.699530
-0.651190
-0.675360
-0.618963
-0.627020
-0.562567
-0.562567
-0.522284
-0.522284
-0.465887
-0.473944
-0.441717
-0.385321
-0.353094
-0.256415
-0.304755
-0.288641
-0.191962
-0.200018
-0.167792
-0.159735
-0.135565
-0.063055
-0.014715
-0.014715
0.025568
0.009454
0.025568
0.057794
0.130304
0.098078
0.106134
0.202814
0.218927
0.291437
0.259210
0.299494
0.267267
0.323663
0.372003
0.436456
0.380060
0.412287
0.404230
0.492853
0.508966
0.492853
0.468683
0.436456
0.420343
0.436456
0.468683
0.565363
0.557306
0.500910
0.444513
0.436456
0.476740
0.404230
0.460626
0.460626
0.404230
0.436456
0.420343
0.380060
0.347833
0.355890
0.323663
0.291437
0.259210
0.259210
0.226984
0.218927
0.178644
0.162531
0.114191
0.081964
0.138361
0.009454
-0.006659
0.009454
-0.111395
-0.135565
-0.127508
-0.135565
-0.159735
-0.167792
-0.264471
-0.312811
-0.304755
-0.425604
-0.353094
-0.465887
-0.457831
-0.433661
-0.506171
-0.530340
-0.522284
-0.562567
-0.627020
-0.578680
-0.651190
-0.618963
-0.618963
-0.675360
-0.699530
-0.699530
-0.699530
-0.715643
-0.772040
-0.772040
-0.739813
-0.747870
-0.731756
-0.747870
-0.715643
-0.772040
-0.852606
-0.796210
-0.804266
-0.788153
-0.804266
-0.763983
-0.739813
-0.715643
-0.683417
-0.707587
-0.643133
-0.707587
-0.707587
-0.618963
-0.586737
-0.618963
-0.610907
-0.522284
-0.506171
-0.498114
-0.522284
-0.457831
-0.425604
-0.377264
-0.457831
-0.312811
-0.288641
-0.232245
-0.167792
-0.224188
-0.143622
-0.143622
-0.103338
-0.022772
-0.022772
-0.014715
-0.014715
0.009454
0.025568
0.081964
0.114191
0.170587
0.162531
0.202814
0.259210
0.194757
0.259210
0.259210
0.315607
0.291437
0.380060
0.372003
0.444513
0.436456
0.444513
0.492853
0.500910
0.468683
0.541193
0.492853
0.468683
0.468683
0.476740
0.492853
0.436456
0.460626
0.476740
0.492853
0.460626
0.460626
0.420343
0.436456
0.436456
0.460626
0.323663
0.436456
0.388117
0.323663
0.347833
0.315607
0.259210
0.251154
0.178644
0.170587
0.138361
0.170587
0.178644
0.073908
0.114191
0.049738
0.025568
0.017511
-0.071112
-0.111395
-0.127508
-0.191962
-0.167792
-0.191962
-0.264471
-0.264471
-0.353094
-0.320868
-0.385321
-0.433661
-0.490057
-0.441717
-0.457831
-0.473944
-0.546454
-0.546454
-0.562567
-0.546454
-0.618963
-0.643133
-0.699530
-0.683417
-0.675360
-0.739813
-0.699530
-0.707587
-0.731756
-0.715643
-0.788153
-0.772040
-0.804266
-0.772040
-0.820380
-0.820380
-0.772040
-0.747870
-0.796210
-0.796210
-0.772040
-0.763983
-0.747870
-0.731756
-0.739813
-0.707587
-0.739813
-0.675360
-0.643133
-0.683417
-0.675360
-0.610907
-0.627020
-0.610907
-0.498114
-0.522284
-0.473944
-0.409491
-0.312811
-0.353094
-0.312811
-0.353094
-0.377264
-0.216131
-0.232245
-0.200018
-0.183905
-0.135565
-0.111395
-0.063055
-0.071112
0.017511
-0.014715
0.098078
0.041681
0.098078
0.114191
0.130304
0.170587
0.251154
0.235040
0.226984
0.315607
0.315607
0.291437
0.339777
0.380060
0.500910
0.436456
0.492853
0.404230
0.492853
0.468683
0.468683
0.444513
0.444513
0.460626
0.492853
0.460626
0.500910
0.492853
0.460626
0.436456
0.468683
0.508966
0.460626
0.436456
0.436456
0.404230
0.468683
0.299494
0.388117
0.380060
0.372003
0.339777
0.283380
0.235040
0.251154
0.259210
0.267267
0.218927
0.178644
0.098078
0.098078
0.081964
0.009454
-0.014715
-0.046942
-0.038885
-0.135565
-0.167792
-0.183905
-0.200018
-0.216131
-0.264471
-0.369208
-0.280585
-0.336981
-0.409491
-0.457831
-0.498114
-0.441717
-0.465887
-0.498114
-0.578680
-0.554510
-0.594794
-0.610907
-0.594794
-0.578680
-0.643133
-0.651190
-0.715643
-0.747870
-0.731756
-0.683417
-0.707587
-0.739813
-0.788153
-0.763983
-0.820380
-0.763983
-0.796210
-0.772040
-0.772040
-0.796210
-0.731756
-0.739813
-0.804266
-0.731756
-0.796210
-0.715643
-0.627020
-0.731756
-0.683417
-0.667303
-0.683417
-0.683417
-0.610907
-0.594794
-0.506171
-0.546454
-0.490057
-0.490057
-0.506171
-0.473944
-0.441717
-0.401434
-0.409491
-0.304755
-0.336981
-0.280585
-0.183905
-0.224188
-0.127508
-0.159735
-0.095282
-0.095282
-0.046942
-0.006659
-0.006659
0.081964
0.041681
0.057794
0.098078
0.138361
0.114191
0.218927
0.194757
0.283380
0.267267
0.347833
0.299494
0.372003
0.315607
0.380060
0.444513
0.412287
0.420343
0.476740
0.492853
0.508966
0.404230
0.500910
0.541193
0.460626
0.508966
0.492853
0.492853
0.468683
0.380060
0.492853
0.468683
0.460626
0.468683
0.420343
0.436456
0.404230
0.412287
0.380060
0.404230
0.476740
0.323663
0.299494
0.291437
0.259210
0.267267
0.218927
0.146417
0.138361
0.081964
0.114191
-0.006659
0.041681
-0.022772
-0.038885
-0.111395
-0.111395
-0.159735
-0.135565
-0.183905
-0.232245
-0.264471
-0.288641
-0.336981
-0.401434
-0.369208
-0.353094
-0.522284
-0.498114
-0.473944
-0.441717
-0.490057
-0.522284
-0.578680
-0.562567
-0.627020
-0.594794
-0.683417
-0.739813
-0.699530
-0.707587
-0.731756
-0.739813
-0.715643
-0.788153
-0.747870
-0.804266
-0.739813
-0.763983
-0.804266
-0.796210
-0.788153
-0.828436
-0.772040
-0.788153
-0.796210
-0.788153
-0.715643
-0.747870
-0.651190
-0.675360
-0.651190
-0.651190
-0.627020
-0.643133
-0.675360
-0.675360
-0.618963
-0.562567
-0.562567
-0.522284
-0.490057
-0.498114
-0.433661
-0.377264
-0.401434
-0.409491
-0.304755
-0.280585
-0.232245
-0.248358
-0.135565
-0.103338
-0.127508
-0.046942
-0.095282
