0.499040
0.442644
0.305681
0.225115
0.192888
0.120378
0.120378
0.072038
-0.008528
0.063982
-0.040754
-0.024641
-0.016585
-0.048811
-0.056868
-0.032698
-0.072981
-0.032698
-0.040754
-0.056868
-0.024641
-0.048811
-0.032698
-0.032698
-0.064924
-0.048811
0.015642
-0.032698
-0.016585
-0.056868
-0.040754
-0.032698
-0.016585
-0.032698
-0.016585
-0.000471
-0.040754
0.007585
0.007585
-0.032698
0.007585
-0.016585
-0.032698
-0.008528
-0.040754
-0.016585
-0.000471
-0.016585
0.015642
-0.016585
-0.024641
-0.032698
-0.008528
0.007585
-0.000471
-0.000471
0.007585
0.007585
-0.024641
-0.081038
-0.193831
-0.290510
-0.371077
-0.346907
-0.314680
-0.185774
-0.089094
-0.000471
-0.008528
0.007585
-0.008528
0.039812
0.039812
-0.016585
0.031755
0.015642
0.007585
0.023699
-0.000471
0.047869
0.007585
-0.008528
0.015642
-0.000471
0.007585
0.007585
0.055925
0.007585
0.007585
-0.008528
-0.016585
0.015642
0.023699
-0.008528
0.031755
-0.008528
0.015642
0.007585
-0.016585
0.023699
-0.008528
-0.040754
-0.000471
-0.008528
-0.016585
0.007585
-0.000471
-0.024641
0.007585
-0.016585
0.007585
-0.032698
-0.024641
0.015642
-0.008528
-0.000471
-0.032698
-0.016585
-0.008528
0.015642
-0.048811
-0.040754
-0.008528
0.088152
0.184831
0.281511
0.337908
0.337908
0.257341
0.168718
0.055925
0.015642
-0.032698
0.007585
-0.032698
-0.056868
-0.024641
-0.016585
-0.032698
-0.040754
-0.056868
-0.024641
-0.056868
-0.032698
-0.040754
-0.064924
-0.040754
-0.040754
-0.064924
-0.064924
-0.072981
-0.048811
-0.048811
-0.024641
0.112322
0.176775
0.209001
0.209001
0.184831
0.184831
0.136492
0.120378
0.120378
0.104265
0.120378
0.080095
0.063982
-0.000471
-0.000471
-0.008528
-0.016585
-0.016585
-0.008528
0.023699
0.031755
-0.000471
-0.016585
0.023699
0.031755
-0.008528
-0.016585
-0.024641
-0.000471
0.039812
0.023699
-0.000471
-0.000471
-0.097151
-0.201887
-0.282454
-0.379133
-0.371077
-0.266340
-0.193831
-0.089094
-0.040754
-0.032698
-0.024641
-0.000471
-0.000471
0.007585
-0.016585
0.015642
0.015642
0.031755
0.015642
0.023699
-0.000471
0.015642
-0.000471
0.007585
0.015642
-0.024641
0.007585
-0.016585
0.031755
-0.000471
0.007585
-0.008528
-0.008528
0.023699
-0.032698
-0.000471
-0.016585
-0.008528
0.023699
-0.000471
-0.008528
-0.048811
-0.008528
-0.000471
-0.024641
0.023699
-0.008528
-0.000471
-0.016585
-0.040754
-0.040754
-0.040754
-0.024641
-0.000471
0.023699
0.015642
-0.008528
-0.016585
-0.032698
-0.008528
0.015642
-0.032698
-0.008528
-0.024641
0.088152
0.200945
0.281511
0.329851
0.337908
0.289568
0.168718
0.096208
0.015642
-0.024641
-0.016585
-0.064924
-0.032698
-0.048811
-0.016585
-0.024641
-0.040754
-0.024641
-0.016585
-0.056868
-0.048811
-0.016585
-0.048811
-0.048811
-0.024641
-0.032698
-0.048811
-0.024641
-0.024641
-0.040754
-0.040754
0.015642
-0.048811
-0.024641
-0.032698
-0.048811
-0.000471
-0.016585
-0.032698
0.007585
-0.032698
-0.048811
0.031755
-0.016585
-0.024641
-0.024641
-0.024641
-0.056868
-0.016585
-0.024641
-0.024641
-0.056868
0.015642
0.144548
0.241228
0.241228
0.200945
0.200945
0.144548
0.152605
0.120378
0.072038
0.039812
0.023699
-0.072981
-0.185774
-0.290510
-0.346907
-0.338850
-0.274397
-0.209944
-0.089094
-0.048811
-0.016585
0.007585
0.007585
-0.016585
-0.016585
-0.040754
0.023699
0.031755
0.015642
-0.000471
0.023699
-0.000471
-0.016585
-0.000471
-0.016585
-0.008528
0.015642
-0.000471
0.015642
0.007585
0.023699
0.007585
-0.008528
-0.024641
0.007585
0.015642
-0.040754
-0.000471
-0.048811
-0.000471
-0.040754
-0.000471
-0.008528
-0.008528
-0.032698
-0.024641
-0.048811
-0.000471
0.015642
-0.000471
-0.008528
-0.016585
-0.000471
-0.048811
-0.024641
-0.008528
-0.000471
-0.008528
-0.008528
-0.032698
-0.040754
-0.008528
-0.040754
0.007585
-0.016585
0.080095
0.209001
0.249285
0.289568
0.297624
0.265398
0.168718
0.063982
0.039812
-0.008528
-0.024641
-0.032698
-0.008528
-0.056868
-0.024641
-0.040754
-0.032698
-0.040754
-0.048811
-0.016585
-0.016585
-0.056868
-0.032698
-0.032698
-0.016585
-0.081038
-0.040754
-0.056868
-0.040754
-0.016585
-0.000471
-0.024641
-0.016585
-0.016585
-0.024641
-0.016585
-0.000471
-0.016585
-0.024641
0.007585
-0.040754
0.015642
-0.016585
-0.016585
-0.040754
-0.000471
-0.008528
-0.024641
-0.016585
-0.040754
-0.040754
-0.024641
-0.032698
-0.016585
-0.008528
-0.032698
0.015642
-0.024641
-0.008528
-0.000471
0.007585
-0.008528
-0.024641
-0.008528
-0.097151
-0.218001
-0.322737
-0.354963
-0.346907
-0.298567
-0.218001
-0.097151
-0.048811
-0.032698
-0.008528
-0.000471
-0.000471
-0.000471
-0.032698
-0.040754
-0.024641
0.104265
0.225115
0.257341
0.241228
0.233171
0.209001
0.176775
0.168718
0.160662
0.104265
0.112322
0.080095
0.055925
0.047869
0.047869
0.023699
-0.000471
-0.000471
0.039812
0.007585
-0.032698
0.015642
-0.008528
-0.008528
-0.008528
-0.008528
-0.016585
-0.024641
-0.032698
-0.008528
0.015642
-0.008528
0.015642
-0.032698
-0.040754
-0.016585
-0.016585
-0.000471
-0.024641
0.007585
-0.016585
-0.032698
-0.008528
-0.032698
-0.008528
-0.016585
-0.000471
0.063982
0.209001
0.225115
0.329851
0.329851
0.281511
0.200945
0.112322
0.015642
0.007585
-0.024641
-0.024641
-0.040754
-0.040754
-0.040754
-0.024641
-0.048811
-0.048811
-0.064924
-0.064924
-0.040754
-0.040754
-0.048811
-0.048811
-0.040754
-0.024641
-0.024641
-0.040754
-0.016585
-0.024641
-0.056868
-0.032698
-0.008528
-0.008528
-0.008528
-0.024641
-0.048811
-0.008528
-0.000471
-0.000471
0.015642
-0.000471
-0.016585
-0.008528
-0.024641
-0.000471
-0.024641
-0.000471
-0.008528
-0.000471
-0.016585
0.007585
-0.008528
-0.024641
-0.016585
0.015642
0.015642
-0.016585
0.031755
-0.024641
0.047869
0.015642
-0.016585
-0.008528
-0.081038
-0.185774
-0.290510
-0.346907
-0.338850
-0.266340
-0.226057
-0.064924
-0.000471
0.015642
0.039812
0.031755
0.031755
0.007585
0.023699
0.023699
0.047869
0.023699
0.007585
0.007585
0.023699
-0.008528
0.015642
0.007585
-0.000471
0.015642
-0.008528
0.007585
0.015642
0.007585
0.007585
-0.008528
-0.016585
-0.024641
-0.008528
-0.024641
-0.032698
-0.000471
-0.040754
-0.000471
0.023699
0.152605
0.241228
0.273455
0.209001
0.176775
0.184831
0.136492
0.104265
0.096208
0.007585
0.039812
-0.000471
0.015642
-0.032698
0.023699
-0.024641
-0.024641
-0.040754
-0.000471
-0.032698
-0.032698
-0.008528
-0.016585
0.039812
0.168718
0.305681
0.321794
0.345964
0.265398
0.168718
0.055925
-0.008528
-0.016585
-0.048811
-0.040754
-0.048811
-0.000471
-0.032698
-0.040754
-0.040754
-0.064924
-0.040754
-0.056868
-0.048811
-0.040754
-0.048811
-0.048811
-0.008528
-0.032698
-0.024641
-0.016585
-0.048811
0.007585
-0.040754
-0.024641
-0.040754
-0.040754
-0.008528
-0.008528
-0.008528
-0.040754
-0.000471
-0.032698
-0.016585
-0.032698
-0.008528
-0.008528
-0.016585
-0.024641
0.007585
-0.024641
0.007585
-0.024641
-0.016585
0.023699
-0.016585
0.007585
-0.024641
-0.000471
-0.016585
0.007585
-0.008528
0.015642
-0.024641
0.007585
-0.000471
0.023699
-0.097151
-0.193831
-0.314680
-0.354963
-0.346907
-0.298567
-0.169661
-0.113264
-0.032698
-0.008528
0.023699
0.015642
0.023699
0.023699
0.015642
0.023699
0.039812
0.015642
0.015642
0.031755
-0.000471
0.023699
-0.000471
0.007585
0.007585
0.007585
-0.000471
-0.008528
0.007585
0.015642
0.015642
-0.000471
-0.008528
-0.032698
-0.000471
-0.040754
-0.000471
0.007585
-0.008528
-0.032698
-0.040754
0.015642
-0.016585
-0.024641
0.023699
-0.016585
0.007585
-0.016585
-0.032698
0.015642
0.015642
-0.016585
-0.024641
-0.000471
-0.008528
-0.040754
-0.024641
-0.032698
-0.040754
-0.024641
-0.048811
-0.056868
-0.040754
-0.024641
0.047869
0.176775
0.265398
0.362078
0.450701
0.515154
0.450701
0.313738
0.225115
0.176775
0.144548
0.096208
0.072038
0.088152
0.015642
-0.016585
-0.000471
-0.040754
-0.024641
-0.016585
-0.016585
-0.024641
-0.048811
-0.040754
-0.008528
-0.064924
-0.072981
-0.024641
-0.016585
-0.032698
-0.000471
-0.040754
-0.008528
-0.008528
-0.032698
-0.024641
0.007585
-0.032698
-0.040754
-0.024641
-0.000471
-0.056868
-0.024641
-0.024641
-0.024641
-0.032698
-0.040754
0.023699
-0.048811
-0.032698
-0.032698
-0.008528
-0.024641
-0.000471
-0.016585
-0.008528
-0.016585
-0.008528
-0.024641
0.023699
-0.000471
0.007585
0.007585
-0.008528
-0.081038
-0.153547
-0.298567
-0.322737
-0.314680
-0.290510
-0.193831
-0.089094
-0.048811
-0.000471
-0.024641
-0.000471
0.007585
0.023699
0.031755
0.015642
0.015642
0.023699
-0.008528
0.047869
-0.008528
0.007585
0.031755
0.023699
0.039812
0.023699
0.023699
-0.024641
0.023699
0.007585
-0.016585
0.015642
-0.016585
-0.008528
-0.024641
0.047869
-0.008528
-0.000471
-0.008528
-0.008528
-0.008528
-0.024641
0.015642
-0.008528
0.015642
-0.032698
0.015642
-0.008528
-0.024641
-0.008528
-0.008528
-0.008528
-0.048811
-0.008528
-0.016585
-0.024641
0.007585
0.015642
-0.024641
-0.032698
-0.032698
-0.016585
-0.040754
-0.016585
0.072038
0.192888
0.313738
0.313738
0.313738
0.257341
0.192888
0.080095
0.031755
-0.024641
-0.024641
-0.048811
-0.000471
-0.048811
-0.048811
-0.048811
-0.064924
-0.032698
-0.056868
-0.056868
-0.016585
-0.072981
-0.024641
-0.040754
-0.048811
0.047869
0.209001
0.200945
0.209001
0.200945
0.120378
0.152605
0.096208
0.080095
0.023699
0.031755
-0.000471
-0.024641
-0.016585
-0.048811
-0.024641
-0.008528
-0.040754
-0.016585
0.007585
-0.000471
-0.024641
-0.008528
-0.032698
-0.008528
-0.008528
-0.032698
-0.008528
-0.032698
-0.000471
-0.024641
-0.024641
-0.016585
-0.040754
-0.024641
0.015642
-0.024641
0.023699
-0.032698
-0.072981
-0.193831
-0.290510
-0.354963
-0.363020
-0.306624
-0.193831
-0.105208
-0.048811
-0.024641
-0.008528
0.007585
-0.000471
0.023699
-0.008528
0.023699
0.015642
0.007585
0.007585
0.015642
0.007585
-0.016585
0.007585
0.007585
0.039812
0.007585
-0.016585
-0.000471
-0.008528
-0.024641
0.015642
0.023699
-0.016585
0.015642
-0.008528
-0.008528
-0.040754
0.023699
-0.008528
-0.016585
-0.016585
-0.016585
-0.000471
-0.016585
-0.032698
0.007585
-0.008528
-0.000471
0.015642
0.007585
-0.016585
-0.008528
-0.024641
-0.032698
-0.024641
-0.056868
-0.016585
-0.024641
-0.024641
-0.024641
-0.040754
-0.000471
-0.048811
-0.016585
0.063982
0.168718
0.281511
0.354021
0.337908
0.289568
0.184831
0.088152
-0.000471
0.007585
-0.024641
-0.040754
-0.016585
-0.024641
-0.024641
-0.064924
-0.016585
-0.048811
-0.008528
-0.064924
-0.048811
-0.048811
-0.040754
-0.032698
-0.024641
-0.040754
-0.048811
-0.048811
0.007585
-0.056868
-0.016585
-0.016585
-0.016585
-0.040754
-0.016585
-0.016585
-0.040754
-0.024641
-0.016585
-0.000471
-0.040754
-0.016585
-0.032698
-0.016585
-0.008528
-0.056868
-0.032698
-0.056868
-0.016585
-0.024641
-0.064924
-0.024641
-0.032698
-0.000471
0.120378
0.217058
0.265398
0.249285
0.249285
0.200945
0.144548
0.176775
0.136492
0.112322
-0.016585
-0.137434
-0.266340
-0.298567
-0.314680
-0.258284
-0.185774
-0.121321
-0.016585
-0.000471
-0.040754
-0.016585
-0.000471
0.015642
-0.032698
0.023699
-0.008528
-0.008528
0.015642
0.015642
0.015642
0.015642
0.007585
0.015642
-0.000471
-0.008528
0.007585
-0.008528
0.007585
0.015642
0.007585
-0.008528
-0.008528
-0.000471
0.031755
0.015642
-0.016585
0.023699
0.031755
0.015642
-0.008528
-0.016585
-0.008528
-0.000471
-0.016585
-0.016585
0.015642
-0.024641
-0.008528
-0.016585
-0.016585
-0.016585
0.007585
-0.056868
-0.000471
-0.024641
-0.024641
-0.008528
-0.008528
-0.024641
-0.040754
-0.024641
-0.016585
-0.008528
0.063982
0.168718
0.297624
0.345964
0.313738
0.265398
0.192888
0.072038
0.047869
0.023699
-0.008528
0.007585
-0.000471
-0.024641
-0.040754
-0.056868
-0.040754
-0.048811
-0.024641
-0.016585
-0.064924
-0.032698
-0.048811
-0.048811
-0.040754
-0.040754
-0.024641
-0.040754
-0.040754
-0.024641
-0.040754
-0.008528
-0.032698
-0.008528
-0.024641
-0.040754
-0.040754
-0.016585
-0.000471
-0.000471
-0.016585
-0.016585
-0.032698
-0.008528
0.023699
-0.024641
-0.000471
-0.016585
-0.016585
-0.000471
-0.016585
-0.008528
-0.008528
-0.016585
0.007585
0.023699
-0.000471
-0.000471
-0.000471
0.007585
-0.024641
-0.008528
-0.000471
0.007585
-0.081038
-0.185774
-0.290510
-0.346907
-0.346907
-0.314680
-0.234114
-0.105208
-0.064924
-0.016585
-0.024641
-0.016585
-0.016585
0.055925
0.168718
0.265398
0.241228
0.225115
0.217058
0.192888
0.160662
0.168718
0.136492
0.096208
0.055925
0.047869
-0.008528
0.047869
-0.000471
0.023699
0.007585
-0.000471
-0.024641
-0.008528
0.007585
-0.040754
0.023699
-0.032698
-0.000471
-0.032698
-0.016585
0.007585
-0.008528
-0.024641
-0.016585
-0.000471
0.007585
-0.008528
-0.024641
-0.032698
-0.056868
-0.032698
-0.016585
0.015642
-0.016585
-0.024641
-0.032698
-0.032698
-0.016585
-0.016585
-0.008528
-0.040754
-0.016585
-0.008528
0.055925
0.176775
0.289568
0.345964
0.321794
0.297624
0.184831
0.072038
0.047869
-0.024641
-0.032698
-0.040754
-0.048811
-0.032698
-0.064924
-0.000471
-0.032698
0.007585
-0.024641
-0.048811
-0.024641
-0.048811
-0.008528
-0.040754
-0.072981
-0.008528
-0.056868
-0.024641
-0.056868
-0.008528
-0.048811
-0.032698
-0.024641
-0.048811
-0.048811
-0.000471
-0.040754
-0.016585
-0.032698
-0.016585
-0.016585
-0.000471
0.007585
0.007585
-0.024641
0.015642
-0.008528
-0.016585
-0.008528
0.007585
0.007585
0.007585
-0.008528
-0.000471
-0.032698
-0.000471
-0.040754
-0.000471
-0.008528
-0.000471
0.007585
-0.008528
-0.024641
0.007585
-0.072981
-0.185774
-0.258284
-0.363020
-0.338850
-0.306624
-0.201887
-0.113264
-0.040754
-0.016585
-0.000471
-0.000471
-0.008528
0.023699
-0.008528
-0.000471
0.039812
0.023699
0.007585
-0.000471
0.015642
0.015642
-0.008528
0.007585
-0.000471
0.007585
-0.008528
-0.000471
-0.008528
-0.000471
-0.016585
0.007585
-0.016585
-0.032698
-0.032698
-0.040754
-0.056868
-0.048811
-0.072981
-0.032698
0.039812
0.192888
0.241228
0.233171
0.217058
0.233171
0.176775
0.192888
0.112322
0.080095
0.031755
0.039812
0.007585
0.031755
0.039812
0.015642
0.023699
0.007585
-0.008528
-0.040754
-0.016585
-0.008528
-0.032698
-0.000471
0.039812
0.192888
0.289568
0.362078
0.305681
0.281511
0.176775
0.088152
0.015642
-0.000471
-0.024641
-0.048811
-0.024641
-0.064924
-0.056868
-0.048811
-0.024641
-0.064924
-0.048811
-0.016585
-0.024641
-0.064924
-0.024641
-0.032698
0.007585
-0.072981
-0.016585
-0.048811
-0.040754
-0.048811
-0.048811
-0.024641
-0.016585
-0.040754
-0.040754
0.007585
-0.016585
-0.016585
-0.000471
-0.048811
0.007585
-0.024641
0.023699
-0.024641
-0.000471
-0.024641
-0.016585
-0.040754
-0.032698
-0.008528
-0.024641
-0.000471
-0.008528
-0.016585
-0.032698
-0.016585
0.023699
0.015642
0.015642
0.015642
-0.016585
0.039812
-0.000471
-0.024641
-0.048811
-0.185774
-0.298567
-0.322737
-0.354963
-0.314680
-0.218001
-0.137434
-0.032698
-0.000471
0.015642
0.007585
0.007585
-0.008528
-0.016585
-0.024641
-0.000471
-0.000471
0.023699
0.015642
0.007585
0.007585
0.007585
0.015642
0.007585
0.015642
0.023699
0.023699
0.031755
0.023699
0.031755
-0.040754
-0.000471
-0.016585
-0.024641
-0.032698
-0.024641
-0.016585
-0.016585
-0.000471
-0.024641
0.007585
-0.024641
-0.000471
-0.016585
-0.016585
-0.000471
-0.000471
-0.024641
-0.008528
-0.008528
-0.016585
-0.040754
-0.024641
-0.016585
-0.040754
-0.016585
0.007585
-0.040754
-0.032698
-0.040754
-0.016585
0.128435
0.209001
0.321794
0.402361
0.466814
0.515154
0.466814
0.402361
0.305681
0.168718
0.063982
0.055925
-0.000471
-0.040754
-0.024641
-0.024641
-0.056868
-0.032698
-0.048811
-0.016585
-0.064924
-0.032698
-0.040754
-0.056868
-0.008528
-0.056868
-0.016585
-0.064924
-0.056868
-0.024641
-0.040754
-0.024641
-0.024641
-0.000471
-0.040754
-0.008528
-0.032698
-0.072981
-0.000471
-0.000471
-0.024641
-0.016585
-0.024641
-0.024641
-0.024641
-0.024641
-0.024641
-0.016585
-0.008528
-0.032698
-0.016585
-0.032698
-0.000471
-0.016585
-0.000471
-0.016585
-0.000471
0.007585
-0.024641
0.007585
-0.000471
-0.008528
-0.000471
0.023699
-0.008528
-0.016585
-0.048811
-0.169661
-0.298567
-0.330794
-0.314680
-0.298567
-0.226057
-0.089094
-0.048811
-0.016585
-0.032698
0.039812
-0.016585
0.039812
0.015642
0.007585
0.007585
0.007585
-0.000471
0.031755
0.039812
0.007585
0.031755
-0.016585
-0.008528
0.015642
0.015642
-0.008528
0.007585
-0.000471
0.023699
-0.016585
-0.016585
0.015642
-0.000471
0.007585
0.007585
-0.016585
-0.032698
-0.032698
-0.024641
-0.000471
-0.008528
-0.016585
-0.008528
0.007585
-0.000471
0.023699
0.015642
-0.016585
0.015642
-0.000471
-0.024641
0.031755
-0.016585
-0.008528
-0.008528
-0.016585
-0.032698
-0.016585
-0.040754
-0.016585
-0.048811
-0.016585
0.023699
0.152605
0.273455
0.362078
0.354021
0.289568
0.184831
0.072038
0.031755
0.007585
-0.032698
-0.048811
-0.024641
-0.064924
-0.048811
-0.056868
-0.008528
-0.048811
-0.016585
-0.072981
-0.048811
-0.032698
-0.081038
-0.089094
-0.032698
-0.072981
0.015642
0.112322
0.217058
0.249285
0.176775
0.192888
0.136492
0.152605
0.120378
0.080095
0.031755
0.031755
0.039812
0.039812
0.023699
0.007585
0.023699
0.007585
-0.032698
0.007585
-0.000471
-0.024641
-0.016585
-0.016585
-0.008528
-0.008528
-0.000471
-0.016585
-0.008528
-0.016585
-0.008528
-0.016585
-0.008528
-0.016585
-0.000471
-0.008528
-0.008528
-0.024641
-0.064924
-0.161604
-0.274397
-0.346907
-0.306624
-0.306624
-0.242170
-0.089094
-0.056868
-0.024641
-0.016585
0.023699
-0.016585
-0.000471
-0.000471
-0.008528
0.007585
0.015642
0.007585
-0.000471
0.015642
0.015642
-0.000471
0.055925
0.007585
0.039812
-0.000471
-0.016585
-0.000471
0.015642
-0.032698
-0.008528
-0.040754
0.023699
-0.016585
0.007585
0.023699
-0.008528
-0.024641
0.007585
-0.000471
-0.000471
0.031755
-0.008528
-0.024641
0.015642
-0.024641
-0.016585
-0.000471
-0.024641
-0.032698
-0.024641
0.007585
-0.008528
-0.000471
-0.016585
-0.016585
-0.040754
-0.040754
-0.000471
-0.016585
-0.040754
-0.008528
-0.016585
0.063982
0.152605
0.297624
0.321794
0.305681
0.297624
0.200945
0.096208
0.039812
-0.000471
-0.024641
-0.040754
-0.000471
-0.024641
-0.040754
-0.056868
-0.056868
-0.040754
-0.032698
-0.040754
-0.024641
-0.056868
-0.040754
-0.064924
-0.008528
-0.048811
-0.000471
-0.024641
-0.024641
-0.032698
-0.032698
-0.016585
-0.040754
-0.016585
-0.016585
-0.024641
-0.024641
-0.032698
-0.000471
0.007585
-0.056868
-0.024641
-0.016585
-0.016585
-0.056868
-0.040754
-0.016585
-0.056868
-0.040754
-0.032698
0.063982
0.192888
0.241228
0.241228
0.217058
0.192888
0.160662
0.128435
0.104265
0.128435
0.088152
0.080095
0.055925
0.039812
-0.040754
-0.161604
-0.258284
-0.363020
-0.354963
-0.314680
-0.201887
-0.137434
-0.072981
-0.008528
-0.008528
-0.000471
-0.032698
-0.000471
-0.000471
0.023699
0.031755
0.023699
-0.000471
-0.000471
0.039812
-0.008528
0.023699
0.015642
0.007585
0.015642
0.015642
0.039812
-0.024641
0.031755
-0.032698
0.015642
-0.000471
-0.048811
0.007585
-0.024641
-0.024641
-0.024641
-0.008528
-0.048811
-0.008528
-0.008528
-0.040754
0.015642
-0.008528
-0.000471
-0.024641
-0.008528
-0.016585
0.015642
0.007585
-0.016585
0.015642
-0.008528
0.007585
-0.048811
-0.016585
-0.040754
0.015642
-0.016585
-0.032698
-0.024641
-0.008528
-0.016585
0.031755
0.160662
0.313738
0.329851
0.289568
0.289568
0.217058
0.120378
0.031755
-0.000471
-0.048811
-0.016585
-0.032698
-0.016585
-0.072981
-0.024641
-0.048811
-0.000471
-0.056868
-0.008528
-0.008528
-0.000471
-0.040754
-0.016585
-0.032698
-0.032698
-0.056868
-0.048811
-0.048811
-0.008528
-0.008528
-0.024641
-0.024641
-0.008528
-0.000471
-0.048811
-0.016585
0.023699
-0.008528
-0.040754
-0.000471
-0.024641
-0.000471
0.007585
-0.008528
-0.016585
-0.024641
-0.008528
-0.032698
-0.008528
-0.016585
-0.000471
-0.000471
0.039812
-0.008528
-0.000471
-0.008528
-0.016585
0.031755
-0.008528
-0.024641
0.007585
-0.016585
-0.024641
-0.064924
-0.161604
-0.290510
-0.338850
-0.371077
-0.330794
-0.226057
-0.145491
-0.048811
-0.024641
-0.032698
-0.000471
-0.024641
0.112322
0.225115
0.273455
0.257341
0.225115
0.225115
0.184831
0.184831
0.152605
0.080095
0.136492
0.112322
0.088152
0.047869
0.015642
0.023699
0.031755
-0.008528
0.039812
-0.016585
0.007585
-0.016585
-0.000471
-0.000471
-0.016585
-0.016585
-0.016585
0.015642
-0.032698
-0.008528
-0.016585
-0.056868
-0.008528
-0.032698
-0.008528
-0.016585
-0.008528
-0.032698
-0.024641
-0.008528
-0.040754
-0.008528
-0.024641
-0.048811
-0.008528
-0.024641
-0.048811
-0.008528
-0.040754
-0.024641
-0.032698
0.047869
0.144548
0.289568
0.313738
0.337908
0.305681
0.184831
0.128435
0.015642
-0.000471
-0.040754
-0.032698
-0.024641
-0.048811
-0.032698
-0.008528
-0.048811
-0.016585
-0.008528
-0.032698
-0.000471
-0.072981
-0.016585
-0.040754
-0.024641
-0.024641
-0.016585
-0.008528
-0.024641
-0.000471
-0.048811
-0.016585
-0.016585
-0.032698
-0.000471
-0.040754
-0.048811
-0.000471
-0.048811
0.007585
-0.024641
0.007585
-0.048811
0.015642
-0.024641
-0.016585
-0.032698
-0.000471
-0.024641
-0.016585
-0.024641
-0.016585
-0.008528
-0.024641
-0.000471
-0.008528
-0.008528
0.031755
-0.016585
-0.016585
-0.000471
-0.032698
0.015642
-0.024641
-0.056868
-0.177717
-0.282454
-0.354963
-0.354963
-0.322737
-0.226057
-0.113264
-0.032698
-0.024641
-0.008528
0.031755
-0.000471
0.023699
0.047869
0.023699
0.015642
0.023699
-0.008528
0.007585
-0.024641
0.007585
0.031755
-0.000471
-0.000471
0.007585
-0.016585
0.007585
-0.016585
-0.008528
-0.000471
-0.008528
-0.032698
-0.016585
0.031755
0.160662
0.217058
0.241228
0.241228
0.184831
0.192888
0.128435
0.136492
0.055925
0.055925
0.031755
0.015642
-0.008528
0.007585
-0.008528
0.047869
-0.008528
-0.024641
0.007585
-0.024641
-0.032698
-0.016585
-0.032698
-0.032698
-0.008528
-0.032698
-0.048811
-0.016585
-0.000471
0.031755
0.136492
0.289568
0.329851
0.362078
0.273455
0.209001
0.120378
0.015642
-0.024641
-0.016585
-0.048811
-0.024641
-0.032698
-0.024641
-0.040754
-0.000471
-0.040754
-0.072981
-0.048811
-0.040754
-0.032698
-0.032698
-0.024641
-0.040754
-0.040754
-0.040754
-0.048811
-0.048811
-0.024641
-0.032698
-0.024641
-0.032698
-0.024641
-0.000471
-0.024641
0.007585
-0.008528
0.007585
-0.016585
-0.032698
-0.008528
-0.024641
-0.016585
-0.048811
-0.000471
-0.032698
-0.000471
-0.024641
-0.024641
0.007585
-0.016585
-0.008528
-0.016585
0.015642
-0.008528
-0.008528
0.023699
-0.000471
0.015642
-0.024641
-0.040754
0.023699
0.007585
-0.056868
-0.153547
-0.298567
-0.306624
-0.306624
-0.314680
-0.169661
-0.121321
-0.081038
-0.016585
0.007585
0.015642
-0.000471
0.007585
-0.000471
-0.008528
0.007585
-0.000471
0.023699
-0.000471
0.023699
0.007585
0.015642
-0.008528
-0.000471
-0.000471
0.047869
-0.016585
0.047869
-0.016585
0.007585
-0.016585
0.007585
-0.032698
0.007585
-0.000471
-0.008528
-0.008528
0.031755
-0.016585
-0.000471
-0.016585
-0.032698
-0.000471
-0.016585
-0.024641
-0.040754
-0.008528
-0.048811
-0.048811
-0.016585
-0.032698
-0.024641
-0.008528
-0.000471
-0.000471
-0.048811
-0.056868
-0.008528
-0.089094
-0.024641
-0.056868
-0.056868
0.047869
0.249285
0.402361
0.563494
0.563494
0.587663
0.458757
0.386247
0.249285
0.152605
0.072038
0.039812
-0.008528
-0.032698
-0.024641
-0.016585
-0.040754
-0.016585
-0.056868
-0.056868
-0.040754
-0.048811
-0.032698
-0.032698
-0.032698
-0.024641
-0.016585
-0.016585
-0.056868
-0.032698
-0.040754
-0.040754
-0.056868
-0.016585
-0.000471
-0.008528
-0.064924
-0.016585
0.007585
-0.024641
-0.024641
-0.008528
-0.024641
0.015642
-0.024641
-0.032698
0.015642
-0.024641
0.007585
0.007585
-0.024641
-0.008528
-0.016585
0.015642
0.023699
-0.016585
-0.056868
0.047869
-0.032698
0.015642
-0.008528
-0.016585
-0.008528
-0.008528
-0.000471
-0.040754
-0.169661
-0.290510
-0.322737
-0.363020
-0.298567
-0.226057
-0.121321
-0.064924
-0.016585
0.023699
0.015642
0.023699
0.015642
0.007585
0.015642
0.015642
0.015642
-0.008528
-0.000471
-0.024641
0.007585
0.015642
0.015642
0.023699
0.015642
0.015642
0.007585
0.007585
0.015642
0.047869
-0.024641
-0.024641
-0.008528
-0.024641
-0.016585
-0.008528
0.007585
0.007585
-0.016585
0.023699
0.015642
-0.032698
0.031755
-0.024641
0.007585
0.007585
-0.008528
-0.024641
-0.024641
-0.032698
-0.008528
-0.032698
-0.024641
-0.040754
-0.024641
-0.000471
0.015642
-0.016585
-0.000471
-0.040754
0.015642
-0.048811
-0.016585
0.055925
0.144548
0.297624
0.305681
0.345964
0.289568
0.225115
0.120378
0.031755
0.015642
-0.032698
-0.032698
-0.056868
-0.040754
-0.032698
-0.040754
-0.048811
-0.048811
-0.064924
-0.056868
-0.048811
-0.056868
-0.048811
0.096208
0.184831
0.241228
0.209001
0.192888
0.160662
0.160662
0.104265
0.096208
0.055925
0.023699
0.047869
-0.016585
0.015642
-0.024641
-0.016585
-0.008528
-0.032698
-0.008528
-0.016585
-0.016585
-0.000471
-0.024641
-0.016585
-0.016585
0.007585
-0.008528
-0.024641
-0.040754
-0.000471
-0.056868
-0.016585
-0.016585
-0.008528
-0.032698
-0.000471
-0.008528
-0.016585
0.015642
0.015642
-0.008528
-0.048811
-0.185774
-0.250227
-0.314680
-0.363020
-0.363020
-0.218001
-0.121321
-0.072981
-0.040754
-0.040754
-0.000471
-0.024641
-0.000471
-0.016585
-0.016585
0.047869
-0.000471
-0.016585
0.007585
-0.016585
0.015642
-0.000471
0.023699
-0.000471
-0.000471
0.031755
0.015642
0.015642
-0.016585
0.015642
0.007585
-0.016585
-0.016585
0.023699
-0.032698
-0.008528
-0.008528
-0.032698
0.063982
-0.008528
-0.032698
0.015642
-0.024641
-0.024641
-0.008528
-0.016585
-0.016585
-0.040754
0.023699
-0.032698
-0.008528
-0.016585
-0.024641
-0.024641
-0.008528
-0.032698
-0.000471
-0.024641
-0.032698
-0.024641
-0.032698
-0.040754
-0.000471
0.031755
0.152605
0.233171
0.321794
0.370134
0.281511
0.225115
0.120378
0.007585
0.015642
-0.016585
-0.008528
-0.032698
-0.032698
-0.056868
-0.048811
-0.024641
-0.016585
-0.024641
-0.072981
-0.000471
-0.024641
-0.000471
-0.040754
-0.048811
-0.032698
-0.056868
-0.024641
-0.048811
-0.056868
-0.032698
-0.024641
-0.048811
-0.032698
-0.032698
-0.048811
-0.032698
-0.024641
-0.040754
-0.016585
-0.048811
-0.016585
0.007585
-0.040754
-0.032698
-0.024641
-0.040754
-0.056868
-0.000471
-0.024641
0.088152
0.217058
0.209001
0.200945
0.160662
0.184831
0.160662
0.120378
0.047869
0.047869
0.047869
0.015642
0.023699
0.031755
-0.056868
-0.161604
-0.282454
-0.354963
-0.395247
-0.363020
-0.234114
-0.129378
-0.056868
-0.024641
-0.024641
0.023699
-0.016585
-0.016585
0.039812
0.039812
0.007585
-0.000471
0.007585
0.023699
-0.008528
0.023699
-0.000471
-0.000471
0.039812
0.031755
0.031755
-0.000471
0.007585
-0.016585
0.015642
0.015642
-0.000471
0.007585
-0.000471
0.031755
0.007585
0.007585
-0.024641
-0.032698
-0.032698
-0.016585
-0.008528
-0.032698
-0.000471
-0.024641
-0.016585
-0.024641
-0.032698
-0.008528
-0.016585
-0.008528
-0.040754
-0.008528
-0.024641
-0.008528
-0.016585
-0.024641
-0.032698
-0.032698
-0.032698
-0.016585
-0.040754
-0.032698
0.047869
0.152605
0.289568
0.337908
0.313738
0.313738
0.233171
0.104265
0.047869
0.015642
-0.056868
-0.032698
-0.064924
-0.040754
-0.048811
-0.048811
-0.016585
-0.032698
-0.040754
-0.056868
-0.008528
-0.024641
-0.064924
-0.032698
-0.024641
-0.040754
0.007585
-0.040754
-0.032698
-0.008528
-0.008528
-0.024641
-0.024641
-0.056868
0.007585
-0.016585
-0.032698
-0.008528
-0.024641
-0.024641
-0.008528
-0.016585
-0.040754
-0.024641
-0.040754
0.007585
-0.048811
-0.032698
0.015642
-0.016585
0.007585
-0.040754
-0.000471
-0.000471
0.007585
-0.032698
0.023699
0.007585
-0.016585
0.015642
0.007585
-0.016585
0.015642
-0.040754
-0.081038
-0.161604
-0.290510
-0.371077
-0.387190
-0.338850
-0.250227
-0.105208
0.160662
0.184831
0.249285
0.209001
0.160662
0.120378
0.088152
0.047869
0.063982
0.055925
0.023699
0.039812
0.023699
0.023699
0.023699
0.015642
0.007585
0.015642
-0.000471
0.015642
-0.008528
-0.000471
-0.016585
0.023699
-0.008528
-0.016585
-0.000471
0.023699
-0.016585
-0.016585
-0.032698
-0.008528
-0.008528
-0.040754
-0.016585
-0.016585
-0.000471
-0.016585
-0.000471
-0.056868
0.023699
-0.016585
-0.016585
0.007585
-0.032698
-0.024641
0.015642
-0.016585
-0.056868
0.007585
-0.032698
-0.000471
-0.056868
-0.008528
-0.056868
-0.008528
0.023699
0.200945
0.289568
0.362078
0.378191
0.321794
0.209001
0.120378
0.015642
-0.016585
-0.056868
-0.016585
-0.048811
-0.040754
-0.024641
-0.048811
-0.032698
-0.081038
-0.032698
-0.056868
-0.032698
-0.040754
-0.016585
-0.040754
-0.008528
-0.040754
-0.032698
-0.008528
-0.048811
-0.008528
-0.024641
-0.048811
-0.008528
-0.048811
0.007585
-0.016585
-0.040754
-0.024641
-0.032698
-0.008528
-0.000471
-0.008528
-0.016585
-0.000471
-0.024641
0.031755
-0.000471
0.023699
-0.008528
-0.024641
-0.000471
-0.016585
0.007585
-0.008528
-0.008528
-0.032698
-0.000471
-0.008528
0.023699
-0.000471
-0.008528
-0.024641
0.023699
-0.024641
-0.056868
-0.161604
-0.282454
-0.346907
-0.338850
-0.330794
-0.226057
-0.105208
-0.056868
-0.024641
-0.008528
0.007585
-0.016585
-0.008528
-0.000471
0.023699
0.015642
-0.008528
-0.000471
-0.008528
0.047869
-0.008528
0.023699
0.015642
-0.016585
0.007585
-0.008528
-0.000471
-0.032698
0.015642
-0.024641
-0.000471
-0.024641
-0.032698
-0.024641
-0.000471
0.072038
0.168718
0.192888
0.209001
0.192888
0.225115
0.168718
0.088152
0.047869
0.031755
0.039812
-0.008528
0.039812
-0.008528
-0.016585
-0.024641
-0.032698
0.007585
-0.032698
0.007585
0.007585
0.007585
-0.008528
-0.024641
-0.016585
-0.048811
-0.008528
-0.040754
0.007585
0.184831
0.281511
0.329851
0.354021
