0.505326
0.481157
0.465043
0.392534
0.255571
0.150834
0.054155
0.029985
0.038041
-0.026412
-0.010299
-0.034468
-0.042525
-0.034468
-0.058638
-0.018355
-0.026412
-0.042525
-0.042525
-0.074752
-0.034468
-0.034468
-0.066695
-0.074752
-0.042525
-0.050582
-0.042525
-0.026412
-0.042525
-0.002242
-0.026412
-0.034468
-0.058638
-0.026412
0.013871
-0.018355
0.005815
-0.042525
-0.010299
-0.018355
0.021928
-0.002242
-0.034468
0.029985
-0.050582
0.005815
-0.018355
-0.018355
-0.026412
-0.018355
-0.010299
-0.018355
0.013871
0.005815
0.013871
-0.010299
0.005815
0.005815
-0.002242
0.029985
0.021928
0.005815
-0.106978
-0.195601
-0.332564
-0.364791
-0.348677
-0.300338
-0.187545
-0.098922
-0.034468
-0.034468
0.078325
-0.002242
0.013871
-0.002242
0.038041
0.005815
-0.002242
-0.010299
0.021928
0.005815
0.029985
0.005815
0.013871
0.021928
0.021928
-0.026412
0.005815
0.005815
0.005815
-0.002242
-0.002242
0.005815
-0.034468
0.013871
-0.010299
-0.002242
-0.018355
0.005815
-0.002242
0.005815
-0.026412
0.029985
-0.002242
0.021928
-0.010299
-0.010299
0.005815
-0.018355
-0.002242
-0.034468
0.029985
-0.018355
-0.010299
-0.002242
-0.018355
0.013871
-0.002242
-0.042525
-0.066695
-0.026412
-0.050582
-0.034468
-0.058638
0.005815
0.070268
0.191117
0.263627
0.328080
0.344194
0.287797
0.166948
0.062211
0.005815
-0.010299
-0.050582
-0.050582
-0.042525
-0.042525
-0.034468
-0.050582
-0.042525
-0.042525
-0.058638
-0.050582
-0.018355
0.166948
0.199174
0.191117
0.183061
0.183061
0.175004
0.134721
0.134721
0.110551
0.005815
0.029985
0.005815
-0.002242
-0.026412
-0.050582
0.005815
-0.034468
-0.026412
-0.034468
-0.018355
-0.010299
0.013871
-0.010299
-0.042525
-0.010299
-0.010299
-0.042525
0.005815
-0.010299
-0.018355
-0.042525
-0.002242
-0.010299
-0.010299
0.005815
0.005815
0.005815
-0.026412
-0.002242
-0.018355
0.013871
-0.018355
-0.010299
-0.098922
-0.260054
-0.308394
-0.388961
-0.324508
-0.308394
-0.219771
-0.074752
-0.018355
0.021928
0.013871
-0.002242
-0.010299
0.021928
0.029985
-0.010299
0.038041
0.013871
0.013871
0.013871
0.038041
-0.002242
-0.010299
-0.010299
0.021928
-0.010299
-0.010299
0.029985
0.054155
0.005815
-0.002242
-0.010299
0.005815
-0.010299
0.021928
-0.010299
0.005815
-0.042525
0.013871
-0.002242
-0.026412
-0.002242
-0.018355
-0.026412
0.013871
-0.010299
0.005815
-0.018355
-0.010299
-0.010299
-0.002242
-0.026412
0.005815
-0.010299
-0.018355
-0.018355
0.005815
-0.050582
-0.034468
-0.002242
-0.018355
-0.034468
-0.042525
-0.042525
0.086381
0.199174
0.303910
0.336137
0.295854
0.255571
0.191117
0.070268
-0.002242
-0.018355
-0.002242
-0.050582
-0.002242
-0.034468
-0.026412
-0.034468
-0.034468
-0.050582
-0.058638
-0.050582
-0.002242
-0.050582
-0.026412
-0.042525
-0.050582
-0.050582
-0.018355
-0.026412
0.005815
-0.010299
-0.034468
-0.026412
-0.010299
-0.010299
-0.018355
-0.026412
-0.010299
-0.034468
-0.050582
-0.026412
-0.018355
-0.050582
0.013871
-0.034468
-0.066695
-0.034468
-0.050582
0.005815
0.158891
0.199174
0.239457
0.223344
0.199174
0.158891
0.166948
0.142778
0.110551
0.070268
0.054155
0.029985
0.029985
0.029985
0.054155
-0.018355
-0.082808
-0.227828
-0.308394
-0.348677
-0.348677
-0.260054
-0.187545
-0.074752
-0.026412
0.013871
0.029985
0.021928
0.046098
0.021928
0.013871
-0.002242
0.021928
0.005815
0.021928
0.021928
0.013871
0.029985
0.021928
0.021928
-0.002242
0.005815
0.005815
0.029985
-0.018355
0.013871
-0.002242
-0.002242
-0.018355
-0.018355
-0.018355
-0.018355
-0.034468
0.005815
-0.010299
-0.018355
0.013871
-0.018355
0.021928
0.021928
-0.010299
-0.026412
0.029985
0.029985
-0.010299
0.021928
-0.026412
-0.018355
0.005815
-0.026412
-0.018355
-0.018355
0.005815
-0.018355
-0.034468
-0.010299
-0.042525
-0.018355
-0.050582
0.013871
0.062211
0.191117
0.255571
0.320024
0.320024
0.271684
0.175004
0.078325
-0.002242
0.013871
0.021928
-0.002242
-0.034468
-0.018355
-0.034468
-0.034468
-0.034468
-0.042525
-0.010299
-0.066695
-0.018355
-0.042525
-0.050582
-0.034468
-0.026412
-0.074752
-0.034468
-0.026412
-0.058638
-0.018355
-0.002242
-0.034468
-0.018355
-0.026412
-0.018355
-0.034468
-0.018355
0.005815
-0.010299
-0.010299
-0.034468
-0.026412
0.021928
0.005815
-0.010299
-0.010299
-0.010299
-0.002242
-0.018355
-0.018355
-0.034468
0.005815
-0.010299
-0.002242
0.021928
-0.002242
-0.010299
0.013871
-0.026412
0.005815
-0.026412
-0.002242
-0.018355
-0.002242
-0.123091
-0.243941
-0.324508
-0.380904
-0.348677
-0.179488
0.046098
0.134721
0.199174
0.207231
0.158891
0.191117
0.150834
0.094438
0.086381
0.038041
0.062211
0.013871
0.029985
-0.002242
0.029985
-0.002242
0.013871
0.021928
-0.018355
0.005815
-0.018355
-0.002242
0.013871
0.005815
-0.002242
-0.026412
0.005815
-0.034468
-0.002242
0.005815
-0.018355
0.005815
0.021928
-0.018355
-0.018355
-0.010299
-0.026412
0.005815
-0.026412
0.005815
-0.002242
-0.018355
-0.034468
0.005815
-0.010299
-0.002242
-0.026412
-0.026412
0.013871
-0.026412
-0.018355
-0.034468
-0.042525
-0.002242
-0.034468
-0.002242
-0.018355
-0.010299
0.078325
0.223344
0.303910
0.336137
0.352250
0.255571
0.150834
0.062211
-0.026412
0.021928
-0.010299
-0.026412
-0.010299
-0.034468
-0.034468
-0.042525
-0.034468
-0.042525
-0.082808
-0.042525
-0.018355
-0.034468
-0.058638
-0.026412
-0.058638
-0.026412
-0.026412
-0.018355
-0.034468
-0.026412
-0.010299
-0.026412
-0.002242
-0.010299
-0.034468
-0.018355
-0.026412
-0.034468
-0.026412
-0.010299
-0.018355
-0.026412
0.038041
0.021928
0.005815
0.013871
0.013871
-0.034468
-0.026412
-0.026412
-0.026412
-0.026412
-0.010299
-0.010299
-0.018355
-0.002242
-0.010299
0.013871
0.005815
0.021928
0.021928
-0.034468
0.038041
-0.034468
-0.115035
-0.243941
-0.324508
-0.340621
-0.372847
-0.243941
-0.179488
-0.090865
-0.034468
-0.018355
-0.010299
0.029985
0.013871
0.005815
-0.010299
0.005815
0.005815
-0.010299
-0.002242
0.013871
0.005815
-0.018355
0.013871
0.013871
0.029985
0.021928
0.005815
-0.026412
-0.026412
-0.034468
-0.042525
-0.002242
-0.058638
0.038041
0.150834
0.223344
0.247514
0.191117
0.207231
0.183061
0.134721
0.094438
0.070268
0.110551
0.070268
0.046098
0.005815
-0.010299
-0.002242
-0.002242
0.013871
-0.026412
0.005815
-0.026412
0.005815
-0.002242
-0.002242
-0.026412
-0.034468
-0.050582
0.005815
-0.042525
-0.018355
0.013871
0.078325
0.223344
0.295854
0.328080
0.303910
0.247514
0.150834
0.054155
-0.010299
-0.010299
-0.010299
-0.026412
-0.026412
-0.026412
-0.042525
-0.042525
-0.026412
-0.010299
-0.034468
-0.042525
-0.026412
-0.042525
-0.026412
-0.042525
-0.042525
-0.026412
-0.034468
-0.058638
-0.010299
-0.042525
-0.026412
-0.018355
-0.034468
-0.018355
-0.018355
-0.018355
-0.010299
-0.018355
-0.050582
-0.002242
-0.010299
-0.010299
-0.002242
0.013871
-0.034468
0.005815
-0.010299
-0.018355
-0.018355
-0.034468
0.013871
-0.018355
-0.026412
-0.042525
-0.002242
-0.018355
-0.010299
-0.026412
0.013871
-0.018355
-0.002242
0.005815
-0.010299
-0.002242
-0.115035
-0.211715
-0.308394
-0.364791
-0.356734
-0.251998
-0.147261
-0.115035
-0.010299
-0.018355
0.021928
0.005815
0.046098
0.005815
-0.002242
0.070268
-0.002242
0.013871
0.029985
0.021928
0.021928
0.005815
0.021928
-0.010299
0.005815
0.005815
0.029985
0.005815
-0.018355
-0.018355
0.005815
0.005815
-0.018355
0.038041
-0.018355
0.038041
-0.010299
-0.002242
-0.010299
-0.018355
-0.018355
-0.026412
0.005815
0.013871
-0.018355
-0.010299
-0.042525
0.005815
-0.018355
-0.042525
-0.034468
-0.010299
-0.010299
-0.034468
-0.042525
-0.050582
-0.026412
0.038041
0.199174
0.207231
0.207231
0.191117
0.158891
0.191117
0.231401
0.352250
0.400590
0.408647
0.384477
0.279741
0.158891
0.078325
0.013871
-0.002242
-0.018355
0.005815
-0.034468
-0.042525
-0.042525
-0.034468
-0.026412
-0.018355
-0.018355
-0.042525
-0.050582
-0.034468
-0.042525
-0.066695
-0.034468
-0.026412
-0.050582
-0.042525
-0.010299
-0.026412
-0.034468
-0.026412
-0.026412
0.013871
0.005815
-0.010299
-0.018355
-0.034468
-0.034468
-0.010299
-0.034468
-0.002242
-0.010299
-0.010299
0.021928
0.005815
-0.026412
-0.002242
-0.010299
-0.034468
-0.034468
-0.010299
-0.010299
-0.002242
-0.018355
-0.018355
-0.002242
-0.010299
-0.002242
-0.018355
-0.010299
-0.010299
0.005815
0.013871
-0.090865
-0.235884
-0.324508
-0.380904
-0.324508
-0.292281
-0.179488
-0.066695
-0.042525
-0.034468
-0.002242
0.029985
0.029985
0.021928
0.046098
-0.002242
0.029985
-0.010299
0.029985
0.029985
0.013871
0.021928
0.021928
0.013871
0.021928
0.021928
0.005815
0.054155
0.013871
-0.010299
0.038041
-0.002242
0.013871
0.005815
0.005815
-0.002242
-0.002242
-0.010299
0.013871
0.013871
-0.018355
-0.010299
-0.026412
-0.002242
0.013871
0.005815
0.013871
-0.002242
-0.042525
-0.010299
-0.042525
-0.010299
-0.026412
0.013871
-0.002242
-0.002242
-0.002242
0.013871
-0.042525
-0.018355
-0.034468
-0.010299
-0.002242
-0.010299
0.078325
0.239457
0.303910
0.336137
0.279741
0.239457
0.158891
0.038041
-0.010299
-0.002242
-0.050582
-0.058638
-0.042525
-0.058638
-0.066695
-0.042525
-0.106978
-0.058638
-0.082808
-0.050582
0.013871
0.158891
0.207231
0.215287
0.183061
0.175004
0.150834
0.094438
0.110551
0.062211
0.070268
0.029985
0.005815
-0.010299
-0.010299
-0.010299
-0.034468
-0.002242
-0.026412
-0.018355
-0.010299
-0.002242
-0.026412
-0.026412
0.005815
-0.018355
-0.026412
-0.018355
-0.042525
-0.042525
-0.018355
-0.034468
-0.034468
-0.034468
-0.002242
-0.026412
-0.010299
-0.026412
0.038041
-0.018355
-0.010299
-0.018355
0.005815
-0.010299
-0.131148
-0.219771
-0.340621
-0.372847
-0.356734
-0.292281
-0.147261
-0.082808
-0.026412
-0.002242
0.005815
0.021928
0.021928
0.021928
0.013871
0.021928
0.005815
0.029985
0.005815
-0.010299
0.013871
0.029985
0.021928
0.005815
0.005815
-0.010299
-0.026412
0.021928
-0.010299
-0.002242
0.005815
0.021928
-0.002242
0.021928
-0.002242
-0.010299
0.005815
-0.026412
0.038041
-0.010299
-0.018355
-0.018355
0.005815
-0.034468
-0.026412
-0.002242
0.005815
-0.018355
0.038041
-0.034468
0.005815
-0.042525
0.029985
-0.058638
0.005815
-0.034468
-0.010299
-0.002242
-0.042525
-0.010299
-0.042525
0.005815
-0.018355
-0.002242
0.134721
0.199174
0.303910
0.344194
0.328080
0.247514
0.150834
0.029985
0.005815
-0.026412
0.021928
-0.026412
0.005815
0.005815
-0.050582
0.013871
-0.034468
-0.026412
-0.042525
-0.026412
-0.050582
-0.050582
-0.010299
-0.018355
-0.026412
-0.018355
-0.018355
-0.010299
-0.034468
-0.026412
-0.018355
-0.026412
-0.026412
-0.050582
-0.018355
-0.034468
-0.010299
-0.018355
-0.058638
-0.010299
-0.042525
-0.002242
0.175004
0.199174
0.263627
0.223344
0.175004
0.150834
0.118608
0.070268
0.070268
0.013871
-0.010299
-0.010299
-0.034468
0.013871
-0.010299
-0.010299
-0.002242
-0.010299
-0.026412
0.005815
-0.010299
-0.042525
-0.123091
-0.260054
-0.348677
-0.380904
-0.324508
-0.260054
-0.171431
-0.074752
-0.042525
-0.010299
0.021928
-0.002242
0.021928
0.054155
0.013871
-0.010299
0.005815
0.021928
0.013871
0.005815
0.013871
0.021928
-0.018355
0.013871
0.038041
0.005815
0.021928
0.013871
-0.002242
0.005815
0.013871
-0.026412
0.005815
0.005815
-0.026412
-0.018355
-0.018355
0.005815
-0.002242
-0.018355
0.005815
-0.018355
-0.002242
-0.018355
-0.018355
-0.002242
0.021928
-0.002242
0.013871
-0.010299
-0.018355
-0.002242
-0.050582
-0.018355
-0.010299
-0.002242
-0.002242
-0.026412
-0.002242
-0.026412
-0.018355
-0.026412
-0.058638
0.013871
0.086381
0.207231
0.295854
0.328080
0.295854
0.239457
0.166948
0.029985
-0.002242
-0.018355
-0.042525
-0.034468
-0.010299
-0.042525
-0.066695
-0.058638
-0.018355
-0.034468
-0.042525
-0.042525
-0.034468
-0.042525
-0.050582
-0.042525
-0.002242
-0.050582
-0.002242
-0.042525
-0.050582
-0.002242
-0.050582
-0.010299
-0.026412
-0.058638
-0.010299
-0.026412
-0.034468
-0.026412
-0.018355
-0.042525
-0.018355
-0.034468
-0.026412
-0.002242
0.005815
0.021928
-0.042525
-0.002242
-0.018355
-0.002242
-0.034468
-0.026412
0.005815
-0.010299
-0.018355
-0.026412
-0.018355
0.005815
0.005815
-0.026412
-0.010299
0.005815
0.013871
-0.018355
-0.155318
-0.268111
-0.372847
-0.397017
-0.364791
-0.284224
-0.115035
0.126664
0.239457
0.231401
0.239457
0.215287
0.183061
0.150834
0.175004
0.086381
0.078325
0.054155
0.054155
0.005815
0.013871
0.029985
-0.002242
0.046098
0.021928
-0.010299
-0.002242
-0.010299
0.005815
-0.002242
-0.010299
-0.018355
-0.010299
-0.018355
-0.002242
-0.002242
-0.010299
-0.018355
-0.026412
-0.002242
-0.018355
-0.026412
-0.042525
0.005815
0.005815
0.029985
0.029985
-0.026412
0.021928
-0.026412
-0.002242
-0.010299
-0.010299
-0.018355
-0.042525
0.005815
-0.026412
-0.042525
-0.034468
-0.034468
-0.018355
-0.042525
-0.034468
-0.018355
0.126664
0.183061
0.328080
0.344194
0.344194
0.231401
0.142778
0.046098
-0.002242
0.005815
-0.018355
-0.034468
-0.018355
-0.050582
-0.010299
-0.002242
-0.018355
-0.026412
-0.026412
-0.042525
-0.074752
-0.058638
-0.018355
-0.034468
-0.042525
-0.018355
-0.042525
-0.042525
-0.042525
-0.050582
-0.018355
-0.002242
-0.018355
-0.026412
-0.066695
-0.026412
-0.002242
-0.026412
-0.034468
-0.034468
-0.018355
-0.034468
0.005815
-0.034468
-0.002242
-0.018355
-0.010299
-0.002242
-0.018355
-0.010299
-0.010299
-0.026412
-0.002242
0.013871
-0.026412
-0.002242
-0.018355
0.005815
0.005815
-0.010299
0.005815
-0.002242
0.013871
-0.010299
-0.139205
-0.235884
-0.340621
-0.348677
-0.316451
-0.292281
-0.147261
-0.082808
-0.002242
-0.018355
-0.002242
-0.002242
-0.002242
0.038041
0.029985
0.038041
-0.002242
-0.010299
0.013871
0.005815
-0.018355
-0.010299
0.021928
-0.026412
0.005815
-0.010299
0.005815
-0.002242
-0.018355
0.013871
0.175004
0.239457
0.239457
0.199174
0.223344
0.150834
0.150834
0.150834
0.118608
0.070268
0.062211
0.029985
-0.010299
-0.018355
-0.002242
-0.018355
0.021928
-0.010299
-0.034468
-0.010299
-0.002242
0.005815
0.005815
-0.026412
-0.042525
-0.018355
-0.042525
-0.018355
-0.018355
-0.050582
-0.018355
-0.058638
-0.026412
0.013871
0.086381
0.223344
0.303910
0.336137
0.287797
0.223344
0.126664
0.054155
-0.002242
0.021928
-0.018355
-0.002242
-0.034468
-0.058638
-0.002242
-0.042525
-0.010299
-0.042525
-0.026412
-0.050582
-0.026412
-0.042525
-0.042525
-0.058638
-0.034468
-0.042525
-0.010299
-0.026412
-0.026412
-0.042525
-0.034468
-0.002242
-0.050582
-0.026412
-0.010299
-0.034468
-0.018355
0.005815
-0.026412
0.005815
-0.050582
-0.010299
-0.034468
-0.018355
-0.018355
-0.026412
-0.002242
0.021928
-0.002242
-0.018355
0.005815
-0.010299
-0.002242
-0.002242
-0.002242
-0.018355
0.005815
0.005815
-0.002242
0.013871
-0.010299
-0.018355
0.013871
-0.058638
-0.131148
-0.268111
-0.364791
-0.364791
-0.356734
-0.276168
-0.155318
-0.066695
-0.026412
-0.018355
-0.002242
-0.010299
-0.002242
0.021928
0.062211
0.005815
0.038041
-0.002242
-0.002242
0.005815
0.005815
-0.010299
0.029985
-0.010299
0.029985
-0.018355
-0.002242
-0.002242
0.005815
0.005815
0.005815
-0.010299
0.013871
-0.002242
-0.026412
-0.010299
-0.026412
-0.010299
-0.010299
-0.010299
-0.026412
-0.002242
-0.010299
-0.010299
-0.034468
-0.002242
-0.010299
-0.018355
0.013871
-0.010299
-0.010299
-0.026412
-0.010299
-0.034468
-0.042525
-0.058638
-0.018355
0.134721
0.175004
0.255571
0.207231
0.199174
0.175004
0.150834
0.239457
0.360307
0.432817
0.416703
0.352250
0.271684
0.175004
0.054155
-0.018355
-0.042525
-0.018355
-0.050582
-0.018355
-0.042525
-0.026412
-0.002242
-0.026412
-0.026412
-0.026412
-0.058638
-0.034468
-0.018355
-0.034468
-0.050582
-0.026412
-0.042525
-0.058638
-0.026412
0.005815
-0.018355
-0.026412
-0.042525
-0.010299
-0.042525
-0.018355
-0.018355
-0.034468
-0.026412
-0.010299
-0.018355
-0.034468
-0.010299
-0.010299
0.005815
-0.026412
-0.034468
-0.026412
0.013871
0.005815
0.005815
-0.002242
-0.010299
-0.026412
-0.010299
-0.042525
0.021928
-0.010299
-0.002242
-0.010299
0.013871
0.005815
0.046098
0.013871
-0.026412
-0.155318
-0.260054
-0.372847
-0.380904
-0.356734
-0.276168
-0.139205
-0.074752
-0.026412
-0.010299
-0.010299
-0.002242
-0.010299
-0.018355
0.013871
0.005815
0.013871
0.029985
0.005815
0.070268
-0.002242
0.029985
0.013871
0.029985
0.038041
0.005815
0.021928
-0.002242
-0.018355
-0.010299
-0.002242
-0.002242
0.054155
-0.002242
-0.034468
-0.018355
0.013871
0.005815
-0.026412
-0.018355
-0.018355
-0.010299
-0.018355
-0.010299
0.005815
0.005815
-0.010299
0.005815
0.013871
-0.002242
-0.002242
-0.042525
-0.034468
-0.010299
-0.018355
-0.018355
-0.026412
-0.002242
-0.042525
-0.002242
0.005815
-0.026412
-0.026412
-0.018355
0.150834
0.215287
0.303910
0.344194
0.303910
0.239457
0.110551
0.029985
-0.010299
-0.026412
-0.058638
-0.042525
-0.090865
-0.050582
0.021928
0.199174
0.199174
0.183061
0.166948
0.142778
0.126664
0.086381
0.046098
0.013871
-0.026412
0.021928
-0.026412
-0.042525
-0.018355
0.029985
-0.002242
-0.026412
-0.026412
-0.010299
-0.002242
-0.018355
-0.026412
0.005815
-0.018355
0.005815
-0.026412
-0.018355
-0.002242
-0.002242
-0.034468
0.005815
-0.018355
-0.018355
-0.010299
-0.010299
-0.050582
-0.018355
-0.010299
-0.010299
-0.018355
-0.018355
-0.002242
-0.018355
-0.018355
-0.002242
-0.002242
-0.002242
0.005815
-0.034468
-0.147261
-0.284224
-0.324508
-0.372847
-0.348677
-0.268111
-0.163375
-0.042525
-0.018355
-0.042525
0.013871
-0.002242
0.021928
0.029985
0.005815
0.038041
0.013871
-0.002242
0.038041
0.029985
-0.010299
0.046098
-0.018355
0.013871
0.021928
0.029985
0.021928
0.029985
0.005815
-0.002242
0.005815
-0.018355
0.021928
0.005815
0.005815
0.029985
-0.018355
-0.018355
-0.010299
-0.002242
0.005815
0.005815
-0.026412
-0.018355
-0.010299
-0.018355
0.013871
-0.010299
0.005815
-0.010299
0.013871
0.021928
-0.018355
0.005815
-0.018355
-0.018355
0.013871
-0.026412
-0.002242
-0.042525
-0.034468
-0.034468
-0.042525
0.038041
0.118608
0.231401
0.368364
0.344194
0.352250
0.223344
0.134721
0.062211
0.005815
-0.034468
-0.010299
-0.018355
-0.050582
-0.042525
-0.010299
-0.042525
-0.026412
-0.002242
-0.026412
-0.018355
-0.042525
-0.066695
-0.050582
-0.042525
-0.058638
-0.058638
-0.026412
-0.050582
0.005815
-0.026412
-0.018355
-0.042525
-0.034468
-0.018355
-0.002242
-0.050582
-0.002242
-0.026412
-0.042525
-0.050582
-0.026412
-0.050582
-0.002242
0.094438
0.207231
0.247514
0.215287
0.191117
0.175004
0.175004
0.158891
0.126664
0.094438
0.046098
0.046098
0.046098
-0.026412
0.021928
-0.034468
0.021928
0.013871
-0.010299
0.021928
-0.058638
-0.163375
-0.284224
-0.356734
-0.348677
-0.332564
-0.251998
-0.147261
-0.066695
-0.010299
0.005815
-0.010299
0.013871
0.005815
0.005815
-0.018355
0.029985
0.013871
0.013871
0.029985
0.029985
-0.002242
0.021928
-0.002242
0.038041
0.038041
0.013871
0.021928
-0.002242
-0.002242
-0.002242
-0.010299
0.005815
0.038041
-0.002242
0.013871
-0.010299
0.013871
-0.002242
0.013871
-0.002242
-0.026412
-0.002242
-0.026412
0.005815
-0.002242
0.005815
-0.002242
-0.026412
0.029985
-0.002242
0.038041
0.005815
-0.042525
0.013871
-0.042525
-0.026412
-0.026412
-0.018355
-0.026412
-0.050582
-0.002242
-0.042525
-0.018355
0.005815
0.118608
0.255571
0.320024
0.344194
0.328080
0.215287
0.142778
0.029985
0.046098
-0.010299
-0.018355
-0.034468
-0.018355
-0.042525
-0.050582
-0.042525
-0.010299
0.005815
-0.010299
-0.026412
-0.034468
-0.026412
-0.026412
-0.034468
-0.042525
-0.050582
-0.026412
-0.058638
-0.026412
-0.018355
-0.042525
-0.018355
-0.034468
-0.018355
-0.034468
-0.042525
-0.026412
-0.034468
-0.034468
-0.034468
-0.010299
-0.018355
-0.010299
-0.026412
-0.050582
-0.002242
-0.010299
-0.010299
-0.010299
-0.018355
-0.026412
-0.002242
0.013871
-0.010299
-0.002242
-0.010299
-0.042525
0.005815
-0.010299
-0.002242
0.013871
-0.002242
-0.034468
-0.042525
-0.187545
-0.300338
-0.324508
-0.163375
-0.082808
-0.034468
0.118608
0.142778
0.150834
0.191117
0.118608
0.126664
0.102494
0.029985
0.046098
-0.002242
-0.010299
0.046098
0.005815
0.005815
0.013871
0.013871
-0.002242
0.021928
-0.002242
0.005815
-0.002242
0.038041
-0.010299
-0.002242
0.005815
-0.002242
-0.010299
-0.026412
0.021928
-0.018355
-0.018355
-0.002242
0.005815
-0.018355
-0.018355
-0.034468
-0.010299
-0.018355
-0.018355
-0.002242
0.005815
-0.018355
0.005815
-0.026412
0.021928
0.021928
0.005815
-0.018355
-0.002242
-0.010299
-0.026412
-0.010299
-0.018355
-0.034468
0.005815
-0.018355
-0.034468
0.021928
0.118608
0.263627
0.328080
0.352250
0.328080
0.255571
0.150834
0.021928
0.013871
-0.034468
-0.034468
-0.018355
-0.034468
-0.026412
-0.018355
-0.042525
-0.050582
-0.026412
-0.034468
-0.026412
-0.034468
-0.010299
-0.050582
-0.034468
-0.026412
-0.010299
-0.050582
-0.026412
-0.010299
-0.034468
-0.034468
-0.018355
-0.018355
-0.002242
0.021928
-0.026412
-0.026412
-0.018355
-0.026412
-0.018355
-0.026412
-0.018355
-0.002242
-0.034468
-0.010299
-0.018355
-0.002242
-0.010299
-0.042525
-0.034468
-0.002242
0.021928
0.029985
0.005815
-0.026412
0.029985
-0.002242
-0.002242
-0.018355
0.013871
-0.018355
0.005815
-0.002242
-0.034468
-0.123091
-0.284224
-0.324508
-0.348677
-0.340621
-0.235884
-0.131148
-0.082808
-0.010299
-0.010299
0.005815
-0.010299
0.013871
0.005815
0.029985
0.021928
-0.002242
0.005815
0.013871
0.029985
-0.010299
-0.002242
-0.026412
0.021928
-0.018355
-0.018355
0.005815
-0.034468
-0.018355
0.054155
0.199174
0.263627
0.223344
0.231401
0.183061
0.183061
0.134721
0.118608
0.110551
0.102494
0.110551
0.046098
-0.010299
0.013871
-0.010299
-0.018355
-0.034468
-0.018355
-0.018355
-0.018355
0.013871
-0.034468
-0.010299
-0.034468
-0.002242
-0.042525
0.005815
-0.026412
-0.042525
-0.010299
-0.026412
-0.018355
-0.042525
-0.018355
0.158891
0.239457
0.352250
0.311967
0.287797
0.215287
0.126664
0.029985
-0.026412
-0.042525
-0.018355
-0.050582
-0.018355
-0.058638
-0.018355
-0.018355
-0.034468
-0.050582
-0.026412
-0.042525
-0.002242
-0.042525
-0.034468
-0.042525
-0.050582
-0.066695
-0.042525
-0.026412
-0.042525
-0.018355
-0.034468
-0.026412
-0.002242
-0.026412
-0.026412
-0.010299
-0.026412
-0.018355
-0.002242
-0.034468
-0.010299
-0.034468
0.005815
-0.026412
-0.050582
-0.018355
-0.050582
-0.018355
-0.002242
-0.050582
-0.002242
-0.034468
0.013871
-0.010299
0.005815
-0.010299
-0.010299
0.021928
-0.010299
0.013871
0.005815
0.013871
0.021928
-0.050582
-0.155318
-0.308394
-0.356734
-0.388961
-0.348677
-0.211715
-0.147261
-0.066695
-0.002242
-0.002242
-0.018355
0.021928
0.005815
0.021928
-0.002242
0.029985
-0.002242
0.013871
0.013871
-0.018355
0.021928
0.038041
0.054155
0.005815
0.021928
-0.002242
-0.026412
0.021928
0.005815
0.013871
-0.010299
-0.010299
0.021928
0.005815
-0.002242
-0.034468
-0.042525
-0.026412
-0.034468
-0.042525
-0.034468
-0.042525
-0.018355
-0.026412
-0.018355
-0.018355
-0.026412
-0.034468
-0.002242
-0.034468
-0.010299
0.094438
0.239457
0.223344
0.207231
0.183061
0.175004
0.134721
0.078325
0.038041
0.013871
-0.002242
-0.018355
0.029985
0.150834
0.231401
0.320024
0.344194
0.271684
0.199174
0.134721
0.021928
0.005815
-0.026412
-0.018355
-0.042525
-0.026412
-0.074752
-0.058638
-0.058638
-0.010299
-0.050582
-0.026412
-0.034468
-0.026412
-0.026412
-0.050582
-0.042525
-0.042525
-0.026412
-0.026412
-0.018355
-0.034468
-0.034468
-0.034468
-0.002242
-0.026412
-0.018355
-0.010299
-0.050582
-0.026412
-0.010299
-0.010299
-0.018355
0.005815
-0.026412
-0.002242
-0.018355
-0.010299
-0.010299
-0.026412
-0.042525
-0.034468
-0.018355
-0.018355
-0.018355
0.005815
-0.002242
-0.010299
0.005815
-0.026412
0.013871
0.013871
-0.026412
-0.026412
0.013871
-0.026412
-0.058638
-0.195601
-0.300338
-0.332564
-0.356734
-0.324508
-0.260054
-0.131148
-0.058638
-0.042525
0.005815
-0.026412
-0.002242
0.021928
0.013871
0.013871
-0.010299
0.005815
-0.018355
0.021928
-0.010299
-0.010299
0.054155
-0.010299
0.046098
0.013871
0.013871
-0.002242
0.013871
-0.026412
0.021928
-0.002242
-0.010299
-0.002242
0.005815
-0.018355
0.038041
-0.018355
0.013871
-0.042525
-0.010299
-0.002242
-0.042525
-0.010299
-0.018355
-0.018355
0.005815
-0.042525
0.013871
-0.010299
-0.002242
-0.010299
-0.026412
-0.002242
-0.010299
0.021928
-0.010299
0.005815
-0.042525
-0.034468
-0.018355
-0.002242
-0.058638
-0.042525
0.054155
0.142778
0.271684
0.352250
0.320024
0.328080
0.215287
0.094438
0.038041
-0.034468
-0.026412
-0.034468
-0.042525
-0.058638
-0.042525
-0.058638
-0.018355
0.142778
0.215287
0.199174
0.199174
0.158891
0.126664
0.150834
0.110551
0.078325
0.038041
-0.018355
0.005815
-0.002242
-0.002242
-0.026412
-0.026412
-0.042525
-0.002242
-0.042525
-0.026412
-0.002242
-0.058638
-0.002242
-0.034468
-0.002242
-0.026412
-0.026412
0.005815
-0.042525
-0.002242
-0.058638
-0.010299
-0.018355
-0.010299
-0.018355
-0.018355
-0.018355
-0.002242
-0.026412
0.005815
0.013871
0.013871
-0.010299
-0.002242
0.005815
-0.010299
-0.010299
-0.058638
-0.179488
-0.308394
-0.397017
-0.348677
-0.324508
-0.211715
-0.139205
-0.026412
-0.018355
-0.010299
-0.018355
0.013871
0.013871
-0.018355
0.021928
0.005815
0.013871
-0.018355
0.029985
0.013871
-0.018355
0.038041
-0.010299
0.054155
0.021928
0.005815
0.046098
0.013871
0.021928
-0.034468
-0.002242
0.013871
-0.010299
-0.010299
0.013871
-0.034468
-0.002242
0.029985
-0.018355
0.013871
-0.002242
-0.002242
-0.010299
-0.042525
-0.042525
0.005815
-0.002242
-0.026412
-0.010299
0.013871
-0.002242
-0.026412
-0.042525
-0.042525
-0.026412
-0.010299
0.038041
0.005815
-0.010299
-0.002242
-0.010299
-0.026412
-0.026412
0.054155
0.150834
0.279741
0.344194
0.344194
0.271684
0.223344
0.110551
0.005815
0.029985
-0.026412
-0.042525
-0.026412
-0.026412
-0.010299
-0.042525
-0.034468
-0.042525
-0.018355
-0.050582
-0.010299
-0.058638
-0.042525
-0.058638
-0.010299
-0.010299
-0.010299
-0.042525
-0.066695
-0.058638
-0.066695
-0.018355
-0.042525
-0.034468
-0.034468
-0.042525
-0.026412
-0.034468
-0.018355
-0.026412
0.070268
0.191117
0.215287
0.231401
0.207231
0.134721
0.134721
0.175004
0.126664
0.094438
0.078325
0.046098
0.005815
-0.018355
-0.018355
-0.018355
-0.002242
-0.026412
0.013871
0.005815
-0.002242
-0.010299
-0.002242
0.029985
-0.058638
-0.235884
-0.300338
-0.388961
-0.397017
-0.340621
-0.251998
-0.106978
-0.050582
-0.010299
-0.034468
-0.002242
-0.002242
0.013871
-0.002242
0.021928
0.021928
0.013871
0.013871
-0.002242
0.021928
0.029985
0.013871
0.005815
0.029985
-0.002242
0.029985
-0.002242
0.021928
0.021928
0.005815
0.029985
-0.010299
-0.010299
-0.010299
-0.026412
0.013871
-0.010299
0.021928
-0.034468
-0.010299
0.013871
-0.010299
-0.034468
0.005815
-0.018355
0.013871
-0.050582
-0.010299
0.021928
-0.010299
-0.010299
0.005815
-0.018355
-0.018355
-0.010299
0.005815
-0.018355
0.046098
-0.010299
0.005815
-0.026412
-0.018355
-0.010299
0.046098
0.191117
0.303910
0.352250
0.376420
0.295854
0.175004
0.094438
0.021928
0.005815
-0.026412
-0.058638
-0.018355
-0.034468
-0.042525
-0.026412
-0.050582
-0.018355
-0.050582
-0.034468
-0.018355
-0.050582
-0.050582
-0.058638
-0.034468
-0.042525
-0.018355
-0.010299
-0.010299
-0.050582
-0.050582
-0.002242
-0.050582
-0.050582
0.005815
-0.026412
-0.034468
-0.034468
-0.018355
-0.002242
-0.002242
-0.034468
-0.018355
-0.010299
-0.018355
-0.002242
-0.018355
0.005815
-0.026412
-0.026412
-0.010299
-0.026412
-0.010299
-0.026412
-0.026412
-0.002242
-0.010299
-0.026412
0.013871
-0.010299
-0.002242
-0.010299
-0.002242
-0.026412
-0.106978
-0.195601
-0.300338
-0.243941
-0.139205
-0.074752
-0.018355
0.094438
0.142778
0.118608
0.126664
0.150834
0.110551
0.126664
0.118608
0.046098
0.062211
0.038041
0.021928
0.029985
-0.002242
-0.002242
0.054155
-0.010299
-0.010299
0.054155
0.013871
0.046098
0.005815
0.005815
0.021928
-0.018355
0.013871
-0.002242
-0.002242
0.005815
-0.002242
-0.026412
-0.010299
0.038041
0.005815
0.005815
-0.002242
-0.018355
-0.034468
-0.002242
-0.010299
-0.050582
-0.034468
-0.002242
-0.042525
-0.026412
0.005815
-0.050582
-0.026412
-0.002242
-0.010299
-0.034468
-0.042525
0.046098
0.021928
-0.034468
0.005815
-0.018355
0.086381
0.231401
0.279741
0.328080
0.384477
0.295854
0.239457
0.102494
0.070268
-0.010299
-0.050582
-0.042525
-0.010299
-0.050582
-0.050582
-0.066695
-0.034468
-0.042525
-0.058638
-0.058638
-0.034468
-0.050582
-0.042525
-0.010299
-0.050582
-0.026412
-0.042525
-0.010299
-0.018355
-0.050582
-0.010299
-0.066695
-0.026412
-0.042525
-0.042525
-0.042525
-0.018355
-0.042525
-0.018355
0.029985
-0.010299
-0.010299
-0.042525
-0.018355
-0.010299
-0.010299
-0.002242
-0.010299
-0.018355
0.021928
-0.002242
0.013871
-0.002242
0.021928
0.021928
-0.010299
-0.010299
0.013871
-0.034468
0.021928
-0.002242
0.029985
0.005815
-0.026412
-0.058638
-0.179488
-0.308394
-0.372847
-0.397017
-0.284224
-0.219771
-0.131148
-0.042525
-0.026412
-0.002242
-0.002242
-0.002242
0.005815
0.005815
-0.018355
0.005815
-0.010299
0.013871
0.005815
-0.034468
0.038041
0.005815
0.013871
0.038041
0.215287
0.255571
0.231401
0.255571
0.207231
0.191117
0.126664
0.062211
0.046098
0.005815
0.005815
-0.010299
0.005815
-0.002242
-0.018355
0.021928
-0.042525
-0.010299
-0.010299
-0.042525
-0.042525
-0.010299
-0.042525
-0.026412
-0.018355
-0.018355
-0.034468
-0.002242
-0.026412
-0.026412
0.005815
-0.018355
-0.010299
-0.026412
-0.010299
-0.018355
0.005815
-0.034468
-0.018355
0.054155
0.166948
0.279741
