0.561936
0.610276
0.529710
0.457200
0.296067
0.215501
0.126878
0.102708
0.094651
0.038255
-0.026198
-0.018142
-0.026198
0.014085
-0.042312
-0.066482
-0.050368
-0.034255
-0.026198
-0.002028
-0.050368
-0.050368
-0.058425
-0.050368
-0.010085
-0.042312
-0.026198
-0.050368
-0.034255
-0.026198
-0.018142
-0.034255
-0.034255
-0.042312
-0.042312
-0.042312
-0.018142
-0.018142
0.006028
-0.018142
-0.026198
-0.010085
-0.002028
-0.026198
-0.026198
-0.050368
-0.018142
-0.042312
-0.002028
-0.034255
-0.002028
-0.002028
-0.010085
0.014085
-0.010085
0.006028
0.030198
-0.010085
-0.018142
0.014085
0.022141
-0.042312
-0.074538
-0.243728
-0.332351
-0.380691
-0.324294
-0.275954
-0.195388
-0.042312
-0.034255
-0.026198
-0.018142
0.006028
0.014085
0.006028
0.030198
-0.018142
-0.018142
0.014085
0.030198
-0.010085
0.046311
0.038255
0.030198
0.022141
0.006028
-0.002028
0.006028
0.014085
0.014085
-0.010085
0.014085
0.022141
-0.010085
-0.010085
-0.002028
-0.010085
-0.002028
-0.002028
-0.018142
-0.018142
-0.002028
-0.010085
-0.002028
-0.018142
-0.010085
-0.010085
0.014085
-0.002028
-0.018142
0.022141
-0.026198
-0.034255
-0.018142
-0.010085
0.014085
-0.010085
-0.026198
-0.026198
-0.042312
-0.034255
-0.050368
-0.034255
0.014085
-0.018142
0.054368
0.191331
0.328294
0.336350
0.296067
0.263841
0.151048
0.038255
0.014085
-0.034255
-0.010085
-0.050368
-0.050368
-0.066482
-0.050368
-0.042312
-0.066482
-0.074538
-0.026198
-0.050368
-0.018142
-0.058425
-0.066482
-0.042312
-0.066482
-0.066482
-0.042312
-0.050368
0.014085
0.102708
0.199388
0.207444
0.215501
0.183274
0.142991
0.134934
0.134934
0.094651
0.070481
0.054368
0.046311
0.022141
0.006028
-0.010085
0.014085
-0.010085
-0.018142
-0.018142
-0.034255
-0.002028
-0.034255
-0.034255
-0.002028
-0.002028
-0.002028
-0.002028
0.006028
-0.010085
-0.026198
0.006028
0.014085
0.006028
-0.018142
-0.010085
-0.090651
-0.179275
-0.308181
-0.332351
-0.348464
-0.324294
-0.195388
-0.090651
-0.010085
-0.010085
-0.010085
0.014085
0.022141
0.038255
0.014085
0.046311
0.046311
0.006028
0.006028
0.014085
0.006028
0.006028
0.030198
0.014085
0.046311
0.030198
0.006028
0.062425
0.006028
0.006028
0.022141
0.006028
0.006028
0.022141
0.014085
-0.018142
0.006028
-0.010085
0.006028
-0.010085
-0.018142
0.006028
-0.002028
-0.010085
-0.010085
-0.026198
-0.018142
-0.034255
-0.010085
-0.026198
-0.018142
-0.026198
-0.018142
-0.002028
0.014085
0.014085
-0.010085
0.006028
-0.002028
-0.010085
0.014085
-0.026198
-0.058425
-0.026198
0.054368
0.151048
0.247727
0.304124
0.296067
0.296067
0.191331
0.078538
-0.010085
-0.026198
-0.050368
-0.010085
-0.034255
-0.010085
-0.026198
-0.018142
-0.050368
-0.050368
-0.018142
-0.034255
-0.018142
-0.050368
-0.026198
-0.034255
0.030198
-0.050368
-0.010085
-0.002028
-0.026198
-0.010085
-0.034255
-0.026198
-0.002028
-0.050368
-0.010085
-0.018142
-0.018142
-0.026198
-0.026198
-0.026198
-0.018142
-0.058425
0.006028
-0.034255
-0.042312
-0.018142
-0.066482
-0.034255
-0.034255
-0.018142
-0.018142
-0.058425
0.062425
0.223558
0.247727
0.215501
0.247727
0.191331
0.134934
0.191331
0.118821
0.102708
0.046311
0.014085
-0.042312
-0.163161
-0.292067
-0.372634
-0.324294
-0.292067
-0.219558
-0.122878
-0.050368
-0.018142
0.006028
0.030198
0.006028
0.006028
0.038255
0.014085
0.006028
0.022141
-0.002028
-0.002028
0.022141
0.006028
0.014085
0.030198
0.054368
-0.002028
0.022141
0.022141
-0.002028
0.046311
-0.010085
0.006028
-0.034255
-0.002028
-0.018142
-0.002028
-0.010085
-0.010085
0.006028
-0.026198
0.022141
-0.034255
0.014085
0.022141
-0.010085
-0.002028
-0.026198
-0.010085
-0.010085
-0.002028
-0.002028
-0.002028
-0.010085
-0.018142
-0.010085
0.014085
-0.026198
-0.026198
-0.018142
0.006028
-0.018142
-0.010085
-0.042312
-0.018142
0.070481
0.167161
0.320237
0.320237
0.336350
0.288011
0.191331
0.118821
0.006028
-0.010085
-0.002028
-0.034255
-0.018142
-0.050368
-0.050368
-0.034255
-0.026198
-0.058425
-0.050368
-0.042312
-0.042312
-0.050368
-0.010085
-0.034255
-0.002028
0.030198
-0.018142
-0.018142
-0.010085
-0.026198
-0.034255
-0.010085
-0.026198
-0.050368
-0.034255
-0.018142
-0.018142
-0.018142
0.006028
-0.002028
-0.026198
-0.026198
-0.018142
-0.026198
-0.010085
-0.026198
-0.034255
-0.026198
-0.026198
-0.034255
0.006028
-0.018142
-0.042312
-0.010085
-0.002028
-0.026198
0.022141
0.022141
-0.010085
-0.002028
-0.002028
-0.018142
0.006028
0.006028
-0.074538
-0.171218
-0.267898
-0.348464
-0.364577
-0.300124
-0.235671
-0.122878
-0.050368
-0.042312
0.014085
-0.034255
-0.018142
-0.018142
-0.010085
0.062425
0.255784
0.279954
0.231614
0.255784
0.207444
0.207444
0.159104
0.126878
0.102708
0.102708
0.094651
0.070481
0.070481
0.030198
0.014085
-0.018142
-0.002028
0.014085
-0.026198
0.038255
-0.010085
-0.018142
0.014085
-0.010085
0.014085
-0.010085
0.014085
0.014085
-0.026198
-0.026198
-0.002028
-0.018142
-0.010085
-0.010085
-0.010085
-0.002028
0.006028
-0.042312
-0.026198
0.006028
-0.018142
-0.026198
0.006028
-0.010085
-0.002028
-0.058425
0.006028
0.006028
0.046311
0.159104
0.279954
0.344407
0.304124
0.279954
0.159104
0.102708
0.030198
-0.010085
0.006028
-0.026198
-0.042312
-0.026198
-0.058425
-0.018142
-0.050368
-0.034255
-0.042312
-0.026198
-0.026198
-0.050368
-0.042312
-0.042312
-0.010085
-0.034255
-0.018142
-0.002028
-0.010085
-0.018142
-0.034255
-0.042312
-0.042312
-0.026198
-0.010085
-0.002028
-0.026198
-0.026198
-0.002028
-0.010085
-0.034255
-0.010085
0.022141
-0.026198
-0.010085
-0.018142
-0.002028
-0.026198
0.022141
-0.010085
0.014085
-0.026198
-0.002028
-0.010085
-0.018142
-0.010085
0.014085
-0.002028
-0.002028
-0.002028
-0.010085
0.022141
0.014085
-0.010085
-0.034255
-0.187331
-0.300124
-0.364577
-0.364577
-0.324294
-0.243728
-0.074538
-0.058425
-0.058425
0.030198
0.014085
-0.010085
0.014085
0.006028
-0.010085
-0.010085
0.038255
0.014085
0.006028
0.014085
0.022141
-0.010085
-0.002028
-0.002028
-0.002028
-0.002028
-0.002028
0.014085
-0.002028
-0.026198
-0.034255
-0.034255
-0.018142
0.006028
-0.018142
0.014085
0.175218
0.247727
0.239671
0.207444
0.175218
0.207444
0.159104
0.159104
0.094651
0.022141
0.030198
0.030198
0.022141
-0.010085
-0.002028
-0.010085
-0.050368
-0.002028
-0.018142
-0.042312
-0.034255
-0.034255
-0.002028
-0.034255
-0.002028
-0.034255
-0.026198
0.014085
0.134934
0.247727
0.312181
0.344407
0.255784
0.215501
0.102708
0.022141
-0.002028
-0.026198
-0.010085
-0.058425
-0.010085
-0.050368
-0.034255
-0.018142
-0.026198
-0.034255
-0.058425
-0.050368
-0.034255
-0.050368
-0.042312
-0.026198
-0.026198
-0.066482
-0.018142
-0.018142
-0.026198
-0.034255
-0.018142
-0.018142
-0.034255
-0.026198
-0.042312
-0.018142
-0.002028
-0.050368
-0.018142
-0.050368
-0.050368
-0.002028
-0.050368
0.006028
-0.002028
-0.018142
-0.002028
-0.010085
-0.018142
-0.018142
-0.042312
-0.018142
-0.042312
0.014085
0.006028
-0.010085
-0.002028
-0.018142
-0.002028
0.014085
0.030198
0.014085
-0.018142
-0.034255
-0.155105
-0.267898
-0.348464
-0.364577
-0.308181
-0.259841
-0.138991
-0.034255
-0.010085
-0.002028
0.046311
0.006028
-0.002028
-0.002028
0.022141
0.006028
-0.010085
0.038255
-0.002028
0.014085
0.046311
-0.010085
0.038255
0.014085
-0.002028
0.046311
-0.002028
-0.002028
0.046311
0.046311
-0.018142
0.006028
0.006028
-0.018142
-0.010085
-0.010085
-0.010085
-0.018142
0.006028
-0.026198
-0.002028
0.030198
-0.002028
0.014085
-0.018142
-0.010085
-0.010085
0.030198
-0.042312
0.014085
-0.018142
-0.026198
-0.058425
-0.034255
-0.002028
-0.026198
-0.010085
-0.026198
-0.026198
-0.034255
-0.050368
-0.042312
-0.034255
-0.026198
0.183274
0.457200
0.537766
0.610276
0.537766
0.449143
0.312181
0.199388
0.151048
0.086595
0.094651
0.038255
0.014085
0.006028
-0.042312
-0.018142
-0.034255
-0.034255
-0.042312
-0.026198
-0.042312
-0.058425
-0.026198
-0.042312
-0.034255
-0.010085
-0.074538
-0.050368
-0.010085
-0.050368
-0.002028
-0.034255
-0.010085
-0.058425
-0.026198
-0.034255
-0.026198
-0.002028
-0.026198
0.006028
0.006028
-0.026198
-0.010085
-0.002028
-0.042312
-0.018142
-0.018142
-0.026198
-0.026198
-0.034255
-0.026198
-0.018142
0.006028
-0.010085
-0.034255
0.014085
0.014085
-0.026198
-0.010085
0.014085
0.006028
0.046311
0.022141
-0.066482
-0.171218
-0.292067
-0.396804
-0.348464
-0.332351
-0.251784
-0.122878
-0.058425
-0.026198
-0.026198
-0.018142
-0.010085
0.022141
-0.002028
0.038255
0.014085
0.030198
0.022141
-0.026198
0.038255
0.022141
-0.002028
0.014085
0.022141
-0.002028
-0.002028
0.030198
-0.002028
0.014085
0.038255
0.054368
0.022141
-0.002028
-0.002028
-0.010085
-0.002028
-0.002028
0.006028
0.014085
0.006028
-0.034255
-0.002028
0.038255
-0.034255
0.014085
-0.010085
-0.010085
-0.034255
0.006028
-0.002028
0.014085
-0.018142
-0.018142
-0.002028
0.006028
-0.002028
-0.010085
-0.042312
-0.018142
-0.002028
-0.042312
0.038255
-0.002028
0.022141
0.142991
0.255784
0.352464
0.352464
0.304124
0.239671
0.110765
0.046311
0.014085
-0.018142
-0.018142
-0.042312
-0.050368
-0.018142
-0.050368
-0.050368
-0.042312
-0.058425
-0.050368
-0.074538
-0.018142
-0.050368
-0.058425
-0.058425
0.102708
0.191331
0.215501
0.191331
0.207444
0.151048
0.134934
0.142991
0.110765
0.086595
0.014085
0.006028
0.006028
-0.034255
0.006028
-0.010085
-0.026198
-0.010085
-0.034255
-0.018142
-0.042312
-0.034255
-0.042312
-0.018142
-0.010085
-0.050368
-0.026198
-0.042312
-0.018142
-0.018142
0.014085
-0.034255
-0.010085
-0.026198
-0.026198
-0.018142
0.022141
0.006028
0.014085
-0.026198
-0.106765
-0.275954
-0.356521
-0.412917
-0.340407
-0.300124
-0.130935
-0.082595
-0.026198
-0.034255
-0.002028
0.030198
-0.010085
0.006028
-0.010085
0.014085
0.022141
0.046311
0.030198
-0.002028
0.038255
0.006028
0.014085
0.022141
0.054368
-0.010085
0.006028
0.022141
0.006028
0.006028
-0.018142
0.038255
-0.010085
0.006028
0.006028
-0.018142
-0.018142
-0.002028
-0.010085
-0.010085
-0.018142
-0.018142
0.006028
-0.026198
0.006028
-0.010085
-0.018142
-0.002028
-0.050368
-0.034255
-0.026198
-0.034255
-0.042312
-0.010085
-0.034255
-0.018142
-0.026198
-0.010085
-0.018142
0.006028
-0.050368
-0.002028
0.006028
0.030198
0.118821
0.255784
0.312181
0.352464
0.344407
0.263841
0.142991
0.046311
-0.018142
-0.018142
-0.034255
-0.042312
-0.042312
-0.058425
-0.034255
-0.042312
-0.034255
-0.034255
-0.026198
-0.018142
-0.042312
-0.058425
-0.018142
-0.042312
-0.042312
-0.034255
-0.026198
-0.058425
-0.018142
-0.026198
-0.018142
-0.050368
0.014085
-0.026198
-0.018142
-0.026198
0.006028
-0.018142
-0.034255
-0.026198
-0.050368
0.006028
-0.026198
-0.026198
-0.026198
-0.066482
-0.042312
-0.026198
-0.058425
-0.034255
-0.034255
0.118821
0.247727
0.255784
0.239671
0.199388
0.167161
0.142991
0.159104
0.118821
0.126878
0.070481
0.038255
-0.010085
-0.122878
-0.227614
-0.332351
-0.388747
-0.324294
-0.251784
-0.155105
-0.074538
0.006028
-0.010085
-0.018142
0.022141
-0.018142
0.014085
0.006028
-0.010085
0.046311
0.014085
-0.018142
0.006028
0.038255
0.006028
0.006028
0.022141
0.006028
0.030198
0.006028
0.022141
0.006028
0.006028
0.006028
-0.018142
-0.010085
0.014085
0.062425
-0.018142
-0.018142
0.022141
-0.018142
-0.002028
-0.018142
-0.018142
-0.034255
0.038255
-0.034255
-0.010085
-0.018142
-0.018142
-0.026198
-0.018142
-0.010085
-0.010085
-0.034255
0.006028
-0.042312
-0.018142
-0.010085
-0.002028
-0.002028
-0.026198
-0.010085
-0.026198
-0.050368
-0.010085
0.142991
0.263841
0.360520
0.352464
0.304124
0.255784
0.151048
0.070481
0.006028
-0.026198
-0.018142
-0.010085
-0.026198
-0.034255
-0.034255
-0.058425
-0.034255
-0.050368
-0.034255
-0.050368
-0.074538
-0.034255
-0.034255
-0.010085
-0.050368
-0.026198
-0.026198
-0.026198
-0.026198
-0.018142
-0.010085
-0.034255
-0.010085
-0.026198
-0.034255
-0.034255
-0.010085
-0.018142
-0.018142
-0.018142
-0.018142
-0.034255
-0.026198
-0.002028
-0.026198
-0.002028
0.006028
-0.002028
-0.034255
-0.018142
-0.034255
0.006028
-0.034255
0.006028
0.006028
-0.010085
0.038255
-0.010085
0.006028
-0.010085
-0.002028
0.022141
-0.010085
-0.034255
-0.114821
-0.251784
-0.388747
-0.372634
-0.388747
-0.292067
-0.187331
-0.074538
0.062425
0.175218
0.239671
0.247727
0.199388
0.183274
0.199388
0.134934
0.102708
0.062425
0.054368
0.014085
0.006028
-0.002028
0.038255
-0.002028
0.030198
0.006028
0.014085
0.030198
0.006028
0.022141
0.014085
0.038255
-0.002028
0.006028
0.014085
0.006028
-0.002028
0.014085
-0.010085
-0.018142
-0.018142
-0.026198
-0.042312
-0.034255
0.022141
-0.026198
0.006028
0.006028
-0.010085
-0.026198
-0.018142
-0.010085
-0.018142
0.014085
-0.050368
-0.018142
-0.018142
-0.034255
-0.018142
-0.026198
-0.058425
-0.058425
-0.002028
-0.002028
0.086595
0.199388
0.328294
0.384690
0.360520
0.247727
0.151048
0.062425
-0.026198
0.006028
-0.018142
-0.042312
-0.050368
-0.026198
-0.066482
-0.010085
-0.050368
-0.074538
-0.026198
-0.034255
-0.058425
-0.050368
-0.074538
-0.058425
-0.050368
-0.050368
-0.034255
-0.034255
-0.026198
-0.042312
-0.026198
-0.034255
-0.042312
-0.034255
0.006028
0.006028
0.006028
0.038255
0.006028
-0.002028
-0.026198
-0.018142
-0.034255
-0.002028
-0.002028
0.006028
-0.018142
0.006028
-0.002028
-0.026198
-0.026198
0.006028
-0.018142
0.006028
-0.010085
-0.018142
-0.026198
0.006028
-0.026198
-0.018142
-0.002028
-0.010085
-0.010085
0.006028
-0.114821
-0.219558
-0.340407
-0.380691
-0.332351
-0.259841
-0.171218
-0.066482
-0.050368
0.014085
-0.002028
0.030198
0.006028
-0.002028
-0.026198
0.006028
0.006028
-0.002028
0.038255
0.014085
0.014085
0.006028
0.022141
-0.002028
0.022141
-0.018142
0.014085
0.014085
-0.002028
-0.010085
-0.026198
-0.010085
-0.010085
-0.042312
-0.002028
-0.002028
-0.010085
0.126878
0.215501
0.255784
0.239671
0.215501
0.175218
0.118821
0.126878
0.086595
0.070481
0.054368
0.014085
0.022141
-0.002028
0.006028
0.006028
-0.002028
-0.002028
-0.018142
-0.034255
0.006028
-0.042312
-0.034255
-0.042312
-0.026198
-0.034255
-0.002028
0.094651
0.207444
0.320237
0.360520
0.320237
0.288011
0.167161
0.070481
0.030198
-0.026198
0.006028
-0.034255
-0.034255
-0.034255
-0.042312
-0.010085
-0.058425
-0.034255
-0.010085
-0.042312
-0.050368
0.006028
-0.042312
-0.026198
-0.010085
-0.034255
-0.034255
-0.010085
-0.018142
-0.034255
-0.002028
-0.026198
-0.042312
-0.010085
-0.026198
-0.010085
-0.050368
-0.010085
0.030198
-0.010085
-0.026198
-0.018142
-0.018142
-0.042312
-0.010085
-0.018142
-0.026198
-0.002028
-0.010085
-0.018142
-0.018142
-0.010085
-0.026198
0.014085
0.006028
0.014085
-0.018142
-0.010085
-0.002028
-0.050368
-0.018142
-0.026198
0.030198
-0.026198
-0.106765
-0.235671
-0.340407
-0.356521
-0.332351
-0.316237
-0.187331
-0.090651
-0.018142
-0.026198
0.022141
0.022141
0.006028
0.014085
-0.010085
0.022141
0.038255
-0.002028
0.022141
0.014085
0.006028
0.038255
0.006028
0.022141
-0.002028
-0.018142
0.022141
-0.010085
-0.010085
-0.002028
0.014085
0.006028
-0.018142
0.006028
-0.018142
-0.026198
0.006028
-0.002028
-0.002028
0.006028
0.022141
0.014085
-0.018142
-0.002028
-0.018142
-0.002028
-0.042312
-0.018142
-0.018142
-0.026198
-0.002028
-0.018142
-0.034255
-0.026198
-0.026198
-0.034255
-0.050368
-0.050368
-0.042312
-0.018142
0.030198
0.159104
0.231614
0.247727
0.296067
0.416917
0.489427
0.497483
0.473313
0.360520
0.215501
0.159104
0.102708
0.022141
0.022141
-0.018142
-0.042312
-0.034255
-0.018142
-0.026198
-0.042312
-0.042312
-0.026198
-0.034255
-0.042312
-0.050368
-0.018142
-0.058425
-0.042312
-0.042312
-0.050368
-0.034255
-0.050368
-0.034255
-0.042312
-0.018142
-0.066482
-0.010085
-0.026198
-0.018142
-0.042312
-0.034255
-0.010085
-0.002028
-0.002028
-0.002028
-0.018142
0.022141
-0.034255
-0.026198
-0.002028
-0.034255
0.006028
-0.002028
-0.002028
0.006028
-0.026198
-0.002028
-0.002028
-0.026198
0.006028
-0.018142
0.022141
-0.018142
0.038255
-0.034255
0.014085
-0.042312
-0.122878
-0.235671
-0.348464
-0.364577
-0.348464
-0.324294
-0.235671
-0.114821
-0.058425
0.006028
0.006028
-0.010085
-0.018142
0.014085
0.006028
-0.018142
0.022141
0.006028
0.006028
-0.002028
0.006028
-0.002028
0.022141
0.038255
-0.002028
0.006028
0.030198
0.006028
0.038255
-0.018142
0.022141
-0.002028
-0.010085
0.014085
-0.010085
-0.026198
-0.018142
-0.010085
-0.010085
0.014085
-0.018142
-0.002028
0.006028
-0.002028
0.006028
-0.002028
0.014085
-0.018142
-0.010085
-0.010085
0.006028
0.006028
-0.034255
-0.010085
-0.042312
0.014085
-0.058425
0.006028
-0.042312
-0.010085
-0.026198
-0.018142
-0.026198
-0.042312
0.070481
0.183274
0.231614
0.336350
0.336350
0.247727
0.191331
0.070481
0.022141
-0.002028
-0.050368
-0.050368
-0.034255
-0.074538
-0.026198
-0.074538
-0.018142
-0.034255
-0.050368
-0.074538
-0.050368
-0.106765
-0.042312
-0.002028
0.175218
0.231614
0.199388
0.191331
0.199388
0.151048
0.110765
0.126878
0.070481
0.102708
0.086595
0.054368
0.006028
0.006028
-0.026198
-0.002028
0.014085
-0.010085
-0.002028
0.014085
0.022141
-0.002028
-0.018142
0.014085
-0.034255
-0.034255
-0.034255
-0.010085
-0.034255
-0.042312
-0.026198
-0.002028
-0.026198
0.014085
-0.042312
-0.026198
-0.010085
-0.010085
0.006028
-0.026198
-0.098708
-0.187331
-0.324294
-0.388747
-0.372634
-0.324294
-0.211501
-0.098708
-0.042312
-0.018142
-0.002028
0.062425
0.030198
0.014085
0.006028
0.038255
0.030198
0.038255
-0.018142
0.014085
0.030198
-0.002028
0.006028
-0.002028
-0.010085
-0.002028
0.014085
-0.002028
-0.002028
0.022141
0.006028
0.006028
-0.026198
0.006028
-0.010085
0.030198
-0.018142
-0.010085
0.014085
0.006028
0.006028
-0.010085
-0.010085
0.006028
-0.002028
0.014085
-0.026198
-0.010085
-0.002028
-0.018142
0.022141
-0.018142
-0.010085
-0.026198
-0.034255
-0.042312
-0.010085
-0.002028
-0.010085
-0.026198
-0.018142
-0.010085
-0.042312
0.014085
0.054368
0.207444
0.336350
0.368577
0.328294
0.320237
0.159104
0.094651
0.014085
-0.018142
-0.034255
-0.010085
-0.018142
-0.026198
-0.058425
-0.042312
-0.042312
-0.050368
-0.026198
-0.026198
-0.074538
-0.034255
-0.026198
-0.042312
-0.010085
-0.034255
-0.042312
-0.042312
-0.034255
-0.018142
-0.050368
-0.042312
-0.026198
-0.026198
-0.034255
-0.010085
-0.002028
-0.010085
-0.042312
0.006028
-0.042312
-0.042312
-0.050368
0.006028
-0.018142
0.134934
0.231614
0.239671
0.207444
0.167161
0.142991
0.151048
0.070481
0.086595
0.046311
-0.002028
0.006028
0.022141
0.006028
0.030198
-0.010085
-0.002028
0.006028
-0.002028
-0.042312
-0.219558
-0.316237
-0.380691
-0.372634
-0.340407
-0.203444
-0.130935
-0.034255
-0.018142
-0.018142
0.030198
-0.002028
-0.002028
0.022141
-0.002028
-0.010085
0.006028
0.014085
0.030198
0.014085
0.022141
0.022141
0.014085
-0.034255
-0.002028
0.030198
-0.010085
0.006028
0.006028
-0.010085
-0.018142
-0.010085
-0.010085
0.022141
-0.002028
-0.002028
-0.026198
-0.042312
-0.026198
-0.042312
-0.018142
0.006028
-0.010085
-0.018142
-0.042312
0.030198
-0.002028
0.022141
-0.002028
-0.026198
0.022141
-0.018142
-0.010085
0.006028
-0.050368
-0.010085
-0.018142
-0.034255
-0.050368
-0.010085
-0.010085
-0.050368
-0.002028
0.078538
0.142991
0.279954
0.312181
0.352464
0.231614
0.223558
0.062425
0.054368
0.006028
-0.002028
-0.034255
-0.034255
-0.026198
-0.010085
-0.002028
-0.026198
-0.042312
-0.026198
-0.058425
-0.042312
-0.042312
-0.018142
-0.050368
-0.034255
-0.026198
-0.066482
0.014085
-0.042312
-0.034255
-0.042312
-0.034255
0.014085
-0.026198
-0.002028
-0.042312
-0.018142
0.006028
-0.042312
-0.018142
0.014085
-0.026198
-0.034255
-0.002028
-0.002028
-0.010085
-0.018142
-0.042312
0.014085
-0.026198
-0.002028
-0.026198
-0.026198
-0.042312
-0.010085
-0.002028
-0.034255
-0.010085
-0.010085
-0.026198
-0.018142
0.006028
-0.002028
-0.042312
-0.114821
-0.211501
-0.324294
-0.388747
-0.404860
-0.316237
-0.219558
-0.147048
-0.058425
0.022141
0.183274
0.231614
0.231614
0.215501
0.191331
0.199388
0.159104
0.151048
0.094651
0.086595
0.038255
0.022141
0.046311
0.038255
0.006028
0.006028
0.006028
0.022141
0.014085
0.006028
0.030198
0.014085
-0.002028
-0.002028
-0.034255
0.006028
0.022141
0.022141
-0.002028
0.022141
-0.026198
-0.026198
-0.010085
0.014085
-0.010085
-0.018142
-0.026198
-0.010085
-0.018142
0.014085
-0.034255
0.006028
0.006028
-0.034255
0.022141
-0.034255
0.014085
-0.002028
-0.010085
0.006028
-0.002028
-0.050368
-0.042312
-0.042312
0.006028
0.151048
0.288011
0.360520
0.328294
0.296067
0.231614
0.110765
0.014085
0.006028
-0.018142
-0.018142
-0.042312
-0.026198
-0.002028
-0.042312
-0.026198
-0.034255
-0.018142
-0.042312
-0.034255
-0.042312
-0.026198
-0.050368
-0.042312
-0.026198
-0.050368
-0.002028
-0.026198
-0.058425
-0.066482
-0.018142
-0.050368
-0.026198
-0.002028
-0.050368
-0.010085
-0.010085
-0.066482
-0.010085
-0.002028
-0.034255
-0.010085
-0.002028
-0.042312
0.014085
-0.018142
-0.034255
0.014085
0.006028
0.030198
-0.018142
0.022141
0.014085
-0.018142
0.038255
-0.002028
-0.026198
-0.002028
-0.010085
0.006028
-0.010085
-0.002028
0.014085
-0.058425
-0.179275
-0.316237
-0.364577
-0.420974
-0.356521
-0.243728
-0.155105
-0.074538
-0.058425
-0.002028
-0.026198
-0.010085
0.006028
-0.018142
0.014085
0.030198
0.054368
0.006028
0.014085
0.022141
0.014085
-0.018142
0.014085
0.014085
0.046311
-0.010085
-0.002028
-0.010085
-0.034255
-0.018142
-0.010085
-0.010085
0.134934
0.207444
0.271897
0.223558
0.207444
0.239671
0.167161
0.118821
0.142991
0.118821
0.070481
0.030198
0.022141
0.006028
0.022141
-0.010085
-0.034255
-0.010085
0.006028
-0.026198
-0.010085
-0.034255
0.006028
-0.026198
-0.034255
-0.026198
-0.058425
-0.050368
-0.050368
-0.026198
-0.026198
0.014085
0.183274
0.288011
0.328294
0.344407
0.288011
0.199388
0.134934
0.062425
0.006028
-0.026198
-0.002028
-0.042312
-0.042312
-0.002028
-0.050368
-0.042312
-0.026198
-0.050368
0.006028
-0.058425
-0.050368
-0.050368
-0.050368
-0.002028
-0.018142
-0.050368
-0.002028
-0.050368
-0.034255
-0.042312
-0.010085
-0.034255
0.006028
-0.034255
-0.026198
-0.034255
-0.042312
0.014085
-0.034255
0.014085
-0.010085
-0.010085
-0.034255
-0.034255
-0.034255
-0.010085
-0.002028
-0.002028
-0.034255
-0.018142
-0.026198
0.022141
-0.002028
-0.026198
0.006028
-0.010085
-0.010085
-0.026198
0.006028
-0.002028
-0.010085
0.022141
-0.026198
-0.042312
-0.138991
-0.292067
-0.332351
-0.364577
-0.340407
-0.235671
-0.155105
-0.058425
-0.002028
-0.018142
0.022141
0.006028
-0.010085
0.006028
0.022141
-0.010085
-0.010085
-0.010085
0.022141
0.022141
0.046311
0.006028
0.046311
0.014085
0.022141
-0.010085
-0.002028
0.006028
0.022141
0.022141
0.014085
-0.018142
-0.010085
0.022141
-0.026198
-0.002028
-0.010085
-0.002028
-0.034255
-0.010085
0.006028
-0.050368
-0.018142
-0.026198
-0.034255
-0.018142
-0.002028
-0.002028
-0.010085
-0.026198
-0.018142
-0.018142
-0.066482
-0.058425
-0.010085
-0.050368
-0.026198
-0.050368
-0.034255
0.102708
0.191331
0.199388
0.239671
0.183274
0.312181
0.433030
0.521653
0.473313
0.424974
0.304124
0.167161
0.094651
0.038255
-0.042312
-0.002028
-0.026198
-0.050368
-0.002028
-0.042312
-0.010085
-0.034255
-0.026198
-0.058425
-0.042312
-0.042312
-0.018142
-0.066482
-0.018142
-0.042312
-0.042312
-0.058425
-0.042312
-0.066482
-0.010085
-0.034255
-0.042312
-0.026198
-0.026198
-0.010085
-0.010085
-0.026198
-0.050368
0.006028
-0.026198
-0.018142
0.022141
-0.026198
-0.010085
-0.026198
-0.034255
-0.042312
-0.034255
-0.010085
0.014085
-0.026198
-0.002028
-0.026198
0.014085
0.030198
0.054368
-0.018142
0.038255
-0.002028
-0.010085
-0.002028
0.014085
-0.026198
-0.058425
-0.138991
-0.284011
-0.380691
-0.380691
-0.324294
-0.243728
-0.138991
-0.066482
-0.010085
-0.010085
0.022141
-0.002028
0.022141
0.022141
0.030198
0.030198
0.014085
-0.002028
-0.018142
0.014085
0.006028
0.038255
0.022141
0.022141
0.038255
0.038255
0.030198
-0.010085
-0.018142
0.006028
0.014085
-0.010085
0.022141
-0.026198
0.014085
-0.018142
0.006028
-0.010085
-0.026198
0.014085
-0.018142
-0.010085
0.022141
0.014085
-0.026198
-0.018142
-0.026198
0.006028
-0.026198
-0.010085
-0.026198
0.006028
-0.002028
-0.034255
-0.002028
-0.026198
-0.050368
-0.010085
-0.042312
-0.010085
-0.042312
-0.042312
-0.050368
-0.002028
0.151048
0.255784
0.312181
0.336350
0.336350
0.231614
0.110765
0.046311
-0.026198
-0.018142
-0.058425
-0.010085
-0.050368
-0.058425
-0.058425
-0.058425
0.038255
0.151048
0.199388
0.207444
0.175218
0.142991
0.126878
0.094651
0.086595
0.062425
0.006028
0.022141
-0.034255
-0.034255
-0.034255
-0.026198
-0.018142
-0.018142
-0.042312
0.006028
-0.018142
-0.018142
-0.002028
-0.034255
0.030198
-0.026198
-0.010085
-0.018142
-0.026198
-0.050368
-0.010085
-0.066482
-0.010085
-0.042312
-0.026198
-0.002028
-0.018142
0.022141
-0.034255
0.006028
0.014085
0.022141
-0.002028
-0.002028
-0.018142
-0.002028
-0.002028
-0.026198
-0.163161
-0.292067
-0.364577
-0.388747
-0.348464
-0.251784
-0.155105
-0.066482
-0.010085
-0.002028
-0.002028
-0.018142
0.014085
0.014085
-0.002028
0.030198
0.046311
-0.002028
0.022141
-0.018142
-0.010085
0.038255
-0.026198
0.014085
0.022141
0.030198
0.030198
0.038255
0.006028
0.038255
0.006028
0.014085
0.006028
-0.010085
-0.010085
-0.010085
0.014085
-0.018142
0.022141
-0.010085
-0.018142
0.014085
-0.010085
-0.018142
-0.010085
-0.034255
-0.018142
-0.010085
-0.026198
-0.010085
-0.018142
-0.018142
-0.018142
-0.018142
-0.018142
-0.010085
-0.026198
0.006028
-0.002028
-0.018142
0.022141
-0.026198
0.006028
0.014085
0.094651
0.215501
0.336350
0.368577
0.296067
0.231614
0.126878
0.038255
-0.018142
-0.010085
-0.034255
-0.026198
-0.018142
-0.010085
-0.050368
-0.026198
-0.058425
-0.034255
-0.034255
-0.042312
-0.026198
-0.058425
-0.034255
-0.034255
-0.058425
-0.010085
-0.042312
-0.058425
-0.010085
-0.042312
-0.042312
-0.050368
-0.042312
-0.034255
-0.034255
-0.042312
-0.034255
-0.010085
-0.034255
-0.034255
-0.034255
-0.018142
-0.050368
-0.010085
-0.026198
0.086595
0.215501
0.207444
0.239671
0.215501
0.175218
0.134934
0.167161
0.142991
0.070481
0.054368
0.030198
0.030198
0.030198
0.094651
0.038255
0.022141
0.030198
-0.058425
-0.106765
-0.275954
-0.340407
-0.372634
-0.364577
-0.259841
-0.163161
-0.066482
-0.026198
-0.010085
-0.002028
-0.002028
-0.002028
0.014085
0.014085
0.038255
0.054368
0.006028
0.006028
0.014085
0.014085
-0.002028
0.022141
0.022141
0.006028
0.014085
-0.002028
0.030198
0.014085
0.014085
0.022141
-0.018142
-0.010085
0.022141
-0.002028
-0.010085
-0.010085
-0.018142
-0.018142
0.014085
-0.010085
-0.010085
-0.018142
0.006028
-0.010085
-0.058425
-0.002028
-0.026198
0.014085
-0.034255
0.030198
0.022141
-0.018142
-0.026198
-0.018142
-0.018142
0.006028
-0.026198
0.014085
-0.002028
-0.002028
-0.002028
-0.018142
0.014085
0.142991
0.231614
0.344407
0.336350
0.304124
0.247727
0.142991
0.030198
-0.018142
-0.010085
0.022141
-0.050368
-0.034255
-0.034255
-0.034255
-0.018142
-0.066482
-0.034255
-0.050368
-0.042312
-0.018142
-0.034255
-0.026198
-0.042312
-0.034255
-0.042312
-0.018142
-0.010085
-0.026198
-0.034255
-0.026198
0.006028
-0.050368
-0.026198
-0.026198
-0.042312
-0.050368
-0.018142
0.006028
-0.018142
-0.026198
-0.010085
-0.034255
0.014085
-0.010085
-0.018142
-0.018142
-0.018142
-0.018142
-0.026198
-0.034255
-0.026198
-0.034255
-0.010085
-0.026198
-0.018142
-0.034255
-0.042312
-0.050368
-0.010085
-0.034255
-0.002028
0.006028
-0.074538
-0.155105
-0.308181
-0.356521
-0.404860
-0.340407
-0.090651
0.046311
0.159104
0.175218
0.207444
0.151048
0.102708
0.038255
0.054368
0.038255
0.014085
0.014085
0.022141
-0.010085
0.014085
0.046311
0.022141
-0.026198
0.030198
0.006028
-0.002028
0.030198
0.006028
-0.002028
-0.026198
0.014085
0.006028
0.014085
0.014085
-0.018142
0.014085
0.006028
-0.018142
-0.018142
-0.010085
-0.026198
0.006028
-0.042312
-0.010085
-0.018142
-0.018142
0.006028
-0.042312
-0.026198
-0.018142
-0.042312
0.006028
0.006028
-0.010085
0.014085
-0.002028
-0.018142
-0.010085
-0.018142
-0.018142
-0.010085
-0.026198
-0.034255
-0.002028
0.062425
0.239671
0.312181
0.352464
0.368577
0.263841
0.159104
0.078538
0.006028
-0.002028
-0.050368
-0.018142
-0.042312
-0.026198
-0.034255
-0.026198
-0.034255
-0.050368
-0.034255
-0.034255
-0.042312
-0.026198
-0.026198
-0.026198
-0.034255
-0.050368
-0.002028
-0.034255
-0.018142
-0.034255
-0.026198
-0.018142
-0.018142
-0.002028
-0.010085
-0.042312
-0.002028
-0.026198
-0.042312
-0.010085
-0.018142
-0.002028
-0.034255
-0.010085
-0.018142
-0.002028
-0.002028
-0.002028
-0.026198
0.022141
-0.050368
-0.002028
-0.026198
-0.026198
-0.002028
-0.018142
-0.034255
-0.002028
-0.010085
-0.010085
0.006028
0.006028
0.014085
-0.042312
-0.098708
-0.227614
-0.364577
-0.372634
-0.348464
-0.275954
-0.203444
-0.050368
-0.026198
-0.026198
-0.010085
-0.002028
0.022141
0.022141
0.022141
0.030198
0.006028
0.022141
0.006028
-0.010085
0.006028
-0.002028
0.022141
0.006028
0.006028
0.014085
-0.018142
0.006028
-0.026198
0.006028
-0.002028
0.030198
0.199388
0.247727
0.231614
0.215501
0.183274
0.175218
0.118821
0.086595
0.054368
0.038255
0.006028
0.006028
-0.010085
0.030198
-0.002028
-0.010085
-0.026198
-0.026198
-0.010085
-0.010085
-0.034255
-0.018142
-0.034255
-0.042312
-0.026198
-0.042312
-0.034255
-0.026198
-0.026198
-0.034255
-0.050368
-0.010085
