0.546343
0.546343
0.522173
0.336870
0.232134
0.191851
0.111285
0.062945
0.022661
-0.009565
-0.041792
-0.025678
-0.033735
-0.001508
-0.065962
0.006548
-0.041792
-0.057905
-0.074018
-0.009565
-0.057905
-0.009565
-0.041792
-0.057905
-0.049848
-0.033735
-0.049848
-0.025678
-0.017622
-0.033735
0.014605
-0.057905
-0.025678
0.014605
-0.009565
-0.017622
-0.025678
-0.009565
-0.025678
-0.049848
-0.009565
-0.033735
0.014605
-0.017622
-0.001508
0.014605
-0.041792
0.022661
-0.033735
-0.017622
0.022661
-0.009565
0.006548
-0.001508
-0.001508
-0.025678
-0.009565
0.014605
-0.009565
0.022661
-0.033735
-0.186811
-0.259321
-0.372114
-0.331831
-0.323774
-0.259321
-0.122358
-0.074018
-0.025678
-0.017622
-0.033735
0.038775
-0.009565
-0.001508
0.022661
0.022661
0.006548
0.030718
0.030718
0.030718
0.030718
-0.001508
0.022661
0.038775
-0.001508
0.030718
-0.001508
0.030718
-0.009565
0.030718
-0.009565
0.006548
-0.041792
0.030718
0.014605
0.022661
-0.009565
-0.017622
-0.017622
-0.017622
-0.017622
-0.001508
-0.009565
-0.009565
-0.025678
-0.009565
-0.017622
-0.025678
-0.001508
-0.017622
-0.025678
0.014605
-0.009565
-0.017622
0.006548
-0.041792
-0.001508
-0.025678
-0.017622
-0.033735
-0.033735
0.014605
-0.049848
0.006548
0.135454
0.232134
0.296587
0.320757
0.256304
0.240191
0.135454
0.022661
-0.017622
-0.025678
-0.033735
-0.025678
-0.049848
-0.065962
-0.049848
-0.041792
-0.049848
-0.041792
-0.065962
-0.033735
-0.041792
-0.041792
-0.049848
0.014605
0.143511
0.216021
0.216021
0.199908
0.135454
0.135454
0.054888
0.087115
0.014605
0.014605
-0.017622
-0.009565
0.006548
0.006548
-0.074018
-0.009565
-0.033735
-0.017622
-0.033735
-0.025678
-0.025678
-0.057905
-0.025678
-0.041792
-0.001508
-0.049848
-0.017622
-0.041792
-0.041792
-0.025678
-0.041792
-0.041792
0.014605
-0.017622
0.014605
-0.001508
-0.001508
-0.033735
0.006548
-0.017622
-0.146528
-0.275434
-0.331831
-0.331831
-0.339887
-0.243208
-0.146528
-0.090132
-0.001508
0.014605
-0.001508
0.006548
-0.025678
0.006548
-0.001508
0.014605
0.014605
0.014605
0.030718
-0.009565
0.006548
-0.009565
0.014605
-0.001508
-0.001508
0.014605
0.006548
0.014605
-0.017622
0.030718
0.006548
-0.001508
-0.017622
-0.017622
-0.009565
-0.017622
-0.017622
-0.017622
0.014605
0.014605
0.006548
-0.001508
0.006548
-0.001508
-0.009565
-0.001508
-0.009565
0.014605
-0.033735
0.006548
-0.025678
-0.017622
0.006548
-0.001508
-0.049848
-0.001508
-0.049848
-0.001508
-0.009565
-0.041792
-0.009565
-0.033735
-0.057905
0.014605
0.111285
0.240191
0.272417
0.296587
0.304644
0.232134
0.127398
0.030718
-0.001508
-0.025678
-0.025678
-0.057905
-0.041792
-0.065962
-0.017622
-0.041792
-0.065962
-0.049848
-0.074018
-0.025678
-0.041792
-0.017622
-0.017622
-0.049848
-0.033735
-0.017622
-0.041792
-0.041792
-0.041792
-0.033735
-0.033735
-0.025678
-0.009565
-0.049848
-0.017622
-0.041792
-0.009565
-0.025678
-0.001508
-0.033735
-0.025678
-0.033735
-0.033735
0.006548
-0.041792
-0.001508
-0.025678
-0.041792
-0.025678
-0.041792
-0.057905
-0.049848
0.127398
0.207964
0.256304
0.199908
0.207964
0.159624
0.159624
0.143511
0.119341
0.046831
0.038775
-0.017622
-0.114301
-0.259321
-0.323774
-0.372114
-0.299604
-0.243208
-0.170698
-0.065962
-0.033735
-0.009565
-0.009565
0.006548
-0.001508
0.006548
-0.009565
0.030718
-0.001508
0.022661
0.022661
-0.025678
-0.001508
0.014605
-0.009565
0.014605
0.014605
0.006548
-0.001508
0.022661
-0.001508
-0.001508
0.014605
-0.017622
-0.001508
0.022661
-0.017622
-0.033735
-0.009565
0.006548
-0.009565
-0.025678
0.022661
-0.025678
-0.017622
0.006548
-0.017622
-0.009565
-0.009565
0.006548
-0.009565
-0.041792
-0.025678
-0.017622
-0.001508
-0.009565
-0.041792
-0.033735
-0.017622
-0.025678
-0.017622
-0.017622
-0.033735
-0.009565
-0.033735
-0.001508
0.095171
0.224077
0.320757
0.328814
0.288531
0.207964
0.151568
0.054888
0.006548
-0.001508
-0.057905
-0.041792
-0.057905
-0.017622
-0.017622
0.006548
0.014605
-0.025678
0.022661
-0.041792
-0.065962
-0.025678
-0.041792
-0.025678
-0.049848
-0.025678
-0.033735
-0.033735
-0.041792
-0.041792
-0.033735
-0.009565
-0.025678
-0.025678
-0.041792
-0.001508
-0.009565
-0.017622
-0.025678
-0.017622
-0.041792
0.030718
-0.017622
-0.025678
-0.017622
-0.001508
-0.025678
-0.009565
-0.017622
0.014605
-0.009565
-0.033735
-0.009565
-0.033735
-0.009565
-0.009565
-0.009565
0.006548
0.006548
-0.025678
-0.017622
-0.009565
-0.009565
-0.025678
-0.170698
-0.235151
-0.356001
-0.380171
-0.380171
-0.283491
-0.202924
-0.122358
-0.074018
-0.041792
-0.025678
0.087115
0.191851
0.280474
0.264361
0.216021
0.216021
0.191851
0.183794
0.135454
0.111285
0.111285
0.046831
0.030718
0.022661
-0.001508
-0.001508
0.038775
-0.009565
-0.025678
0.014605
-0.009565
-0.001508
-0.033735
-0.001508
0.022661
-0.017622
0.014605
-0.017622
-0.017622
0.006548
-0.057905
-0.017622
-0.017622
0.006548
-0.025678
-0.033735
-0.025678
0.006548
0.006548
0.022661
-0.025678
-0.025678
-0.033735
-0.017622
-0.041792
-0.017622
-0.001508
-0.009565
0.006548
-0.033735
-0.033735
-0.025678
0.030718
0.111285
0.216021
0.312701
0.280474
0.312701
0.232134
0.111285
0.038775
0.030718
-0.033735
-0.025678
-0.025678
-0.017622
-0.017622
-0.049848
-0.001508
-0.057905
-0.033735
-0.017622
-0.041792
-0.033735
0.014605
-0.025678
-0.033735
-0.025678
-0.033735
-0.041792
-0.025678
-0.041792
-0.025678
-0.049848
-0.001508
-0.025678
-0.049848
-0.001508
-0.017622
-0.025678
-0.001508
-0.001508
-0.033735
-0.009565
-0.033735
-0.025678
0.014605
-0.025678
-0.025678
-0.017622
-0.001508
-0.025678
-0.041792
-0.009565
-0.025678
-0.009565
0.006548
-0.009565
-0.025678
0.014605
-0.001508
-0.009565
-0.025678
0.006548
-0.009565
-0.025678
-0.057905
-0.122358
-0.267378
-0.315717
-0.356001
-0.307661
-0.267378
-0.162641
-0.106245
-0.033735
-0.009565
-0.017622
0.006548
0.022661
-0.001508
0.014605
0.014605
-0.001508
-0.009565
0.038775
-0.009565
-0.009565
-0.017622
0.030718
0.006548
-0.009565
-0.001508
-0.001508
-0.025678
-0.017622
-0.009565
-0.009565
-0.009565
-0.025678
-0.001508
-0.033735
-0.009565
-0.041792
-0.033735
0.046831
0.183794
0.240191
0.248247
0.199908
0.167681
0.167681
0.127398
0.119341
0.111285
0.087115
0.046831
0.014605
0.006548
0.006548
0.030718
-0.001508
0.006548
-0.009565
0.006548
-0.009565
0.014605
-0.025678
-0.033735
-0.017622
-0.025678
0.071001
0.224077
0.240191
0.304644
0.280474
0.248247
0.159624
-0.009565
0.022661
-0.009565
-0.033735
-0.041792
-0.041792
-0.057905
-0.041792
-0.009565
-0.065962
-0.025678
-0.065962
-0.049848
-0.025678
-0.049848
-0.041792
-0.074018
-0.017622
-0.033735
-0.009565
-0.033735
-0.074018
-0.017622
-0.009565
-0.025678
-0.025678
-0.017622
-0.017622
-0.041792
0.006548
-0.001508
-0.041792
-0.017622
-0.009565
-0.001508
-0.001508
-0.017622
-0.041792
0.006548
-0.025678
-0.001508
-0.025678
0.006548
-0.001508
-0.001508
-0.049848
0.006548
-0.017622
-0.009565
-0.017622
-0.009565
0.030718
0.006548
-0.001508
-0.001508
-0.009565
-0.025678
-0.122358
-0.267378
-0.323774
-0.339887
-0.356001
-0.275434
-0.170698
-0.057905
-0.001508
-0.001508
-0.025678
0.022661
0.006548
-0.009565
0.038775
0.006548
0.022661
0.006548
0.014605
-0.009565
0.006548
-0.001508
0.030718
0.038775
-0.001508
0.006548
-0.001508
-0.001508
0.030718
0.006548
0.022661
0.006548
0.014605
-0.017622
-0.033735
-0.017622
-0.025678
-0.001508
-0.001508
-0.041792
-0.033735
0.014605
-0.017622
-0.025678
-0.017622
-0.025678
-0.017622
-0.041792
-0.009565
-0.033735
-0.025678
-0.041792
-0.025678
-0.025678
-0.025678
-0.057905
-0.025678
-0.025678
-0.033735
-0.041792
0.111285
0.224077
0.191851
0.248247
0.296587
0.385210
0.457720
0.457720
0.393267
0.288531
0.191851
0.071001
0.054888
-0.001508
-0.025678
-0.033735
-0.041792
-0.033735
-0.025678
-0.025678
-0.049848
-0.041792
-0.025678
-0.057905
-0.033735
-0.074018
-0.025678
-0.049848
-0.065962
-0.001508
-0.025678
-0.017622
-0.033735
-0.001508
-0.033735
-0.017622
-0.001508
0.006548
-0.017622
-0.009565
-0.017622
-0.025678
-0.001508
-0.025678
-0.001508
-0.033735
-0.025678
-0.033735
-0.041792
-0.017622
-0.033735
-0.001508
0.006548
-0.009565
-0.001508
-0.001508
-0.001508
-0.017622
-0.017622
-0.017622
-0.017622
-0.009565
-0.001508
0.022661
0.014605
0.014605
0.006548
-0.041792
-0.098188
-0.251264
-0.380171
-0.380171
-0.323774
-0.283491
-0.186811
-0.098188
-0.025678
-0.017622
0.014605
-0.009565
-0.001508
-0.009565
0.006548
0.030718
0.014605
0.022661
0.014605
0.038775
0.022661
0.038775
0.014605
0.022661
0.038775
0.006548
0.006548
-0.009565
0.006548
0.006548
-0.001508
0.022661
0.014605
0.022661
0.014605
-0.025678
0.022661
-0.017622
-0.001508
-0.001508
-0.017622
-0.017622
-0.017622
-0.009565
-0.017622
-0.009565
0.014605
-0.025678
-0.009565
-0.001508
-0.009565
0.014605
0.006548
0.006548
-0.025678
0.006548
-0.033735
0.014605
-0.033735
-0.017622
-0.017622
-0.041792
-0.041792
0.006548
0.111285
0.232134
0.304644
0.377154
0.336870
0.232134
0.167681
0.038775
0.006548
-0.017622
-0.025678
-0.057905
-0.017622
-0.065962
-0.017622
-0.049848
-0.057905
-0.017622
-0.057905
-0.025678
-0.082075
-0.033735
-0.065962
-0.057905
0.014605
0.127398
0.216021
0.232134
0.183794
0.175738
0.143511
0.151568
0.103228
0.087115
0.054888
0.046831
0.054888
0.046831
-0.009565
0.022661
-0.009565
0.030718
-0.017622
-0.017622
-0.009565
-0.025678
-0.025678
-0.025678
-0.017622
-0.001508
-0.009565
-0.041792
-0.025678
0.006548
-0.017622
-0.017622
-0.017622
-0.009565
-0.017622
0.006548
0.006548
-0.001508
-0.001508
-0.025678
-0.106245
-0.235151
-0.299604
-0.347944
-0.323774
-0.283491
-0.210981
-0.098188
-0.065962
0.006548
-0.017622
-0.009565
-0.025678
-0.001508
-0.017622
0.014605
0.022661
0.006548
-0.025678
0.030718
0.014605
0.006548
-0.001508
0.030718
0.030718
-0.009565
0.030718
0.006548
0.014605
-0.033735
-0.001508
0.006548
-0.009565
-0.017622
-0.001508
-0.009565
-0.017622
-0.001508
0.022661
0.022661
0.038775
-0.001508
0.014605
0.006548
-0.017622
0.006548
-0.017622
-0.033735
-0.017622
-0.001508
-0.017622
-0.001508
-0.017622
0.014605
-0.001508
-0.017622
-0.025678
0.014605
-0.041792
-0.001508
-0.041792
-0.009565
-0.041792
-0.001508
0.095171
0.216021
0.288531
0.320757
0.320757
0.224077
0.175738
0.119341
0.046831
-0.001508
-0.009565
-0.033735
-0.041792
-0.025678
-0.041792
-0.033735
-0.057905
-0.049848
-0.041792
-0.025678
-0.033735
-0.025678
-0.033735
-0.025678
-0.009565
-0.057905
-0.033735
-0.009565
-0.057905
-0.041792
-0.001508
-0.074018
-0.025678
-0.033735
-0.025678
-0.025678
-0.033735
-0.009565
-0.049848
0.006548
-0.025678
-0.001508
-0.049848
-0.017622
-0.041792
-0.041792
-0.041792
-0.017622
0.087115
0.207964
0.248247
0.216021
0.191851
0.183794
0.143511
0.143511
0.119341
0.119341
0.103228
0.111285
0.071001
0.014605
0.022661
-0.033735
-0.098188
-0.251264
-0.307661
-0.347944
-0.323774
-0.283491
-0.210981
-0.082075
-0.049848
0.014605
0.038775
0.022661
-0.009565
0.038775
-0.009565
0.006548
0.022661
0.014605
-0.001508
0.038775
0.038775
0.014605
0.006548
-0.001508
0.038775
0.014605
0.022661
0.006548
-0.001508
0.038775
-0.009565
-0.009565
0.014605
0.014605
-0.025678
-0.009565
-0.025678
-0.001508
-0.009565
-0.017622
-0.017622
-0.025678
0.006548
-0.025678
0.006548
-0.009565
-0.033735
-0.009565
-0.041792
0.006548
-0.009565
-0.041792
-0.025678
-0.017622
-0.009565
0.014605
-0.017622
0.006548
-0.057905
-0.001508
-0.033735
-0.041792
-0.009565
0.006548
0.079058
0.143511
0.288531
0.312701
0.312701
0.248247
0.151568
0.054888
-0.001508
-0.001508
-0.009565
-0.041792
-0.009565
-0.041792
-0.041792
-0.025678
-0.017622
-0.033735
-0.065962
-0.025678
-0.025678
-0.025678
-0.009565
-0.033735
-0.057905
-0.025678
-0.025678
-0.041792
-0.017622
-0.041792
-0.017622
-0.025678
-0.009565
-0.033735
-0.033735
-0.001508
-0.009565
0.006548
-0.025678
-0.033735
-0.001508
-0.009565
-0.017622
-0.009565
-0.009565
0.006548
0.006548
0.006548
-0.025678
-0.041792
-0.017622
-0.017622
-0.017622
-0.009565
-0.025678
0.006548
-0.001508
-0.025678
0.014605
-0.025678
-0.017622
0.006548
0.006548
-0.009565
-0.106245
-0.219038
-0.307661
-0.388227
-0.331831
-0.307661
-0.227094
-0.114301
-0.041792
-0.033735
-0.009565
0.143511
0.248247
0.272417
0.256304
0.232134
0.256304
0.183794
0.167681
0.159624
0.103228
0.062945
0.030718
0.046831
-0.001508
0.014605
0.038775
0.014605
0.022661
0.014605
0.014605
-0.017622
-0.009565
0.014605
0.014605
-0.001508
0.006548
-0.017622
-0.017622
-0.033735
-0.001508
-0.001508
-0.017622
-0.017622
0.022661
-0.057905
0.022661
-0.017622
-0.025678
-0.001508
-0.033735
-0.009565
-0.025678
-0.041792
0.014605
-0.009565
-0.025678
-0.009565
-0.033735
-0.041792
0.014605
-0.041792
-0.041792
0.006548
0.062945
0.199908
0.280474
0.304644
0.312701
0.248247
0.167681
0.062945
-0.001508
-0.001508
-0.025678
-0.025678
-0.049848
-0.017622
-0.033735
-0.009565
-0.041792
-0.001508
0.006548
-0.025678
-0.017622
-0.025678
-0.057905
-0.033735
-0.033735
-0.025678
-0.057905
-0.017622
-0.017622
-0.049848
-0.033735
-0.017622
-0.033735
-0.033735
-0.017622
-0.033735
-0.017622
-0.017622
-0.025678
-0.017622
-0.025678
-0.001508
-0.009565
-0.017622
0.006548
-0.025678
-0.001508
0.014605
-0.033735
-0.017622
-0.009565
-0.009565
-0.001508
-0.017622
-0.001508
-0.009565
-0.009565
-0.017622
0.006548
0.014605
-0.001508
-0.009565
0.006548
-0.025678
-0.106245
-0.219038
-0.323774
-0.323774
-0.356001
-0.299604
-0.227094
-0.090132
-0.049848
-0.001508
-0.017622
0.038775
-0.009565
0.030718
0.014605
0.006548
0.014605
0.022661
0.022661
0.030718
0.038775
0.022661
0.014605
0.046831
-0.001508
0.030718
-0.033735
-0.009565
-0.033735
-0.025678
0.014605
-0.001508
0.054888
0.207964
0.232134
0.240191
0.232134
0.199908
0.167681
0.119341
0.159624
0.087115
0.095171
0.054888
0.014605
-0.009565
-0.049848
-0.017622
-0.017622
-0.009565
-0.041792
-0.017622
-0.041792
-0.025678
-0.025678
0.022661
0.022661
-0.009565
-0.017622
0.030718
-0.025678
-0.049848
-0.041792
0.006548
0.095171
0.167681
0.328814
0.320757
0.320757
0.240191
0.175738
0.079058
0.006548
0.006548
-0.033735
-0.009565
-0.033735
-0.049848
-0.033735
-0.025678
-0.025678
-0.057905
-0.001508
-0.033735
-0.041792
-0.025678
-0.041792
-0.049848
-0.009565
-0.017622
-0.009565
-0.025678
-0.033735
-0.009565
-0.009565
-0.017622
-0.001508
-0.033735
-0.009565
-0.025678
-0.017622
0.006548
-0.025678
-0.009565
-0.033735
-0.017622
-0.009565
-0.025678
0.006548
-0.017622
0.006548
-0.009565
-0.041792
-0.017622
-0.025678
0.006548
-0.017622
0.006548
-0.033735
-0.033735
-0.001508
-0.017622
0.030718
0.030718
-0.009565
0.022661
0.014605
-0.041792
-0.114301
-0.194868
-0.315717
-0.339887
-0.356001
-0.291548
-0.210981
-0.114301
-0.041792
-0.009565
-0.001508
-0.009565
0.054888
-0.001508
0.014605
-0.001508
-0.009565
0.038775
0.006548
0.054888
0.006548
0.038775
0.046831
0.006548
0.014605
0.006548
0.022661
0.054888
0.022661
0.014605
0.006548
-0.025678
-0.017622
-0.033735
0.014605
-0.017622
-0.017622
-0.001508
-0.017622
-0.017622
0.022661
-0.009565
-0.009565
0.006548
-0.025678
0.006548
0.006548
-0.025678
-0.017622
0.006548
-0.017622
-0.017622
0.014605
-0.033735
-0.017622
0.006548
-0.049848
-0.057905
-0.009565
-0.049848
-0.041792
0.103228
0.224077
0.248247
0.320757
0.433550
0.441607
0.465777
0.433550
0.352984
0.256304
0.103228
0.071001
0.014605
-0.001508
0.006548
-0.041792
-0.025678
-0.033735
-0.025678
-0.033735
-0.049848
-0.009565
-0.057905
-0.057905
-0.033735
-0.057905
-0.057905
-0.057905
-0.049848
-0.025678
-0.033735
-0.049848
0.006548
-0.017622
-0.025678
-0.017622
-0.049848
0.014605
-0.033735
0.006548
0.014605
-0.025678
-0.025678
-0.009565
-0.001508
-0.017622
-0.017622
-0.001508
-0.025678
-0.017622
-0.009565
-0.033735
-0.049848
-0.001508
-0.009565
-0.009565
-0.001508
0.006548
-0.033735
-0.009565
0.014605
-0.041792
0.006548
-0.017622
-0.001508
0.006548
-0.001508
-0.065962
-0.210981
-0.267378
-0.380171
-0.347944
-0.307661
-0.186811
-0.074018
-0.025678
-0.017622
-0.001508
0.022661
-0.009565
-0.001508
0.014605
0.006548
-0.001508
0.030718
0.014605
-0.009565
0.038775
0.014605
0.006548
0.014605
0.022661
0.038775
0.006548
0.006548
0.022661
0.006548
0.014605
0.030718
-0.001508
-0.001508
0.030718
-0.025678
-0.009565
-0.017622
0.014605
-0.025678
-0.025678
-0.017622
-0.033735
-0.041792
-0.001508
0.014605
-0.009565
-0.009565
-0.001508
-0.025678
-0.009565
0.006548
-0.001508
-0.009565
0.006548
0.022661
-0.009565
-0.017622
-0.025678
-0.017622
-0.017622
-0.041792
-0.049848
-0.009565
0.095171
0.159624
0.288531
0.352984
0.288531
0.264361
0.199908
0.071001
0.030718
-0.009565
-0.033735
-0.033735
-0.041792
-0.065962
-0.041792
-0.074018
-0.049848
-0.057905
-0.074018
-0.074018
0.006548
0.143511
0.191851
0.207964
0.191851
0.159624
0.143511
0.127398
0.111285
0.071001
0.014605
0.006548
-0.017622
0.006548
-0.001508
0.030718
0.022661
-0.017622
0.006548
-0.001508
0.022661
-0.025678
-0.025678
0.006548
-0.001508
-0.033735
-0.001508
-0.001508
-0.025678
-0.025678
-0.033735
-0.017622
-0.001508
-0.025678
-0.009565
-0.009565
-0.001508
-0.001508
-0.017622
-0.041792
0.014605
-0.025678
0.006548
0.022661
-0.057905
-0.178755
-0.283491
-0.364057
-0.339887
-0.291548
-0.202924
-0.057905
-0.065962
0.022661
-0.017622
-0.009565
0.022661
-0.009565
0.006548
-0.009565
0.054888
0.006548
-0.001508
0.038775
-0.017622
-0.001508
0.014605
0.014605
0.006548
0.006548
-0.001508
0.014605
-0.017622
-0.001508
-0.009565
0.022661
-0.001508
-0.009565
-0.025678
-0.009565
-0.033735
-0.001508
-0.025678
0.038775
0.006548
-0.001508
-0.001508
-0.033735
-0.025678
-0.001508
-0.009565
-0.017622
-0.049848
-0.017622
-0.025678
-0.041792
0.014605
-0.009565
-0.033735
-0.001508
-0.025678
-0.009565
-0.017622
-0.025678
-0.017622
-0.041792
-0.009565
-0.025678
0.046831
0.151568
0.240191
0.280474
0.304644
0.288531
0.175738
0.095171
0.046831
0.022661
-0.041792
-0.033735
-0.017622
-0.049848
-0.041792
-0.041792
-0.057905
-0.057905
-0.057905
-0.033735
-0.009565
-0.057905
-0.009565
-0.033735
-0.033735
-0.025678
-0.017622
-0.025678
-0.041792
-0.041792
-0.025678
-0.041792
-0.009565
-0.065962
-0.041792
-0.025678
-0.017622
-0.057905
-0.009565
-0.033735
-0.025678
-0.033735
-0.033735
-0.033735
-0.025678
-0.033735
-0.033735
0.038775
0.175738
0.199908
0.256304
0.216021
0.183794
0.159624
0.175738
0.135454
0.135454
0.079058
0.095171
0.087115
0.030718
0.014605
0.014605
0.006548
-0.074018
-0.194868
-0.315717
-0.388227
-0.347944
-0.315717
-0.219038
-0.122358
-0.082075
-0.009565
-0.025678
0.062945
0.030718
0.022661
0.014605
0.038775
0.006548
0.022661
-0.017622
-0.009565
0.030718
0.014605
-0.001508
0.030718
0.022661
-0.017622
0.014605
-0.017622
0.046831
0.006548
-0.001508
-0.001508
-0.001508
-0.025678
0.006548
-0.009565
0.022661
-0.009565
-0.009565
0.006548
-0.033735
-0.009565
-0.001508
0.022661
-0.033735
0.022661
-0.017622
0.014605
-0.001508
-0.001508
-0.025678
-0.025678
-0.009565
-0.009565
-0.017622
-0.025678
-0.033735
-0.025678
-0.025678
-0.017622
-0.017622
-0.017622
-0.025678
-0.009565
0.062945
0.151568
0.248247
0.320757
0.312701
0.288531
0.207964
0.071001
0.054888
-0.009565
-0.033735
-0.017622
-0.041792
-0.025678
0.006548
-0.001508
-0.017622
-0.025678
-0.001508
-0.049848
-0.017622
-0.033735
-0.017622
-0.041792
-0.009565
-0.025678
-0.025678
-0.017622
-0.017622
-0.025678
-0.041792
-0.033735
-0.009565
-0.017622
-0.001508
-0.017622
-0.033735
-0.009565
-0.025678
-0.017622
0.006548
-0.009565
-0.009565
-0.017622
-0.001508
-0.017622
-0.017622
0.014605
-0.009565
-0.001508
0.006548
0.014605
-0.033735
-0.017622
-0.017622
0.014605
-0.041792
0.006548
-0.017622
-0.041792
-0.001508
-0.001508
-0.001508
-0.033735
-0.090132
-0.202924
-0.339887
-0.396284
-0.299604
-0.154585
0.006548
0.127398
0.191851
0.167681
0.199908
0.159624
0.151568
0.095171
0.103228
0.038775
0.030718
0.062945
0.014605
0.054888
0.014605
0.038775
0.030718
0.006548
-0.001508
-0.033735
-0.009565
0.038775
-0.001508
-0.009565
0.030718
-0.009565
-0.009565
-0.009565
-0.009565
0.014605
-0.017622
0.014605
0.014605
-0.033735
-0.009565
0.014605
-0.025678
-0.033735
-0.017622
-0.009565
-0.001508
-0.033735
0.014605
0.014605
0.022661
0.030718
-0.025678
-0.001508
-0.001508
-0.009565
-0.017622
-0.017622
0.006548
-0.009565
-0.025678
-0.017622
-0.041792
-0.025678
0.030718
0.159624
0.272417
0.320757
0.336870
0.296587
0.175738
0.103228
0.030718
-0.041792
0.022661
-0.041792
-0.041792
-0.009565
-0.049848
-0.041792
-0.017622
-0.017622
-0.049848
-0.001508
0.030718
0.022661
-0.041792
-0.025678
-0.017622
-0.009565
-0.065962
-0.033735
-0.033735
-0.017622
-0.017622
-0.033735
-0.033735
-0.033735
-0.009565
-0.017622
-0.025678
0.014605
-0.009565
-0.017622
-0.017622
-0.033735
-0.001508
-0.025678
0.014605
-0.049848
-0.009565
-0.017622
0.006548
-0.017622
-0.009565
-0.041792
0.014605
-0.009565
-0.025678
-0.017622
-0.025678
-0.017622
0.022661
-0.017622
0.014605
0.006548
-0.001508
0.006548
-0.090132
-0.202924
-0.307661
-0.339887
-0.347944
-0.299604
-0.202924
-0.114301
-0.049848
-0.001508
-0.009565
-0.001508
-0.017622
0.014605
-0.001508
0.014605
0.006548
0.022661
-0.001508
-0.001508
-0.001508
0.014605
0.030718
0.006548
0.014605
0.022661
-0.009565
-0.001508
-0.009565
0.014605
-0.025678
-0.009565
-0.049848
0.087115
0.199908
0.224077
0.232134
0.224077
0.224077
0.183794
0.167681
0.143511
0.095171
0.062945
0.046831
0.054888
0.038775
-0.009565
0.006548
-0.041792
-0.001508
-0.033735
0.006548
0.006548
-0.041792
0.022661
-0.009565
0.014605
-0.001508
-0.033735
-0.017622
-0.033735
-0.017622
-0.025678
0.038775
0.127398
0.248247
0.304644
0.296587
0.272417
0.199908
0.071001
0.046831
0.014605
-0.033735
-0.017622
-0.001508
-0.041792
-0.017622
-0.057905
-0.017622
-0.065962
-0.041792
-0.025678
-0.041792
-0.057905
-0.009565
-0.041792
-0.033735
-0.033735
-0.009565
-0.025678
-0.041792
-0.017622
-0.033735
-0.033735
-0.041792
-0.033735
-0.009565
-0.025678
0.006548
-0.033735
-0.025678
0.014605
-0.033735
-0.033735
-0.001508
0.006548
-0.009565
-0.025678
0.014605
-0.001508
-0.033735
-0.025678
-0.017622
-0.001508
-0.017622
-0.025678
-0.025678
-0.009565
-0.001508
0.006548
0.006548
0.006548
0.030718
-0.001508
-0.025678
-0.025678
-0.074018
-0.178755
-0.267378
-0.347944
-0.331831
-0.323774
-0.219038
-0.146528
-0.057905
-0.041792
-0.009565
0.014605
-0.001508
0.022661
0.038775
0.014605
0.006548
0.014605
0.046831
-0.017622
0.054888
-0.017622
-0.001508
0.014605
-0.001508
0.014605
0.006548
0.006548
0.030718
0.022661
0.022661
-0.009565
0.038775
-0.001508
0.006548
-0.009565
0.014605
-0.017622
-0.017622
-0.025678
0.014605
-0.017622
-0.001508
-0.049848
-0.001508
-0.033735
-0.009565
0.014605
-0.001508
-0.017622
-0.041792
0.014605
-0.033735
-0.009565
-0.057905
-0.049848
0.014605
0.143511
0.224077
0.216021
0.232134
0.199908
0.167681
0.167681
0.175738
0.232134
0.320757
0.361040
0.328814
0.240191
0.216021
0.095171
0.054888
-0.017622
-0.033735
-0.041792
-0.065962
-0.041792
-0.057905
-0.033735
-0.017622
-0.025678
-0.049848
-0.041792
-0.049848
-0.025678
-0.049848
-0.033735
-0.057905
-0.041792
-0.009565
-0.057905
-0.065962
-0.033735
-0.025678
-0.001508
0.006548
0.022661
0.014605
-0.017622
-0.001508
-0.025678
-0.017622
-0.057905
-0.009565
0.022661
-0.009565
0.006548
-0.001508
-0.033735
-0.017622
-0.001508
-0.017622
-0.009565
-0.009565
-0.001508
-0.009565
-0.025678
-0.001508
-0.001508
-0.017622
0.006548
-0.017622
-0.017622
0.014605
-0.025678
-0.009565
-0.001508
-0.033735
-0.130415
-0.283491
-0.364057
-0.356001
-0.315717
-0.235151
-0.098188
-0.074018
-0.009565
0.014605
0.030718
0.014605
-0.009565
0.022661
-0.001508
0.022661
0.022661
0.006548
0.022661
0.030718
0.014605
0.038775
0.014605
0.046831
-0.001508
0.014605
0.022661
0.022661
-0.017622
0.014605
-0.017622
-0.001508
0.022661
-0.009565
0.046831
-0.017622
0.022661
-0.017622
-0.017622
-0.017622
-0.017622
-0.017622
-0.001508
-0.009565
-0.001508
-0.025678
-0.025678
-0.049848
-0.017622
0.030718
-0.033735
0.006548
-0.009565
-0.009565
-0.017622
-0.033735
-0.009565
-0.001508
-0.025678
-0.033735
-0.025678
-0.082075
-0.001508
0.006548
0.135454
0.256304
0.320757
0.328814
0.272417
0.199908
0.079058
0.006548
-0.009565
-0.033735
-0.065962
-0.057905
-0.065962
-0.041792
-0.057905
-0.049848
-0.041792
-0.082075
-0.033735
0.103228
0.199908
0.240191
0.191851
0.199908
0.159624
0.151568
0.151568
0.103228
0.079058
0.071001
0.014605
-0.025678
0.014605
-0.017622
0.006548
-0.001508
0.006548
0.038775
-0.017622
-0.025678
-0.041792
-0.001508
-0.009565
-0.041792
-0.001508
-0.033735
-0.001508
-0.009565
-0.017622
0.022661
-0.041792
-0.017622
-0.025678
-0.025678
-0.017622
-0.033735
-0.017622
-0.009565
0.006548
-0.025678
-0.009565
-0.009565
-0.025678
-0.065962
-0.219038
-0.251264
-0.347944
-0.364057
-0.299604
-0.210981
-0.114301
-0.025678
-0.017622
-0.009565
-0.009565
0.030718
0.006548
0.038775
0.030718
-0.001508
0.054888
0.014605
0.054888
-0.009565
0.054888
0.022661
0.038775
0.022661
-0.001508
0.030718
-0.009565
0.006548
-0.017622
0.022661
0.006548
-0.017622
0.030718
-0.017622
-0.009565
-0.017622
-0.025678
0.022661
-0.017622
0.014605
0.030718
0.022661
0.022661
-0.017622
0.014605
0.006548
-0.017622
0.006548
-0.041792
-0.025678
-0.017622
0.006548
-0.001508
0.022661
-0.009565
-0.001508
-0.017622
-0.049848
-0.009565
-0.033735
-0.009565
-0.025678
-0.009565
0.006548
0.135454
0.248247
0.328814
0.328814
0.296587
0.224077
0.119341
0.022661
0.038775
-0.017622
-0.025678
-0.049848
-0.049848
-0.017622
-0.017622
-0.057905
-0.025678
-0.049848
-0.049848
-0.017622
-0.033735
-0.057905
-0.057905
-0.025678
-0.041792
-0.025678
-0.041792
-0.041792
-0.033735
-0.033735
-0.057905
-0.049848
-0.041792
-0.033735
-0.025678
-0.057905
-0.033735
-0.033735
-0.033735
-0.033735
0.054888
0.199908
0.199908
0.207964
0.232134
0.199908
0.159624
0.103228
0.054888
0.062945
0.022661
-0.001508
0.022661
0.038775
-0.009565
-0.017622
0.022661
-0.017622
-0.025678
0.006548
-0.025678
0.030718
-0.017622
-0.082075
-0.154585
-0.291548
-0.339887
-0.380171
-0.307661
-0.235151
-0.154585
-0.082075
-0.001508
-0.025678
0.022661
0.006548
-0.001508
0.038775
-0.033735
0.030718
-0.001508
-0.009565
0.006548
-0.001508
-0.001508
0.006548
-0.017622
0.030718
-0.033735
0.030718
-0.025678
0.014605
-0.009565
0.006548
-0.009565
0.030718
-0.001508
-0.017622
-0.017622
-0.017622
0.022661
0.006548
-0.009565
-0.025678
-0.017622
0.006548
-0.001508
-0.001508
-0.009565
0.022661
0.014605
-0.001508
-0.025678
-0.009565
-0.017622
-0.025678
0.006548
-0.009565
-0.017622
-0.009565
-0.009565
-0.033735
-0.041792
0.014605
-0.009565
-0.049848
-0.017622
0.006548
0.127398
0.232134
0.304644
0.320757
0.312701
0.207964
0.111285
0.046831
-0.017622
-0.009565
-0.033735
-0.041792
-0.041792
-0.017622
-0.009565
-0.041792
-0.001508
-0.033735
-0.025678
-0.017622
-0.041792
-0.049848
-0.057905
-0.041792
-0.049848
-0.041792
-0.057905
-0.049848
-0.049848
-0.017622
-0.017622
-0.017622
-0.025678
-0.017622
-0.017622
-0.049848
-0.009565
-0.009565
-0.033735
-0.017622
-0.033735
-0.017622
-0.001508
-0.009565
-0.049848
0.006548
-0.017622
-0.017622
0.022661
0.006548
0.014605
-0.001508
-0.025678
0.006548
-0.017622
-0.009565
-0.001508
-0.001508
-0.001508
-0.001508
-0.009565
-0.009565
-0.009565
-0.074018
-0.154585
-0.331831
-0.372114
-0.396284
-0.323774
-0.114301
0.103228
0.207964
0.207964
0.216021
0.199908
0.159624
0.167681
0.111285
0.119341
0.054888
0.022661
0.071001
0.054888
0.046831
0.022661
0.030718
0.022661
0.006548
-0.001508
-0.025678
0.014605
0.006548
0.022661
0.006548
0.006548
0.006548
-0.017622
-0.001508
-0.033735
0.014605
-0.001508
-0.025678
-0.033735
0.006548
-0.017622
-0.009565
-0.009565
0.014605
-0.033735
0.038775
0.006548
-0.009565
-0.001508
-0.009565
-0.017622
-0.009565
0.022661
0.006548
0.006548
-0.025678
-0.025678
-0.017622
-0.033735
-0.009565
-0.033735
-0.017622
-0.017622
0.046831
0.143511
0.232134
0.328814
0.328814
0.304644
0.256304
0.111285
0.062945
0.006548
-0.025678
-0.033735
-0.025678
-0.001508
-0.057905
-0.041792
-0.025678
-0.065962
-0.041792
-0.017622
-0.033735
0.022661
-0.017622
-0.041792
-0.025678
-0.033735
-0.049848
-0.001508
-0.057905
-0.025678
-0.025678
-0.033735
-0.009565
-0.009565
-0.001508
-0.009565
-0.017622
-0.009565
-0.025678
0.022661
-0.041792
-0.017622
-0.017622
-0.017622
-0.033735
-0.001508
0.006548
-0.017622
-0.033735
-0.001508
-0.017622
-0.041792
0.014605
-0.025678
-0.033735
-0.009565
0.014605
-0.001508
0.014605
-0.009565
-0.009565
-0.001508
-0.025678
0.038775
-0.074018
-0.138471
-0.291548
-0.315717
-0.372114
-0.356001
-0.243208
-0.178755
-0.098188
-0.033735
-0.017622
-0.009565
0.014605
-0.001508
-0.009565
-0.025678
0.046831
0.022661
0.014605
0.014605
0.006548
0.014605
0.006548
0.014605
-0.001508
-0.001508
0.014605
-0.025678
0.006548
0.062945
0.159624
0.240191
0.232134
0.256304
0.159624
0.151568
0.111285
0.111285
0.087115
0.079058
0.062945
0.071001
-0.001508
-0.009565
0.014605
-0.009565
-0.001508
-0.017622
-0.025678
-0.009565
-0.009565
-0.001508
-0.017622
-0.001508
-0.017622
-0.025678
-0.025678
-0.001508
-0.009565
-0.025678
0.014605
-0.025678
-0.041792
-0.009565
0.030718
0.111285
0.232134
