0.512822
0.432256
0.383916
0.230840
0.101933
0.061650
-0.010860
-0.026973
0.013310
-0.010860
-0.035029
-0.026973
-0.035029
-0.010860
-0.051143
-0.026973
-0.018916
-0.010860
-0.026973
-0.035029
-0.043086
-0.002803
-0.026973
-0.026973
-0.059199
0.029424
-0.043086
-0.043086
-0.035029
-0.002803
-0.010860
0.013310
0.013310
-0.018916
-0.026973
-0.002803
-0.026973
-0.026973
0.013310
-0.026973
0.005254
-0.018916
-0.018916
-0.002803
-0.010860
0.013310
-0.010860
-0.010860
-0.002803
0.005254
-0.010860
-0.026973
-0.018916
-0.002803
-0.018916
0.005254
-0.010860
-0.002803
0.005254
0.045537
-0.002803
-0.091426
-0.220332
-0.325069
-0.365352
-0.317012
-0.292842
-0.212276
-0.099483
-0.067256
-0.026973
0.005254
-0.002803
0.005254
0.005254
-0.018916
0.061650
0.013310
0.005254
0.005254
0.037480
0.021367
0.021367
-0.010860
0.013310
0.013310
0.013310
-0.010860
-0.002803
0.013310
0.005254
-0.018916
0.029424
0.029424
-0.010860
0.021367
-0.010860
0.005254
-0.010860
-0.010860
-0.018916
0.005254
-0.018916
-0.018916
-0.010860
0.013310
-0.010860
0.005254
0.013310
-0.010860
-0.010860
-0.051143
-0.002803
-0.010860
-0.018916
-0.026973
-0.010860
-0.035029
-0.026973
-0.002803
-0.026973
0.005254
-0.018916
0.013310
-0.010860
0.085820
0.198613
0.311406
0.319463
0.295293
0.255010
0.190556
0.061650
-0.035029
-0.010860
-0.051143
-0.026973
-0.026973
-0.035029
-0.043086
-0.067256
-0.043086
-0.051143
-0.075313
-0.059199
0.045537
0.198613
0.198613
0.182500
0.158330
0.109990
0.077764
0.005254
0.029424
0.037480
0.005254
-0.002803
-0.026973
0.013310
-0.002803
-0.010860
-0.026973
-0.035029
-0.018916
-0.026973
-0.035029
-0.043086
0.005254
-0.018916
-0.018916
-0.010860
-0.035029
-0.026973
-0.010860
-0.018916
0.005254
-0.043086
-0.018916
0.005254
-0.026973
-0.018916
-0.010860
0.029424
-0.010860
-0.018916
-0.018916
-0.010860
-0.010860
-0.018916
-0.107539
-0.163936
-0.341182
-0.357295
-0.373408
-0.317012
-0.212276
-0.107539
-0.043086
-0.010860
0.013310
0.013310
-0.018916
0.021367
0.021367
-0.010860
0.013310
0.021367
0.005254
0.053594
0.021367
-0.010860
0.045537
-0.018916
0.021367
-0.010860
0.013310
0.037480
-0.010860
0.037480
-0.018916
-0.002803
-0.010860
0.005254
-0.002803
-0.018916
0.005254
0.021367
-0.002803
-0.010860
-0.010860
-0.002803
-0.035029
0.005254
-0.010860
-0.002803
-0.018916
0.005254
-0.035029
0.013310
-0.010860
-0.018916
0.037480
-0.018916
-0.002803
0.021367
-0.026973
0.005254
-0.043086
-0.010860
-0.043086
-0.051143
-0.018916
-0.010860
0.037480
0.174443
0.295293
0.311406
0.335576
0.263066
0.198613
0.053594
-0.002803
-0.010860
-0.026973
-0.035029
-0.059199
-0.018916
-0.010860
-0.043086
-0.035029
-0.043086
-0.051143
-0.043086
-0.010860
-0.043086
-0.075313
-0.018916
-0.043086
-0.035029
-0.051143
-0.035029
-0.043086
-0.010860
-0.010860
-0.035029
-0.043086
-0.010860
-0.010860
-0.010860
-0.018916
-0.010860
-0.010860
-0.043086
-0.002803
-0.010860
-0.010860
-0.043086
-0.035029
-0.010860
-0.035029
0.077764
0.190556
0.238896
0.198613
0.198613
0.166387
0.158330
0.118047
0.093877
0.045537
0.037480
-0.018916
0.037480
0.013310
0.013310
0.029424
-0.002803
-0.091426
-0.212276
-0.268672
-0.381465
-0.349238
-0.284785
-0.180049
-0.043086
-0.010860
-0.002803
0.013310
0.029424
0.021367
0.013310
0.021367
0.013310
0.013310
0.045537
-0.002803
0.029424
0.021367
0.029424
0.037480
-0.010860
0.029424
-0.002803
0.037480
-0.002803
-0.018916
-0.002803
0.021367
-0.010860
0.013310
-0.010860
-0.018916
-0.018916
-0.010860
0.021367
-0.018916
-0.010860
-0.026973
-0.010860
-0.018916
0.005254
-0.018916
-0.010860
-0.010860
0.005254
0.013310
-0.002803
-0.026973
-0.002803
-0.035029
-0.018916
-0.010860
-0.002803
-0.043086
0.005254
-0.010860
-0.026973
-0.010860
-0.026973
-0.018916
-0.043086
0.077764
0.182500
0.311406
0.343633
0.335576
0.271123
0.174443
0.093877
0.021367
-0.002803
-0.018916
-0.067256
-0.010860
-0.059199
0.005254
-0.067256
-0.035029
-0.026973
-0.026973
-0.018916
-0.067256
-0.043086
-0.010860
-0.059199
-0.043086
-0.051143
-0.010860
0.013310
-0.035029
-0.035029
0.005254
-0.059199
-0.018916
-0.018916
-0.026973
-0.035029
-0.043086
-0.018916
-0.026973
-0.026973
-0.026973
-0.018916
-0.018916
-0.002803
-0.002803
0.005254
-0.010860
-0.010860
-0.018916
0.013310
-0.018916
-0.035029
0.013310
-0.035029
-0.018916
0.005254
-0.026973
-0.018916
0.005254
-0.002803
-0.018916
-0.018916
0.013310
-0.010860
-0.123652
-0.220332
-0.365352
-0.389522
-0.325069
-0.139766
0.053594
0.158330
0.174443
0.174443
0.126103
0.077764
0.053594
0.069707
0.013310
0.005254
0.029424
0.061650
-0.010860
0.029424
0.037480
0.013310
0.021367
0.029424
-0.002803
0.013310
0.005254
0.005254
0.029424
0.053594
-0.010860
0.005254
0.005254
0.037480
-0.002803
-0.026973
0.021367
-0.018916
-0.018916
0.005254
-0.018916
-0.018916
-0.026973
-0.018916
-0.018916
-0.026973
0.013310
-0.018916
-0.002803
-0.018916
-0.035029
-0.018916
-0.018916
0.037480
-0.018916
-0.018916
-0.043086
-0.018916
-0.035029
-0.002803
-0.043086
-0.010860
-0.043086
0.013310
0.069707
0.182500
0.327519
0.359746
0.335576
0.287236
0.166387
0.069707
0.029424
-0.026973
-0.018916
-0.043086
-0.010860
-0.035029
-0.051143
-0.002803
-0.043086
-0.043086
-0.051143
-0.043086
-0.010860
-0.083369
-0.026973
-0.035029
-0.010860
-0.051143
-0.043086
-0.018916
-0.026973
-0.043086
-0.002803
-0.035029
-0.026973
-0.043086
-0.010860
-0.035029
-0.051143
-0.010860
-0.035029
-0.018916
-0.067256
-0.002803
-0.051143
-0.026973
0.005254
-0.010860
-0.010860
0.021367
-0.026973
0.013310
0.005254
-0.043086
0.005254
-0.026973
-0.035029
-0.026973
-0.026973
-0.002803
0.013310
-0.002803
0.029424
-0.002803
0.013310
-0.035029
-0.083369
-0.180049
-0.284785
-0.341182
-0.365352
-0.268672
-0.171992
-0.099483
-0.035029
-0.035029
0.021367
-0.002803
-0.018916
0.029424
0.021367
0.037480
0.005254
-0.002803
0.053594
0.013310
0.037480
0.013310
-0.026973
-0.018916
-0.010860
0.021367
-0.018916
-0.010860
-0.010860
0.013310
-0.010860
-0.051143
-0.026973
0.037480
0.246953
0.246953
0.222783
0.238896
0.182500
0.158330
0.182500
0.134160
0.069707
0.029424
0.053594
0.037480
-0.018916
-0.010860
0.021367
-0.043086
0.021367
-0.026973
0.013310
-0.018916
-0.018916
-0.010860
-0.018916
-0.010860
-0.026973
-0.035029
-0.018916
-0.035029
-0.018916
-0.002803
0.069707
0.190556
0.295293
0.303349
0.359746
0.295293
0.198613
0.061650
0.005254
-0.002803
-0.035029
-0.010860
-0.043086
-0.043086
-0.010860
-0.035029
-0.035029
-0.035029
-0.059199
-0.043086
-0.051143
-0.051143
-0.043086
-0.043086
-0.051143
-0.002803
-0.043086
-0.043086
-0.018916
-0.043086
-0.010860
-0.043086
0.005254
-0.026973
-0.018916
-0.010860
-0.035029
0.013310
0.005254
-0.035029
-0.002803
-0.043086
-0.018916
-0.010860
-0.002803
-0.010860
0.005254
-0.010860
-0.002803
0.013310
0.021367
-0.018916
0.005254
-0.002803
0.013310
-0.026973
0.013310
-0.018916
0.005254
0.021367
0.005254
0.061650
-0.002803
-0.010860
-0.043086
-0.196162
-0.300899
-0.365352
-0.381465
-0.276729
-0.220332
-0.091426
-0.043086
-0.026973
0.005254
-0.018916
0.021367
0.029424
-0.002803
0.005254
-0.002803
-0.002803
0.045537
0.021367
0.021367
0.037480
0.021367
-0.002803
0.045537
-0.002803
0.013310
-0.010860
0.029424
-0.010860
0.029424
0.005254
0.005254
0.013310
-0.035029
0.037480
-0.035029
0.013310
-0.018916
-0.010860
-0.002803
-0.026973
-0.018916
0.021367
-0.035029
0.029424
-0.043086
0.013310
-0.010860
-0.018916
-0.002803
0.005254
-0.035029
-0.026973
-0.002803
0.021367
0.005254
0.142217
0.182500
0.206670
0.214726
0.166387
0.101933
0.053594
0.085820
0.222783
0.327519
0.359746
0.343633
0.303349
0.238896
0.109990
0.053594
-0.010860
-0.010860
0.013310
-0.059199
-0.010860
-0.059199
-0.059199
-0.043086
-0.035029
-0.043086
-0.035029
-0.026973
-0.026973
-0.051143
-0.018916
-0.026973
-0.035029
-0.026973
-0.010860
-0.026973
-0.010860
-0.026973
-0.026973
-0.059199
0.013310
-0.018916
-0.051143
-0.018916
-0.018916
0.005254
-0.026973
-0.018916
-0.018916
-0.002803
-0.002803
-0.010860
-0.026973
-0.002803
-0.010860
-0.018916
-0.059199
0.005254
-0.002803
-0.010860
-0.026973
-0.018916
0.021367
-0.010860
-0.026973
-0.002803
0.013310
0.005254
-0.002803
-0.026973
0.013310
-0.067256
-0.131709
-0.260615
-0.349238
-0.333125
-0.284785
-0.204219
-0.107539
-0.051143
-0.051143
0.029424
0.005254
-0.010860
0.005254
0.005254
0.005254
-0.010860
0.021367
0.005254
-0.010860
0.005254
0.021367
0.013310
0.029424
0.013310
0.005254
0.053594
-0.010860
0.005254
-0.018916
-0.035029
0.037480
-0.026973
-0.002803
-0.010860
0.005254
-0.002803
-0.010860
-0.018916
-0.010860
-0.018916
-0.002803
-0.002803
-0.018916
-0.010860
-0.035029
-0.010860
-0.010860
-0.010860
-0.010860
-0.018916
-0.002803
-0.026973
0.029424
-0.010860
0.013310
-0.051143
0.021367
-0.035029
0.013310
-0.026973
-0.018916
-0.035029
0.005254
0.061650
0.222783
0.295293
0.359746
0.335576
0.295293
0.206670
0.085820
0.053594
-0.026973
-0.018916
-0.043086
-0.075313
-0.026973
-0.059199
-0.035029
-0.067256
-0.067256
-0.051143
-0.035029
0.085820
0.174443
0.166387
0.158330
0.166387
0.118047
0.101933
0.037480
0.021367
-0.010860
0.021367
-0.018916
-0.026973
0.037480
0.005254
-0.035029
-0.018916
-0.002803
-0.018916
-0.026973
-0.026973
0.005254
-0.002803
0.013310
-0.010860
-0.002803
-0.010860
0.005254
-0.002803
0.013310
-0.035029
-0.010860
-0.010860
-0.018916
-0.002803
-0.010860
-0.010860
-0.002803
0.029424
0.005254
0.021367
-0.002803
-0.018916
0.029424
-0.026973
-0.171992
-0.260615
-0.349238
-0.308955
-0.308955
-0.212276
-0.083369
-0.002803
0.021367
-0.010860
0.021367
0.005254
-0.002803
0.005254
0.005254
-0.002803
-0.002803
-0.002803
0.021367
0.005254
0.005254
0.005254
0.037480
0.021367
0.021367
0.045537
-0.002803
0.045537
-0.018916
0.037480
0.005254
0.013310
-0.018916
-0.018916
-0.018916
-0.018916
0.021367
-0.035029
-0.010860
-0.010860
0.005254
-0.018916
0.005254
-0.018916
-0.010860
-0.002803
0.013310
-0.018916
0.021367
-0.018916
0.005254
0.005254
-0.002803
-0.018916
-0.018916
0.021367
-0.026973
-0.035029
-0.035029
-0.026973
0.005254
0.013310
-0.026973
0.045537
0.158330
0.271123
0.335576
0.351689
0.287236
0.174443
0.101933
0.045537
0.005254
-0.026973
-0.035029
0.005254
-0.043086
-0.010860
-0.059199
-0.043086
-0.026973
-0.059199
-0.051143
-0.067256
-0.026973
-0.018916
-0.067256
-0.026973
-0.026973
-0.035029
-0.018916
-0.035029
-0.018916
-0.043086
-0.035029
0.013310
-0.018916
-0.018916
-0.010860
-0.026973
-0.035029
-0.035029
-0.035029
-0.018916
0.013310
0.174443
0.238896
0.206670
0.222783
0.158330
0.126103
0.069707
0.005254
0.005254
0.013310
0.013310
-0.010860
0.021367
0.005254
-0.035029
0.005254
-0.026973
-0.010860
0.045537
-0.002803
0.005254
-0.002803
-0.067256
-0.180049
-0.236445
-0.381465
-0.341182
-0.317012
-0.220332
-0.131709
-0.018916
-0.018916
0.005254
-0.002803
0.013310
-0.002803
0.029424
0.005254
-0.002803
0.029424
0.005254
0.021367
-0.002803
-0.002803
0.013310
0.037480
-0.002803
0.037480
0.005254
0.013310
0.037480
0.005254
-0.010860
0.021367
-0.010860
0.013310
0.005254
-0.002803
-0.018916
0.013310
-0.035029
0.021367
-0.035029
0.021367
-0.018916
0.005254
-0.010860
-0.002803
-0.002803
-0.018916
-0.035029
0.005254
-0.026973
0.005254
-0.002803
-0.002803
-0.010860
0.013310
-0.002803
-0.026973
-0.018916
0.013310
-0.051143
0.013310
-0.026973
-0.010860
0.021367
0.142217
0.255010
0.335576
0.327519
0.311406
0.222783
0.126103
0.021367
-0.026973
0.013310
-0.026973
-0.059199
-0.026973
-0.026973
-0.043086
-0.059199
-0.010860
-0.067256
-0.018916
-0.043086
-0.059199
-0.010860
-0.067256
-0.035029
-0.010860
-0.051143
-0.035029
-0.018916
-0.018916
-0.010860
-0.051143
-0.010860
-0.026973
-0.010860
-0.010860
-0.026973
-0.002803
-0.010860
0.021367
-0.018916
-0.002803
-0.002803
-0.026973
0.005254
-0.018916
-0.002803
-0.035029
-0.026973
-0.026973
-0.010860
-0.026973
-0.018916
0.005254
-0.018916
-0.002803
0.005254
0.013310
0.021367
-0.010860
-0.026973
-0.002803
-0.010860
-0.026973
-0.051143
-0.171992
-0.260615
-0.349238
-0.365352
-0.349238
-0.163936
0.118047
0.166387
0.271123
0.198613
0.214726
0.206670
0.142217
0.101933
0.029424
0.061650
0.061650
0.045537
0.037480
0.021367
0.061650
0.005254
0.045537
0.037480
0.029424
0.005254
0.037480
0.005254
-0.010860
0.013310
0.021367
-0.010860
-0.002803
0.013310
-0.002803
-0.035029
0.021367
-0.043086
-0.002803
-0.010860
-0.002803
-0.002803
-0.002803
0.005254
-0.026973
0.005254
-0.018916
-0.002803
-0.026973
0.013310
-0.043086
0.021367
-0.002803
-0.035029
-0.002803
-0.002803
-0.010860
-0.010860
-0.018916
-0.010860
-0.018916
-0.018916
-0.026973
0.053594
0.118047
0.263066
0.287236
0.343633
0.303349
0.206670
0.118047
0.069707
0.005254
-0.035029
-0.067256
-0.035029
-0.002803
-0.059199
-0.018916
-0.018916
-0.026973
-0.051143
-0.010860
-0.075313
0.005254
-0.026973
-0.051143
-0.035029
-0.035029
-0.010860
-0.051143
-0.035029
-0.043086
0.013310
-0.002803
-0.010860
-0.002803
-0.002803
-0.002803
-0.035029
0.005254
-0.043086
-0.018916
0.005254
-0.026973
-0.018916
-0.026973
-0.010860
-0.002803
0.013310
-0.010860
-0.035029
0.013310
-0.026973
0.021367
-0.026973
-0.026973
-0.018916
-0.018916
-0.010860
-0.010860
-0.002803
-0.026973
0.029424
0.005254
0.021367
0.021367
-0.035029
-0.139766
-0.260615
-0.325069
-0.317012
-0.308955
-0.212276
-0.123652
-0.051143
-0.018916
-0.010860
0.005254
-0.002803
0.013310
0.029424
0.029424
-0.002803
-0.002803
0.005254
-0.018916
0.037480
0.005254
-0.010860
0.005254
-0.002803
0.005254
-0.018916
0.005254
0.013310
0.045537
0.166387
0.238896
0.222783
0.222783
0.214726
0.182500
0.109990
0.109990
0.053594
0.005254
0.045537
-0.002803
0.021367
-0.051143
-0.010860
0.013310
-0.043086
0.013310
-0.018916
-0.018916
0.021367
-0.026973
-0.026973
-0.010860
-0.035029
0.013310
-0.018916
0.005254
-0.010860
-0.018916
-0.002803
0.005254
-0.010860
-0.026973
0.077764
0.142217
0.271123
0.335576
0.335576
0.311406
0.230840
0.150273
0.021367
-0.002803
0.013310
-0.051143
-0.018916
-0.018916
-0.010860
-0.035029
-0.026973
-0.043086
-0.035029
-0.018916
-0.059199
-0.051143
-0.035029
-0.026973
-0.035029
-0.035029
-0.043086
-0.035029
-0.035029
-0.010860
-0.018916
-0.018916
-0.035029
-0.026973
-0.018916
-0.010860
-0.043086
-0.026973
-0.010860
-0.035029
-0.035029
-0.002803
-0.018916
-0.059199
-0.002803
-0.002803
-0.018916
-0.018916
-0.043086
-0.026973
-0.026973
-0.010860
-0.018916
-0.010860
-0.002803
-0.002803
-0.026973
0.005254
-0.002803
-0.018916
0.037480
0.005254
0.021367
0.005254
-0.043086
-0.099483
-0.276729
-0.317012
-0.333125
-0.308955
-0.228389
-0.115596
-0.059199
-0.010860
-0.026973
0.013310
0.005254
0.005254
-0.010860
0.029424
0.021367
0.037480
-0.018916
0.037480
0.013310
0.021367
0.045537
0.021367
-0.018916
0.005254
-0.018916
-0.010860
-0.002803
0.005254
0.021367
-0.035029
0.021367
0.021367
-0.043086
-0.018916
0.021367
-0.002803
-0.026973
-0.002803
0.005254
-0.026973
0.013310
-0.002803
-0.010860
0.005254
-0.002803
-0.018916
-0.043086
-0.051143
-0.010860
0.005254
-0.026973
-0.018916
-0.026973
-0.018916
0.013310
0.118047
0.214726
0.214726
0.238896
0.166387
0.158330
0.118047
0.101933
0.206670
0.319463
0.383916
0.375859
0.311406
0.238896
0.109990
0.045537
-0.026973
-0.002803
-0.035029
-0.035029
-0.067256
-0.067256
-0.018916
-0.035029
-0.035029
-0.043086
-0.051143
-0.018916
-0.051143
-0.059199
-0.010860
-0.051143
-0.051143
-0.059199
-0.010860
-0.075313
-0.018916
-0.026973
-0.026973
-0.018916
-0.026973
-0.026973
0.005254
-0.018916
-0.010860
-0.018916
-0.026973
-0.002803
-0.035029
-0.002803
0.013310
-0.035029
0.021367
-0.026973
-0.002803
-0.035029
-0.010860
-0.043086
0.013310
-0.035029
-0.002803
-0.026973
-0.018916
-0.010860
0.013310
-0.026973
0.037480
-0.002803
-0.035029
0.005254
0.021367
-0.051143
-0.107539
-0.252559
-0.341182
-0.365352
-0.300899
-0.268672
-0.147822
-0.067256
-0.026973
0.005254
0.013310
-0.010860
-0.010860
0.021367
-0.002803
0.021367
0.021367
0.005254
0.005254
0.029424
0.013310
-0.010860
0.029424
-0.010860
0.037480
0.021367
0.005254
0.021367
0.021367
0.005254
-0.010860
-0.010860
-0.010860
-0.010860
-0.002803
0.013310
0.021367
-0.018916
-0.026973
0.021367
-0.010860
-0.010860
-0.010860
-0.002803
-0.010860
-0.010860
-0.010860
0.013310
-0.018916
-0.010860
-0.002803
-0.010860
-0.002803
-0.026973
-0.002803
-0.018916
-0.018916
-0.043086
-0.035029
-0.051143
-0.010860
-0.018916
-0.059199
0.005254
0.069707
0.230840
0.295293
0.319463
0.319463
0.222783
0.109990
0.045537
0.005254
-0.067256
-0.043086
-0.018916
-0.051143
0.069707
0.150273
0.230840
0.182500
0.158330
0.166387
0.069707
0.053594
-0.002803
0.013310
0.005254
-0.026973
-0.002803
-0.035029
-0.026973
-0.043086
-0.035029
-0.018916
-0.051143
-0.051143
-0.026973
-0.035029
-0.043086
-0.043086
-0.035029
0.029424
-0.018916
-0.026973
-0.018916
-0.010860
-0.026973
-0.002803
-0.018916
-0.010860
-0.035029
0.013310
-0.018916
-0.002803
-0.010860
0.005254
-0.026973
0.029424
-0.010860
-0.010860
-0.026973
-0.002803
-0.002803
0.013310
-0.018916
-0.002803
-0.018916
-0.123652
-0.220332
-0.317012
-0.389522
-0.333125
-0.252559
-0.163936
-0.075313
-0.018916
-0.002803
-0.035029
-0.010860
0.029424
0.013310
0.045537
-0.010860
-0.002803
0.021367
0.021367
-0.010860
0.005254
0.013310
0.029424
0.037480
-0.002803
0.005254
0.013310
0.013310
-0.002803
-0.002803
-0.018916
-0.002803
0.005254
-0.010860
-0.051143
0.021367
-0.035029
-0.043086
-0.018916
-0.026973
-0.002803
-0.026973
-0.010860
-0.002803
0.013310
-0.026973
-0.035029
0.005254
-0.018916
-0.018916
-0.026973
-0.035029
0.013310
-0.018916
-0.002803
-0.043086
-0.010860
-0.035029
-0.026973
-0.010860
-0.043086
-0.018916
-0.010860
0.029424
0.118047
0.206670
0.295293
0.351689
0.327519
0.206670
0.109990
0.053594
-0.010860
-0.010860
-0.035029
0.005254
-0.002803
-0.018916
-0.018916
-0.026973
-0.010860
-0.051143
-0.043086
-0.035029
-0.018916
-0.026973
-0.018916
-0.035029
-0.051143
-0.051143
-0.051143
-0.051143
-0.018916
-0.035029
-0.051143
-0.018916
-0.043086
-0.067256
-0.018916
-0.067256
-0.035029
-0.059199
-0.035029
-0.026973
-0.075313
-0.018916
0.126103
0.214726
0.222783
0.238896
0.198613
0.158330
0.101933
0.085820
0.093877
0.077764
0.037480
0.029424
0.021367
0.005254
-0.010860
0.021367
-0.010860
0.013310
0.005254
0.029424
0.005254
-0.043086
-0.107539
-0.284785
-0.308955
-0.365352
-0.317012
-0.252559
-0.163936
-0.067256
-0.002803
-0.043086
0.021367
0.013310
0.005254
0.021367
0.005254
0.013310
0.037480
0.021367
-0.002803
0.045537
-0.010860
0.037480
0.037480
0.013310
0.045537
0.029424
-0.002803
0.013310
0.005254
0.005254
0.005254
0.005254
0.021367
-0.010860
0.013310
-0.002803
-0.002803
-0.010860
-0.018916
0.005254
-0.043086
0.013310
-0.018916
-0.010860
-0.026973
0.005254
-0.018916
-0.010860
-0.043086
-0.002803
-0.035029
0.013310
-0.010860
0.005254
0.005254
-0.035029
0.005254
-0.010860
-0.018916
-0.018916
-0.010860
-0.051143
-0.010860
-0.018916
0.126103
0.246953
0.303349
0.335576
0.303349
0.271123
0.126103
0.061650
0.005254
-0.010860
0.013310
-0.002803
-0.026973
-0.051143
-0.051143
-0.010860
-0.035029
-0.043086
-0.026973
-0.059199
-0.018916
-0.018916
-0.043086
-0.018916
-0.059199
-0.059199
-0.035029
-0.043086
-0.051143
-0.026973
-0.018916
-0.035029
-0.002803
-0.059199
-0.002803
-0.035029
0.021367
-0.010860
0.029424
-0.002803
-0.018916
-0.002803
-0.035029
-0.002803
-0.035029
-0.035029
-0.035029
-0.051143
-0.010860
-0.026973
-0.059199
0.005254
-0.035029
0.013310
-0.026973
-0.010860
0.005254
-0.043086
0.005254
-0.043086
0.013310
-0.002803
-0.010860
-0.059199
-0.131709
-0.180049
-0.147822
-0.115596
-0.107539
-0.051143
0.069707
0.118047
0.118047
0.085820
0.085820
0.045537
0.013310
0.037480
0.021367
-0.002803
0.029424
-0.002803
0.013310
-0.010860
0.013310
0.013310
0.037480
0.005254
0.021367
0.005254
0.005254
0.037480
-0.002803
0.013310
0.005254
0.029424
0.005254
-0.018916
0.005254
-0.002803
-0.002803
-0.002803
0.005254
-0.018916
-0.035029
0.005254
0.021367
-0.018916
0.005254
0.021367
0.013310
0.005254
-0.002803
0.029424
-0.018916
-0.026973
-0.002803
-0.026973
0.013310
-0.018916
-0.026973
-0.010860
-0.051143
-0.026973
-0.043086
0.005254
-0.035029
-0.018916
0.118047
0.198613
0.311406
0.311406
0.327519
0.222783
0.150273
0.061650
-0.010860
-0.043086
0.005254
-0.043086
-0.043086
-0.010860
-0.018916
-0.026973
-0.002803
-0.051143
0.013310
-0.035029
-0.043086
-0.026973
-0.059199
-0.018916
-0.059199
-0.043086
0.013310
-0.035029
-0.043086
-0.043086
-0.026973
-0.010860
-0.018916
-0.026973
-0.035029
0.005254
-0.043086
-0.010860
-0.002803
0.029424
-0.059199
-0.002803
0.021367
-0.010860
-0.035029
-0.002803
0.005254
-0.002803
-0.002803
-0.018916
-0.026973
0.021367
0.005254
-0.018916
-0.043086
-0.035029
0.013310
0.005254
-0.002803
0.013310
-0.026973
0.021367
0.029424
-0.018916
-0.123652
-0.236445
-0.333125
-0.349238
-0.357295
-0.276729
-0.155879
-0.075313
-0.018916
-0.018916
-0.010860
-0.002803
-0.010860
0.013310
0.005254
0.029424
0.005254
0.005254
0.005254
0.013310
-0.010860
0.037480
-0.010860
0.021367
0.013310
-0.026973
0.029424
-0.035029
0.085820
0.198613
0.246953
0.238896
0.206670
0.190556
0.174443
0.142217
0.142217
0.045537
0.037480
0.037480
0.029424
-0.002803
-0.002803
0.005254
-0.010860
-0.010860
-0.018916
0.029424
-0.026973
-0.010860
-0.010860
0.005254
-0.002803
-0.043086
-0.010860
-0.026973
-0.010860
-0.010860
-0.018916
-0.002803
-0.035029
-0.010860
-0.059199
0.021367
0.077764
0.230840
0.303349
0.359746
0.319463
0.255010
0.142217
0.053594
0.005254
-0.002803
-0.043086
-0.035029
-0.018916
-0.035029
-0.026973
-0.026973
-0.043086
-0.051143
-0.059199
-0.026973
-0.035029
-0.043086
-0.026973
-0.043086
-0.010860
-0.018916
-0.067256
-0.026973
-0.043086
-0.018916
-0.026973
0.005254
-0.026973
-0.035029
-0.010860
-0.026973
-0.026973
-0.026973
-0.002803
0.005254
-0.010860
-0.035029
0.021367
-0.018916
0.005254
-0.035029
-0.026973
-0.010860
-0.026973
-0.035029
0.005254
0.005254
-0.026973
-0.018916
-0.010860
0.005254
-0.002803
0.013310
0.013310
-0.026973
0.029424
0.005254
0.013310
-0.002803
-0.099483
-0.220332
-0.317012
-0.349238
-0.357295
-0.252559
-0.147822
-0.075313
0.021367
-0.002803
-0.010860
0.021367
0.021367
0.013310
0.037480
-0.018916
0.045537
-0.002803
0.013310
0.029424
0.013310
-0.010860
0.021367
0.005254
0.013310
0.037480
-0.002803
-0.002803
-0.010860
0.005254
-0.002803
-0.010860
0.021367
-0.026973
0.013310
-0.002803
0.013310
0.013310
-0.026973
-0.002803
-0.018916
-0.035029
-0.043086
-0.026973
-0.002803
-0.035029
-0.018916
-0.043086
-0.010860
0.005254
0.134160
0.230840
0.246953
0.214726
0.214726
0.158330
0.158330
0.118047
0.109990
0.101933
0.029424
-0.018916
-0.018916
0.029424
0.093877
0.255010
0.295293
0.359746
0.319463
0.238896
0.142217
0.029424
-0.018916
-0.002803
-0.059199
-0.043086
-0.018916
-0.018916
-0.051143
-0.026973
-0.051143
-0.026973
-0.043086
-0.035029
-0.075313
-0.026973
-0.067256
-0.026973
-0.043086
-0.018916
-0.051143
-0.035029
-0.002803
-0.035029
-0.018916
-0.010860
-0.026973
-0.043086
-0.026973
-0.067256
-0.026973
-0.026973
-0.002803
0.005254
-0.018916
0.013310
-0.018916
-0.002803
0.005254
0.005254
-0.010860
0.005254
-0.035029
-0.002803
-0.018916
-0.018916
-0.010860
-0.018916
-0.026973
-0.002803
-0.002803
-0.035029
0.021367
0.013310
-0.018916
-0.043086
0.005254
-0.018916
-0.115596
-0.228389
-0.317012
-0.357295
-0.357295
-0.252559
-0.196162
-0.075313
-0.026973
-0.035029
-0.002803
-0.002803
-0.018916
0.013310
-0.018916
0.029424
0.029424
0.029424
0.029424
0.037480
0.029424
0.013310
0.037480
-0.010860
0.053594
0.021367
0.021367
-0.010860
0.021367
0.005254
-0.010860
-0.010860
0.005254
-0.002803
-0.018916
-0.010860
-0.002803
-0.002803
0.005254
-0.010860
0.037480
-0.010860
-0.018916
-0.002803
-0.010860
-0.018916
-0.018916
-0.010860
0.021367
-0.018916
-0.026973
-0.018916
-0.043086
-0.026973
-0.010860
0.005254
-0.043086
-0.026973
-0.018916
-0.010860
-0.026973
-0.018916
-0.059199
0.013310
0.101933
0.190556
0.311406
0.327519
0.351689
0.238896
0.174443
0.029424
-0.010860
-0.010860
-0.067256
-0.051143
-0.035029
-0.075313
0.005254
0.134160
0.222783
0.190556
0.190556
0.198613
0.150273
0.118047
0.053594
0.037480
-0.002803
-0.026973
-0.018916
-0.002803
-0.010860
-0.010860
-0.067256
-0.010860
-0.026973
-0.018916
0.005254
-0.018916
-0.002803
-0.018916
-0.051143
0.005254
0.005254
0.005254
-0.010860
-0.018916
-0.035029
0.021367
-0.010860
-0.018916
0.005254
-0.051143
-0.010860
-0.043086
0.005254
0.013310
-0.002803
0.005254
-0.026973
-0.018916
0.013310
0.013310
0.005254
-0.026973
0.021367
0.021367
-0.099483
-0.220332
-0.292842
-0.389522
-0.381465
-0.276729
-0.188106
-0.091426
-0.002803
-0.002803
-0.002803
-0.018916
0.013310
-0.018916
0.013310
-0.010860
0.037480
-0.035029
0.037480
0.021367
-0.002803
0.013310
0.005254
0.021367
0.029424
0.021367
0.005254
-0.010860
-0.010860
0.045537
-0.010860
-0.002803
-0.002803
-0.002803
-0.010860
0.013310
-0.010860
-0.002803
-0.035029
-0.018916
0.029424
0.013310
-0.035029
-0.002803
-0.018916
-0.018916
0.013310
-0.026973
-0.010860
-0.035029
-0.010860
-0.002803
-0.026973
-0.035029
-0.018916
0.021367
-0.018916
-0.018916
-0.043086
0.005254
-0.043086
-0.026973
-0.002803
-0.018916
0.109990
0.198613
0.311406
0.359746
0.335576
0.279180
0.142217
0.085820
0.013310
-0.018916
-0.010860
-0.035029
0.005254
-0.051143
-0.010860
-0.010860
-0.035029
-0.002803
-0.035029
-0.051143
-0.018916
-0.051143
-0.059199
-0.026973
-0.035029
-0.067256
-0.059199
-0.067256
-0.018916
-0.035029
-0.010860
-0.026973
-0.043086
-0.059199
-0.043086
-0.043086
-0.035029
-0.043086
0.101933
0.206670
0.246953
0.222783
0.230840
0.190556
0.150273
0.150273
0.101933
0.077764
0.037480
-0.026973
0.029424
0.005254
0.013310
-0.026973
-0.010860
-0.010860
0.021367
-0.002803
0.005254
-0.018916
0.013310
0.037480
-0.026973
-0.002803
-0.131709
-0.212276
-0.333125
-0.381465
-0.333125
-0.252559
-0.163936
-0.107539
-0.018916
-0.002803
-0.010860
0.005254
-0.002803
0.037480
-0.002803
0.013310
0.029424
0.029424
0.013310
0.021367
0.029424
0.021367
0.029424
-0.002803
0.029424
0.013310
0.013310
0.021367
-0.026973
0.005254
0.045537
-0.010860
0.013310
0.013310
-0.002803
0.005254
-0.002803
-0.002803
0.005254
0.013310
0.013310
-0.018916
-0.010860
-0.018916
-0.002803
0.005254
-0.002803
0.005254
-0.026973
0.029424
-0.002803
-0.026973
0.005254
-0.026973
0.013310
-0.010860
-0.035029
-0.026973
-0.018916
0.013310
-0.018916
-0.002803
-0.018916
-0.010860
0.085820
0.214726
0.311406
0.383916
0.287236
0.279180
0.158330
0.093877
-0.002803
0.013310
-0.035029
-0.059199
-0.026973
-0.002803
-0.026973
-0.067256
-0.018916
-0.018916
-0.018916
-0.043086
-0.051143
-0.059199
-0.051143
-0.010860
-0.043086
-0.043086
-0.018916
-0.035029
-0.035029
-0.043086
-0.035029
-0.018916
-0.035029
-0.026973
-0.002803
-0.018916
-0.002803
-0.018916
-0.035029
-0.010860
-0.026973
-0.018916
-0.026973
-0.026973
-0.010860
-0.010860
-0.035029
-0.026973
-0.018916
-0.043086
0.005254
-0.018916
-0.026973
-0.002803
-0.043086
0.013310
-0.010860
-0.018916
-0.035029
-0.018916
-0.026973
-0.026973
-0.026973
-0.051143
-0.091426
-0.131709
-0.067256
-0.091426
-0.099483
-0.059199
0.005254
0.045537
0.109990
0.093877
0.077764
0.021367
0.045537
0.021367
0.045537
0.021367
-0.002803
0.029424
0.005254
0.021367
0.005254
0.013310
0.013310
0.013310
0.021367
-0.002803
0.045537
0.013310
0.045537
0.005254
-0.026973
-0.002803
-0.018916
-0.018916
-0.002803
0.005254
0.005254
-0.010860
0.037480
0.013310
0.005254
-0.026973
-0.010860
-0.010860
-0.018916
0.013310
-0.051143
0.005254
-0.026973
-0.026973
-0.018916
-0.035029
-0.018916
-0.010860
-0.010860
-0.035029
0.013310
-0.018916
-0.035029
-0.018916
-0.026973
-0.018916
-0.018916
-0.026973
0.069707
0.158330
0.287236
0.335576
0.319463
0.287236
0.142217
0.085820
0.021367
-0.026973
-0.035029
-0.035029
-0.043086
-0.018916
-0.067256
0.005254
-0.026973
-0.035029
-0.051143
-0.043086
-0.010860
-0.043086
-0.043086
-0.059199
-0.035029
-0.026973
-0.059199
-0.018916
-0.059199
-0.035029
-0.018916
-0.018916
-0.018916
-0.026973
-0.002803
-0.035029
-0.035029
-0.043086
-0.018916
0.013310
-0.002803
-0.002803
0.013310
-0.010860
-0.018916
-0.018916
-0.010860
0.013310
-0.002803
-0.010860
-0.018916
-0.026973
-0.026973
-0.018916
-0.018916
-0.010860
-0.018916
-0.026973
0.005254
0.005254
0.037480
-0.010860
-0.002803
-0.002803
-0.091426
-0.196162
-0.300899
-0.381465
-0.341182
-0.317012
-0.188106
-0.099483
-0.035029
-0.018916
0.005254
0.029424
0.005254
0.013310
0.013310
-0.002803
-0.002803
0.005254
-0.026973
0.013310
-0.018916
0.005254
0.061650
0.206670
0.263066
0.246953
0.222783
0.174443
0.206670
0.134160
0.158330
0.085820
0.053594
0.029424
0.037480
-0.010860
-0.018916
0.037480
-0.026973
0.021367
-0.002803
-0.026973
0.021367
-0.026973
-0.002803
-0.010860
-0.002803
-0.035029
0.013310
-0.018916
-0.018916
-0.026973
-0.051143
-0.018916
-0.018916
-0.010860
-0.018916
-0.026973
-0.026973
-0.051143
0.005254
-0.043086
-0.026973
-0.018916
0.093877
0.182500
