-2.438081
-3.501558
-4.250825
-5.008150
-5.580171
-6.152193
-6.837007
-7.328462
-7.844087
-8.246919
-8.698091
-9.149263
-9.423189
-9.737398
-10.099946
-10.357759
-10.688081
-10.897554
-11.131196
-11.219820
-11.372896
-11.421236
-11.509859
-11.509859
-11.534029
-11.509859
-11.525972
-11.509859
-11.477632
-11.469575
-11.372896
-11.227876
-11.131196
-10.994234
-10.784761
-10.583345
-10.373872
-10.051607
-9.681001
-9.318452
-8.939790
-8.448335
-7.989107
-7.489595
-6.973970
-6.434175
-5.950777
-5.346529
-4.726167
-4.186372
-3.614351
-3.010103
-2.397798
-1.825777
-1.310152
-0.770357
-0.222505
0.333403
0.857085
1.421050
1.920561
2.436186
2.935698
3.427153
3.910552
4.458403
4.941802
5.409087
5.932768
6.424223
7.012358
7.503813
7.946929
8.349761
8.736479
9.163481
9.477690
9.791899
10.081938
10.404204
10.726470
10.919829
11.129302
11.290434
11.403227
11.491850
11.516020
11.548247
11.516020
11.556304
11.532134
11.459624
11.411284
11.362944
11.282378
11.121245
11.040679
10.863432
10.742583
10.492827
10.218901
9.896636
9.550200
9.171538
8.792876
8.357817
7.842192
7.391020
6.867339
6.359770
5.836089
5.247954
4.635649
4.055571
3.491606
2.935698
2.395903
1.783598
1.195464
0.679839
0.156157
-0.359468
-0.923433
-1.431001
-1.954683
-2.486421
-2.969820
-3.485445
-3.968843
-4.468355
-4.951753
-5.459321
-5.934663
-6.474458
-6.941743
-7.473482
-7.932710
-8.303316
-8.746431
-9.092866
-9.447359
-9.737398
-10.116060
-10.349702
-10.543062
-10.736421
-10.937837
-11.082857
-11.203706
-11.268159
-11.356782
-11.413179
-11.421236
-11.469575
-11.477632
-11.445405
-11.437349
-11.405122
-11.300386
-11.163423
-11.074800
-10.905611
-10.752534
-10.535005
-10.293306
-10.011323
-9.600435
-9.270112
-8.851167
-8.448335
-7.972993
-7.449312
-6.917573
-6.418062
-5.886323
-5.346529
-4.677827
-4.178316
-3.574068
-2.985933
-2.430025
-1.833833
-1.294038
-0.746187
-0.190279
0.365630
0.889311
1.380766
1.912505
2.420073
2.935698
3.427153
3.902495
4.426177
4.941802
5.425200
5.932768
6.424223
6.955962
7.511870
7.995268
8.381987
8.752593
9.163481
9.437407
9.791899
10.106108
10.404204
10.710356
10.952055
11.137358
11.258208
11.379057
11.451567
11.516020
11.499907
11.572417
11.532134
11.524077
11.483794
11.459624
11.379057
11.282378
11.153471
11.032622
10.879546
10.702300
10.492827
10.243071
9.912749
9.582427
9.163481
8.792876
8.349761
7.866362
7.374907
6.891509
6.375884
5.900542
5.296294
4.627593
4.095854
3.491606
2.943755
2.363677
1.831938
1.251860
0.728179
0.172270
-0.375581
-0.899263
-1.406831
-1.946626
-2.486421
-2.969820
-3.453218
-3.944673
-4.436128
-4.935640
-5.427095
-5.846040
-6.369722
-6.917573
-7.449312
-7.868257
-8.246919
-8.714204
-9.028413
-9.374849
-9.737398
-10.027437
-10.317476
-10.591402
-10.808931
-11.042573
-11.179536
-11.292329
-11.324556
-11.421236
-11.445405
-11.477632
-11.477632
-11.437349
-11.421236
-11.380952
-11.340669
-11.284273
-11.147310
-11.058687
-10.865327
-10.768648
-10.494722
-10.293306
-9.922700
-9.511812
-9.108980
-8.722261
-8.287202
-7.844087
-7.392915
-6.788667
-6.361665
-5.878267
-5.314302
-4.766450
-4.121919
-3.549898
-3.034273
-2.446138
-1.882173
-1.294038
-0.746187
-0.238618
0.341460
0.881255
1.364653
1.823882
2.403960
2.903471
3.459380
3.854155
4.402007
4.974028
5.360747
5.876372
6.383940
6.939848
7.463530
7.906645
8.317534
8.672026
9.107085
9.413237
9.711333
10.081938
10.339751
10.670073
10.887602
11.129302
11.217925
11.314604
11.403227
11.483794
11.516020
11.532134
11.524077
11.491850
11.483794
11.411284
11.371001
11.258208
11.153471
10.976225
10.911772
10.710356
10.484770
10.226958
9.912749
9.526030
9.203764
8.857329
8.341704
7.898589
7.391020
6.843169
6.351714
5.892485
5.328520
4.700102
4.111968
3.523833
2.975981
2.395903
1.815825
1.276030
0.736235
0.172270
-0.359468
-0.899263
-1.414888
-1.946626
-2.430025
-2.969820
-3.461275
-3.944673
-4.395845
-4.943696
-5.402925
-5.902437
-6.401948
-6.901460
-7.425142
-7.884370
-8.238862
-8.681978
-9.044527
-9.407075
-9.713228
-9.987154
-10.349702
-10.567232
-10.833101
-11.026460
-11.131196
-11.203706
-11.316499
-11.389009
-11.421236
-11.469575
-11.477632
-11.445405
-11.445405
-11.372896
-11.372896
-11.292329
-11.147310
-11.098970
-10.897554
-10.736421
-10.510835
-10.269136
-9.995210
-9.632661
-9.213716
-8.867280
-8.448335
-7.972993
-7.473482
-6.957857
-6.450288
-5.934663
-5.386812
-4.798677
-4.194429
-3.638521
-3.050386
-2.494478
-1.866060
-1.318208
-0.810640
-0.222505
0.333403
0.816802
1.340483
1.888335
2.395903
2.871245
3.419096
3.870268
4.490630
5.199614
5.683013
6.166411
6.649809
7.197661
7.648833
8.075835
8.478667
8.857329
9.235991
9.526030
9.808013
10.081938
10.371977
10.678130
10.911772
11.089018
11.242095
11.338774
11.435454
11.451567
11.483794
11.524077
11.532134
11.467680
11.459624
11.403227
11.371001
11.290434
11.161528
11.000395
10.855376
10.734526
10.484770
10.259184
9.912749
9.550200
9.195708
8.825102
8.406157
7.890532
7.382964
6.843169
6.327544
5.852202
5.328520
4.692046
4.152251
3.523833
2.951811
2.403960
1.799712
1.284087
0.768462
0.196440
-0.319185
-0.891206
-1.414888
-1.898286
-2.438081
-2.929536
-3.396821
-3.896333
-4.379732
-4.975923
-5.362642
-5.878267
-6.369722
-6.885347
-7.400972
-7.868257
-8.287202
-8.714204
-9.044527
-9.415132
-9.737398
-10.051607
-10.325532
-10.615571
-10.808931
-11.042573
-11.171480
-11.252046
-11.380952
-11.380952
-11.469575
-11.469575
-11.477632
-11.469575
-11.437349
-11.421236
-11.340669
-11.316499
-11.171480
-11.058687
-10.937837
-10.744478
-10.510835
-10.317476
-10.019380
-9.656831
-9.286226
-8.891450
-8.472505
-8.005220
-7.481538
-6.998140
-6.434175
-5.934663
-5.419038
-4.798677
-4.138032
-3.622407
-3.050386
-2.502534
-1.866060
-1.358491
-0.770357
-0.262788
0.317290
0.849028
1.348540
1.904448
2.371733
2.887358
3.419096
3.870268
4.385893
4.933745
5.336577
5.892485
6.351714
6.923735
7.463530
7.898589
8.269194
8.647856
9.099028
9.372954
9.743559
10.009429
10.339751
10.621733
10.855376
11.032622
11.225981
11.282378
11.371001
11.411284
11.459624
11.644927
11.822173
11.830229
11.822173
11.741606
11.644927
11.532134
11.362944
11.137358
10.976225
10.758696
10.533110
10.307524
9.961089
9.598540
9.203764
8.865386
8.406157
7.979155
7.415190
6.891509
6.375884
5.932768
5.360747
4.716216
4.128081
3.539946
3.000151
2.420073
1.848052
1.316313
0.728179
0.212554
-0.359468
-0.875093
-1.350435
-1.898286
-2.405855
-2.913423
-3.429048
-3.920503
-4.395845
-4.935640
-5.370698
-5.870210
-6.329439
-6.869234
-7.417085
-7.852144
-8.238862
-8.633638
-9.060640
-9.358736
-9.721284
-10.027437
-10.325532
-10.583345
-10.776704
-11.010347
-11.171480
-11.260103
-11.380952
-11.405122
-11.445405
-11.477632
-11.461519
-11.477632
-11.405122
-11.389009
-11.340669
-11.316499
-11.179536
-11.050630
-10.921724
-10.720308
-10.543062
-10.285249
-9.995210
-9.632661
-9.253999
-8.923677
-8.440279
-8.029390
-7.513765
-6.941743
-6.458345
-5.966890
-5.394868
-4.822847
-4.210542
-3.614351
-3.042329
-2.486421
-1.914400
-1.350435
-0.810640
-0.238618
0.341460
0.824858
1.340483
1.880278
2.371733
2.871245
3.362700
3.854155
4.369780
4.877348
5.384917
5.836089
6.375884
6.867339
7.439360
7.898589
8.293364
8.672026
9.066802
9.405180
9.743559
9.985259
10.339751
10.637846
10.855376
11.072905
11.242095
11.338774
11.395171
11.491850
11.524077
11.532134
11.524077
11.499907
11.499907
11.403227
11.379057
11.217925
11.153471
11.000395
10.847319
10.686186
10.525054
10.251128
9.920805
9.566313
9.219878
8.857329
8.381987
7.946929
7.415190
6.899565
6.408110
5.900542
5.328520
4.683989
4.144194
3.539946
3.112944
2.645659
2.105864
1.549956
0.953764
0.397856
-0.117769
-0.722017
-1.237642
-1.809663
-2.365571
-2.848970
-3.372652
-3.847993
-4.371675
-4.887300
-5.362642
-5.813814
-6.337495
-6.869234
-7.417085
-7.803804
-8.214693
-8.657808
-9.012300
-9.326509
-9.713228
-9.987154
-10.285249
-10.583345
-10.800874
-10.978120
-11.139253
-11.252046
-11.284273
-11.380952
-11.461519
-11.461519
-11.437349
-11.461519
-11.445405
-11.413179
-11.356782
-11.268159
-11.195650
-11.042573
-10.937837
-10.720308
-10.526948
-10.341646
-9.995210
-9.664888
-9.318452
-8.931734
-8.512788
-7.997163
-7.489595
-7.030366
-6.450288
-5.950777
-5.427095
-4.814790
-4.250825
-3.654634
-3.106782
-2.462251
-1.930513
-1.374605
-0.826753
-0.311128
0.285063
0.816802
1.284087
1.848052
2.363677
2.847075
3.362700
3.821929
4.329497
4.877348
5.360747
5.803862
6.319487
6.867339
7.358794
7.834136
8.228911
8.647856
9.034575
9.381011
9.654936
9.985259
10.307524
10.621733
10.847319
11.072905
11.193755
11.338774
11.371001
11.459624
11.467680
11.467680
11.532134
11.516020
11.459624
11.451567
11.346831
11.282378
11.153471
11.064848
10.863432
10.710356
10.500884
10.243071
9.944975
9.582427
9.227934
8.825102
8.462554
7.954985
7.479643
6.907622
6.416167
5.940825
5.368804
4.788725
4.152251
3.572173
3.064604
2.452300
1.888335
1.316313
0.776518
0.260893
-0.262788
-0.802583
-1.318208
-1.841890
-2.373628
-2.857027
-3.340425
-3.831880
-4.371675
-4.847017
-5.330415
-5.813814
-6.305269
-6.820894
-7.392915
-7.787691
-8.118013
-8.480562
-8.875337
-9.197603
-9.544038
-9.817964
-10.228853
-10.462495
-10.736421
-10.937837
-11.115083
-11.219820
-11.284273
-11.380952
-11.437349
-11.469575
-11.413179
-11.469575
-11.445405
-11.348726
-11.356782
-11.260103
-11.147310
-11.082857
-10.905611
-10.744478
-10.543062
-10.317476
-10.027437
-9.656831
-9.286226
-8.931734
-8.512788
-8.053560
-7.545991
-7.030366
-6.482515
-5.999116
-5.427095
-4.887300
-4.250825
-3.694917
-3.106782
-2.494478
-1.978853
-1.382661
-0.834810
-0.319185
0.244780
0.768462
1.251860
1.815825
2.315337
2.790679
3.354643
3.797759
4.297270
4.837065
5.296294
5.779692
6.271147
6.802886
7.358794
7.826079
8.236968
8.591460
8.986235
9.356841
9.671050
9.985259
10.275298
10.605620
10.823149
11.040679
11.161528
11.282378
11.379057
11.411284
11.427397
11.483794
11.491850
11.483794
11.451567
11.435454
11.362944
11.282378
11.185698
11.016509
10.855376
10.734526
10.516997
10.259184
9.944975
9.646880
9.219878
8.865386
8.470610
7.979155
7.447417
6.907622
6.448393
5.940825
5.392973
4.764555
4.200591
3.628569
3.064604
2.492583
1.880278
1.364653
0.792632
0.309233
-0.238618
-0.826753
-1.310152
-1.833833
-2.373628
-2.808687
-3.340425
-3.831880
-4.331392
-4.863130
-5.314302
-5.765474
-6.297212
-6.845064
-7.336519
-7.836030
-8.206636
-8.601411
-8.955904
-9.326509
-9.632661
-9.954927
-10.269136
-10.543062
-10.744478
-10.937837
-11.147310
-11.227876
-11.316499
-11.348726
-11.405122
-11.461519
-11.461519
-11.437349
-11.437349
-11.356782
-11.340669
-11.268159
-11.195650
-11.058687
-10.937837
-10.752534
-10.567232
-10.285249
-9.962984
-9.527925
-9.197603
-8.835054
-8.367769
-7.924654
-7.425142
-6.941743
-6.450288
-6.007173
-5.435152
-4.814790
-4.258882
-3.694917
-3.139009
-2.534761
-2.003023
-1.414888
-0.867036
-0.343355
0.244780
0.744292
1.251860
1.799712
2.299223
2.790679
3.370757
3.789702
4.273100
4.845122
5.296294
5.771636
6.263091
6.810942
7.326567
7.777739
8.220854
8.599516
9.010405
9.340727
9.638823
9.953032
10.251128
10.589507
10.847319
11.032622
11.169585
11.250151
11.371001
11.427397
11.467680
11.483794
11.491850
11.548247
11.483794
11.403227
11.371001
11.282378
11.161528
11.048735
10.895659
10.686186
10.484770
10.243071
9.985259
9.622710
9.252104
8.913725
8.478667
7.987212
7.439360
6.988188
6.448393
5.989165
5.409087
4.812895
4.208647
3.636626
3.096831
2.508696
1.912505
1.404936
0.816802
0.317290
-0.270845
-0.810640
-1.326265
-1.825777
-2.317232
-2.848970
-3.284029
-3.831880
-4.299165
-4.822847
-5.338472
-5.749361
-6.248872
-6.820894
-7.336519
-7.803804
-8.198579
-8.569185
-8.939790
-9.302339
-9.624605
-9.962984
-10.236909
-10.526948
-10.768648
-10.921724
-11.147310
-11.235933
-11.340669
-11.348726
-11.413179
-11.477632
-11.437349
-11.469575
-11.405122
-11.421236
-11.292329
-11.252046
-11.163423
-11.050630
-10.929780
-10.736421
-10.567232
-10.293306
-10.051607
-9.681001
-9.302339
-8.955904
-8.528902
-8.085786
-7.562105
-7.038423
-6.514741
-6.039400
-5.483491
-4.951753
-4.331392
-3.727144
-3.211519
-2.591157
-1.986909
-1.479341
-0.899263
-0.375581
0.212554
0.655669
1.195464
1.936675
2.468413
3.024321
3.556059
3.991118
4.522856
4.965971
5.441313
5.876372
6.319487
6.802886
7.350737
7.801909
8.236968
8.599516
9.034575
9.324614
9.638823
9.977202
10.259184
10.533110
10.766753
11.008452
11.193755
11.250151
11.379057
11.379057
11.427397
11.483794
11.483794
11.451567
11.451567
11.379057
11.362944
11.282378
11.169585
11.040679
10.863432
10.734526
10.492827
10.218901
9.961089
9.598540
9.276274
8.913725
8.478667
7.987212
7.503813
6.980132
6.472563
5.997221
5.489653
4.812895
4.216704
3.636626
3.072661
2.540923
1.952788
1.429106
0.857085
0.341460
-0.222505
-0.802583
-1.285982
-1.825777
-2.341402
-2.808687
-3.292085
-3.775484
-4.307222
-4.798677
-5.298189
-5.781587
-6.248872
-6.820894
-7.264009
-7.779634
-8.214693
-8.569185
-8.988130
-9.286226
-9.648775
-9.962984
-10.269136
-10.583345
-10.784761
-10.937837
-11.147310
-11.227876
-11.300386
-11.405122
-11.437349
-11.437349
-11.445405
-11.469575
-11.405122
-11.389009
-11.316499
-11.292329
-11.179536
-11.082857
-10.937837
-10.752534
-10.510835
-10.349702
-10.051607
-9.697114
-9.350679
-8.972017
-8.545015
-8.109956
-7.594331
-7.062593
-6.522798
-6.031343
-5.539888
-4.879243
-4.315279
-3.743257
-3.163179
-2.558931
-2.019136
-1.447114
-0.899263
-0.391695
0.172270
0.712065
1.195464
1.743315
2.266997
2.782622
3.298247
3.757475
4.273100
4.788725
5.264067
5.723296
6.206694
6.770659
7.302397
7.785796
8.164458
8.583403
8.962065
9.316557
9.622710
9.912749
10.259184
10.549223
10.774809
11.000395
11.153471
11.258208
11.330718
11.459624
11.652983
11.798003
11.830229
11.798003
11.773833
11.677153
11.588530
11.435454
11.282378
11.129302
10.976225
10.879546
10.589507
10.307524
9.928862
9.638823
9.340727
8.921782
8.470610
8.027495
7.503813
7.012358
6.496733
5.973052
5.449370
4.812895
4.265044
3.660796
3.145171
2.557036
1.944731
1.404936
0.889311
0.341460
-0.190279
-0.770357
-1.285982
-1.777437
-2.325288
-2.792573
-3.316255
-3.791597
-4.250825
-4.790620
-5.265962
-5.765474
-6.232759
-6.756441
-7.264009
-7.755464
-8.150239
-8.601411
-8.923677
-9.286226
-9.576265
-9.922700
-10.228853
-10.502779
-10.712251
-10.953950
-11.139253
-11.235933
-11.292329
-11.380952
-11.421236
-11.437349
-11.477632
-11.445405
-11.461519
-11.405122
-11.372896
-11.252046
-11.195650
-11.058687
-10.929780
-10.768648
-10.559175
-10.341646
-10.059663
-9.713228
-9.326509
-8.972017
-8.569185
-8.093843
-7.610445
-7.143159
-6.555025
-6.063570
-5.556001
-4.967866
-4.363618
-3.711030
-3.227632
-2.615327
-2.035249
-1.479341
-0.915376
-0.383638
0.172270
0.679839
1.179350
1.735259
2.242827
2.758452
3.282134
3.733305
4.248930
4.780669
5.247954
5.715239
6.238921
6.738432
7.302397
7.769682
8.140288
8.567290
8.962065
9.324614
9.622710
9.920805
10.251128
10.589507
10.790923
11.008452
11.185698
11.282378
11.371001
11.435454
11.435454
11.435454
11.491850
11.467680
11.491850
11.427397
11.362944
11.258208
11.193755
11.048735
10.911772
10.710356
10.557280
10.251128
9.961089
9.646880
9.276274
8.921782
8.494780
8.043608
7.527983
7.133208
6.778716
6.271147
5.731352
5.143218
4.482573
3.902495
3.274077
2.710112
2.065581
1.517729
0.881255
0.381743
-0.206392
-0.754243
-1.229585
-1.793550
-2.309175
-2.800630
-3.340425
-3.759370
-4.274995
-4.790620
-5.249849
-5.733247
-6.232759
-6.764497
-7.272066
-7.747407
-8.166353
-8.561128
-8.939790
-9.302339
-9.624605
-9.906587
-10.253023
-10.510835
-10.776704
-10.937837
-11.115083
-11.195650
-11.292329
-11.389009
-11.389009
-11.469575
-11.501802
-11.445405
-11.445405
-11.380952
-11.300386
-11.260103
-11.147310
-11.082857
-10.978120
-10.768648
-10.559175
-10.349702
-10.051607
-9.697114
-9.334566
-8.996187
-8.569185
-8.093843
-7.626558
-7.151216
-6.571138
-6.071626
-5.572114
-4.967866
-4.395845
-3.815767
-3.219575
-2.615327
-2.099702
-1.471284
-0.947603
-0.383638
0.164214
0.647612
1.139067
1.727202
2.210600
2.734282
3.274077
3.749419
4.208647
4.788725
5.231841
5.747466
6.230864
6.722319
7.270171
7.721343
8.196684
8.510893
8.954009
9.284331
9.590483
9.912749
10.226958
10.500884
10.774809
10.984282
11.169585
11.250151
11.346831
11.403227
11.451567
11.491850
11.467680
11.467680
11.451567
11.395171
11.346831
11.306548
11.153471
11.064848
10.887602
10.742583
10.525054
10.307524
10.017485
9.654936
9.324614
8.921782
8.527007
8.075835
7.536040
7.052641
6.528960
6.029448
5.529936
4.885405
4.337554
3.717192
3.161284
2.605376
2.001128
1.469389
0.921538
0.381743
-0.190279
-0.738130
-1.237642
-1.777437
-2.285005
-2.776460
-3.316255
-3.767427
-4.250825
-4.782564
-5.193452
-5.733247
-6.184419
-6.700044
-7.264009
-7.723237
-8.021333
-8.416109
-8.810884
-9.141206
-9.527925
-9.817964
-10.164400
-10.446382
-10.647798
-10.897554
-11.042573
-11.203706
-11.284273
-11.324556
-11.421236
-11.421236
-11.469575
-11.421236
-11.413179
-11.437349
-11.324556
-11.292329
-11.171480
-11.098970
-10.953950
-10.776704
-10.583345
-10.349702
-10.099946
-9.713228
-9.350679
-9.012300
-8.545015
-8.150239
-7.634614
-7.118989
-6.643648
-6.071626
-5.604341
-5.000093
-4.403902
-3.815767
-3.243745
-2.647554
-2.083589
-1.559907
-0.947603
-0.415864
0.099761
0.639555
1.122954
1.670805
2.218657
2.702055
3.241850
3.693022
4.184477
4.716216
5.215727
5.691069
6.214751
6.714263
7.254057
7.737456
8.164458
8.502837
8.954009
9.292388
9.590483
9.920805
10.202788
10.484770
10.774809
10.968169
11.161528
11.242095
11.362944
11.379057
11.491850
11.435454
11.467680
11.467680
11.459624
11.395171
11.403227
11.258208
11.169585
11.048735
10.911772
10.758696
10.533110
10.307524
10.009429
9.703276
9.340727
8.945952
8.559233
8.100005
7.568266
7.076811
6.528960
6.077788
5.513823
4.901518
4.321440
3.693022
3.177397
2.605376
1.985014
1.517729
0.913481
0.430083
-0.206392
-0.722017
-1.197359
-1.721040
-2.285005
-2.728120
-3.251802
-3.743257
-4.186372
-4.742280
-5.217622
-5.668794
-6.111909
-6.716157
-7.183443
-7.715181
-8.126070
-8.528902
-8.899507
-9.262056
-9.568208
-9.890474
-10.228853
-10.478609
-10.704195
-10.929780
-11.058687
-11.227876
-11.284273
-11.413179
-11.405122
-11.437349
-11.469575
-11.461519
-11.437349
-11.405122
-11.324556
-11.268159
-11.179536
-10.962007
-10.816987
-10.647798
-10.470552
-10.285249
-9.987154
-9.681001
-9.286226
-8.972017
-8.561128
-8.126070
-7.666841
-7.175386
-6.627534
-6.119966
-5.588228
-5.008150
-4.371675
-3.791597
-3.227632
-2.703950
-2.075532
-1.567964
-0.963716
-0.431978
0.091704
0.591216
1.155180
1.678862
2.154204
2.677886
3.193511
3.701079
4.200591
4.692046
5.239897
5.683013
6.150298
6.690093
7.237944
7.745513
8.132231
8.510893
8.921782
9.276274
9.614653
9.912749
10.202788
10.492827
10.774809
10.976225
11.161528
11.282378
11.290434
11.403227
11.435454
11.491850
11.435454
11.467680
11.451567
11.451567
11.362944
11.306548
11.169585
11.072905
10.887602
10.774809
10.565337
10.275298
10.001372
9.687163
9.324614
8.962065
8.551177
8.067778
7.568266
7.076811
6.577300
6.093901
5.537993
4.933745
4.353667
3.733305
3.209624
2.637602
2.041411
1.501616
0.937651
0.413970
-0.141939
-0.705904
-1.173189
-1.721040
-2.276948
-2.744234
-3.275972
-3.711030
-4.242769
-4.693941
-5.217622
-5.676851
-6.160249
-6.691987
-7.175386
-7.682954
-8.109956
-8.488618
-8.875337
-9.205659
-9.568208
-9.890474
-10.196626
-10.462495
-10.704195
-10.921724
-11.074800
-11.179536
-11.284273
-11.372896
-11.421236
-11.413179
-11.469575
-11.461519
-11.461519
-11.445405
-11.324556
-11.268159
-11.203706
-11.082857
-10.986177
-10.784761
-10.583345
-10.381929
-10.059663
-9.745454
-9.423189
-9.020357
-8.649751
-8.166353
-7.715181
-7.175386
-6.667818
-6.144136
-5.628511
-5.032320
-4.436128
-3.888277
-3.227632
-2.728120
-2.156099
-1.600191
-0.995943
-0.496431
0.035307
0.647612
1.284087
1.864165
2.420073
2.871245
3.394927
3.846098
4.305327
4.804839
5.239897
5.658843
6.206694
6.665923
7.197661
7.745513
8.083891
8.502837
8.913725
9.235991
9.582427
9.832182
10.218901
10.533110
10.734526
10.984282
11.169585
11.258208
11.346831
11.346831
11.435454
11.459624
11.459624
11.483794
11.459624
11.395171
11.338774
11.290434
11.161528
11.048735
10.927886
10.774809
10.533110
10.347807
10.009429
9.703276
9.437407
8.945952
8.535063
8.100005
7.592436
7.109038
6.577300
6.085845
5.570220
4.941802
4.337554
3.749419
3.241850
2.669829
2.009184
1.501616
0.921538
0.438139
-0.117769
-0.649507
-1.173189
-1.672700
-2.228609
-2.703950
-3.195405
-3.694917
-4.194429
-4.726167
-5.153169
-5.668794
-6.128023
-6.659761
-7.183443
-7.682954
-8.093843
-8.504732
-8.867280
-9.229829
-9.535982
-9.890474
-10.148286
-10.462495
-10.704195
-10.921724
-11.082857
-11.227876
-11.300386
-11.372896
-11.437349
-11.413179
-11.461519
-11.477632
-11.413179
-11.405122
-11.380952
-11.324556
-11.219820
-11.098970
-10.994234
-10.800874
-10.631685
-10.389986
-10.116060
-9.785737
-9.447359
-9.052583
-8.665864
-8.174409
-7.682954
-7.207612
-6.643648
-6.144136
-5.636568
-5.056489
-4.436128
-3.831880
-3.275972
-2.712007
-2.131929
-1.616304
-0.995943
-0.480318
0.051421
0.575102
1.098784
1.646636
2.178374
2.637602
3.185454
3.628569
4.120024
4.659819
5.167388
5.634673
6.110014
6.649809
7.181548
7.664946
8.083891
8.478667
8.913725
9.235991
9.517973
9.824126
10.218901
10.678130
11.040679
11.274321
11.427397
11.516020
11.516020
11.532134
11.516020
11.483794
11.532134
11.499907
11.435454
11.411284
11.362944
11.306548
11.185698
11.064848
10.911772
10.766753
10.581450
10.315581
10.049712
9.711333
9.372954
8.994292
8.583403
8.116118
7.616606
7.141264
6.617583
6.061675
5.602446
4.990141
4.393950
3.765532
3.193511
2.677886
2.073638
1.541899
0.985991
0.462309
-0.141939
-0.633394
-1.116792
-1.704927
-2.220552
-2.736177
-3.195405
-3.702974
-4.162202
-4.677827
-5.193452
-5.660737
-6.119966
-6.667818
-7.199556
-7.658784
-8.077730
-8.480562
-8.867280
-9.213716
-9.560152
-9.906587
-10.172456
-10.502779
-10.680025
-10.937837
-11.131196
-11.195650
-11.268159
-11.348726
-11.421236
-11.461519
-11.413179
-11.477632
-11.437349
-11.389009
-11.324556
-11.284273
-11.203706
-11.131196
-10.986177
-10.833101
-10.631685
-10.381929
-10.148286
-9.801851
-9.423189
-9.084810
-8.681978
-8.182466
-7.723237
-7.199556
-6.643648
-6.184419
-5.668794
-5.040376
-4.516695
-3.880220
-3.259859
-2.736177
-2.139986
-1.656587
-1.020112
-0.496431
0.035307
0.575102
1.074614
1.614409
2.130034
2.589263
3.177397
3.660796
4.120024
4.667876
5.183501
5.650786
6.118071
6.649809
7.173491
7.705229
8.083891
8.494780
8.865386
9.260161
9.550200
9.888579
10.154448
10.492827
10.742583
10.943999
11.129302
11.274321
11.346831
11.403227
11.451567
11.467680
11.451567
11.459624
11.427397
11.427397
11.346831
11.282378
11.185698
11.040679
10.887602
10.758696
10.557280
10.315581
10.041655
9.687163
9.348784
8.954009
8.567290
8.148345
7.592436
7.318511
6.859282
6.359770
5.876372
5.215727
4.579253
3.958891
3.282134
2.758452
2.130034
1.574126
1.034331
0.486479
-0.077486
-0.625337
-1.140962
-1.640474
-2.228609
-2.655611
-3.155122
-3.711030
-4.178316
-4.669771
-5.161226
-5.644624
-6.063570
-6.603364
-7.183443
-7.642671
-8.045503
-8.480562
-8.835054
-9.205659
-9.527925
-9.874361
-10.164400
-10.438325
-10.655855
-10.921724
-11.082857
-11.203706
-11.300386
-11.340669
-11.405122
-11.421236
-11.437349
-11.477632
-11.437349
-11.413179
-11.340669
-11.292329
-11.203706
-11.098970
-11.018404
-10.857271
-10.623628
-10.406099
-10.180513
-9.801851
-9.455415
-9.060640
-8.698091
-8.230806
-7.731294
-7.231782
-6.700044
-6.208589
-5.668794
-5.088716
-4.500581
-3.896333
-3.275972
-2.792573
-2.188325
-1.688814
-1.052339
-0.528657
-0.013032
0.591216
1.042388
1.582182
2.121977
2.629546
3.153227
3.604399
4.111968
4.627593
5.167388
5.578276
6.085845
6.617583
7.149321
7.616606
8.108061
8.478667
8.865386
9.235991
9.526030
9.840239
10.138335
10.500884
10.742583
10.943999
11.097075
11.250151
11.338774
11.371001
11.411284
11.467680
11.499907
11.491850
11.411284
11.411284
11.346831
11.306548
11.193755
11.072905
10.927886
10.774809
10.557280
10.339751
10.033598
9.743559
9.348784
8.954009
8.623686
8.164458
7.632720
7.165434
6.625639
6.085845
5.602446
4.998198
4.450346
3.846098
3.274077
2.710112
2.073638
1.590239
1.010161
0.454253
-0.077486
-0.633394
-1.108736
-1.640474
-2.228609
-2.687837
-3.171236
-3.646577
-4.154146
-4.661714
-5.088716
-5.451265
-5.934663
-6.458345
-6.965913
-7.537935
-7.956880
-8.408052
-8.810884
-9.181489
-9.495698
-9.842134
-10.164400
-10.422212
-10.688081
-10.921724
-11.098970
-11.203706
-11.292329
-11.356782
-11.405122
-11.405122
-11.477632
-11.469575
-11.437349
-11.413179
-11.389009
-11.268159
-11.219820
-11.139253
-10.986177
-10.784761
-10.599458
-10.414155
-10.164400
-9.842134
-9.447359
-9.133150
-8.746431
-8.246919
-7.755464
-7.272066
-6.716157
-6.240816
-5.676851
-5.120943
-4.516695
-3.888277
-3.348482
-2.824800
-2.220552
-1.648530
-1.100679
-0.528657
-0.029146
0.534819
1.018218
1.549956
2.089751
2.581206
3.064604
3.604399
4.087798
4.611479
5.119048
5.562163
6.021391
6.577300
7.117095
7.616606
8.027495
8.446440
8.808989
9.187651
9.517973
9.840239
10.162505
10.436430
10.726470
10.919829
11.089018
11.225981
11.314604
11.411284
11.411284
11.435454
11.483794
11.435454
11.435454
11.379057
11.338774
11.282378
11.161528
11.040679
10.943999
10.774809
10.581450
10.339751
10.098052
9.719389
9.405180
9.010405
8.599516
8.148345
7.689116
7.205718
6.665923
6.110014
5.658843
5.046538
4.450346
3.854155
3.274077
2.734282
2.162261
1.606352
1.074614
0.486479
-0.045259
-0.617280
-1.052339
-1.624361
-2.139986
-2.623384
-3.130952
-3.606294
-4.129976
-4.637544
-5.088716
-5.636568
-6.039400
-6.611421
-7.143159
-7.594331
-8.029390
-8.440279
-8.851167
-9.165376
-9.511812
-9.874361
-10.132173
-10.389986
-10.623628
-10.897554
-11.042573
-11.163423
-11.260103
-11.380952
-11.405122
-11.445405
-11.461519
-11.477632
-11.437349
-11.405122
-11.340669
-11.235933
-11.098970
-11.010347
-10.873384
-10.688081
-10.526948
-10.317476
-10.075777
-9.809907
-9.415132
-9.044527
-8.714204
-8.230806
-7.779634
-7.264009
-6.724214
-6.232759
-5.733247
-5.145112
-4.524751
-3.944673
-3.396821
-2.808687
-2.228609
-1.648530
-1.100679
-0.585054
-0.053316
0.518706
0.969878
1.541899
2.041411
2.589263
3.040434
3.612456
4.039458
4.571196
5.119048
5.546050
5.989165
6.569243
7.084868
7.616606
8.011382
8.406157
8.792876
9.187651
9.461577
9.767729
10.138335
10.412261
10.734526
10.927886
11.089018
11.250151
11.306548
11.371001
11.427397
11.435454
11.459624
11.451567
11.483794
11.362944
11.362944
11.250151
11.161528
11.040679
10.919829
10.774809
10.549223
10.339751
10.065825
9.767729
9.413237
8.986235
8.672026
8.220854
7.648833
7.165434
6.657866
6.142241
5.634673
5.054595
4.458403
3.886382
3.306304
2.758452
2.194487
1.622466
1.090727
0.494536
0.011138
-0.568941
-1.052339
-1.600191
-2.131929
-2.607271
-3.090669
-3.638521
-4.129976
-4.573091
-5.104829
-5.588228
-6.007173
-6.555025
-7.086763
-7.545991
-8.021333
-8.416109
-8.810884
-9.197603
-9.479585
-9.801851
-10.083833
-10.470552
-10.631685
-10.873384
-11.058687
-11.147310
-11.235933
-11.372896
-11.356782
-11.437349
-11.445405
-11.469575
-11.421236
-11.445405
-11.316499
-11.292329
-11.203706
-11.107027
-10.994234
-10.808931
-10.631685
-10.422212
-10.196626
-9.817964
-9.560152
-9.092866
-8.690034
-8.287202
-7.803804
-7.304292
-6.732271
-6.297212
-5.733247
-5.145112
-4.589204
-3.952730
-3.332368
-2.679780
-2.083589
-1.559907
-0.979829
-0.528657
0.019194
0.518706
1.074614
1.541899
2.065581
2.557036
3.096831
3.556059
4.039458
4.538970
5.094878
5.489653
6.013335
6.528960
7.052641
7.584380
7.995268
8.381987
8.768706
9.171538
9.469634
9.808013
10.081938
10.396147
10.686186
10.919829
11.097075
11.193755
11.282378
11.338774
11.403227
11.427397
11.451567
11.459624
11.459624
11.395171
11.338774
11.274321
11.193755
11.064848
10.952055
10.742583
10.565337
10.363921
10.033598
9.743559
9.397124
9.034575
8.583403
8.196684
7.689116
7.181548
6.698149
6.142241
5.683013
5.086821
4.458403
3.918608
3.298247
2.750395
2.178374
1.646636
1.098784
0.502593
0.043364
-0.512544
-1.068452
-1.551851
-2.123872
-2.566987
-3.066499
-3.622407
-4.065523
-4.548921
-5.064546
-5.539888
-5.991060
-6.555025
-7.094820
-7.513765
-7.997163
-8.391939
-8.770601
-9.149263
-9.447359
-9.777681
-10.075777
-10.373872
-10.655855
-10.833101
-11.042573
-11.195650
-11.252046
-11.268159
-11.421236
-11.405122
-11.389009
-11.461519
-11.437349
-11.413179
-11.316499
-11.316499
-11.163423
-11.107027
-10.994234
-10.784761
-10.599458
-10.438325
-10.180513
-9.898530
-9.535982
-9.092866
-8.730318
-8.295259
-7.787691
-7.304292
-6.756441
-6.273042
-5.789644
-5.145112
-4.605318
-3.968843
-3.437105
-2.832857
-2.260835
-1.745210
-1.140962
-0.593111
-0.069429
0.502593
0.969878
1.485503
2.073638
2.516753
3.032378
3.539946
4.007231
4.506743
5.094878
5.505766
5.956938
6.528960
7.028471
7.584380
7.987212
8.341704
8.792876
9.139311
9.445464
9.767729
10.081938
10.589507
10.952055
11.209868
11.395171
11.411284
11.483794
11.467680
11.483794
11.467680
11.499907
11.483794
11.467680
11.435454
11.371001
11.290434
11.217925
11.072905
10.927886
10.790923
10.637846
10.371977
10.073882
9.759673
9.429350
9.050688
8.631743
8.204741
7.713286
7.221831
6.665923
6.198638
5.691069
5.094878
4.522856
3.854155
3.338530
2.790679
2.186430
1.678862
1.131011
0.550932
0.019194
-0.552827
-1.036226
-1.527681
-2.107759
-2.607271
-3.090669
