0.506552
0.442099
0.466269
0.393760
0.313193
0.232627
0.184287
0.135947
0.119834
0.111777
0.071494
0.015097
-0.009073
-0.017129
-0.033242
-0.049356
-0.065469
-0.041299
-0.105752
-0.033242
-0.081582
-0.073526
-0.081582
-0.073526
-0.041299
-0.081582
-0.057412
-0.089639
-0.065469
-0.065469
-0.081582
-0.073526
-0.041299
-0.057412
-0.049356
-0.049356
-0.041299
-0.041299
-0.041299
-0.065469
-0.057412
-0.057412
-0.033242
-0.073526
-0.065469
-0.041299
-0.033242
-0.041299
-0.065469
-0.049356
-0.073526
-0.041299
-0.033242
-0.017129
-0.033242
-0.033242
-0.009073
-0.025186
-0.009073
-0.025186
-0.025186
-0.033242
-0.162149
-0.419961
-0.540811
-0.540811
-0.379678
-0.226602
-0.097696
-0.081582
-0.009073
0.007041
-0.041299
0.007041
0.007041
0.015097
0.023154
0.015097
0.015097
0.023154
0.015097
0.015097
0.063437
0.031211
0.023154
0.055381
0.047324
0.015097
0.031211
0.055381
0.047324
-0.009073
0.039267
0.023154
0.015097
0.015097
-0.001016
0.031211
0.015097
0.055381
0.015097
0.015097
0.015097
0.023154
-0.009073
0.031211
0.015097
0.023154
0.015097
0.023154
0.023154
-0.001016
0.039267
0.007041
0.055381
-0.009073
-0.009073
0.015097
0.007041
-0.025186
-0.009073
-0.001016
0.023154
-0.017129
-0.009073
-0.001016
0.144004
0.377646
0.506552
0.482383
0.385703
0.208457
0.071494
0.007041
-0.025186
-0.001016
-0.009073
-0.025186
-0.025186
-0.089639
-0.057412
-0.065469
-0.057412
-0.049356
-0.065469
-0.041299
-0.081582
-0.097696
-0.057412
-0.097696
-0.073526
-0.049356
-0.113809
-0.073526
-0.097696
-0.065469
-0.073526
-0.057412
-0.049356
0.079551
0.200400
0.216513
0.176230
0.168174
0.144004
0.103720
0.031211
0.047324
0.031211
-0.033242
-0.025186
-0.025186
-0.001016
-0.033242
-0.041299
-0.049356
-0.025186
-0.033242
-0.041299
-0.041299
-0.025186
-0.009073
-0.057412
-0.017129
-0.025186
-0.017129
-0.033242
-0.009073
-0.033242
-0.001016
-0.210489
-0.428018
-0.564981
-0.548867
-0.363565
-0.250772
-0.113809
-0.081582
-0.033242
0.007041
-0.001016
0.023154
0.015097
-0.009073
0.039267
0.055381
0.031211
0.015097
0.023154
0.031211
0.031211
0.071494
0.039267
0.047324
-0.001016
0.007041
0.055381
0.031211
0.055381
0.031211
0.031211
0.039267
0.015097
0.063437
0.039267
0.015097
0.015097
-0.017129
0.015097
-0.001016
0.023154
0.015097
0.023154
-0.025186
0.023154
0.023154
0.015097
0.007041
-0.017129
0.055381
0.031211
0.007041
0.023154
0.007041
0.015097
0.015097
0.007041
-0.017129
-0.025186
-0.009073
-0.033242
-0.009073
-0.017129
-0.017129
0.144004
0.377646
0.514609
0.506552
0.369590
0.248740
0.119834
0.015097
-0.001016
-0.033242
-0.009073
-0.025186
-0.033242
-0.049356
-0.033242
-0.041299
-0.017129
-0.041299
-0.089639
-0.041299
-0.081582
-0.049356
-0.081582
-0.073526
-0.065469
-0.065469
-0.041299
-0.057412
-0.041299
-0.081582
-0.065469
-0.073526
-0.081582
-0.041299
-0.033242
-0.041299
-0.033242
-0.065469
-0.033242
-0.033242
-0.065469
-0.041299
-0.057412
-0.041299
-0.057412
-0.065469
-0.065469
-0.033242
-0.041299
-0.049356
-0.081582
-0.041299
-0.017129
-0.057412
-0.041299
-0.033242
0.007041
0.127890
0.184287
0.256797
0.208457
0.184287
0.184287
0.144004
0.031211
-0.242715
-0.452188
-0.484414
-0.411905
-0.234658
-0.121865
-0.057412
-0.033242
-0.033242
0.031211
0.047324
0.023154
0.031211
0.031211
0.031211
0.063437
-0.001016
0.007041
0.023154
0.055381
0.023154
0.023154
0.023154
0.031211
0.039267
0.023154
0.063437
0.007041
0.039267
-0.001016
0.039267
0.015097
0.047324
0.023154
0.047324
0.031211
0.055381
0.031211
-0.001016
0.039267
-0.009073
0.039267
0.023154
0.039267
-0.009073
0.031211
-0.001016
0.031211
0.007041
-0.009073
0.023154
0.039267
0.023154
0.015097
0.007041
0.015097
0.007041
0.039267
-0.025186
-0.001016
-0.001016
-0.017129
0.023154
0.152060
0.385703
0.498496
0.442099
0.401816
0.208457
0.127890
-0.009073
-0.001016
-0.025186
-0.009073
-0.057412
-0.001016
-0.025186
-0.025186
-0.073526
-0.049356
-0.017129
-0.057412
-0.065469
-0.089639
-0.065469
-0.081582
-0.049356
-0.073526
-0.041299
-0.041299
-0.057412
-0.057412
-0.073526
-0.033242
-0.065469
-0.041299
-0.057412
-0.065469
-0.057412
-0.073526
-0.041299
-0.017129
-0.009073
-0.057412
-0.049356
-0.017129
-0.073526
-0.025186
-0.041299
-0.033242
-0.073526
-0.057412
-0.049356
-0.017129
-0.081582
-0.033242
-0.017129
-0.017129
-0.041299
-0.049356
-0.041299
-0.041299
-0.033242
-0.041299
-0.017129
-0.041299
-0.025186
-0.113809
-0.419961
-0.516641
-0.532754
-0.444131
-0.250772
-0.162149
-0.073526
-0.025186
-0.017129
0.031211
-0.017129
-0.017129
0.007041
0.039267
-0.009073
-0.041299
0.023154
0.023154
0.031211
0.216513
0.297080
0.305136
0.289023
0.248740
0.232627
0.216513
0.192344
0.176230
0.144004
0.111777
0.135947
0.039267
0.063437
0.031211
0.039267
0.031211
0.031211
-0.017129
-0.001016
0.023154
0.015097
0.023154
0.015097
0.007041
-0.001016
-0.017129
0.015097
0.015097
-0.009073
0.039267
0.007041
-0.001016
0.015097
0.007041
-0.001016
0.023154
0.031211
0.007041
-0.017129
-0.009073
-0.001016
0.015097
-0.041299
0.127890
0.297080
0.466269
0.522666
0.377646
0.256797
0.071494
0.031211
-0.001016
-0.009073
-0.017129
-0.049356
-0.017129
-0.089639
-0.081582
-0.041299
-0.073526
-0.009073
-0.041299
-0.017129
-0.065469
-0.073526
-0.073526
-0.089639
-0.065469
-0.049356
-0.041299
-0.041299
-0.089639
-0.049356
-0.033242
-0.089639
-0.049356
-0.065469
-0.057412
-0.009073
-0.073526
-0.049356
-0.017129
-0.089639
-0.033242
-0.073526
-0.009073
-0.049356
-0.073526
-0.057412
-0.049356
-0.049356
-0.017129
-0.041299
-0.065469
-0.033242
-0.033242
-0.025186
-0.041299
-0.033242
-0.041299
-0.041299
-0.049356
-0.025186
-0.025186
-0.033242
0.015097
-0.017129
-0.137979
-0.355508
-0.492471
-0.516641
-0.411905
-0.234658
-0.137979
-0.041299
-0.017129
-0.001016
-0.001016
0.031211
0.015097
-0.009073
0.015097
-0.025186
0.047324
0.015097
0.031211
0.015097
0.039267
0.047324
0.007041
0.063437
0.047324
0.031211
0.039267
0.047324
0.015097
0.031211
0.023154
0.023154
-0.017129
0.047324
0.103720
0.023154
0.015097
0.055381
-0.041299
0.007041
0.031211
0.047324
0.192344
0.248740
0.232627
0.216513
0.208457
0.192344
0.144004
0.135947
0.103720
0.047324
0.039267
0.007041
-0.017129
0.023154
-0.025186
-0.001016
-0.009073
-0.025186
0.023154
0.023154
-0.001016
0.007041
0.071494
0.289023
0.458213
0.498496
0.353476
0.256797
0.111777
0.015097
-0.009073
-0.033242
-0.017129
-0.041299
-0.025186
-0.041299
-0.041299
-0.057412
-0.033242
-0.041299
-0.041299
-0.033242
-0.057412
-0.049356
-0.065469
-0.073526
-0.073526
-0.081582
-0.073526
-0.049356
-0.081582
-0.073526
-0.057412
-0.049356
-0.073526
-0.081582
-0.033242
-0.033242
-0.065469
-0.049356
-0.033242
-0.033242
-0.025186
-0.049356
-0.041299
-0.025186
-0.049356
-0.017129
-0.049356
-0.041299
-0.049356
-0.041299
-0.073526
-0.057412
-0.065469
-0.025186
-0.033242
-0.009073
-0.073526
-0.033242
-0.017129
-0.001016
-0.033242
-0.025186
-0.049356
-0.025186
-0.033242
-0.242715
-0.395791
-0.436074
-0.371621
-0.299112
-0.121865
-0.041299
-0.049356
-0.017129
0.007041
0.023154
-0.009073
0.015097
0.039267
0.007041
0.031211
-0.001016
0.015097
0.007041
0.039267
0.023154
0.063437
0.055381
0.039267
0.023154
-0.001016
0.031211
0.015097
-0.001016
0.007041
0.031211
0.015097
0.015097
0.007041
0.039267
0.039267
0.015097
0.031211
0.007041
0.015097
0.015097
-0.001016
-0.001016
0.031211
0.031211
-0.009073
-0.001016
0.039267
-0.009073
0.007041
0.023154
-0.009073
-0.025186
0.023154
0.015097
-0.001016
-0.001016
-0.025186
-0.017129
0.015097
-0.009073
-0.041299
-0.009073
-0.009073
0.160117
0.369590
0.401816
0.345420
0.264853
0.184287
0.248740
0.248740
0.256797
0.200400
0.127890
0.103720
0.087607
0.095664
0.071494
0.007041
-0.001016
-0.025186
-0.073526
-0.065469
-0.073526
-0.065469
-0.041299
-0.049356
-0.081582
-0.089639
-0.057412
-0.081582
-0.025186
-0.073526
-0.049356
-0.065469
-0.049356
-0.017129
-0.065469
-0.081582
-0.049356
-0.073526
-0.041299
-0.049356
-0.057412
-0.041299
-0.041299
-0.033242
-0.001016
-0.025186
-0.041299
-0.065469
-0.041299
-0.017129
-0.057412
-0.033242
-0.041299
-0.009073
-0.033242
-0.025186
-0.025186
-0.017129
-0.041299
0.015097
-0.049356
-0.017129
0.007041
-0.057412
-0.226602
-0.395791
-0.468301
-0.395791
-0.323281
-0.146035
-0.081582
-0.033242
-0.009073
-0.001016
-0.017129
0.007041
-0.001016
-0.009073
0.023154
-0.025186
0.023154
0.015097
0.007041
0.047324
0.031211
0.007041
0.071494
0.031211
0.039267
0.047324
0.063437
0.015097
0.015097
0.055381
0.031211
0.023154
0.007041
0.031211
0.055381
0.015097
0.031211
-0.017129
-0.017129
0.007041
0.015097
0.023154
0.007041
-0.009073
0.039267
0.031211
-0.009073
0.015097
0.039267
0.007041
0.023154
0.023154
0.039267
-0.001016
-0.009073
-0.001016
-0.001016
0.007041
0.015097
-0.017129
-0.001016
-0.025186
-0.017129
0.047324
0.184287
0.369590
0.450156
0.385703
0.272910
0.103720
0.055381
0.007041
-0.025186
-0.025186
0.015097
-0.033242
-0.033242
-0.081582
-0.057412
-0.073526
-0.065469
-0.001016
-0.073526
-0.097696
-0.065469
-0.089639
-0.105752
-0.081582
-0.073526
-0.089639
-0.105752
-0.113809
-0.081582
-0.001016
0.152060
0.208457
0.184287
0.152060
0.127890
0.111777
0.079551
0.079551
0.039267
0.031211
0.015097
-0.017129
-0.033242
-0.009073
-0.073526
-0.041299
-0.041299
-0.073526
-0.025186
-0.049356
-0.033242
-0.065469
-0.057412
-0.073526
-0.009073
-0.033242
-0.001016
-0.017129
-0.009073
-0.017129
-0.033242
-0.009073
-0.001016
-0.001016
-0.194375
-0.363565
-0.436074
-0.387735
-0.339395
-0.146035
-0.049356
-0.049356
-0.009073
-0.001016
0.023154
0.047324
0.039267
0.007041
-0.025186
0.023154
0.015097
0.063437
0.031211
0.023154
0.023154
0.023154
0.039267
0.071494
0.079551
-0.001016
0.039267
0.023154
0.031211
0.039267
0.023154
0.047324
0.031211
0.031211
0.007041
0.031211
0.015097
0.015097
0.039267
-0.009073
-0.017129
-0.017129
0.023154
0.007041
0.007041
0.015097
-0.001016
0.007041
0.039267
0.007041
0.031211
0.023154
0.015097
-0.009073
0.015097
0.015097
0.007041
-0.001016
-0.001016
-0.001016
0.007041
-0.025186
-0.001016
-0.009073
0.192344
0.393760
0.442099
0.377646
0.232627
0.111777
0.039267
0.015097
-0.009073
-0.001016
-0.049356
-0.033242
-0.025186
-0.001016
-0.033242
-0.049356
-0.049356
-0.041299
-0.025186
-0.041299
-0.065469
-0.073526
-0.041299
-0.073526
-0.049356
-0.065469
-0.057412
-0.049356
-0.097696
-0.041299
-0.057412
-0.065469
-0.025186
-0.025186
-0.041299
-0.049356
-0.049356
-0.033242
-0.065469
-0.049356
-0.041299
-0.057412
-0.041299
-0.033242
-0.033242
-0.057412
-0.025186
-0.065469
-0.041299
-0.065469
-0.049356
-0.041299
-0.057412
-0.033242
-0.049356
-0.057412
-0.001016
0.160117
0.216513
0.216513
0.216513
0.192344
0.152060
0.127890
-0.049356
-0.274942
-0.419961
-0.395791
-0.282998
-0.146035
-0.081582
-0.001016
-0.009073
0.007041
-0.009073
0.015097
0.007041
0.039267
-0.001016
0.031211
0.055381
0.063437
0.071494
0.071494
-0.001016
0.047324
0.047324
0.007041
0.055381
-0.009073
0.031211
0.007041
-0.001016
0.055381
-0.009073
0.023154
0.031211
0.063437
0.023154
0.047324
-0.001016
0.007041
0.031211
-0.001016
0.023154
0.023154
-0.001016
-0.001016
0.015097
-0.025186
0.039267
-0.009073
0.023154
0.095664
-0.001016
0.039267
0.007041
-0.001016
0.015097
-0.025186
-0.001016
0.007041
-0.009073
0.015097
-0.049356
-0.009073
-0.009073
0.007041
0.135947
0.337363
0.466269
0.385703
0.272910
0.119834
0.023154
0.031211
-0.001016
-0.025186
-0.065469
-0.041299
-0.049356
-0.025186
-0.033242
-0.049356
-0.033242
-0.041299
-0.033242
-0.057412
-0.057412
-0.033242
-0.057412
-0.057412
-0.073526
-0.041299
-0.057412
-0.033242
-0.049356
-0.065469
-0.073526
-0.057412
-0.049356
-0.049356
-0.065469
-0.049356
-0.033242
-0.041299
-0.057412
-0.057412
-0.025186
-0.033242
-0.049356
-0.041299
-0.033242
-0.033242
-0.033242
-0.065469
-0.041299
-0.057412
-0.049356
-0.033242
-0.025186
-0.017129
-0.017129
-0.057412
-0.017129
-0.025186
-0.041299
-0.033242
-0.025186
-0.017129
-0.033242
-0.041299
-0.194375
-0.436074
-0.484414
-0.419961
-0.282998
-0.154092
-0.057412
-0.017129
-0.041299
-0.025186
-0.017129
0.015097
-0.025186
-0.009073
0.079551
0.192344
0.248740
0.200400
0.152060
0.127890
0.127890
0.127890
0.087607
0.087607
0.055381
0.047324
0.055381
0.047324
0.079551
0.055381
0.007041
0.015097
0.023154
-0.009073
0.015097
0.015097
0.039267
0.039267
0.023154
-0.009073
0.015097
0.039267
-0.009073
0.023154
0.023154
0.039267
-0.009073
-0.017129
0.015097
0.015097
0.015097
0.015097
0.015097
0.007041
-0.017129
0.015097
-0.025186
-0.009073
-0.017129
-0.025186
0.007041
-0.001016
-0.041299
-0.009073
0.103720
0.369590
0.434043
0.393760
0.305136
0.119834
0.047324
0.015097
-0.025186
0.015097
-0.057412
-0.025186
-0.041299
-0.033242
-0.041299
-0.041299
-0.025186
-0.081582
-0.089639
-0.041299
-0.065469
-0.089639
-0.057412
-0.105752
-0.057412
-0.049356
-0.041299
-0.065469
-0.041299
-0.065469
-0.049356
-0.033242
-0.073526
-0.049356
-0.065469
-0.065469
-0.033242
-0.025186
-0.025186
-0.065469
-0.057412
-0.041299
-0.041299
-0.057412
0.007041
-0.033242
-0.009073
-0.033242
-0.033242
-0.033242
-0.057412
-0.057412
-0.049356
-0.041299
-0.001016
-0.057412
-0.041299
-0.081582
-0.049356
-0.025186
-0.033242
0.007041
0.007041
-0.009073
-0.162149
-0.339395
-0.428018
-0.395791
-0.307168
-0.178262
-0.081582
-0.033242
-0.017129
0.007041
0.015097
0.031211
0.023154
-0.001016
0.007041
-0.001016
0.023154
0.031211
0.007041
-0.009073
0.047324
0.007041
0.055381
0.023154
0.055381
0.039267
0.031211
0.047324
0.015097
0.023154
0.015097
0.023154
0.031211
-0.001016
0.015097
0.007041
-0.009073
-0.009073
-0.009073
-0.009073
0.007041
-0.017129
0.007041
0.119834
0.248740
0.280967
0.272910
0.232627
0.240683
0.184287
0.160117
0.160117
0.152060
0.127890
0.119834
0.095664
0.079551
0.015097
0.007041
-0.009073
-0.041299
0.015097
-0.017129
0.023154
0.103720
0.361533
0.425986
0.409873
0.297080
0.127890
0.071494
-0.001016
-0.033242
-0.049356
-0.041299
-0.041299
-0.025186
-0.017129
-0.065469
-0.033242
-0.041299
-0.065469
-0.065469
-0.081582
-0.041299
-0.065469
-0.041299
-0.017129
-0.049356
-0.081582
-0.073526
-0.073526
-0.025186
-0.049356
-0.041299
-0.065469
-0.041299
-0.025186
-0.049356
-0.081582
0.023154
-0.033242
-0.041299
-0.057412
-0.033242
-0.041299
-0.033242
-0.033242
-0.009073
-0.049356
-0.001016
-0.033242
-0.033242
-0.025186
-0.089639
-0.025186
-0.017129
-0.017129
-0.025186
-0.025186
-0.041299
-0.017129
-0.057412
-0.009073
-0.041299
0.023154
-0.001016
-0.017129
-0.137979
-0.363565
-0.484414
-0.403848
-0.307168
-0.154092
-0.057412
-0.049356
0.015097
-0.009073
0.015097
0.015097
0.007041
0.055381
0.039267
0.047324
0.055381
0.039267
0.007041
-0.001016
0.031211
0.055381
0.055381
0.063437
0.031211
0.039267
0.023154
0.023154
0.055381
-0.001016
0.055381
0.031211
0.055381
-0.001016
0.039267
0.015097
0.055381
0.031211
0.039267
0.023154
0.015097
0.031211
0.015097
0.047324
0.007041
0.031211
-0.009073
0.039267
-0.017129
0.031211
0.047324
-0.001016
0.015097
-0.009073
-0.009073
-0.001016
-0.009073
0.015097
0.007041
-0.017129
-0.001016
-0.057412
-0.001016
-0.049356
0.087607
0.272910
0.369590
0.514609
0.522666
0.442099
0.321250
0.248740
0.192344
0.135947
0.103720
0.103720
0.063437
0.023154
-0.009073
0.007041
-0.025186
-0.041299
-0.041299
-0.073526
-0.057412
-0.073526
-0.041299
-0.049356
-0.057412
-0.049356
-0.073526
-0.073526
-0.089639
-0.089639
-0.057412
-0.065469
-0.073526
-0.049356
-0.065469
-0.049356
-0.041299
-0.049356
-0.017129
-0.049356
-0.017129
-0.017129
-0.001016
-0.041299
-0.033242
-0.049356
-0.049356
-0.049356
-0.073526
-0.041299
-0.041299
-0.049356
-0.049356
-0.081582
-0.049356
-0.033242
-0.033242
-0.025186
-0.041299
-0.033242
-0.009073
-0.017129
-0.017129
-0.025186
-0.154092
-0.315225
-0.444131
-0.468301
-0.339395
-0.210489
-0.105752
-0.041299
0.007041
-0.001016
0.015097
0.031211
0.023154
0.023154
0.007041
0.047324
0.015097
-0.001016
0.031211
0.031211
0.015097
0.063437
0.055381
0.031211
0.055381
0.023154
0.055381
0.007041
0.055381
-0.001016
0.047324
-0.001016
0.031211
0.015097
0.047324
0.015097
0.007041
0.031211
0.031211
0.007041
0.031211
-0.001016
0.031211
0.015097
0.015097
0.007041
0.031211
0.015097
0.015097
0.015097
0.007041
0.047324
-0.009073
0.015097
-0.017129
-0.001016
0.015097
-0.025186
-0.017129
-0.009073
-0.001016
-0.001016
-0.001016
-0.025186
0.079551
0.248740
0.425986
0.417929
0.313193
0.192344
0.071494
0.007041
-0.009073
-0.025186
-0.049356
-0.049356
-0.033242
-0.017129
-0.049356
-0.057412
-0.041299
-0.065469
-0.057412
-0.041299
-0.081582
-0.081582
-0.089639
-0.065469
-0.097696
-0.105752
-0.081582
-0.121865
-0.073526
-0.057412
0.031211
0.160117
0.200400
0.224570
0.224570
0.152060
0.135947
0.103720
0.087607
0.087607
0.071494
0.031211
-0.017129
-0.001016
0.015097
-0.025186
-0.001016
-0.001016
-0.049356
-0.041299
-0.025186
-0.025186
-0.065469
-0.049356
-0.049356
-0.025186
-0.001016
-0.001016
-0.001016
-0.033242
-0.033242
-0.025186
0.023154
0.047324
-0.105752
-0.258828
-0.395791
-0.444131
-0.363565
-0.218545
-0.073526
-0.041299
0.015097
-0.025186
-0.001016
0.055381
0.007041
0.023154
0.031211
0.055381
0.063437
0.023154
0.039267
0.007041
0.031211
0.047324
-0.001016
0.023154
0.055381
0.015097
0.055381
0.047324
0.023154
0.071494
-0.001016
0.039267
0.007041
0.031211
0.031211
0.023154
0.015097
0.031211
0.039267
0.007041
0.031211
0.007041
0.039267
0.007041
0.007041
0.055381
0.007041
0.039267
-0.001016
0.023154
0.023154
0.023154
-0.009073
0.007041
0.007041
-0.001016
0.023154
0.047324
-0.001016
0.007041
0.015097
-0.001016
-0.017129
-0.025186
0.087607
0.305136
0.434043
0.393760
0.297080
0.160117
0.047324
-0.001016
-0.017129
-0.009073
-0.057412
-0.009073
-0.065469
-0.025186
-0.041299
-0.017129
-0.033242
-0.025186
-0.057412
-0.065469
-0.073526
-0.081582
-0.041299
-0.089639
-0.041299
-0.089639
-0.065469
-0.041299
-0.041299
-0.057412
-0.089639
-0.057412
-0.073526
-0.073526
-0.033242
-0.073526
-0.049356
-0.041299
-0.049356
-0.049356
-0.057412
-0.041299
-0.057412
-0.025186
-0.073526
-0.057412
-0.033242
-0.041299
-0.033242
-0.081582
-0.073526
-0.065469
0.055381
0.176230
0.200400
0.184287
0.192344
0.176230
0.168174
0.144004
0.103720
0.103720
0.103720
0.095664
-0.033242
-0.266885
-0.419961
-0.460244
-0.347451
-0.226602
-0.097696
-0.041299
-0.041299
-0.001016
-0.025186
-0.001016
0.055381
0.031211
0.023154
0.015097
0.023154
0.023154
0.015097
0.023154
0.023154
0.023154
0.023154
0.103720
0.031211
0.015097
0.063437
0.015097
0.047324
0.047324
0.047324
0.015097
0.023154
0.039267
0.007041
0.055381
0.039267
0.023154
0.031211
0.007041
0.015097
-0.009073
0.031211
0.007041
0.015097
0.047324
0.031211
-0.001016
-0.001016
0.047324
0.007041
0.023154
-0.017129
0.007041
-0.001016
0.015097
-0.009073
-0.001016
-0.025186
0.007041
0.023154
-0.041299
-0.001016
-0.049356
0.071494
0.248740
0.425986
0.425986
0.345420
0.224570
0.119834
0.039267
-0.009073
-0.033242
-0.017129
-0.025186
-0.033242
-0.065469
-0.033242
-0.073526
-0.001016
-0.049356
-0.025186
-0.041299
-0.065469
-0.041299
-0.057412
-0.049356
-0.033242
-0.065469
-0.073526
-0.049356
-0.081582
-0.049356
-0.025186
-0.025186
-0.049356
-0.057412
-0.041299
-0.073526
-0.057412
-0.057412
-0.041299
-0.041299
-0.041299
-0.049356
-0.025186
-0.081582
0.015097
-0.057412
-0.041299
-0.033242
-0.065469
-0.049356
-0.025186
-0.049356
-0.001016
-0.009073
-0.017129
-0.017129
-0.057412
-0.001016
-0.049356
-0.009073
-0.033242
-0.025186
-0.009073
0.015097
-0.129922
-0.299112
-0.428018
-0.452188
-0.339395
-0.250772
-0.113809
-0.033242
-0.033242
-0.033242
0.015097
-0.001016
-0.017129
-0.001016
-0.001016
-0.025186
0.039267
0.160117
0.256797
0.289023
0.297080
0.256797
0.264853
0.208457
0.208457
0.192344
0.192344
0.184287
0.127890
0.135947
0.111777
0.071494
0.079551
0.039267
0.047324
0.039267
0.023154
0.071494
0.047324
0.007041
0.031211
0.007041
0.031211
-0.001016
0.039267
0.023154
0.031211
0.007041
0.015097
0.031211
0.031211
0.031211
0.015097
-0.017129
0.031211
-0.041299
0.023154
-0.001016
-0.009073
-0.009073
-0.033242
-0.033242
-0.025186
-0.017129
0.055381
0.232627
0.401816
0.425986
0.401816
0.240683
0.152060
0.047324
0.015097
-0.009073
-0.009073
-0.017129
-0.001016
-0.041299
-0.025186
-0.073526
-0.041299
-0.017129
-0.041299
-0.041299
-0.057412
-0.041299
-0.073526
-0.065469
-0.057412
-0.057412
-0.033242
-0.025186
-0.057412
-0.057412
-0.057412
-0.049356
-0.033242
-0.025186
-0.057412
-0.057412
-0.041299
-0.009073
-0.025186
-0.049356
-0.057412
-0.017129
-0.033242
-0.041299
-0.017129
0.007041
-0.049356
-0.081582
-0.033242
-0.041299
-0.081582
-0.033242
-0.065469
-0.001016
-0.041299
-0.017129
0.007041
-0.025186
-0.009073
-0.009073
-0.001016
-0.041299
-0.009073
-0.009073
-0.049356
-0.234658
-0.403848
-0.436074
-0.363565
-0.234658
-0.154092
-0.041299
-0.033242
-0.001016
-0.025186
0.031211
-0.017129
0.031211
-0.017129
0.007041
0.031211
0.023154
0.023154
0.015097
0.039267
0.031211
0.031211
0.047324
0.071494
0.055381
0.015097
0.031211
0.015097
0.055381
0.055381
0.031211
0.015097
-0.001016
0.007041
0.023154
-0.025186
0.007041
-0.017129
-0.033242
0.023154
0.152060
0.248740
0.248740
0.264853
0.248740
0.224570
0.192344
0.152060
0.111777
0.087607
0.047324
0.023154
0.023154
0.031211
0.023154
-0.009073
0.039267
0.007041
0.007041
-0.009073
-0.001016
-0.017129
-0.033242
0.079551
0.248740
0.417929
0.409873
0.329306
0.216513
0.095664
0.015097
-0.009073
-0.017129
-0.041299
-0.041299
-0.017129
-0.065469
-0.025186
-0.041299
-0.049356
-0.041299
-0.057412
-0.033242
-0.033242
-0.073526
-0.065469
-0.065469
-0.033242
-0.033242
-0.049356
-0.089639
-0.073526
-0.041299
-0.041299
-0.025186
-0.049356
-0.057412
-0.073526
-0.057412
-0.033242
-0.041299
-0.025186
-0.017129
-0.065469
-0.025186
-0.017129
0.023154
-0.041299
-0.017129
-0.049356
-0.017129
-0.049356
-0.025186
-0.033242
-0.033242
-0.057412
-0.025186
-0.049356
-0.057412
-0.017129
-0.009073
-0.017129
-0.033242
-0.025186
-0.025186
0.023154
0.007041
-0.041299
-0.210489
-0.395791
-0.444131
-0.411905
-0.299112
-0.089639
-0.065469
-0.017129
-0.001016
0.031211
0.023154
0.039267
0.015097
-0.001016
0.047324
0.039267
0.015097
0.055381
0.031211
0.047324
0.039267
0.087607
0.023154
0.055381
0.039267
0.015097
0.039267
0.047324
0.071494
0.015097
0.047324
0.023154
0.007041
0.047324
-0.001016
0.039267
-0.001016
0.047324
0.007041
0.047324
0.031211
0.031211
0.039267
0.023154
0.015097
0.031211
-0.009073
-0.001016
0.015097
-0.001016
0.047324
0.015097
0.015097
0.015097
-0.009073
0.023154
-0.041299
-0.009073
-0.025186
-0.049356
0.007041
-0.017129
-0.073526
-0.025186
0.168174
0.345420
0.450156
0.490439
0.514609
0.353476
0.297080
0.200400
0.176230
0.152060
0.127890
0.111777
0.071494
0.015097
0.007041
-0.025186
-0.017129
-0.009073
-0.065469
-0.057412
-0.057412
-0.073526
-0.081582
-0.073526
-0.081582
-0.033242
-0.089639
-0.113809
-0.097696
-0.065469
-0.065469
-0.049356
-0.049356
-0.057412
-0.057412
-0.049356
-0.049356
-0.009073
-0.025186
-0.065469
-0.017129
-0.041299
-0.033242
-0.041299
-0.017129
-0.033242
-0.017129
-0.049356
-0.033242
-0.041299
-0.033242
-0.001016
-0.033242
-0.017129
-0.009073
-0.017129
-0.001016
-0.033242
0.007041
-0.041299
-0.017129
-0.001016
-0.009073
-0.146035
-0.387735
-0.589151
-0.629434
-0.508584
-0.339395
-0.194375
-0.097696
-0.033242
0.023154
-0.009073
-0.001016
-0.001016
0.031211
0.039267
0.015097
0.055381
0.031211
0.007041
0.039267
0.007041
0.039267
0.039267
0.063437
0.079551
0.015097
0.031211
0.039267
0.063437
0.095664
0.039267
0.071494
0.039267
0.031211
0.023154
0.039267
0.015097
0.047324
0.007041
0.039267
-0.009073
0.023154
0.015097
0.015097
0.015097
0.023154
0.007041
0.007041
0.015097
-0.001016
0.071494
0.023154
0.031211
0.007041
0.023154
-0.001016
0.039267
-0.017129
0.007041
-0.025186
0.023154
-0.001016
0.015097
0.047324
0.208457
0.530722
0.732138
0.699912
0.587119
0.369590
0.224570
0.063437
-0.001016
-0.025186
-0.065469
-0.057412
-0.009073
-0.025186
-0.033242
-0.089639
-0.049356
-0.073526
-0.041299
-0.041299
-0.065469
-0.081582
-0.073526
-0.073526
-0.097696
-0.041299
0.111777
0.168174
0.192344
0.184287
0.127890
0.127890
0.095664
0.087607
0.055381
0.063437
0.031211
0.047324
0.023154
0.015097
-0.033242
-0.033242
-0.057412
-0.033242
-0.049356
-0.041299
-0.049356
-0.049356
-0.025186
-0.073526
-0.073526
-0.001016
-0.017129
-0.049356
-0.065469
-0.041299
-0.025186
-0.001016
-0.025186
-0.017129
-0.057412
0.007041
-0.009073
-0.073526
-0.258828
-0.597207
-0.734170
-0.718057
-0.589151
-0.379678
-0.242715
-0.089639
-0.065469
-0.017129
0.023154
0.007041
0.031211
0.007041
-0.001016
0.071494
0.015097
0.031211
0.015097
0.031211
0.063437
0.039267
0.023154
0.015097
0.055381
0.015097
0.055381
0.007041
0.079551
0.047324
0.055381
0.039267
0.015097
0.047324
0.007041
0.023154
0.023154
0.023154
0.015097
0.055381
0.015097
0.031211
-0.001016
0.015097
0.031211
-0.001016
0.031211
0.023154
0.031211
0.015097
0.063437
0.039267
-0.017129
-0.001016
0.047324
-0.009073
0.007041
0.031211
0.015097
-0.009073
-0.041299
0.015097
-0.017129
0.023154
0.256797
0.562949
0.740195
0.756308
0.587119
0.417929
0.232627
0.103720
0.015097
-0.001016
-0.057412
-0.041299
-0.025186
-0.049356
-0.033242
-0.057412
-0.017129
-0.049356
-0.049356
-0.057412
-0.089639
-0.073526
-0.049356
-0.049356
-0.073526
-0.057412
-0.097696
-0.065469
-0.041299
-0.049356
-0.041299
-0.081582
-0.049356
-0.049356
-0.073526
-0.049356
-0.065469
-0.041299
-0.049356
-0.089639
-0.057412
-0.041299
-0.057412
-0.057412
-0.065469
-0.057412
-0.033242
-0.041299
-0.025186
-0.049356
-0.057412
-0.041299
-0.049356
-0.081582
0.007041
0.127890
0.208457
0.224570
0.224570
0.232627
0.184287
0.135947
0.144004
0.079551
-0.129922
-0.508584
-0.701944
-0.718057
-0.613321
-0.419961
-0.250772
-0.113809
-0.073526
-0.001016
-0.001016
-0.025186
0.007041
-0.017129
0.023154
0.039267
-0.017129
0.039267
0.063437
0.031211
0.047324
-0.001016
0.039267
0.007041
0.071494
0.063437
0.007041
0.063437
0.047324
0.023154
0.015097
0.015097
0.047324
0.023154
0.031211
0.039267
0.031211
0.015097
0.007041
0.023154
-0.001016
0.023154
0.015097
0.007041
0.007041
0.015097
-0.009073
0.007041
-0.001016
0.031211
0.031211
0.047324
0.015097
0.031211
-0.009073
0.015097
0.007041
-0.001016
0.007041
-0.001016
0.007041
0.031211
-0.009073
0.031211
0.264853
0.538779
0.748252
0.691855
0.619345
0.393760
0.232627
0.055381
0.031211
0.007041
0.007041
-0.033242
-0.033242
-0.073526
-0.041299
-0.025186
-0.041299
-0.009073
-0.073526
-0.065469
-0.049356
-0.033242
-0.065469
-0.073526
-0.065469
-0.081582
-0.041299
-0.081582
-0.049356
-0.113809
-0.041299
-0.049356
-0.049356
-0.049356
-0.081582
-0.033242
-0.081582
-0.041299
-0.073526
-0.041299
-0.001016
-0.041299
-0.001016
-0.009073
-0.049356
-0.065469
-0.025186
-0.041299
-0.033242
-0.065469
-0.049356
-0.033242
-0.041299
-0.049356
-0.017129
-0.009073
-0.041299
-0.049356
-0.009073
-0.017129
-0.025186
-0.041299
-0.017129
-0.049356
-0.234658
-0.548867
-0.766397
-0.814737
-0.653604
-0.476358
-0.291055
-0.146035
-0.097696
-0.033242
-0.017129
-0.025186
-0.041299
0.007041
0.055381
0.208457
0.264853
0.256797
0.256797
0.216513
0.232627
0.224570
0.168174
0.135947
0.087607
0.103720
0.063437
0.063437
0.055381
0.039267
0.071494
0.031211
0.015097
0.055381
0.023154
0.015097
0.039267
0.015097
0.031211
-0.001016
-0.001016
0.031211
0.039267
0.007041
0.023154
0.007041
0.031211
-0.017129
0.047324
-0.001016
0.047324
0.007041
0.031211
0.015097
0.023154
0.023154
0.007041
0.007041
-0.009073
-0.009073
0.031211
-0.001016
0.015097
0.015097
0.176230
0.538779
0.716025
0.740195
0.603232
0.458213
0.248740
0.095664
0.039267
-0.049356
-0.033242
0.007041
-0.057412
-0.017129
-0.073526
-0.049356
-0.057412
-0.081582
-0.041299
-0.049356
-0.057412
-0.041299
-0.089639
-0.041299
-0.081582
-0.081582
-0.073526
-0.073526
-0.073526
-0.057412
-0.057412
-0.073526
-0.025186
-0.057412
-0.049356
-0.041299
-0.041299
-0.025186
-0.041299
-0.057412
-0.049356
-0.001016
-0.033242
-0.025186
-0.009073
-0.057412
-0.033242
-0.041299
-0.057412
-0.033242
-0.041299
-0.057412
-0.001016
-0.017129
-0.041299
-0.025186
-0.041299
-0.049356
-0.041299
-0.025186
-0.033242
-0.025186
-0.025186
-0.025186
-0.194375
-0.500528
-0.758340
-0.766397
-0.661660
-0.452188
-0.266885
-0.105752
-0.025186
-0.033242
-0.009073
0.031211
-0.001016
0.031211
0.023154
0.039267
0.015097
0.047324
0.031211
0.055381
0.015097
0.031211
0.023154
0.031211
0.039267
0.055381
0.015097
0.039267
0.047324
-0.017129
0.023154
0.023154
0.007041
0.007041
0.015097
-0.017129
-0.001016
-0.009073
-0.001016
0.015097
-0.009073
0.039267
0.192344
0.208457
0.280967
0.264853
0.232627
0.192344
0.200400
0.152060
0.152060
0.127890
0.055381
0.047324
0.039267
0.031211
0.031211
0.023154
0.031211
-0.001016
0.007041
0.047324
0.007041
0.031211
0.208457
