-0.514279
-0.449826
-0.312863
-0.248410
-0.087277
-0.055051
-0.038937
-0.022824
0.025516
-0.006711
0.017459
0.146365
0.251102
0.299442
0.259158
0.234988
0.154422
0.138309
0.130252
0.073856
0.089969
0.065799
0.017459
0.049686
0.073856
0.033572
0.033572
0.065799
0.009402
0.057742
0.025516
-0.006711
0.017459
0.041629
0.017459
0.025516
-0.006711
0.009402
0.033572
0.017459
0.033572
0.017459
0.033572
0.025516
0.025516
0.009402
0.049686
-0.006711
0.017459
0.033572
-0.014767
0.033572
0.009402
-0.030881
-0.006711
0.009402
-0.022824
-0.006711
0.009402
-0.014767
-0.014767
0.017459
0.259158
0.420291
0.420291
0.428348
0.299442
0.210818
0.049686
0.065799
-0.006711
-0.014767
-0.055051
-0.022824
-0.038937
-0.030881
-0.038937
-0.046994
-0.030881
-0.055051
-0.022824
-0.038937
-0.087277
-0.071164
-0.030881
-0.063107
-0.046994
-0.079221
-0.046994
-0.038937
-0.071164
-0.038937
-0.038937
-0.071164
-0.055051
-0.014767
-0.030881
-0.038937
-0.055051
-0.014767
-0.038937
-0.055051
-0.038937
-0.022824
-0.046994
-0.046994
-0.030881
-0.014767
-0.046994
0.001346
-0.030881
-0.046994
-0.014767
0.001346
-0.030881
-0.038937
-0.014767
0.009402
-0.022824
0.009402
-0.038937
0.001346
-0.022824
0.001346
-0.006711
-0.095334
-0.280637
-0.393430
-0.498166
-0.417599
-0.288693
-0.200070
-0.111447
-0.006711
0.001346
-0.022824
0.001346
0.025516
0.033572
0.001346
0.033572
0.017459
0.017459
0.017459
0.041629
0.049686
0.057742
0.041629
0.025516
0.033572
0.001346
0.049686
0.025516
0.049686
0.033572
0.017459
0.065799
0.049686
0.001346
0.017459
-0.006711
-0.014767
0.049686
0.154422
0.275272
0.234988
0.202762
0.218875
0.146365
0.114139
0.057742
0.089969
0.041629
0.081912
0.049686
0.041629
0.057742
0.009402
0.033572
-0.022824
0.041629
-0.014767
-0.006711
-0.006711
-0.006711
0.025516
-0.014767
-0.006711
0.001346
0.049686
0.243045
0.436404
0.452518
0.396121
0.339725
0.186649
0.057742
0.049686
-0.014767
-0.038937
-0.022824
-0.055051
-0.030881
-0.055051
-0.055051
-0.038937
-0.038937
-0.038937
-0.079221
-0.046994
-0.038937
-0.055051
-0.030881
-0.063107
-0.055051
-0.087277
-0.030881
-0.071164
-0.038937
-0.030881
-0.071164
-0.006711
-0.055051
-0.030881
-0.038937
-0.038937
-0.030881
-0.038937
-0.079221
-0.063107
-0.022824
-0.030881
-0.030881
-0.014767
-0.022824
0.001346
-0.046994
-0.030881
-0.038937
-0.063107
-0.030881
-0.038937
-0.038937
-0.030881
-0.030881
-0.006711
-0.022824
-0.022824
-0.030881
0.001346
-0.022824
-0.022824
-0.030881
-0.055051
-0.296750
-0.417599
-0.441769
-0.417599
-0.353146
-0.183957
-0.095334
-0.014767
0.009402
0.009402
0.017459
0.001346
0.073856
0.025516
0.009402
0.049686
0.017459
0.041629
0.033572
0.025516
0.041629
0.057742
0.017459
0.057742
0.049686
0.057742
0.033572
0.073856
0.033572
0.017459
0.041629
0.041629
0.025516
-0.006711
0.049686
0.017459
-0.006711
0.049686
-0.006711
0.033572
0.001346
0.049686
0.025516
0.001346
0.025516
0.025516
0.017459
0.001346
0.017459
0.033572
0.009402
0.025516
-0.030881
0.025516
0.009402
0.017459
0.009402
-0.022824
-0.014767
-0.038937
0.009402
-0.030881
0.001346
0.081912
0.388065
0.645877
0.670047
0.645877
0.468631
0.323611
0.162479
0.098026
0.057742
0.001346
0.009402
-0.014767
-0.030881
-0.046994
-0.030881
-0.038937
-0.046994
-0.055051
-0.063107
-0.038937
-0.055051
-0.038937
-0.030881
-0.079221
-0.038937
-0.038937
-0.095334
-0.038937
-0.055051
-0.055051
-0.055051
-0.046994
0.009402
-0.071164
-0.063107
-0.046994
-0.038937
-0.046994
-0.014767
-0.055051
0.009402
-0.063107
0.001346
-0.071164
-0.014767
-0.038937
-0.055051
-0.071164
-0.071164
-0.046994
-0.038937
-0.038937
-0.046994
-0.022824
-0.063107
-0.030881
-0.006711
0.009402
-0.006711
-0.006711
-0.055051
0.017459
0.001346
-0.119504
-0.280637
-0.482053
-0.433713
-0.377316
-0.312863
-0.175900
-0.103390
-0.030881
-0.014767
0.025516
0.001346
0.009402
0.001346
0.057742
0.025516
0.033572
0.017459
0.001346
0.049686
0.033572
0.009402
0.025516
0.009402
0.057742
0.049686
0.041629
0.049686
0.065799
0.033572
0.041629
0.057742
0.025516
0.065799
0.041629
0.017459
0.049686
0.049686
0.017459
0.025516
0.017459
0.025516
0.009402
0.025516
0.033572
0.009402
0.049686
0.017459
0.041629
0.025516
0.033572
0.009402
0.009402
0.041629
0.017459
0.009402
0.001346
0.041629
0.009402
-0.022824
0.001346
0.017459
0.001346
-0.006711
0.073856
0.291385
0.404178
0.436404
0.363895
0.291385
0.122195
0.073856
0.009402
-0.006711
-0.014767
-0.030881
-0.022824
-0.046994
-0.055051
-0.014767
-0.038937
-0.071164
-0.063107
-0.095334
-0.046994
-0.079221
-0.055051
0.098026
0.130252
0.210818
0.162479
0.057742
0.049686
0.009402
-0.006711
-0.014767
-0.022824
-0.030881
-0.046994
-0.006711
-0.014767
-0.030881
-0.022824
-0.038937
-0.063107
-0.014767
-0.071164
-0.006711
-0.022824
-0.030881
-0.063107
-0.030881
-0.046994
-0.055051
-0.055051
-0.055051
-0.055051
-0.063107
-0.038937
-0.014767
-0.038937
-0.038937
0.017459
-0.055051
-0.006711
0.025516
-0.055051
0.001346
-0.135617
-0.296750
-0.465939
-0.490109
-0.401486
-0.353146
-0.183957
-0.103390
-0.014767
0.001346
-0.014767
0.025516
0.025516
0.025516
0.033572
-0.006711
0.041629
0.009402
0.057742
0.033572
0.017459
0.033572
0.033572
0.025516
0.033572
0.057742
0.009402
0.065799
0.025516
0.057742
0.041629
0.025516
0.017459
-0.006711
0.057742
0.017459
0.049686
0.033572
0.025516
0.033572
0.033572
0.049686
0.041629
0.033572
0.001346
0.025516
0.009402
0.041629
0.017459
0.025516
0.009402
0.049686
-0.014767
-0.006711
-0.006711
-0.022824
-0.014767
0.001346
0.017459
0.017459
0.033572
-0.022824
0.025516
-0.014767
0.106082
0.283328
0.420291
0.460574
0.355838
0.291385
0.186649
0.057742
0.001346
0.009402
-0.046994
0.009402
-0.038937
-0.063107
-0.022824
-0.063107
-0.038937
-0.030881
-0.055051
-0.055051
-0.063107
-0.095334
-0.038937
-0.055051
-0.063107
-0.079221
-0.046994
-0.063107
-0.063107
-0.046994
-0.079221
-0.063107
-0.022824
-0.055051
-0.022824
-0.046994
-0.055051
-0.046994
-0.063107
-0.055051
-0.030881
-0.079221
-0.022824
-0.063107
-0.038937
-0.046994
-0.063107
-0.038937
-0.071164
-0.022824
-0.063107
0.025516
0.146365
0.146365
0.202762
0.162479
0.170535
0.073856
0.057742
0.049686
0.033572
-0.006711
0.009402
-0.014767
-0.071164
-0.304807
-0.385373
-0.465939
-0.417599
-0.288693
-0.183957
-0.111447
-0.038937
0.009402
0.017459
0.017459
0.009402
0.009402
0.025516
0.041629
0.017459
0.017459
0.009402
0.041629
0.041629
0.073856
0.025516
0.009402
0.041629
0.065799
0.033572
0.009402
0.041629
0.073856
0.009402
0.065799
0.009402
0.025516
0.033572
0.025516
0.049686
0.033572
0.041629
0.001346
0.009402
-0.014767
0.033572
0.033572
0.009402
-0.014767
0.049686
0.009402
0.001346
0.033572
0.017459
0.065799
0.017459
0.025516
0.009402
0.009402
0.041629
0.009402
0.025516
0.033572
-0.030881
0.041629
-0.022824
0.001346
0.089969
0.275272
0.460574
0.476688
0.380008
0.259158
0.170535
0.025516
0.017459
0.001346
0.001346
-0.014767
-0.038937
-0.055051
-0.038937
-0.046994
-0.071164
-0.046994
-0.006711
-0.022824
-0.055051
-0.071164
-0.046994
-0.022824
-0.063107
-0.063107
-0.055051
-0.071164
-0.079221
-0.030881
-0.046994
-0.038937
-0.014767
-0.046994
-0.038937
-0.055051
-0.063107
-0.006711
-0.022824
-0.014767
-0.063107
0.001346
-0.030881
-0.063107
0.009402
-0.038937
-0.046994
-0.038937
-0.022824
-0.063107
-0.030881
-0.038937
-0.046994
-0.030881
-0.030881
-0.022824
-0.046994
-0.030881
-0.014767
-0.006711
-0.006711
-0.014767
0.001346
-0.030881
-0.103390
-0.296750
-0.409543
-0.441769
-0.417599
-0.280637
-0.175900
-0.063107
-0.038937
-0.046994
0.009402
0.057742
0.154422
0.234988
0.243045
0.202762
0.130252
0.106082
0.106082
0.098026
0.106082
0.057742
0.033572
0.041629
0.017459
0.065799
0.025516
0.033572
0.049686
0.017459
0.033572
0.041629
0.041629
0.001346
0.057742
0.009402
-0.014767
0.025516
0.025516
-0.014767
0.041629
-0.006711
0.025516
0.033572
0.001346
0.009402
0.009402
0.009402
-0.014767
0.049686
0.057742
0.033572
0.009402
-0.006711
0.033572
0.033572
0.017459
-0.022824
0.001346
0.017459
-0.014767
0.001346
-0.022824
0.009402
0.065799
0.243045
0.371951
0.380008
0.388065
0.218875
0.154422
0.041629
0.009402
0.001346
-0.038937
-0.030881
-0.055051
-0.038937
-0.055051
-0.030881
-0.038937
-0.055051
-0.046994
-0.030881
-0.071164
-0.079221
-0.063107
-0.046994
-0.071164
-0.063107
-0.046994
-0.046994
-0.071164
-0.006711
-0.071164
-0.046994
-0.038937
-0.046994
-0.014767
-0.055051
-0.038937
-0.022824
-0.022824
-0.063107
-0.022824
-0.038937
-0.063107
-0.014767
-0.055051
-0.014767
-0.063107
-0.030881
-0.063107
-0.030881
-0.046994
-0.014767
-0.006711
-0.046994
-0.030881
-0.038937
0.001346
-0.014767
-0.038937
-0.014767
0.025516
0.017459
-0.014767
0.001346
-0.103390
-0.272580
-0.433713
-0.441769
-0.401486
-0.232297
-0.143674
-0.087277
0.001346
-0.014767
-0.006711
0.049686
0.017459
0.033572
0.009402
0.073856
0.025516
0.001346
0.057742
0.033572
0.009402
0.041629
0.041629
-0.006711
0.025516
0.017459
0.073856
0.041629
0.025516
0.057742
-0.022824
0.033572
0.025516
-0.006711
0.033572
0.025516
-0.030881
0.017459
0.073856
0.210818
0.202762
0.218875
0.178592
0.170535
0.098026
0.114139
0.049686
0.073856
0.009402
0.049686
0.009402
0.001346
0.033572
0.001346
0.025516
0.025516
0.017459
0.017459
-0.006711
0.025516
-0.030881
0.001346
0.025516
-0.038937
0.114139
0.259158
0.412235
0.404178
0.323611
0.267215
0.130252
0.065799
0.009402
0.041629
-0.055051
-0.006711
-0.046994
-0.063107
-0.030881
-0.055051
-0.046994
-0.046994
-0.046994
-0.079221
-0.055051
-0.071164
-0.022824
-0.055051
-0.071164
-0.063107
-0.022824
-0.063107
-0.079221
-0.063107
-0.030881
-0.071164
-0.022824
-0.055051
-0.046994
-0.079221
-0.014767
-0.055051
-0.071164
-0.006711
-0.046994
-0.014767
-0.014767
-0.038937
-0.022824
-0.046994
-0.030881
-0.038937
-0.055051
-0.038937
-0.014767
-0.038937
-0.030881
-0.030881
-0.038937
0.001346
-0.030881
-0.030881
-0.006711
-0.030881
-0.006711
-0.014767
-0.006711
-0.030881
-0.087277
-0.264523
-0.385373
-0.425656
-0.337033
-0.272580
-0.143674
-0.055051
-0.038937
-0.014767
0.025516
-0.006711
0.057742
0.017459
0.017459
0.033572
0.041629
0.017459
0.025516
0.025516
0.041629
0.049686
0.049686
0.049686
0.049686
0.049686
0.001346
0.065799
0.025516
0.033572
0.009402
0.049686
0.017459
0.049686
0.041629
0.017459
0.033572
0.025516
0.025516
0.001346
0.017459
0.001346
0.025516
0.001346
-0.006711
0.001346
0.041629
0.001346
0.049686
0.025516
0.017459
0.033572
0.009402
0.017459
-0.006711
0.009402
-0.006711
-0.006711
0.009402
-0.038937
0.041629
0.170535
0.194705
0.178592
0.251102
0.380008
0.436404
0.492801
0.331668
0.299442
0.162479
0.033572
0.017459
0.009402
-0.046994
0.001346
-0.046994
-0.006711
-0.046994
-0.022824
-0.055051
-0.063107
-0.014767
-0.038937
-0.055051
-0.055051
-0.079221
-0.046994
-0.071164
-0.087277
-0.079221
-0.055051
-0.046994
-0.046994
-0.087277
-0.022824
-0.079221
-0.030881
-0.046994
-0.038937
-0.038937
-0.038937
-0.046994
-0.014767
-0.071164
-0.038937
-0.071164
-0.038937
-0.030881
-0.046994
-0.063107
-0.046994
-0.055051
-0.006711
-0.046994
-0.079221
-0.006711
-0.030881
-0.038937
-0.022824
-0.030881
-0.030881
-0.046994
-0.014767
-0.022824
-0.055051
0.025516
-0.022824
-0.087277
-0.264523
-0.401486
-0.369260
-0.361203
-0.264523
-0.135617
-0.063107
-0.014767
0.009402
0.001346
0.001346
0.041629
0.025516
0.041629
0.025516
0.041629
0.025516
0.041629
0.033572
0.017459
0.033572
0.041629
0.049686
0.009402
0.033572
0.065799
0.017459
0.017459
0.017459
0.049686
0.041629
0.041629
0.041629
0.041629
0.033572
0.001346
0.057742
0.025516
0.033572
0.049686
0.025516
0.033572
0.033572
-0.014767
0.049686
0.001346
0.033572
-0.014767
0.033572
0.009402
0.025516
0.009402
0.001346
-0.014767
-0.014767
0.041629
-0.014767
0.017459
0.033572
-0.022824
0.001346
0.001346
-0.030881
0.122195
0.251102
0.371951
0.371951
0.283328
0.234988
0.098026
0.025516
0.041629
-0.014767
-0.038937
-0.038937
-0.055051
-0.055051
-0.046994
-0.038937
-0.046994
-0.030881
-0.055051
-0.071164
-0.046994
-0.055051
-0.095334
-0.087277
-0.038937
0.065799
0.146365
0.138309
0.146365
0.098026
0.041629
0.017459
0.025516
-0.030881
-0.014767
-0.006711
-0.055051
-0.014767
-0.014767
-0.038937
-0.022824
-0.071164
-0.046994
-0.006711
-0.046994
-0.030881
-0.071164
-0.006711
-0.046994
-0.022824
-0.055051
-0.038937
-0.014767
-0.046994
-0.006711
-0.038937
-0.022824
-0.046994
-0.022824
-0.014767
0.001346
-0.022824
0.025516
-0.006711
-0.127560
-0.320920
-0.401486
-0.401486
-0.328976
-0.232297
-0.127560
-0.055051
-0.022824
-0.006711
-0.014767
0.041629
0.001346
-0.014767
0.009402
0.017459
0.025516
0.041629
0.041629
0.033572
0.017459
0.057742
0.033572
0.017459
0.041629
0.025516
0.041629
0.041629
0.009402
0.057742
0.009402
0.057742
0.025516
0.009402
0.033572
0.041629
0.033572
0.057742
0.057742
0.033572
0.009402
0.065799
0.017459
-0.006711
0.025516
-0.014767
0.009402
0.009402
0.009402
0.017459
0.025516
0.033572
0.001346
0.017459
-0.006711
0.001346
0.025516
-0.014767
-0.006711
-0.006711
-0.006711
0.033572
-0.030881
0.001346
0.122195
0.259158
0.371951
0.396121
0.347781
0.210818
0.081912
0.049686
0.017459
-0.006711
-0.030881
0.009402
-0.046994
-0.038937
-0.030881
-0.030881
-0.046994
-0.038937
-0.022824
-0.046994
-0.022824
-0.087277
-0.046994
-0.055051
-0.046994
-0.038937
-0.087277
-0.030881
-0.071164
-0.079221
-0.063107
-0.063107
-0.055051
-0.071164
-0.063107
-0.046994
-0.038937
-0.030881
-0.038937
-0.014767
-0.038937
-0.055051
-0.038937
-0.046994
-0.063107
-0.063107
-0.046994
-0.063107
-0.046994
0.065799
0.178592
0.178592
0.154422
0.170535
0.065799
0.098026
0.009402
-0.014767
0.025516
-0.030881
0.009402
-0.006711
0.009402
-0.030881
-0.167844
-0.296750
-0.401486
-0.409543
-0.337033
-0.208127
-0.151730
-0.030881
-0.022824
0.017459
-0.006711
0.009402
0.017459
0.049686
0.025516
0.041629
0.025516
0.025516
0.033572
0.041629
0.017459
0.025516
0.025516
0.041629
0.041629
-0.006711
0.025516
0.001346
0.065799
0.033572
0.041629
0.009402
0.009402
0.033572
0.001346
0.001346
0.041629
0.033572
0.009402
-0.006711
0.025516
-0.030881
0.057742
-0.006711
0.041629
0.025516
-0.014767
0.033572
0.025516
0.025516
0.025516
0.001346
-0.014767
0.017459
0.001346
0.001346
0.017459
-0.006711
0.017459
-0.030881
-0.022824
0.001346
-0.014767
-0.006711
0.106082
0.299442
0.404178
0.371951
0.275272
0.186649
0.065799
0.041629
-0.022824
-0.014767
-0.038937
-0.014767
-0.030881
-0.046994
-0.030881
-0.063107
-0.063107
-0.046994
-0.055051
-0.079221
-0.063107
-0.046994
-0.022824
-0.038937
-0.063107
-0.063107
-0.063107
-0.071164
-0.055051
-0.055051
-0.038937
-0.055051
-0.046994
-0.055051
-0.038937
-0.063107
-0.055051
-0.006711
-0.055051
-0.022824
-0.006711
-0.006711
-0.014767
-0.046994
-0.014767
-0.038937
-0.022824
-0.006711
-0.022824
-0.038937
-0.055051
-0.055051
-0.014767
-0.030881
-0.038937
-0.014767
0.001346
-0.022824
-0.014767
-0.038937
-0.014767
-0.046994
0.001346
-0.022824
-0.159787
-0.328976
-0.425656
-0.417599
-0.353146
-0.256467
-0.135617
-0.055051
-0.038937
-0.038937
-0.014767
0.017459
0.186649
0.218875
0.218875
0.218875
0.210818
0.130252
0.114139
0.081912
0.114139
0.065799
0.073856
0.065799
0.009402
0.089969
0.041629
0.065799
0.041629
0.041629
0.033572
0.057742
0.033572
-0.006711
0.049686
0.009402
-0.006711
0.017459
0.025516
0.025516
-0.006711
0.041629
0.001346
0.033572
0.001346
0.009402
0.041629
-0.006711
0.041629
0.025516
0.025516
-0.006711
0.041629
0.001346
0.009402
0.025516
-0.014767
0.033572
-0.014767
0.001346
0.033572
-0.038937
0.009402
-0.014767
0.130252
0.291385
0.355838
0.363895
0.299442
0.186649
0.106082
0.049686
-0.006711
-0.030881
-0.022824
-0.038937
-0.038937
-0.030881
-0.063107
-0.046994
-0.038937
-0.014767
-0.055051
-0.063107
-0.063107
-0.046994
-0.030881
-0.079221
-0.071164
-0.055051
-0.038937
-0.055051
-0.071164
-0.079221
-0.046994
-0.055051
-0.006711
-0.038937
-0.087277
-0.038937
-0.063107
-0.030881
-0.030881
-0.022824
-0.063107
-0.046994
-0.038937
-0.046994
-0.014767
-0.046994
-0.006711
-0.038937
-0.014767
-0.046994
-0.046994
-0.055051
-0.014767
-0.055051
-0.038937
-0.022824
-0.046994
0.009402
-0.046994
-0.055051
0.009402
-0.022824
-0.022824
-0.014767
-0.127560
-0.296750
-0.409543
-0.361203
-0.361203
-0.232297
-0.095334
-0.087277
0.025516
-0.014767
-0.022824
0.025516
0.017459
0.009402
0.049686
0.041629
0.001346
0.041629
0.017459
0.025516
0.025516
0.001346
0.025516
0.009402
0.009402
0.033572
0.041629
0.017459
0.033572
-0.006711
0.041629
0.017459
0.025516
0.057742
0.146365
0.218875
0.226932
0.202762
0.170535
0.098026
0.098026
0.033572
0.081912
0.065799
0.049686
0.041629
0.033572
0.041629
0.001346
0.025516
0.017459
0.033572
-0.006711
-0.022824
0.001346
0.025516
-0.022824
0.017459
-0.006711
-0.006711
0.009402
-0.022824
-0.046994
0.025516
0.162479
0.331668
0.388065
0.371951
0.267215
0.194705
0.065799
0.033572
0.025516
0.001346
-0.055051
-0.022824
-0.046994
-0.038937
-0.038937
-0.055051
-0.079221
-0.071164
-0.063107
-0.046994
-0.055051
-0.063107
-0.063107
-0.079221
-0.055051
-0.038937
-0.071164
-0.079221
-0.063107
-0.038937
-0.055051
-0.055051
-0.079221
-0.014767
-0.055051
-0.038937
-0.046994
-0.055051
-0.030881
-0.071164
-0.046994
-0.006711
-0.046994
-0.014767
-0.046994
-0.046994
-0.046994
-0.046994
-0.063107
-0.071164
-0.038937
-0.046994
-0.063107
-0.006711
-0.046994
-0.022824
-0.038937
-0.030881
-0.014767
-0.038937
-0.030881
-0.038937
0.009402
-0.030881
-0.208127
-0.345090
-0.409543
-0.377316
-0.280637
-0.224240
-0.095334
-0.038937
0.001346
-0.006711
0.001346
0.009402
0.033572
0.017459
0.025516
0.033572
0.017459
0.025516
0.057742
0.049686
0.017459
0.041629
0.025516
0.073856
0.033572
0.033572
0.025516
0.033572
0.009402
0.041629
-0.006711
0.065799
0.009402
0.081912
0.033572
0.009402
0.025516
0.057742
0.001346
-0.030881
0.041629
0.001346
0.009402
0.001346
0.025516
-0.014767
0.025516
0.033572
0.025516
0.017459
0.001346
0.025516
0.009402
0.009402
-0.006711
0.017459
-0.006711
0.017459
-0.014767
-0.014767
-0.022824
-0.022824
0.041629
0.202762
0.363895
0.557254
0.605594
0.533084
0.396121
0.251102
0.162479
0.057742
0.049686
0.009402
0.001346
-0.030881
-0.030881
-0.038937
0.009402
-0.038937
-0.055051
-0.071164
-0.111447
-0.022824
-0.063107
-0.022824
-0.079221
-0.063107
-0.038937
-0.055051
-0.071164
-0.071164
-0.063107
-0.071164
-0.055051
-0.038937
-0.071164
-0.046994
-0.046994
-0.071164
-0.038937
-0.055051
-0.063107
-0.030881
-0.030881
-0.038937
-0.030881
-0.022824
-0.063107
-0.022824
-0.046994
-0.038937
-0.038937
-0.055051
-0.006711
-0.055051
-0.030881
-0.046994
-0.038937
0.009402
-0.030881
-0.030881
-0.014767
-0.022824
-0.022824
-0.055051
-0.014767
-0.006711
-0.175900
-0.328976
-0.441769
-0.369260
-0.320920
-0.248410
-0.087277
-0.063107
-0.022824
0.017459
0.001346
0.025516
0.025516
0.033572
0.001346
0.049686
0.025516
0.009402
-0.006711
0.057742
0.049686
0.041629
0.049686
0.041629
0.049686
0.025516
0.049686
0.057742
0.001346
0.073856
0.025516
0.065799
0.041629
0.041629
0.033572
0.001346
0.009402
0.009402
0.041629
0.041629
0.017459
0.001346
0.009402
0.001346
0.033572
0.001346
0.009402
0.057742
0.017459
0.009402
0.017459
-0.006711
0.033572
0.009402
0.025516
-0.006711
0.049686
0.033572
-0.014767
0.025516
-0.014767
0.025516
0.017459
-0.006711
0.226932
0.363895
0.404178
0.380008
0.323611
0.170535
0.098026
0.049686
-0.006711
-0.022824
-0.030881
-0.046994
-0.038937
-0.030881
-0.055051
-0.079221
-0.030881
-0.071164
-0.087277
-0.055051
-0.071164
-0.071164
0.025516
0.122195
0.178592
0.194705
0.170535
0.098026
0.065799
0.033572
0.033572
0.009402
-0.022824
-0.022824
-0.006711
-0.030881
-0.006711
-0.030881
-0.038937
-0.022824
-0.030881
-0.022824
0.009402
-0.046994
-0.022824
-0.055051
-0.030881
-0.046994
-0.030881
-0.022824
-0.071164
-0.022824
-0.055051
-0.055051
0.001346
-0.022824
-0.030881
-0.030881
-0.006711
-0.014767
-0.030881
-0.006711
-0.006711
-0.046994
-0.192014
-0.353146
-0.441769
-0.393430
-0.272580
-0.200070
-0.111447
-0.022824
-0.030881
0.001346
0.001346
0.049686
0.001346
0.009402
0.009402
0.057742
0.017459
0.057742
0.017459
0.025516
0.033572
0.073856
0.065799
0.025516
0.049686
0.049686
0.017459
0.041629
0.033572
0.049686
0.017459
0.049686
0.033572
0.033572
0.017459
0.033572
0.001346
0.057742
0.009402
0.009402
0.041629
-0.014767
0.017459
0.009402
-0.006711
0.049686
0.033572
0.033572
0.033572
0.009402
0.001346
0.033572
0.033572
0.025516
-0.006711
0.017459
-0.006711
0.025516
-0.006711
0.017459
0.033572
-0.014767
0.009402
0.025516
0.226932
0.380008
0.412235
0.396121
0.299442
0.186649
0.049686
0.025516
-0.014767
-0.006711
0.001346
-0.046994
-0.030881
-0.055051
-0.014767
-0.071164
-0.030881
-0.046994
-0.038937
-0.079221
-0.022824
-0.046994
-0.071164
-0.046994
-0.063107
-0.063107
-0.014767
-0.055051
-0.071164
-0.022824
-0.046994
-0.063107
-0.038937
-0.030881
-0.063107
-0.030881
-0.038937
-0.022824
-0.038937
-0.071164
-0.022824
-0.038937
-0.055051
-0.038937
-0.038937
-0.055051
-0.071164
-0.022824
-0.046994
0.001346
0.122195
0.194705
0.178592
0.170535
0.146365
0.049686
0.065799
0.089969
0.041629
0.041629
0.009402
0.017459
0.001346
-0.038937
-0.256467
-0.385373
-0.409543
-0.385373
-0.304807
-0.175900
-0.095334
-0.038937
0.001346
-0.006711
0.001346
0.009402
0.017459
0.033572
0.017459
0.009402
0.033572
0.025516
0.065799
0.025516
0.041629
0.049686
0.065799
0.025516
0.041629
0.073856
0.009402
0.033572
0.065799
0.041629
0.049686
0.017459
0.009402
0.033572
0.025516
0.009402
0.041629
-0.006711
0.009402
0.049686
0.017459
0.001346
0.009402
0.001346
0.017459
0.049686
0.017459
0.057742
0.049686
0.009402
0.025516
0.017459
0.017459
-0.022824
0.017459
0.009402
0.017459
-0.022824
0.009402
0.017459
0.009402
0.001346
-0.030881
0.009402
0.162479
0.355838
0.388065
0.331668
0.275272
0.178592
0.057742
0.009402
0.001346
-0.038937
-0.022824
-0.030881
-0.046994
0.009402
-0.038937
-0.038937
-0.022824
-0.038937
-0.055051
-0.014767
-0.055051
-0.063107
-0.063107
-0.030881
-0.046994
-0.071164
-0.038937
-0.030881
-0.055051
-0.055051
-0.030881
-0.030881
-0.063107
-0.022824
-0.087277
-0.030881
-0.063107
0.001346
-0.046994
-0.006711
-0.022824
-0.006711
-0.030881
-0.022824
-0.046994
-0.014767
-0.030881
-0.038937
0.001346
-0.063107
-0.046994
-0.014767
-0.046994
-0.022824
-0.014767
-0.038937
-0.022824
0.001346
-0.046994
-0.022824
-0.014767
-0.030881
-0.006711
-0.087277
-0.264523
-0.449826
-0.449826
-0.345090
-0.312863
-0.159787
-0.087277
0.001346
0.154422
0.234988
0.202762
0.218875
0.162479
0.138309
0.073856
0.073856
0.073856
0.057742
0.025516
0.081912
0.025516
0.057742
0.073856
0.017459
0.073856
0.033572
0.033572
0.057742
0.001346
0.041629
0.057742
0.057742
0.033572
0.041629
0.017459
0.033572
0.025516
0.009402
0.017459
0.025516
0.017459
0.033572
0.033572
0.017459
0.033572
0.001346
0.033572
0.025516
0.041629
0.025516
0.049686
0.025516
0.065799
-0.006711
0.009402
0.017459
0.009402
-0.014767
0.025516
0.025516
-0.014767
-0.006711
-0.014767
0.017459
0.194705
0.363895
0.404178
0.380008
0.283328
0.186649
0.057742
0.025516
-0.006711
-0.014767
-0.046994
-0.014767
-0.046994
-0.022824
-0.046994
-0.063107
-0.030881
-0.087277
-0.071164
-0.038937
-0.055051
-0.063107
-0.046994
-0.030881
-0.071164
-0.030881
-0.046994
-0.071164
-0.030881
-0.071164
-0.006711
-0.046994
-0.038937
-0.038937
-0.046994
-0.055051
-0.071164
-0.063107
0.001346
-0.038937
-0.063107
0.001346
-0.038937
-0.006711
-0.030881
0.001346
-0.038937
-0.038937
-0.014767
-0.030881
-0.055051
-0.038937
-0.030881
-0.006711
-0.055051
-0.006711
-0.022824
-0.038937
0.001346
-0.022824
0.001346
-0.022824
0.001346
-0.063107
-0.208127
-0.385373
-0.417599
-0.393430
-0.240353
-0.183957
-0.095334
0.009402
-0.022824
0.001346
0.041629
0.025516
0.009402
0.009402
0.017459
0.065799
0.009402
0.049686
-0.022824
0.033572
0.041629
0.033572
0.033572
0.049686
0.001346
0.041629
0.041629
-0.006711
0.041629
0.001346
0.001346
0.009402
0.025516
0.009402
-0.006711
0.017459
0.130252
0.226932
0.202762
0.162479
0.154422
0.154422
0.162479
0.106082
0.041629
0.057742
0.049686
0.041629
-0.014767
0.041629
0.033572
0.033572
0.009402
0.017459
-0.006711
0.025516
0.001346
0.001346
-0.006711
-0.006711
0.017459
0.017459
-0.014767
0.178592
0.339725
0.484744
0.525027
0.460574
0.363895
0.202762
0.081912
0.017459
0.017459
-0.038937
-0.030881
-0.006711
-0.046994
-0.014767
-0.038937
-0.038937
-0.071164
-0.022824
-0.055051
-0.038937
-0.071164
-0.063107
-0.063107
-0.079221
-0.063107
-0.030881
-0.071164
-0.071164
0.001346
-0.038937
-0.046994
-0.071164
-0.046994
-0.055051
-0.030881
-0.079221
-0.014767
-0.055051
-0.030881
-0.022824
-0.038937
-0.022824
-0.030881
-0.022824
-0.046994
-0.038937
-0.046994
-0.022824
-0.014767
-0.022824
-0.055051
-0.046994
-0.006711
-0.046994
-0.006711
0.001346
-0.022824
-0.022824
-0.030881
-0.006711
-0.006711
-0.006711
-0.071164
-0.280637
-0.490109
-0.651242
-0.619015
-0.530392
-0.433713
-0.216183
-0.111447
-0.055051
0.001346
0.001346
0.001346
0.049686
-0.014767
0.025516
0.017459
0.065799
0.033572
0.041629
0.025516
0.057742
0.057742
0.025516
0.065799
0.025516
0.041629
0.017459
0.065799
0.025516
0.049686
0.033572
0.017459
0.033572
0.033572
0.017459
0.017459
0.041629
0.049686
0.009402
0.017459
-0.022824
0.025516
0.001346
0.041629
0.001346
0.049686
0.009402
0.041629
0.009402
0.025516
0.033572
-0.006711
0.025516
0.001346
0.001346
-0.022824
0.033572
-0.030881
-0.030881
0.001346
-0.022824
0.106082
0.218875
0.251102
0.476688
0.710330
0.807010
0.774783
0.613651
0.452518
0.267215
0.098026
0.065799
0.009402
0.017459
-0.038937
-0.030881
-0.006711
-0.063107
-0.046994
-0.022824
-0.038937
-0.046994
-0.046994
-0.055051
-0.030881
-0.055051
-0.063107
-0.046994
-0.022824
-0.063107
-0.071164
-0.063107
-0.030881
-0.046994
-0.038937
-0.063107
-0.055051
-0.022824
-0.087277
-0.038937
-0.038937
-0.038937
-0.030881
-0.071164
-0.030881
-0.030881
-0.030881
-0.014767
-0.006711
-0.038937
-0.055051
-0.014767
-0.046994
-0.022824
-0.038937
-0.071164
-0.030881
-0.006711
-0.046994
-0.038937
-0.006711
-0.046994
-0.006711
-0.030881
-0.014767
-0.014767
-0.071164
-0.337033
-0.586789
-0.675412
-0.667355
-0.538449
-0.401486
-0.224240
-0.143674
-0.055051
-0.030881
0.041629
-0.006711
0.041629
0.041629
0.025516
0.033572
0.025516
0.017459
0.025516
0.033572
0.009402
0.033572
0.041629
0.049686
-0.006711
0.041629
0.073856
0.009402
0.073856
0.041629
0.025516
0.041629
0.057742
0.049686
0.009402
0.001346
0.065799
0.033572
0.057742
0.025516
-0.006711
0.025516
0.017459
0.033572
0.017459
0.041629
0.017459
0.033572
0.025516
0.009402
0.057742
0.017459
0.025516
0.009402
0.009402
0.025516
0.009402
-0.030881
-0.006711
0.033572
0.041629
0.001346
-0.022824
0.057742
0.347781
0.557254
0.702274
0.645877
0.516971
0.363895
0.210818
0.114139
0.041629
0.001346
-0.046994
-0.046994
-0.022824
-0.030881
-0.014767
-0.046994
-0.079221
-0.030881
-0.079221
-0.079221
-0.071164
-0.103390
-0.071164
-0.087277
0.049686
0.154422
0.138309
0.178592
0.146365
0.073856
0.065799
-0.022824
0.017459
0.017459
-0.014767
-0.038937
-0.006711
-0.046994
-0.022824
-0.022824
-0.063107
-0.006711
-0.030881
-0.055051
-0.006711
-0.006711
-0.046994
-0.022824
-0.038937
-0.014767
-0.071164
-0.022824
-0.022824
-0.022824
-0.046994
0.009402
-0.055051
-0.030881
-0.022824
-0.038937
0.001346
-0.022824
-0.030881
-0.038937
-0.353146
-0.570676
-0.699582
-0.643185
-0.506223
-0.409543
-0.208127
-0.103390
-0.063107
-0.022824
0.001346
0.033572
0.009402
0.001346
0.025516
0.057742
0.017459
0.009402
0.017459
0.025516
0.017459
0.065799
0.025516
0.017459
0.041629
0.025516
0.057742
0.025516
0.049686
0.049686
0.033572
0.041629
0.001346
0.049686
0.033572
0.001346
0.009402
0.041629
0.025516
0.025516
-0.022824
0.049686
0.033572
0.025516
0.001346
0.049686
0.001346
0.065799
0.009402
0.001346
0.033572
-0.006711
0.025516
-0.014767
-0.006711
-0.006711
0.025516
-0.038937
0.009402
-0.030881
0.017459
0.001346
-0.006711
0.122195
0.363895
0.597537
0.702274
0.653934
0.533084
0.347781
0.226932
0.106082
0.025516
0.017459
-0.014767
-0.055051
-0.030881
-0.055051
-0.038937
-0.030881
-0.071164
-0.030881
-0.038937
-0.038937
-0.038937
-0.079221
-0.063107
-0.055051
-0.046994
-0.071164
-0.079221
-0.030881
-0.079221
-0.071164
-0.046994
-0.055051
-0.055051
-0.055051
-0.055051
-0.022824
-0.055051
-0.063107
-0.014767
-0.006711
-0.046994
-0.063107
-0.046994
-0.063107
-0.030881
-0.006711
0.073856
0.138309
0.138309
0.154422
0.106082
0.098026
0.057742
0.041629
-0.006711
0.041629
0.001346
0.001346
-0.022824
0.017459
-0.022824
0.025516
0.001346
-0.095334
-0.361203
-0.570676
-0.691525
-0.691525
