310.111429
308.334286
308.630476
308.038095
307.445714
305.372381
304.187619
303.002857
298.560000
294.709524
289.970476
285.231429
279.011429
271.606667
262.424762
254.131429
241.987619
231.028571
218.884762
204.667619
192.227619
176.825714
161.423810
148.687619
134.470476
115.218095
98.335238
82.637143
69.308571
54.499048
38.504762
23.399048
8.293333
-6.011190
-21.197355
-36.383520
-50.304171
-63.908444
-77.512716
-91.116989
-103.455748
-116.110885
-130.031536
-141.737538
-155.658189
-166.098678
-177.804680
-194.572737
-209.758901
-221.781282
-231.905392
-242.029502
-252.786368
-261.328586
-271.136317
-279.045778
-288.220753
-296.130214
-302.774161
-306.570702
-308.152594
-308.468973
-309.101729
-309.101729
-310.367243
-309.734486
-308.785351
-309.101729
-308.468973
-306.570702
-303.723296
-302.141404
-296.762970
-293.915565
-289.486267
-283.791455
-277.780264
-268.921668
-261.644964
-251.520855
-240.447609
-227.476094
-213.555443
-199.634791
-185.397762
-169.578840
-154.709054
-139.839268
-124.020346
-105.670397
-87.636826
-70.868769
-55.366226
-39.230926
-22.462869
-6.011190
8.885714
22.510476
37.320000
51.537143
64.569524
77.009524
89.745714
102.481905
113.144762
125.288571
137.136190
149.872381
162.312381
173.271429
183.341905
199.336190
213.553333
225.697143
234.879048
244.060952
254.131429
263.905714
270.718095
279.307619
287.600952
296.190476
301.521905
304.483810
306.260952
307.149524
308.926667
309.222857
309.519048
309.519048
308.926667
308.630476
307.741905
306.260952
304.187619
303.002857
299.448571
295.598095
291.451429
286.120000
279.011429
271.902857
263.313333
255.020000
242.580000
231.917143
219.773333
205.260000
191.635238
176.825714
162.016190
148.983810
133.581905
116.699048
99.816190
84.414286
70.197143
55.091429
39.393333
22.806667
7.997143
-6.643947
-22.146490
-37.016277
-50.936928
-64.857579
-78.145473
-92.066124
-103.772126
-116.427263
-130.031536
-142.053917
-155.658189
-167.364191
-178.753815
-194.256358
-209.758901
-222.730417
-231.905392
-242.345880
-252.786368
-262.594100
-272.718210
-278.729400
-287.904374
-295.497457
-301.825025
-305.937945
-308.468973
-309.101729
-308.785351
-310.367243
-309.734486
-310.050865
-310.050865
-308.785351
-309.418108
-305.621567
-305.621567
-302.141404
-299.293998
-294.548321
-290.119023
-284.107833
-278.096643
-271.136317
-261.644964
-251.837233
-241.080366
-229.057986
-214.820956
-202.165819
-187.928789
-171.793489
-156.290946
-141.104781
-127.500509
-108.834181
-89.535097
-73.399797
-57.580875
-41.761953
-24.361139
-8.225839
5.627619
20.437143
34.358095
48.871429
62.200000
74.936190
88.264762
100.408571
112.552381
123.807619
135.655238
148.391429
159.646667
170.605714
181.860952
196.078095
212.368571
224.808571
233.101905
243.172381
253.539048
261.832381
271.310476
278.122857
287.304762
295.894286
301.225714
304.483810
305.372381
307.149524
308.038095
308.630476
309.222857
309.222857
309.519048
309.222857
308.038095
306.260952
304.187619
302.706667
300.040952
295.598095
290.266667
285.823810
279.900000
271.902857
264.498095
255.316190
244.653333
232.509524
221.254286
206.740952
192.523810
177.714286
162.016190
149.280000
135.062857
116.699048
100.408571
84.118095
69.604762
55.387619
38.208571
23.399048
8.293333
-5.694812
-20.564598
-36.067141
-49.671414
-62.326551
-77.512716
-90.167854
-102.190234
-115.794507
-129.398779
-142.370295
-155.658189
-165.465921
-178.437436
-193.307223
-209.758901
-221.781282
-231.272635
-240.763988
-251.837233
-261.644964
-269.870804
-277.147508
-286.322482
-294.548321
-303.090539
-304.988810
-305.937945
-308.785351
-309.418108
-310.050865
-310.050865
-309.418108
-310.050865
-308.152594
-309.101729
-306.887080
-304.356053
-301.825025
-298.977620
-294.548321
-290.751780
-285.373347
-278.096643
-271.452696
-261.961343
-252.153611
-241.396745
-229.690743
-217.035605
-202.165819
-189.194303
-173.059003
-157.240081
-143.635809
-127.184130
-109.783316
-91.116989
-73.083418
-58.530010
-42.394710
-26.259410
-10.124110
4.739048
19.548571
34.061905
47.982857
62.200000
73.751429
87.080000
100.112381
111.071429
122.919048
134.470476
146.614286
157.869524
169.124762
180.972381
194.893333
210.887619
223.031429
231.917143
241.691429
252.354286
263.017143
269.533333
277.826667
286.416190
293.820952
301.225714
304.187619
305.076190
308.038095
307.741905
308.926667
308.926667
309.519048
309.222857
308.630476
308.334286
305.964762
304.780000
303.002857
300.337143
295.894286
291.747619
286.120000
281.084762
272.791429
264.498095
255.908571
246.134286
233.101905
222.142857
208.221905
194.597143
179.491429
162.904762
150.168571
135.655238
117.883810
101.889524
85.006667
71.678095
56.572381
40.281905
25.472381
9.181905
-5.378433
-20.564598
-34.801628
-50.304171
-63.275687
-79.094608
-91.116989
-103.139369
-115.794507
-128.133266
-141.737538
-155.025432
-166.731434
-176.539166
-192.041709
-208.177009
-221.464903
-231.272635
-240.763988
-251.520855
-261.961343
-269.870804
-277.780264
-286.006104
-294.548321
-301.825025
-304.988810
-307.519837
-309.734486
-310.050865
-310.683622
-310.367243
-310.050865
-310.367243
-309.418108
-308.468973
-306.254323
-304.356053
-302.457782
-298.344863
-294.864700
-291.068159
-284.740590
-278.729400
-271.136317
-263.226857
-252.786368
-242.029502
-230.007121
-217.351984
-203.114954
-189.510682
-173.691760
-157.872838
-143.319430
-128.133266
-109.150560
-92.066124
-75.298067
-59.479145
-44.609359
-26.892167
-11.389624
4.739048
18.067619
32.284762
46.798095
60.126667
72.862857
85.895238
98.631429
110.479048
122.030476
134.470476
145.133333
157.869524
170.013333
179.787619
195.189524
210.295238
223.031429
231.324762
241.395238
251.465714
261.536190
268.940952
276.641905
286.120000
293.820952
300.337143
304.187619
306.557143
307.741905
308.038095
308.926667
309.222857
309.222857
308.334286
309.222857
307.741905
305.964762
304.780000
303.002857
300.633333
295.894286
292.043810
286.416190
280.492381
273.383810
265.682857
255.612381
245.245714
233.694286
221.550476
208.221905
193.708571
178.899048
165.570476
151.057143
137.728571
120.253333
102.481905
86.783810
71.381905
57.757143
40.578095
25.176190
10.366667
-4.745677
-18.982706
-34.168871
-48.722279
-62.010173
-76.563581
-89.851475
-102.506612
-115.478128
-127.816887
-140.788403
-154.392675
-164.833164
-176.855544
-191.725331
-208.809766
-221.148525
-230.007121
-241.396745
-249.938962
-261.012208
-269.870804
-278.096643
-286.006104
-293.915565
-301.508647
-304.988810
-307.203459
-309.101729
-309.418108
-310.683622
-310.367243
-309.734486
-309.418108
-309.101729
-308.468973
-306.254323
-304.039674
-302.141404
-299.926755
-294.548321
-290.435402
-284.424212
-279.678535
-271.769074
-263.859613
-253.102747
-242.662258
-230.956256
-218.301119
-203.747711
-190.459817
-174.957274
-158.821974
-144.901322
-130.031536
-111.681587
-94.280773
-76.563581
-62.010173
-45.874873
-29.106816
-12.971516
2.961905
16.586667
31.100000
46.501905
59.830476
71.974286
83.525714
97.150476
108.701905
119.957143
132.100952
144.540952
156.980952
168.236190
178.899048
193.116190
207.629524
221.254286
229.843810
240.506667
250.577143
260.351429
268.644762
276.345714
285.231429
292.636190
299.744762
303.891429
305.372381
306.557143
306.853333
308.630476
309.519048
308.630476
308.926667
308.926667
307.149524
305.964762
304.187619
302.706667
300.337143
295.598095
292.340000
287.304762
281.084762
274.272381
265.682857
257.389524
246.430476
234.879048
223.031429
208.814286
194.004762
180.380000
165.866667
151.353333
138.024762
120.845714
103.666667
87.376190
73.159048
59.238095
42.059048
27.249524
12.440000
-2.847406
-17.400814
-32.586979
-45.874873
-60.428281
-74.348932
-87.636826
-100.608342
-112.314344
-125.918616
-138.257375
-153.127162
-164.516785
-175.590031
-190.459817
-206.278739
-220.199390
-230.323499
-239.814852
-250.255341
-260.063072
-268.921668
-277.463886
-285.056968
-293.282808
-300.559512
-305.621567
-307.203459
-309.101729
-309.734486
-310.683622
-310.050865
-310.367243
-310.050865
-309.418108
-308.468973
-307.203459
-304.988810
-302.141404
-299.926755
-295.497457
-292.333672
-285.689725
-280.944049
-272.401831
-264.175992
-255.001017
-243.611394
-232.854527
-219.566633
-205.329603
-191.408952
-175.590031
-161.036623
-147.115972
-131.297050
-113.579858
-94.280773
-77.196338
-63.275687
-44.925738
-30.688708
-13.287894
2.073333
16.586667
31.396190
44.724762
58.053333
71.974286
83.821905
97.150476
108.109524
118.772381
131.212381
143.356190
156.092381
167.347619
178.010476
191.339048
207.333333
221.254286
230.436190
240.210476
249.984762
261.240000
267.460000
276.049524
284.342857
292.340000
299.744762
303.299048
305.076190
306.557143
307.741905
308.334286
309.519048
310.407619
308.926667
309.519048
308.334286
306.260952
304.483810
303.299048
300.633333
297.671429
292.636190
287.897143
281.380952
274.864762
265.979048
257.389524
246.726667
235.471429
223.920000
209.999048
196.078095
181.268571
166.162857
152.538095
138.617143
122.622857
103.962857
88.560952
74.640000
59.534286
43.243810
27.841905
12.143810
-0.632757
-17.084435
-32.270600
-46.824008
-60.111902
-74.348932
-88.585961
-101.557477
-113.896236
-125.285860
-138.890132
-153.127162
-164.200407
-174.324517
-190.459817
-205.013225
-219.883011
-228.741607
-240.131231
-248.673449
-259.430315
-268.605290
-275.565615
-283.791455
-292.333672
-300.875890
-305.621567
-307.519837
-307.836216
-310.050865
-309.734486
-310.050865
-310.367243
-309.734486
-309.101729
-308.785351
-306.570702
-304.039674
-303.406918
-299.926755
-296.762970
-291.068159
-286.638861
-281.576806
-273.667345
-266.707019
-255.950153
-244.244151
-232.854527
-221.464903
-206.278739
-191.408952
-177.171923
-161.036623
-145.850458
-132.246185
-114.845371
-95.229908
-79.094608
-62.959308
-47.773143
-31.005086
-13.604273
1.184762
16.290476
29.915238
44.132381
58.349524
69.604762
82.933333
96.854286
108.405714
120.253333
131.508571
143.948571
155.500000
167.940000
177.714286
191.339048
206.444762
219.477143
230.732381
239.025714
249.688571
259.166667
268.052381
274.864762
283.158095
291.451429
298.560000
303.595238
305.964762
307.149524
307.149524
308.038095
309.519048
308.926667
309.815238
309.815238
307.741905
305.668571
305.076190
303.299048
300.337143
297.079048
292.043810
287.600952
281.380952
275.457143
267.756190
259.166667
248.207619
236.952381
224.512381
211.183810
197.559048
183.045714
167.643810
154.315238
140.394286
123.511429
105.443810
89.449524
75.528571
60.719048
43.540000
29.915238
12.736190
-0.949135
-15.186165
-30.372330
-45.558494
-59.795524
-73.716175
-87.320448
-100.924720
-112.947101
-125.285860
-138.890132
-151.861648
-162.934893
-174.008138
-187.612411
-203.431333
-218.617497
-228.108850
-239.182096
-248.673449
-259.746694
-267.972533
-275.881994
-284.107833
-292.333672
-299.610376
-304.672431
-306.570702
-308.785351
-308.785351
-310.683622
-310.367243
-309.101729
-309.418108
-310.050865
-309.734486
-307.519837
-305.937945
-304.356053
-299.926755
-297.079349
-292.333672
-285.689725
-279.678535
-273.034588
-266.074262
-256.266531
-245.826043
-234.436419
-221.781282
-207.544252
-193.939980
-178.437436
-162.302136
-148.697864
-133.195320
-116.427263
-96.495422
-80.043744
-64.541200
-48.405900
-31.954222
-15.186165
1.777143
14.513333
28.730476
42.651429
56.572381
69.604762
82.340952
95.077143
106.924762
117.883810
128.842857
143.060000
154.019048
166.755238
176.529524
189.561905
205.852381
219.477143
228.955238
238.433333
248.503810
259.759048
267.163810
273.976190
283.750476
290.859048
298.560000
303.299048
304.780000
307.149524
306.853333
307.741905
309.222857
308.334286
308.334286
307.445714
307.445714
305.372381
304.483810
302.410476
301.225714
297.671429
292.932381
287.600952
282.861905
274.568571
267.756190
259.166667
247.319048
236.656190
225.697143
213.257143
198.151429
184.822857
170.605714
156.388571
141.579048
124.992381
108.109524
90.041905
77.305714
61.903810
46.798095
31.988571
15.698095
0.888571
-13.920651
-28.790437
-44.292981
-56.948118
-70.868769
-83.840285
-97.760936
-109.783316
-121.805697
-134.777213
-149.014242
-161.036623
-171.477111
-186.030519
-201.533062
-216.086470
-226.843337
-235.385554
-246.142421
-256.899288
-266.707019
-273.983723
-281.893184
-291.068159
-298.977620
-304.356053
-306.887080
-309.418108
-310.050865
-310.050865
-311.000000
-309.418108
-309.101729
-309.734486
-307.836216
-306.570702
-304.039674
-301.825025
-299.926755
-295.497457
-291.700916
-287.587996
-281.260427
-273.034588
-264.808749
-256.899288
-246.142421
-235.385554
-222.414039
-208.493388
-193.623601
-179.070193
-161.985758
-148.065107
-133.195320
-115.161750
-96.811801
-79.094608
-64.224822
-48.405900
-31.637843
-14.869786
0.592381
14.513333
28.730476
43.836190
56.276190
70.197143
81.452381
95.373333
107.517143
117.883810
131.212381
143.356190
155.500000
167.940000
176.529524
190.450476
205.556190
219.477143
228.362857
238.137143
248.503810
259.166667
267.460000
275.457143
282.861905
291.747619
298.560000
304.187619
304.780000
307.445714
308.038095
309.222857
309.815238
310.111429
308.926667
308.630476
309.222857
306.853333
305.372381
302.706667
301.521905
297.671429
293.820952
288.489524
284.046667
276.345714
268.348571
259.759048
250.577143
237.840952
225.993333
213.849524
199.040000
185.415238
170.013333
156.388571
142.467619
127.065714
108.701905
92.115238
77.305714
62.200000
46.205714
31.396190
15.698095
1.184762
-14.237030
-29.106816
-43.660224
-57.264496
-71.501526
-84.473042
-98.393693
-110.732452
-122.438454
-135.726348
-149.330621
-161.985758
-172.426246
-185.397762
-202.165819
-216.086470
-227.792472
-236.651068
-246.458800
-257.532045
-267.339776
-273.983723
-282.209563
-291.068159
-298.977620
-304.356053
-305.937945
-307.836216
-309.418108
-310.367243
-310.367243
-309.418108
-309.101729
-309.418108
-309.101729
-306.254323
-305.621567
-303.406918
-300.243133
-297.079349
-292.650051
-287.587996
-280.944049
-274.616480
-266.707019
-256.266531
-246.775178
-234.436419
-223.363174
-209.442523
-195.205493
-180.335707
-164.200407
-149.014242
-134.460834
-117.060020
-99.026450
-81.309257
-65.490336
-49.671414
-33.219736
-16.768057
0.296190
13.328571
27.841905
42.651429
55.387619
69.308571
81.156190
94.188571
106.924762
117.291429
128.546667
140.690476
153.722857
166.459048
175.344762
188.377143
203.779048
218.588571
227.474286
237.840952
247.319048
257.389524
267.163810
273.680000
283.158095
290.859048
298.856190
303.299048
305.372381
305.964762
307.149524
309.222857
308.630476
310.111429
308.926667
309.519048
308.630476
306.853333
305.076190
303.891429
301.225714
297.967619
293.524762
288.785714
283.750476
276.345714
269.533333
260.647619
249.392381
239.321905
228.066667
214.145714
200.520952
186.303810
171.494286
156.684762
143.060000
126.769524
109.294286
92.411429
77.601905
63.384762
48.575238
31.988571
16.882857
2.369524
-12.338759
-27.208545
-41.761953
-56.315361
-69.919634
-83.840285
-97.444557
-109.783316
-122.122075
-135.093591
-149.014242
-162.934893
-171.477111
-185.397762
-201.533062
-215.770092
-226.843337
-235.069176
-246.142421
-255.633774
-265.757884
-272.401831
-281.576806
-290.751780
-297.712106
-304.039674
-305.621567
-308.152594
-310.050865
-309.734486
-311.000000
-310.050865
-309.734486
-309.418108
-308.785351
-307.519837
-304.356053
-302.774161
-299.926755
-296.762970
-292.650051
-286.006104
-281.576806
-274.616480
-267.656155
-258.164802
-247.091556
-235.701933
-222.414039
-209.758901
-195.521872
-180.019329
-164.516785
-149.646999
-134.144456
-118.325534
-98.710071
-81.309257
-65.806714
-50.620549
-34.801628
-18.033571
-0.949135
13.328571
27.841905
42.355238
56.276190
69.900952
82.044762
95.965714
108.109524
117.587619
130.620000
141.282857
154.907619
166.162857
176.529524
189.265714
203.779048
218.292381
229.251429
237.840952
247.911429
257.389524
266.867619
273.087619
282.565714
291.451429
298.856190
303.299048
305.668571
305.964762
308.334286
308.926667
308.926667
309.815238
310.111429
309.815238
308.926667
307.149524
305.668571
303.595238
302.410476
299.152381
294.117143
289.970476
282.861905
276.938095
269.533333
260.943810
250.577143
239.618095
228.659048
215.330476
201.705714
187.488571
172.382857
158.461905
144.837143
130.027619
111.960000
94.780952
79.971429
65.458095
50.352381
34.950476
18.660000
5.331429
-10.124110
-24.993896
-40.812818
-54.417091
-67.388606
-81.942014
-94.280773
-106.935910
-119.591048
-131.613428
-145.850458
-159.138352
-169.262462
-181.917599
-199.318413
-213.871821
-224.312309
-235.069176
-244.560529
-255.317396
-265.125127
-272.085453
-280.944049
-289.486267
-297.395727
-302.774161
-305.621567
-306.887080
-308.468973
-309.418108
-310.050865
-309.418108
-309.418108
-308.468973
-307.836216
-306.887080
-304.039674
-302.774161
-300.559512
-296.446592
-291.700916
-286.638861
-282.525941
-275.249237
-267.972533
-257.848423
-247.091556
-236.334690
-223.363174
-211.024415
-195.838250
-182.233978
-164.200407
-149.963377
-135.726348
-119.591048
-100.924720
-83.207528
-66.755849
-51.569685
-36.383520
-18.349949
-3.480163
11.551429
26.064762
40.578095
54.499048
67.531429
79.971429
91.819048
105.443810
115.218095
127.361905
140.098095
152.538095
165.570476
175.048571
186.303810
202.594286
216.219048
227.770476
236.063810
247.319048
256.500952
266.571429
273.680000
281.677143
289.378095
297.671429
303.891429
305.964762
307.445714
308.334286
309.222857
310.703810
310.407619
310.407619
311.000000
308.926667
307.445714
305.372381
304.187619
302.114286
297.671429
294.709524
289.970476
284.639048
277.234286
270.421905
261.832381
251.465714
241.099048
229.547619
216.515238
202.594286
188.969524
174.160000
158.165714
145.133333
129.139048
112.256190
95.373333
79.379048
65.161905
49.167619
35.542857
18.660000
3.850476
-9.491353
-24.677518
-40.812818
-55.049847
-68.337742
-80.992879
-95.546287
-106.619532
-119.907426
-132.562564
-145.850458
-160.720244
-169.895219
-182.233978
-198.369278
-212.922686
-224.312309
-233.487284
-244.560529
-254.368260
-263.859613
-271.452696
-280.311292
-289.169888
-297.712106
-303.406918
-304.039674
-307.519837
-308.785351
-310.050865
-309.101729
-309.734486
-309.418108
-309.101729
-309.101729
-308.468973
-304.988810
-304.672431
-299.610376
-298.028484
-292.650051
-287.904374
-282.842319
-275.249237
-267.023398
-258.481180
-248.357070
-236.651068
-225.261445
-211.657172
-197.420142
-182.550356
-167.364191
-152.494405
-136.991862
-120.540183
-102.506612
-84.789420
-68.654120
-53.151577
-37.649034
-20.248220
-3.163784
10.662857
25.768571
39.393333
51.833333
67.235238
78.490476
92.115238
103.666667
115.514286
126.473333
138.913333
151.353333
162.312381
173.863810
185.415238
202.001905
215.626667
226.585714
235.471429
246.430476
256.500952
265.386667
272.495238
281.973333
290.266667
297.375238
303.595238
305.372381
306.260952
308.038095
308.630476
309.815238
310.111429
311.000000
308.926667
308.926667
307.445714
305.076190
304.780000
302.114286
299.448571
295.301905
290.266667
284.935238
278.419048
271.310476
262.128571
251.169524
240.506667
228.955238
217.700000
203.186667
188.969524
175.048571
159.942857
147.206667
131.508571
114.033333
98.335238
81.748571
67.235238
52.129524
36.135238
20.140952
6.516190
-9.174975
-24.361139
-40.180061
-53.784334
-67.388606
-81.625636
-95.862665
-106.935910
-120.223805
-132.562564
-145.534079
-159.138352
-170.211597
-181.601221
-197.103764
-212.606307
-223.679552
-232.221770
-243.927772
-253.735504
-263.543235
-271.452696
-279.994914
-288.853510
-297.395727
-301.825025
-306.254323
-307.836216
-309.101729
-309.734486
-309.734486
-310.683622
-308.152594
-309.418108
-307.836216
-308.152594
-304.356053
-304.039674
-301.192269
-296.446592
-292.333672
-289.169888
-282.842319
-276.198372
-268.605290
-259.430315
-249.306205
-237.916582
-226.526958
-212.606307
-199.951170
-182.866734
-168.629705
-152.178026
-139.206511
-121.489318
-103.455748
-85.738555
-68.970498
-53.784334
-37.965412
-21.197355
-5.062055
9.478095
23.991429
37.912381
51.537143
64.569524
76.713333
89.449524
103.074286
113.737143
125.880952
137.728571
150.168571
163.793333
172.975238
184.822857
200.224762
215.034286
225.993333
234.582857
245.245714
254.427619
265.386667
271.902857
280.788571
288.785714
296.782857
302.410476
305.076190
306.557143
309.222857
308.926667
310.111429
310.407619
309.815238
309.519048
308.630476
308.630476
305.668571
304.483810
301.521905
300.633333
295.598095
290.562857
285.823810
279.307619
271.902857
263.017143
253.242857
241.395238
229.547619
217.700000
203.779048
188.969524
174.752381
159.942857
146.021905
131.804762
114.033333
97.150476
81.156190
67.235238
52.721905
36.431429
21.029524
5.923810
-8.542218
-23.728383
-38.914547
-52.835198
-67.072228
-81.309257
-94.597152
-107.568667
-119.274669
-131.297050
-144.268566
-157.872838
-167.996948
-180.335707
-195.838250
-211.340793
-223.046796
-232.854527
-243.927772
-253.419125
-264.808749
-271.452696
-280.311292
-287.587996
-296.762970
-303.406918
-304.356053
-307.203459
-309.418108
-309.734486
-310.050865
-310.683622
-309.734486
-309.101729
-308.785351
-308.152594
-306.254323
-303.090539
-301.192269
-297.712106
-294.231943
-290.435402
-283.158698
-275.881994
-268.921668
-259.746694
-251.520855
-238.549339
-226.843337
-213.871821
-198.369278
-184.765005
-168.946083
-153.443540
-139.206511
-123.071211
-105.354018
-86.687691
-70.552391
-55.049847
-40.180061
-22.462869
-6.327569
8.885714
22.510476
37.912381
50.944762
64.273333
76.417143
89.745714
102.481905
111.663810
125.288571
136.840000
149.280000
162.016190
171.494286
184.230476
198.447619
213.553333
225.993333
234.582857
243.764762
254.427619
263.609524
271.014286
279.900000
288.193333
296.190476
302.410476
304.483810
305.964762
307.741905
307.741905
308.926667
308.926667
309.222857
309.519048
308.926667
308.038095
306.260952
303.891429
301.521905
300.040952
295.894286
290.859048
285.823810
279.011429
271.310476
263.313333
253.835238
242.283810
231.620952
217.996190
205.556190
190.450476
175.937143
160.831429
148.095238
132.989524
114.921905
97.446667
82.933333
68.123810
53.018095
37.320000
22.510476
7.700952
-6.960326
-21.830112
-37.332655
-50.620549
-65.173957
-79.410987
-92.698881
-104.721261
-117.376399
-130.031536
-142.370295
-157.240081
-167.364191
-180.019329
-195.521872
-210.391658
-223.046796
-232.538149
-242.978637
-252.469990
-262.594100
-270.819939
-278.729400
-287.271617
-295.181078
-300.875890
-304.988810
-306.887080
-308.152594
-308.468973
-309.734486
-309.418108
-310.367243
-309.101729
-309.418108
-309.101729
-305.621567
-304.039674
-300.875890
-297.712106
-292.650051
-288.220753
-283.158698
-276.198372
-269.554425
-261.328586
-249.938962
-240.131231
-227.476094
-214.820956
-199.951170
-185.397762
-169.895219
-154.392675
-140.155646
-124.653103
-105.670397
-88.269583
-71.185148
-55.682604
-41.129196
-23.728383
-8.225839
6.516190
21.621905
35.246667
50.648571
64.865714
76.120952
89.153333
102.185714
113.737143
124.400000
136.840000
149.576190
162.016190
172.382857
183.045714
197.559048
213.257143
225.400952
233.398095
244.357143
254.427619
263.905714
271.310476
278.715238
288.489524
296.190476
302.706667
304.780000
306.557143
307.445714
308.038095
308.926667
309.519048
309.815238
309.222857
309.222857
306.853333
306.260952
304.483810
303.002857
300.633333
295.598095
292.636190
286.120000
279.307619
272.791429
263.609524
254.723810
243.172381
231.620952
220.661905
207.333333
191.635238
176.825714
163.200952
148.687619
133.285714
116.106667
98.927619
83.821905
69.604762
55.091429
38.208571
23.102857
8.589524
-6.643947
-20.564598
-36.699898
-51.253306
-64.224822
-78.461851
-91.433367
-104.404883
-116.743642
-130.347915
-142.686673
-156.923703
-167.364191
-178.753815
-194.256358
-210.075280
-222.097660
-232.538149
-242.662258
-252.469990
-262.594100
-270.503561
-279.045778
-286.955239
-294.864700
-302.141404
-305.305188
-306.887080
-309.734486
-309.101729
-310.367243
-308.785351
-310.050865
-308.785351
-308.468973
-307.836216
-305.305188
-303.723296
-302.141404
-297.712106
-293.599186
-289.169888
-284.107833
-276.831129
-270.187182
-261.644964
-251.520855
-241.396745
-227.792472
-215.137335
-200.900305
-186.663276
-171.477111
-154.709054
-140.472024
-125.285860
-107.252289
-88.585961
-73.716175
-56.948118
-41.761953
-24.361139
-8.542218
7.108571
21.325714
35.542857
49.167619
63.088571
74.640000
87.376190
101.000952
111.367619
123.215238
135.359048
147.799048
159.942857
171.790476
181.860952
196.966667
211.776190
223.920000
232.805714
242.876190
253.242857
262.424762
270.718095
278.715238
286.712381
295.598095
301.225714
304.187619
306.260952
307.445714
307.741905
308.334286
309.519048
309.815238
309.815238
308.334286
308.334286
305.372381
304.780000
302.706667
299.152381
295.894286
291.451429
285.231429
279.011429
272.791429
265.090476
255.908571
244.653333
232.509524
220.958095
207.037143
192.523810
178.010476
163.497143
150.464762
135.062857
116.995238
100.408571
84.118095
71.381905
55.091429
39.689524
24.583810
8.885714
-5.062055
-20.564598
-35.750763
-49.987792
-62.642930
-76.563581
-90.800610
-102.822991
-115.478128
-128.449644
-142.053917
-156.290946
-165.782299
-177.488301
-193.623601
-209.126144
-222.097660
-230.639878
-241.713123
-250.888098
-261.961343
-270.503561
-278.413021
-286.638861
-295.497457
-301.192269
-305.305188
-307.519837
-307.836216
-308.152594
-310.050865
-310.050865
-309.418108
-309.734486
-308.152594
-308.785351
-306.570702
-304.356053
-300.875890
-299.293998
-293.915565
-290.119023
-284.107833
-277.780264
-269.554425
-261.644964
-252.153611
-242.345880
-229.057986
-215.770092
-202.798576
-188.245168
-171.793489
-156.923703
-142.053917
-127.184130
-109.150560
-90.167854
-74.665310
-58.213632
-41.445575
-25.310275
-9.174975
5.035238
20.140952
34.358095
48.575238
62.200000
73.751429
86.191429
99.816190
109.886667
121.438095
135.359048
146.910476
159.350476
170.309524
181.268571
195.485714
210.887619
222.439048
232.509524
242.283810
252.354286
261.832381
270.125714
278.715238
286.120000
295.005714
301.225714
304.483810
307.445714
307.741905
308.630476
309.519048
309.222857
310.407619
308.334286
309.519048
307.741905
306.557143
305.372381
302.706667
300.633333
296.782857
291.747619
286.712381
280.492381
273.680000
265.090476
255.316190
245.245714
232.509524
221.846667
207.925714
193.116190
179.491429
164.089524
151.057143
136.840000
119.660952
102.481905
85.895238
72.270476
56.868571
40.281905
25.768571
10.959048
-3.163784
-18.666328
-34.168871
-48.405900
-61.377416
-75.614446
-90.800610
-102.190234
-114.528993
-127.184130
-141.421160
-155.025432
-165.465921
-177.488301
-191.725331
-208.177009
-220.515768
-230.639878
-240.131231
-250.571719
-261.644964
-269.238047
-276.198372
-286.322482
-294.548321
-301.508647
-304.672431
-307.203459
-308.152594
-309.418108
-308.785351
-311.000000
-309.418108
-309.734486
-309.101729
-307.836216
-305.937945
-304.039674
-302.141404
-298.661241
-294.864700
-290.751780
-284.740590
-278.096643
-271.136317
-262.910478
-253.735504
-242.345880
-231.272635
-218.301119
-202.798576
-189.194303
-174.008138
-158.505595
-143.319430
-128.449644
-110.099695
-91.749746
-74.665310
-58.846389
-43.027467
-26.259410
-10.440488
5.331429
18.660000
34.061905
47.686667
60.719048
73.455238
86.487619
98.631429
109.294286
121.438095
133.581905
145.725714
158.758095
169.420952
180.380000
194.597143
210.295238
223.920000
232.213333
242.283810
252.058095
261.536190
269.829524
277.530476
285.527619
292.932381
300.929524
304.187619
306.260952
307.445714
308.334286
308.630476
310.111429
309.519048
309.519048
308.926667
308.630476
306.853333
304.780000
303.299048
299.744762
297.079048
292.636190
286.712381
281.084762
274.568571
266.275238
257.685714
245.838095
236.063810
223.920000
209.406667
195.189524
180.972381
165.866667
152.241905
138.320952
121.438095
104.259048
87.376190
73.455238
58.349524
43.243810
27.545714
11.847619
-1.265514
-17.400814
-31.954222
-46.824008
-60.111902
-73.716175
-87.320448
-99.975585
-112.947101
-125.602238
-137.940997
-152.810783
-163.251272
-174.640895
-189.827060
-206.911495
-218.933876
-229.690743
-238.865717
-249.306205
-259.113937
-268.288911
-275.881994
-284.424212
-292.333672
-299.926755
-303.090539
-306.254323
-307.519837
-308.785351
-310.050865
-308.468973
-309.418108
-309.734486
-309.101729
-307.203459
-305.937945
-303.090539
-301.825025
-299.610376
-294.231943
-290.751780
-284.740590
-278.413021
-271.452696
-262.910478
-253.102747
-241.396745
-230.007121
-217.351984
-203.114954
-189.194303
-172.742625
-157.556460
-142.370295
-127.816887
-111.048830
-90.800610
-75.298067
-58.846389
-43.343845
-26.575788
-10.756867
4.739048
19.844762
34.358095
47.390476
61.607619
73.751429
87.672381
100.408571
111.663810
122.326667
134.766667
146.910476
159.350476
170.013333
180.972381
193.708571
209.999048
223.623810
231.324762
242.580000
250.873333
262.424762
270.421905
277.530476
285.823810
294.117143
300.929524
305.372381
306.557143
308.038095
308.926667
309.222857
310.111429
309.519048
310.111429
308.630476
308.926667
306.557143
305.076190
303.299048
301.225714
297.079048
292.932381
287.304762
282.565714
275.160952
267.756190
257.981905
247.911429
236.063810
224.216190
210.591429
196.374286
181.268571
166.459048
152.241905
138.320952
121.438095
103.370476
87.968571
73.751429
58.053333
41.762857
26.064762
11.847619
-2.214649
-17.084435
-33.219736
-45.874873
-60.428281
-74.981689
-88.269583
-101.241099
-112.630722
-126.867752
-139.206511
-152.810783
-162.934893
-175.590031
-190.143438
-205.962360
-219.250254
-229.374364
-239.814852
-249.622584
-259.746694
-268.288911
-275.881994
-283.475076
-292.017294
-300.243133
-304.672431
-306.570702
-308.152594
-308.468973
-309.734486
-309.734486
-309.101729
-309.418108
-308.785351
-308.468973
-306.254323
-304.672431
-302.457782
-298.977620
-294.548321
-289.169888
-284.740590
-278.096643
-272.085453
-263.226857
-253.102747
-242.662258
-231.272635
-218.301119
-204.380468
-189.510682
-174.324517
-158.821974
-143.952187
-128.449644
-110.732452
-92.382503
-75.298067
-59.162767
-44.609359
-27.208545
-11.073245
5.035238
18.660000
32.877143
47.094286
60.719048
72.862857
86.191429
99.520000
111.367619
122.919048
135.062857
146.910476
159.350476
170.309524
180.676190
194.300952
210.591429
223.031429
232.213333
242.283810
252.058095
261.536190
268.940952
276.641905
285.527619
294.709524
301.818095
305.076190
306.853333
308.334286
308.926667
310.111429
310.703810
309.815238
310.703810
310.407619
308.926667
306.557143
305.372381
303.891429
301.225714
297.079048
293.820952
288.785714
283.454286
276.049524
267.163810
258.574286
247.022857
236.656190
225.400952
210.295238
197.262857
183.638095
168.236190
154.611429
139.801905
123.215238
105.147619
89.449524
74.640000
60.719048
44.724762
28.434286
14.217143
-0.949135
-15.818922
-31.005086
-44.925738
-58.846389
-72.767040
-86.054934
-99.342828
-112.314344
-123.387589
-136.675483
-149.963377
-163.884028
-173.059003
-187.296033
-203.747711
-217.351984
-228.108850
-236.967447
-247.724313
-259.113937
-267.656155
-275.565615
-283.475076
-292.333672
-300.243133
-303.723296
-306.887080
-306.254323
-307.836216
-309.418108
-308.785351
-308.785351
-308.785351
-308.468973
-307.519837
-305.621567
-303.406918
-302.141404
-297.395727
-295.497457
-290.435402
-285.373347
-278.729400
-271.136317
-263.226857
-254.051882
-243.611394
-233.170905
-219.566633
-204.380468
-191.092574
-175.906409
-159.138352
-145.534079
-130.980671
-112.947101
-94.280773
-77.196338
-62.010173
-46.191251
-29.423194
-13.287894
1.777143
16.882857
30.803810
44.132381
58.645714
71.974286
84.118095
97.446667
108.701905
119.660952
132.693333
144.540952
156.684762
168.828571
178.010476
191.931429
207.629524
221.254286
230.732381
240.210476
250.577143
259.759048
268.940952
275.753333
285.527619
293.524762
299.744762
304.483810
306.557143
307.741905
309.519048
309.519048
310.703810
310.703810
309.815238
309.519048
308.926667
307.149524
305.668571
303.002857
300.929524
298.560000
293.820952
288.193333
283.158095
275.457143
267.756190
258.870476
248.503810
238.137143
226.881905
214.145714
199.632381
185.119048
170.013333
156.388571
142.171429
125.880952
108.405714
91.819048
77.305714
61.607619
47.094286
31.100000
15.698095
1.777143
-13.287894
-28.474059
-43.027467
-56.948118
-69.919634
-84.156663
-97.128179
-108.201424
-120.856562
-135.409969
-149.646999
-161.036623
-171.160732
-185.714140
-202.798576
-216.086470
-226.526958
-236.018311
-246.775178
-256.582909
-266.707019
-273.034588
-282.209563
-291.068159
-298.977620
-301.825025
-305.937945
-306.570702
-308.152594
-308.152594
-309.101729
-308.785351
-307.203459
-308.468973
-307.203459
-304.672431
-303.723296
-301.192269
-299.610376
-294.548321
-290.435402
-284.740590
-279.994914
-272.401831
-263.543235
-253.735504
-243.295015
-232.538149
-219.566633
-205.645982
-191.092574
-176.222787
-160.087487
-144.584944
-130.664293
-113.263479
-94.280773
-76.879959
-62.326551
-46.507630
-28.790437
-12.655137
3.258095
17.179048
31.988571
46.798095
60.422857
72.566667
85.302857
97.742857
110.182857
121.141905
132.693333
145.133333
156.684762
169.124762
179.195238
193.116190
208.518095
221.550476
230.732381
239.914286
250.280952
260.943810
268.348571
276.938095
284.935238
294.413333
300.633333
304.780000
306.260952
308.630476
308.630476
