0.641151
0.939247
1.317909
1.801307
2.204139
2.647254
3.154823
3.670448
4.178016
4.717811
5.185096
5.628211
5.990760
6.296913
6.498329
6.595008
6.651405
6.570838
6.449989
6.264686
5.990760
5.668495
5.257606
4.846717
4.395545
4.016883
3.614051
3.170936
2.727821
2.333045
1.914100
1.575721
1.197059
0.794227
0.544471
0.222206
0.044960
-0.116173
-0.253136
-0.414269
-0.615685
-0.784874
-0.954064
-1.163537
-1.405236
-1.654992
-1.953087
-2.218956
-2.508996
-2.855431
-3.137414
-3.403283
-3.798058
-4.362023
-4.942101
-5.602746
-6.295617
-6.932091
-7.487999
-7.947228
-8.366173
-8.712609
-9.026818
-9.196007
-9.357140
-9.502160
-9.558556
-9.558556
-9.590783
-9.639123
-9.639123
-9.631066
-9.606896
-9.590783
-9.421593
-9.244347
-8.954308
-8.591759
-8.237267
-7.850548
-7.479943
-7.052941
-6.706505
-6.311730
-5.916955
-5.489953
-5.006554
-4.563439
-4.096154
-3.612755
-3.169640
-2.750695
-2.388146
-1.953087
-1.630822
-1.292443
-0.929894
-0.615685
-0.406212
-0.212853
0.028846
0.198036
0.343055
0.512245
0.649208
0.834510
0.995643
1.132606
1.390419
1.728797
2.083290
2.486122
2.872840
3.251502
3.654335
4.032997
4.427772
4.935340
5.467079
6.047157
6.554725
6.917274
7.279823
7.569862
7.867958
8.141883
8.472206
8.770301
8.979774
9.108680
9.140907
9.076454
9.068397
8.987831
8.891151
8.762245
8.488319
8.246620
8.004920
7.956581
7.795448
7.585975
7.287879
6.876991
6.554725
6.200233
5.813514
5.394569
4.903114
4.476112
4.049110
3.670448
3.211219
2.816444
2.421669
2.091346
1.857704
1.599891
1.277626
1.043983
0.770057
0.455848
0.198036
-0.043664
-0.204796
-0.373986
-0.527062
-0.720421
-0.865441
-1.010460
-1.115197
-1.300499
-1.542199
-1.832238
-2.114220
-2.404259
-2.710412
-3.040734
-3.435509
-3.798058
-4.096154
-4.426476
-4.942101
-5.530236
-6.061974
-6.488976
-6.819298
-7.093224
-7.359093
-7.544396
-7.600792
-7.641076
-7.818322
-8.035851
-8.116417
-8.116417
-8.051964
-7.995568
-7.915001
-7.697472
-7.520226
-7.367150
-7.294640
-7.125451
-6.859581
-6.642052
-6.416466
-5.997521
-5.530236
-5.127404
-4.805138
-4.579552
-4.200890
-3.790001
-3.443566
-3.161583
-2.823205
-2.380089
-2.025597
-1.703331
-1.373009
-1.058800
-0.841271
-0.680138
-0.494835
-0.269249
-0.172570
0.028846
0.230262
0.455848
0.608924
0.713661
0.890907
1.027870
1.180946
1.406532
1.648231
1.873817
2.131629
2.397499
2.663368
2.856727
3.187049
3.605995
4.024940
4.427772
4.878944
5.289833
5.571815
5.902137
6.321083
6.707801
6.925331
7.118690
7.239540
7.287879
7.231483
7.191200
7.320106
7.384559
7.312049
7.263710
7.158973
6.981727
6.740028
6.570838
6.441932
6.329139
6.071327
5.837684
5.539588
5.201210
4.935340
4.685585
4.266639
3.960487
3.638221
3.324012
2.913124
2.566688
2.212196
1.906044
1.696571
1.462928
1.237342
0.915077
0.753944
0.496131
0.302772
0.133583
-0.027550
-0.148400
-0.317589
-0.446496
-0.615685
-0.800988
-0.954064
-1.115197
-1.171593
-1.348839
-1.493859
-1.687218
-1.985314
-2.259240
-2.460656
-2.710412
-3.048790
-3.395226
-3.733605
-4.128380
-4.482873
-4.772912
-5.159630
-5.554406
-5.812218
-6.061974
-6.190880
-6.295617
-6.448693
-6.674279
-6.762902
-6.795128
-6.787072
-6.722619
-6.545373
-6.513146
-6.480919
-6.392296
-6.255333
-6.094201
-5.820275
-5.634972
-5.465783
-5.256310
-5.062951
-4.764855
-4.442589
-4.152550
-3.830285
-3.516076
-3.250206
-2.952111
-2.565392
-2.251183
-1.953087
-1.687218
-1.542199
-1.268273
-1.026574
-0.776818
-0.567345
-0.414269
-0.228966
-0.116173
0.004676
0.214149
0.391395
0.552528
0.770057
0.939247
1.027870
1.189002
1.334022
1.487098
1.696571
1.849647
1.978553
2.236366
2.461952
2.792274
3.009803
3.251502
3.638221
3.936317
4.306922
4.685585
4.895057
5.152870
5.531532
5.789344
5.958534
6.047157
6.047157
6.119667
6.256629
6.313026
6.288856
6.224403
6.047157
6.055213
5.990760
5.926307
5.781288
5.563758
5.442909
5.330116
5.152870
4.927284
4.653358
4.331092
4.065223
3.783241
3.533485
3.251502
2.937294
2.647254
2.333045
2.091346
1.849647
1.527381
1.253456
1.027870
0.818397
0.633094
0.512245
0.351112
0.230262
0.012733
-0.164513
-0.293419
-0.414269
-0.510949
-0.664025
-0.817101
-0.994347
-1.099083
-1.252160
-1.437462
-1.598595
-1.783898
-1.945031
-2.146447
-2.388146
-2.670128
-2.976281
-3.169640
-3.467736
-3.790001
-4.071984
-4.370080
-4.587609
-4.764855
-5.062951
-5.207970
-5.369103
-5.457726
-5.586632
-5.723595
-5.788048
-5.844445
-5.771935
-5.699425
-5.755822
-5.699425
-5.667199
-5.530236
-5.401330
-5.328820
-5.183800
-5.006554
-4.772912
-4.579552
-4.337853
-4.104210
-3.854455
-3.532189
-3.201867
-2.911828
-2.581505
-2.355919
-2.106164
-1.824181
-1.590539
-1.316613
-1.147423
-0.889611
-0.696251
-0.527062
-0.382042
-0.261193
-0.092003
0.069129
0.189979
0.343055
0.496131
0.584754
0.705604
0.858680
0.995643
1.116493
1.237342
1.342079
1.527381
1.761024
1.938270
2.067176
2.284706
2.574745
2.856727
3.025917
3.291786
3.597938
3.855751
4.178016
4.379432
4.661415
4.870887
5.080360
5.177040
5.273719
5.410682
5.475135
5.595985
5.684608
5.636268
5.660438
5.620155
5.499305
5.386512
5.257606
5.152870
5.023963
4.814491
4.605018
4.443885
4.266639
4.049110
3.783241
3.509315
3.275672
3.050086
2.792274
2.478065
2.236366
1.962440
1.736854
1.495155
1.189002
1.011756
0.834510
0.665321
0.520301
0.343055
0.165809
0.036903
-0.059777
-0.212853
-0.317589
-0.470665
-0.599572
-0.680138
-0.857384
-1.042687
-1.147423
-1.260216
-1.373009
-1.558312
-1.743615
-1.953087
-1.993371
-2.138390
-2.355919
-2.654015
-2.895714
-3.064904
-3.306603
-3.636925
-3.854455
-4.039757
-4.281456
-4.515099
-4.700402
-4.797081
-4.950158
-5.103234
-5.135460
-5.167687
-5.119347
-5.167687
-5.191857
-5.103234
-5.030724
-4.925988
-4.861535
-4.789025
-4.635949
-4.523156
-4.402306
-4.225060
-3.983361
-3.717492
-3.491906
-3.338830
-3.081017
-2.790978
-2.533165
-2.347863
-2.081994
-1.832238
-1.614708
-1.348839
-1.171593
-0.994347
-0.776818
-0.631798
-0.454552
-0.325646
-0.196740
-0.051720
0.109413
0.222206
0.351112
0.471961
0.584754
0.753944
0.874794
0.939247
1.076210
1.245399
1.406532
1.527381
1.680458
1.906044
2.034950
2.179969
2.341102
2.582801
2.856727
3.058143
3.299842
3.549598
3.839637
3.960487
4.202186
4.395545
4.580848
4.661415
4.774208
4.927284
5.023963
4.983680
4.967567
4.991737
5.015907
4.895057
4.790321
4.693641
4.653358
4.548622
4.387489
4.234413
4.145790
3.944374
3.686561
3.485145
3.307899
3.130653
2.856727
2.639198
2.405555
2.204139
2.002723
1.841590
1.664344
1.511268
1.221229
1.003700
0.802284
0.592811
0.463905
0.310829
0.165809
-0.019494
-0.140343
-0.253136
-0.373986
-0.478722
-0.623742
-0.752648
-0.889611
-1.018517
-1.099083
-1.227990
-1.373009
-1.526085
-1.654992
-1.719445
-1.920861
-2.138390
-2.307580
-2.444542
-2.670128
-2.919884
-3.081017
-3.258263
-3.516076
-3.798058
-3.951134
-4.168664
-4.321740
-4.498986
-4.563439
-4.668175
-4.740685
-4.772912
-4.732628
-4.676232
-4.700402
-4.676232
-4.579552
-4.555382
-4.490929
-4.394249
-4.241173
-4.080040
-3.975304
-3.798058
-3.596642
-3.435509
-3.234093
-3.048790
-2.766808
-2.492882
-2.283410
-2.073937
-1.856408
-1.582482
-1.437462
-1.195763
-1.010460
-0.784874
-0.631798
-0.535119
-0.406212
-0.228966
-0.132287
-0.011437
0.125526
0.246376
0.375282
0.488075
0.649208
0.753944
0.874794
0.939247
1.068153
1.156776
1.309852
1.511268
1.632118
1.785194
1.962440
2.147743
2.308876
2.510292
2.727821
2.872840
3.154823
3.396522
3.597938
3.759071
3.912147
4.097450
4.186073
4.234413
4.331092
4.451942
4.459999
4.580848
4.629188
4.605018
4.508338
4.508338
4.451942
4.427772
4.331092
4.266639
4.178016
4.000770
3.839637
3.694618
3.541542
3.324012
3.025917
2.751991
2.615028
2.365272
2.099403
1.914100
1.736854
1.511268
1.245399
1.100379
0.907020
0.786170
0.649208
0.463905
0.391395
0.214149
0.101356
-0.059777
-0.164513
-0.261193
-0.406212
-0.510949
-0.647912
-0.752648
-0.897667
-0.986290
-1.058800
-1.203820
-1.381066
-1.501915
-1.622765
-1.767785
-1.961144
-2.106164
-2.235070
-2.355919
-2.500939
-2.581505
-2.766808
-3.040734
-3.282433
-3.467736
-3.685265
-3.854455
-3.975304
-4.128380
-4.217003
-4.305626
-4.362023
-4.426476
-4.482873
-4.442589
-4.458703
-4.442589
-4.394249
-4.257287
-4.096154
-4.031701
-3.926964
-3.765831
-3.636925
-3.475792
-3.346886
-3.048790
-2.871544
-2.718468
-2.500939
-2.291466
-2.098107
-1.928917
-1.679162
-1.477746
-1.284386
-1.099083
-0.921837
-0.720421
-0.567345
-0.494835
-0.333703
-0.196740
-0.108117
0.028846
0.149696
0.286659
0.423622
0.544471
0.649208
0.762001
0.858680
0.947303
1.100379
1.197059
1.309852
1.462928
1.640174
1.769081
1.873817
2.043006
2.252479
2.341102
2.550575
2.792274
3.001747
3.178993
3.420692
3.614051
3.686561
3.879920
3.992713
4.081336
4.097450
4.210243
4.298866
4.290809
4.298866
4.331092
4.298866
4.234413
4.186073
4.145790
4.089393
4.000770
3.879920
3.734901
3.597938
3.452919
3.307899
3.058143
2.792274
2.574745
2.421669
2.212196
2.002723
1.817420
1.599891
1.366249
1.156776
1.011756
0.834510
0.713661
0.592811
0.439735
0.302772
0.165809
0.069129
-0.051720
-0.212853
-0.325646
-0.414269
-0.559289
-0.664025
-0.744591
-0.841271
-0.954064
-1.099083
-1.195763
-1.340783
-1.509972
-1.630822
-1.800011
-1.888634
-2.081994
-2.227013
-2.315636
-2.468712
-2.670128
-2.823205
-3.016564
-3.226037
-3.403283
-3.516076
-3.669152
-3.798058
-3.894738
-4.031701
-4.104210
-4.152550
-4.192833
-4.217003
-4.217003
-4.136437
-4.104210
-4.080040
-4.039757
-3.918908
-3.830285
-3.636925
-3.435509
-3.258263
-3.185753
-3.032677
-2.831261
-2.702355
-2.533165
-2.307580
-2.130333
-1.953087
-1.751671
-1.526085
-1.316613
-1.163537
-1.010460
-0.841271
-0.655968
-0.502892
-0.454552
-0.301476
-0.196740
-0.092003
0.077186
0.165809
0.286659
0.423622
0.544471
0.633094
0.729774
0.874794
0.939247
1.092323
1.189002
1.309852
1.398475
1.495155
1.632118
1.841590
1.994667
2.155799
2.341102
2.486122
2.695594
2.929237
3.066200
3.203163
3.324012
3.460975
3.605995
3.726844
3.815467
3.871864
3.944374
4.016883
4.089393
4.113563
4.121620
4.121620
4.065223
4.032997
3.936317
3.839637
3.702674
3.614051
3.509315
3.332069
3.178993
3.033973
2.784217
2.566688
2.405555
2.244422
2.083290
1.906044
1.752967
1.511268
1.309852
1.100379
0.947303
0.786170
0.665321
0.512245
0.351112
0.230262
0.133583
0.004676
-0.108117
-0.253136
-0.333703
-0.470665
-0.567345
-0.647912
-0.744591
-0.857384
-0.962121
-1.074914
-1.171593
-1.348839
-1.437462
-1.534142
-1.663048
-1.824181
-1.920861
-2.073937
-2.283410
-2.428429
-2.597619
-2.807091
-2.976281
-3.105187
-3.282433
-3.395226
-3.491906
-3.548302
-3.677208
-3.798058
-3.838341
-3.910851
-3.910851
-3.926964
-3.926964
-3.959191
-3.910851
-3.918908
-3.862511
-3.765831
-3.669152
-3.580529
-3.403283
-3.258263
-3.113244
-2.984337
-2.750695
-2.581505
-2.428429
-2.146447
-1.977257
-1.856408
-1.687218
-1.493859
-1.292443
-1.115197
-0.937951
-0.800988
-0.615685
-0.502892
-0.422326
-0.293419
-0.172570
-0.059777
0.093299
0.157752
0.278602
0.439735
0.697547
0.834510
0.955360
1.035926
1.068153
1.132606
1.237342
1.317909
1.454872
1.607948
1.704627
1.817420
1.978553
2.091346
2.188026
2.365272
2.566688
2.784217
2.969520
3.146766
3.243446
3.396522
3.493202
3.581825
3.614051
3.718788
3.751014
3.839637
3.879920
3.904090
3.879920
3.807411
3.815467
3.726844
3.702674
3.686561
3.605995
3.477088
3.356239
3.219276
3.033973
2.848670
2.695594
2.486122
2.284706
2.163856
1.914100
1.769081
1.583778
1.374305
1.189002
1.043983
0.923133
0.705604
0.616981
0.496131
0.391395
0.286659
0.125526
0.004676
-0.132287
-0.237023
-0.357873
-0.422326
-0.575402
-0.623742
-0.744591
-0.889611
-0.978234
-1.074914
-1.203820
-1.316613
-1.421349
-1.534142
-1.679162
-1.743615
-1.920861
-2.081994
-2.194787
-2.307580
-2.500939
-2.702355
-2.839318
-3.048790
-3.193810
-3.306603
-3.427453
-3.516076
-3.516076
-3.548302
-3.644982
-3.677208
-3.733605
-3.798058
-3.669152
-3.709435
-3.701378
-3.653039
-3.644982
-3.620812
-3.491906
-3.371056
-3.306603
-3.137414
-2.944054
-2.807091
-2.613732
-2.444542
-2.267296
-2.106164
-1.888634
-1.711388
-1.566369
-1.381066
-1.195763
-1.058800
-0.889611
-0.752648
-0.567345
-0.502892
-0.414269
-0.285363
-0.132287
-0.011437
0.101356
0.214149
0.318885
0.455848
0.576698
0.641151
0.786170
0.874794
0.947303
1.068153
1.189002
1.301795
1.422645
1.543495
1.632118
1.752967
1.914100
2.067176
2.155799
2.341102
2.494178
2.703651
2.913124
3.050086
3.178993
3.420692
3.573768
3.638221
3.670448
3.686561
3.718788
3.734901
3.783241
3.702674
3.686561
3.694618
3.670448
3.686561
3.614051
3.509315
3.428749
3.372352
3.235389
3.050086
2.872840
2.727821
2.566688
2.405555
2.204139
2.059120
1.849647
1.696571
1.495155
1.309852
1.164833
0.979530
0.826454
0.697547
0.584754
0.463905
0.351112
0.246376
0.093299
0.012733
-0.132287
-0.261193
-0.373986
-0.454552
-0.567345
-0.664025
-0.752648
-0.889611
-0.986290
-1.074914
-1.163537
-1.316613
-1.461632
-1.509972
-1.622765
-1.751671
-1.872521
-1.993371
-2.170617
-2.315636
-2.468712
-2.645958
-2.823205
-2.952111
-3.064904
-3.153527
-3.234093
-3.346886
-3.411339
-3.467736
-3.564415
-3.580529
-3.596642
-3.596642
-3.653039
-3.644982
-3.636925
-3.636925
-3.548302
-3.524132
-3.354943
-3.185753
-3.129357
-2.992394
-2.855431
-2.710412
-2.565392
-2.355919
-2.170617
-2.025597
-1.800011
-1.679162
-1.542199
-1.381066
-1.163537
-1.010460
-0.857384
-0.712365
-0.591515
-0.446496
-0.382042
-0.261193
-0.140343
0.012733
0.133583
0.246376
0.334999
0.439735
0.552528
0.665321
0.753944
0.850624
0.907020
1.027870
1.164833
1.269569
1.406532
1.511268
1.607948
1.785194
1.914100
2.043006
2.220252
2.341102
2.461952
2.663368
2.808387
2.929237
3.058143
3.154823
3.235389
3.332069
3.412635
3.460975
3.541542
3.605995
3.638221
3.726844
3.662391
3.654335
3.597938
3.549598
3.452919
3.364295
3.299842
3.187049
3.033973
2.977577
2.792274
2.639198
2.486122
2.244422
2.155799
1.994667
1.793251
1.607948
1.462928
1.342079
1.277626
1.132606
0.955360
0.786170
0.665321
0.528358
0.343055
0.222206
0.093299
-0.019494
-0.148400
-0.237023
-0.349816
-0.454552
-0.535119
-0.655968
-0.744591
-0.857384
-0.994347
-1.050744
-1.179650
-1.324669
-1.437462
-1.526085
-1.622765
-1.800011
-1.945031
-2.041710
-2.202843
-2.259240
-2.355919
-2.533165
-2.670128
-2.807091
-2.952111
-3.072960
-3.169640
-3.282433
-3.371056
-3.459679
-3.499962
-3.548302
-3.564415
-3.596642
-3.475792
-3.491906
-3.475792
-3.459679
-3.403283
-3.338830
-3.193810
-3.097130
-3.016564
-2.895714
-2.766808
-2.645958
-2.500939
-2.267296
-2.138390
-1.896691
-1.735558
-1.614708
-1.461632
-1.260216
-1.082970
-0.954064
-0.809044
-0.680138
-0.535119
-0.414269
-0.373986
-0.204796
-0.132287
0.036903
0.109413
0.230262
0.334999
0.439735
0.552528
0.649208
0.762001
0.818397
0.939247
1.076210
1.180946
1.301795
1.430702
1.527381
1.664344
1.752967
1.841590
1.970497
2.083290
2.268592
2.421669
2.550575
2.703651
2.888954
3.009803
3.178993
3.251502
3.307899
3.428749
3.452919
3.444862
3.477088
3.573768
3.565711
3.509315
3.509315
3.477088
3.420692
3.388465
3.324012
3.275672
3.178993
3.033973
2.913124
2.760047
2.518348
2.421669
2.220252
2.034950
1.906044
1.752967
1.559608
1.358192
1.237342
1.076210
0.890907
0.786170
0.616981
0.544471
0.431678
0.318885
0.189979
0.036903
-0.019494
-0.164513
-0.285363
-0.357873
-0.438439
-0.591515
-0.688195
-0.768761
-0.889611
-0.978234
-1.082970
-1.203820
-1.292443
-1.340783
-1.356896
-1.469689
-1.566369
-1.711388
-1.888634
-2.049767
-2.194787
-2.347863
-2.525109
-2.670128
-2.799035
-2.919884
-2.952111
-3.081017
-3.201867
-3.274376
-3.346886
-3.354943
-3.435509
-3.467736
-3.475792
-3.475792
-3.491906
-3.435509
-3.395226
-3.338830
-3.234093
-3.113244
-2.984337
-2.911828
-2.750695
-2.621789
-2.492882
-2.315636
-2.202843
-2.025597
-1.840294
-1.743615
-1.614708
-1.421349
-1.268273
-1.082970
-0.937951
-0.784874
-0.664025
-0.535119
-0.373986
-0.349816
-0.172570
-0.075890
0.028846
0.157752
0.230262
0.367225
0.439735
0.560585
0.616981
0.737831
0.826454
0.923133
1.027870
1.116493
1.237342
1.374305
1.487098
1.599891
1.736854
1.914100
1.970497
2.131629
2.212196
2.324989
2.518348
2.639198
2.816444
2.929237
3.025917
3.122596
3.219276
3.291786
3.356239
3.460975
3.485145
3.509315
3.517372
3.420692
3.412635
3.356239
3.299842
3.267616
3.187049
3.066200
2.961463
2.888954
2.768104
2.639198
2.478065
2.308876
2.188026
2.002723
1.793251
1.664344
1.519325
1.334022
1.164833
1.011756
0.850624
0.737831
0.633094
0.544471
0.431678
0.302772
0.198036
0.044960
-0.027550
-0.116173
-0.261193
-0.333703
-0.454552
-0.567345
-0.631798
-0.712365
-0.865441
-0.937951
-1.099083
-1.195763
-1.284386
-1.413292
-1.493859
-1.566369
-1.743615
-1.824181
-1.953087
-2.065880
-2.186730
-2.323693
-2.468712
-2.613732
-2.799035
-2.895714
-3.032677
-3.113244
-3.193810
-3.185753
-3.258263
-3.290490
-3.306603
-3.346886
-3.354943
-3.354943
-3.338830
-3.338830
-3.306603
-3.258263
-3.032677
-2.927941
-2.839318
-2.678185
-2.589562
-2.508996
-2.388146
-2.251183
-2.114220
-1.945031
-1.840294
-1.679162
-1.526085
-1.389123
-1.203820
-1.042687
-0.905724
-0.744591
-0.647912
-0.510949
-0.438439
-0.333703
-0.212853
-0.108117
0.004676
0.157752
0.246376
0.334999
0.431678
0.552528
0.665321
0.729774
0.802284
0.907020
0.995643
1.100379
1.237342
1.390419
1.495155
1.583778
1.752967
1.857704
1.962440
2.123573
2.244422
2.357215
2.453895
2.598915
2.735877
2.840614
2.969520
3.058143
3.122596
3.178993
3.275672
3.307899
3.396522
3.372352
3.388465
3.396522
3.291786
3.243446
3.243446
3.146766
3.098426
3.033973
2.888954
2.784217
2.719764
2.582801
2.445838
2.333045
2.147743
2.010780
1.849647
1.632118
1.511268
1.301795
1.124549
0.955360
0.834510
0.713661
0.608924
0.528358
0.391395
0.278602
0.214149
0.036903
-0.043664
-0.148400
-0.301476
-0.333703
-0.454552
-0.543175
-0.655968
-0.768761
-0.873498
-0.954064
-1.058800
-1.195763
-1.300499
-1.413292
-1.509972
-1.566369
-1.687218
-1.808068
-1.920861
-2.065880
-2.170617
-2.259240
-2.428429
-2.581505
-2.734581
-2.863488
-2.919884
-3.040734
-3.097130
-3.113244
-3.201867
-3.258263
-3.274376
-3.290490
-3.290490
-3.274376
-3.306603
-3.250206
-3.201867
-3.234093
-3.137414
-3.048790
-2.952111
-2.774865
-2.670128
-2.525109
-2.404259
-2.235070
-2.073937
-1.888634
-1.767785
-1.663048
-1.461632
-1.324669
-1.219933
-1.026574
-0.921837
-0.744591
-0.615685
-0.527062
-0.357873
-0.148400
-0.011437
0.101356
0.189979
0.310829
0.351112
0.431678
0.520301
0.560585
0.665321
0.762001
0.858680
0.923133
1.027870
1.124549
1.253456
1.374305
1.462928
1.551551
1.672401
1.849647
1.978553
2.059120
2.212196
2.308876
2.405555
2.598915
2.687538
2.840614
2.961463
2.993690
3.130653
3.187049
3.235389
3.307899
3.340126
3.332069
3.388465
3.291786
3.211219
3.219276
3.122596
3.090370
3.050086
2.969520
2.872840
2.760047
2.647254
2.526405
2.397499
2.236366
2.099403
1.946327
1.736854
1.575721
1.422645
1.245399
1.116493
0.939247
0.802284
0.697547
0.584754
0.471961
0.391395
0.270545
0.157752
0.069129
-0.051720
-0.108117
-0.285363
-0.357873
-0.478722
-0.567345
-0.680138
-0.752648
-0.857384
-0.962121
-1.050744
-1.147423
-1.268273
-1.348839
-1.469689
-1.566369
-1.663048
-1.808068
-1.928917
-1.977257
-2.162560
-2.291466
-2.404259
-2.549279
-2.686242
-2.799035
-2.911828
-2.976281
-2.984337
-3.097130
-3.105187
-3.161583
-3.193810
-3.185753
-3.234093
-3.258263
-3.217980
-3.226037
-3.169640
-3.129357
-3.081017
-2.944054
-2.839318
-2.742638
-2.621789
-2.492882
-2.372033
-2.194787
-2.041710
-1.920861
-1.743615
-1.630822
-1.509972
-1.340783
-1.179650
-0.994347
-0.841271
-0.736535
-0.591515
-0.502892
-0.357873
-0.285363
-0.196740
-0.083947
-0.011437
0.133583
0.214149
0.343055
0.471961
0.552528
0.665321
0.705604
0.818397
0.923133
1.035926
1.148719
1.237342
1.390419
1.487098
1.607948
1.696571
1.825477
1.922157
1.994667
2.123573
2.268592
2.373329
2.526405
2.671424
2.913124
3.090370
3.178993
3.251502
3.307899
3.251502
3.332069
3.324012
3.267616
3.340126
3.275672
3.235389
3.243446
3.154823
3.114540
3.066200
2.961463
2.872840
2.727821
2.615028
2.518348
2.357215
2.131629
2.034950
1.873817
1.704627
1.551551
1.366249
1.189002
1.060096
0.923133
0.850624
0.697547
0.584754
0.471961
0.375282
0.270545
0.157752
0.028846
-0.075890
-0.180626
-0.261193
-0.373986
-0.446496
-0.615685
-0.680138
-0.776818
-0.889611
-0.986290
-1.074914
-1.139367
-1.236046
-1.373009
-1.469689
-1.582482
-1.679162
-1.783898
-1.961144
-2.081994
-2.186730
-2.259240
-2.404259
-2.557335
-2.621789
-2.750695
-2.855431
-2.911828
-2.992394
-3.064904
-3.072960
-3.169640
-3.169640
-3.250206
-3.274376
-3.201867
-3.217980
-3.153527
-3.048790
-2.984337
-2.895714
-2.839318
-2.790978
-2.645958
-2.557335
-2.404259
-2.307580
-2.194787
-2.049767
-1.888634
-1.719445
-1.582482
-1.413292
-1.260216
-1.115197
-0.921837
-0.800988
-0.664025
-0.575402
-0.478722
-0.349816
-0.253136
-0.148400
-0.059777
0.012733
0.149696
0.254432
0.310829
0.431678
0.576698
0.673377
0.770057
0.834510
0.915077
1.011756
1.116493
1.269569
1.374305
1.430702
1.527381
1.680458
1.761024
1.881874
2.002723
2.123573
2.276649
2.445838
2.566688
2.719764
2.816444
2.913124
2.977577
3.050086
3.090370
3.122596
3.130653
3.187049
3.211219
3.187049
3.235389
3.187049
3.187049
3.154823
3.066200
2.969520
2.888954
2.719764
2.639198
2.510292
2.397499
2.333045
2.091346
2.059120
2.083290
1.938270
1.769081
1.583778
1.358192
1.156776
1.027870
0.874794
0.729774
0.616981
0.512245
0.391395
0.270545
0.125526
-0.011437
-0.092003
-0.204796
-0.285363
-0.373986
-0.470665
-0.575402
-0.664025
-0.768761
-0.833214
-0.929894
-1.018517
-1.163537
-1.268273
-1.373009
-1.477746
-1.598595
-1.687218
-1.808068
-1.928917
-1.945031
-2.065880
-2.186730
-2.307580
-2.476769
-2.581505
-2.702355
-2.790978
-2.871544
-2.984337
-3.008507
-3.105187
-3.105187
-3.081017
-3.153527
-3.153527
-3.105187
-3.097130
-3.081017
-3.032677
-3.008507
-2.919884
-2.887658
-2.807091
-2.670128
-2.533165
-2.412316
-2.259240
-2.114220
-1.953087
-1.800011
-1.663048
-1.534142
-1.373009
-1.260216
-1.058800
-0.921837
-0.817101
-0.688195
-0.559289
-0.478722
-0.390099
-0.253136
-0.148400
-0.051720
0.069129
0.165809
0.270545
0.367225
0.520301
0.584754
0.697547
0.770057
0.858680
0.915077
1.027870
1.124549
1.237342
1.374305
1.479042
1.559608
1.648231
1.785194
1.922157
2.026893
2.115516
2.300819
2.373329
2.486122
2.647254
2.727821
2.848670
2.905067
2.945350
3.033973
3.098426
3.187049
3.219276
3.243446
3.235389
3.219276
3.090370
3.058143
3.009803
2.945350
2.937294
2.808387
2.703651
2.615028
2.518348
2.397499
2.284706
2.123573
2.026893
1.841590
1.648231
1.551551
1.334022
1.180946
1.035926
0.882850
0.786170
0.673377
0.528358
0.439735
0.351112
0.254432
0.125526
0.028846
-0.059777
-0.164513
-0.293419
-0.414269
-0.478722
-0.599572
-0.696251
-0.800988
-0.921837
-0.994347
-1.050744
-1.050744
-1.074914
-1.179650
-1.324669
-1.437462
-1.582482
-1.711388
-1.832238
-1.977257
-2.106164
-2.235070
-2.388146
-2.476769
-2.613732
-2.702355
-2.742638
-2.831261
-2.887658
-2.927941
-2.984337
-3.016564
-3.097130
-3.161583
-3.105187
-3.129357
-3.105187
-3.097130
-3.064904
-2.944054
-2.871544
-2.831261
-2.678185
-2.589562
-2.508996
-2.347863
-2.251183
-2.098107
-1.961144
-1.856408
-1.711388
-1.566369
-1.413292
-1.219933
-1.074914
-0.905724
-0.809044
-0.664025
-0.567345
-0.446496
-0.382042
-0.285363
-0.148400
-0.083947
0.028846
0.198036
0.270545
0.334999
0.463905
0.560585
0.649208
0.762001
0.858680
0.915077
1.043983
1.156776
1.277626
1.366249
1.495155
1.559608
1.680458
1.793251
1.849647
2.026893
2.099403
2.244422
2.357215
2.453895
2.606971
2.760047
2.808387
2.937294
2.977577
3.025917
3.050086
3.090370
3.146766
3.146766
3.122596
3.122596
3.098426
3.058143
3.050086
2.969520
2.977577
2.816444
2.663368
2.542518
2.461952
2.333045
2.204139
2.067176
1.938270
1.785194
1.640174
1.487098
1.390419
1.180946
1.043983
0.915077
0.770057
0.681434
0.528358
0.463905
0.310829
0.214149
0.157752
-0.011437
-0.083947
-0.196740
-0.333703
-0.382042
-0.470665
-0.575402
-0.647912
-0.752648
-0.857384
-0.954064
-1.058800
-1.163537
-1.284386
-1.373009
-1.477746
-1.590539
-1.687218
-1.800011
-1.856408
-2.025597
-2.106164
-2.202843
-2.339806
-2.404259
-2.533165
-2.654015
-2.774865
-2.871544
-2.927941
-2.976281
-3.048790
-2.984337
-2.871544
-2.863488
-2.855431
-2.887658
-2.911828
-2.895714
-2.919884
-2.871544
-2.839318
-2.750695
-2.645958
-2.557335
-2.428429
-2.291466
-2.227013
-2.025597
-1.896691
-1.808068
-1.590539
-1.501915
-1.381066
-1.227990
-1.082970
-0.954064
-0.841271
-0.631798
-0.567345
-0.454552
-0.357873
-0.285363
-0.140343
-0.059777
0.093299
0.165809
0.254432
0.375282
0.471961
0.616981
0.649208
0.794227
0.826454
0.939247
0.995643
1.124549
1.245399
1.334022
1.438758
1.543495
1.672401
1.801307
1.906044
2.026893
2.115516
2.212196
2.357215
2.453895
2.598915
2.671424
2.751991
2.888954
2.937294
3.009803
3.058143
3.066200
3.154823
3.122596
3.066200
3.090370
3.009803
2.993690
2.993690
2.880897
2.840614
2.751991
2.671424
2.582801
2.453895
2.373329
2.220252
2.043006
1.906044
1.752967
1.583778
1.479042
1.301795
1.148719
1.027870
0.890907
0.753944
0.665321
0.528358
0.463905
0.343055
0.254432
0.125526
0.004676
-0.075890
-0.164513
-0.293419
-0.406212
-0.478722
-0.599572
-0.680138
-0.744591
-0.873498
-0.954064
-1.058800
-1.163537
-1.203820
-1.340783
-1.469689
-1.558312
-1.679162
-1.751671
-1.920861
-1.993371
-2.081994
-2.227013
-2.339806
-2.404259
-2.533165
-2.645958
-2.742638
-2.790978
-2.839318
-2.895714
-2.919884
-3.040734
-3.048790
-3.064904
-3.081017
-3.048790
-2.976281
-2.952111
-2.863488
-2.871544
-2.855431
-2.686242
-2.629845
-2.525109
-2.436486
-2.315636
-2.202843
-2.065880
-1.928917
-1.735558
-1.630822
-1.493859
-1.324669
-1.219933
-1.018517
-0.897667
-0.809044
-0.696251
-0.567345
-0.494835
-0.253136
-0.116173
0.093299
0.157752
0.214149
0.302772
0.343055
0.399452
0.520301
0.584754
0.729774
0.794227
0.890907
0.947303
1.060096
1.124549
1.221229
1.342079
1.430702
1.551551
1.632118
1.761024
1.906044
1.978553
2.123573
2.252479
2.373329
2.510292
2.582801
2.671424
2.751991
2.792274
2.888954
2.913124
2.977577
3.050086
3.098426
3.114540
3.090370
3.050086
3.058143
2.977577
2.929237
2.880897
2.808387
2.735877
2.631141
2.486122
2.445838
2.308876
2.179969
2.091346
1.914100
1.769081
1.640174
1.462928
1.301795
1.148719
1.011756
0.850624
0.753944
0.649208
0.488075
0.423622
0.367225
0.246376
0.125526
0.028846
-0.059777
-0.180626
-0.293419
-0.414269
-0.502892
-0.615685
-0.696251
-0.784874
-0.889611
-0.994347
-1.099083
-1.163537
-1.268273
-1.356896
-1.477746
-1.526085
-1.590539
-1.751671
-1.832238
-2.017540
-2.073937
-2.162560
-2.315636
-2.404259
-2.557335
-2.645958
-2.645958
-2.807091
-2.831261
-2.895714
-2.927941
-2.919884
-2.984337
-2.992394
-3.040734
-3.008507
-2.976281
-3.008507
-2.944054
-2.863488
-2.766808
-2.654015
-2.597619
-2.525109
-2.388146
-2.259240
-2.170617
-2.017540
-1.896691
-1.743615
-1.582482
-1.469689
-1.316613
-1.163537
-1.026574
-0.889611
-0.752648
-0.647912
-0.510949
-0.414269
-0.301476
-0.228966
-0.140343
-0.043664
0.061073
0.181922
0.254432
0.367225
0.463905
0.576698
0.681434
0.786170
0.826454
0.915077
1.035926
1.156776
1.245399
1.374305
1.422645
1.519325
1.607948
1.696571
1.857704
2.059120
2.300819
2.453895
2.550575
2.647254
2.719764
2.816444
2.840614
2.840614
2.913124
2.937294
2.969520
3.009803
3.025917
3.033973
3.050086
3.050086
3.033973
2.945350
2.929237
2.880897
2.760047
2.703651
2.566688
2.453895
2.373329
2.204139
2.123573
2.034950
1.881874
1.752967
1.607948
1.479042
1.358192
1.148719
0.979530
0.850624
0.753944
0.665321
0.512245
0.439735
0.310829
0.246376
0.133583
0.004676
-0.083947
-0.180626
-0.261193
-0.406212
-0.494835
-0.599572
-0.655968
-0.768761
-0.841271
-0.962121
-1.050744
-1.179650
-1.284386
-1.405236
-1.509972
-1.558312
-1.630822
-1.767785
-1.864464
-1.953087
-2.025597
-2.162560
-2.307580
-2.404259
-2.525109
-2.589562
-2.702355
-2.766808
-2.855431
-2.871544
-2.944054
-2.911828
-2.952111
-2.960167
-2.944054
-2.960167
-2.944054
-2.960167
-2.895714
-2.895714
-2.823205
-2.621789
-2.565392
-2.460656
-2.323693
-2.259240
-2.106164
-1.977257
-1.872521
-1.743615
-1.590539
-1.477746
-1.292443
-1.171593
-0.994347
-0.889611
-0.768761
-0.599572
-0.559289
-0.406212
-0.349816
-0.237023
-0.092003
0.012733
0.101356
0.222206
0.286659
0.399452
0.520301
0.584754
0.665321
0.753944
0.874794
0.923133
1.043983
1.180946
1.253456
1.398475
1.462928
1.559608
1.632118
1.761024
1.873817
1.978553
2.067176
2.204139
2.324989
2.461952
2.574745
2.703651
2.784217
2.872840
2.848670
2.872840
2.937294
2.969520
3.001747
