1.476636
1.452466
1.500806
1.436353
1.460523
1.436353
1.428296
1.444409
1.452466
1.452466
1.444409
1.484693
1.460523
1.476636
1.468579
1.460523
1.492749
1.484693
1.476636
1.516919
1.492749
1.508863
1.533033
1.549146
1.589429
1.613599
1.605542
1.621656
1.637769
1.661939
1.702222
1.718335
1.742505
1.766675
1.750562
1.758618
1.782788
1.766675
1.750562
1.782788
1.758618
1.750562
1.742505
1.758618
1.718335
1.718335
1.734449
1.710279
1.750562
1.847242
1.887525
1.839185
1.734449
1.573316
1.347730
1.146314
0.872388
0.614576
0.316480
0.010327
-0.328051
-0.658374
-1.020923
-1.480151
-1.995776
-2.600024
-3.155932
-3.752124
-4.356372
-4.936450
-5.516528
-6.064380
-6.596118
-7.176196
-7.691821
-8.167163
-8.666674
-9.061450
-9.472339
-9.770434
-10.036303
-10.269946
-10.431079
-10.576098
-10.656665
-10.680835
-10.705005
-10.696948
-10.705005
-10.656665
-10.600268
-10.390796
-10.189380
-9.931567
-9.585132
-9.230639
-8.876147
-8.489428
-8.070483
-7.675708
-7.224536
-6.789477
-6.370532
-5.927417
-5.516528
-5.017016
-4.517505
-3.977710
-3.470141
-2.978686
-2.527514
-2.156909
-1.754077
-1.335132
-0.908130
-0.481128
-0.046069
0.324536
0.695142
1.033521
1.234937
1.331617
1.404126
1.444409
1.468579
1.468579
1.476636
1.436353
1.460523
1.428296
1.460523
1.444409
1.436353
1.452466
1.428296
1.444409
1.444409
1.444409
1.444409
1.420240
1.428296
1.476636
1.452466
1.420240
1.460523
1.436353
1.436353
1.452466
1.476636
1.460523
1.444409
1.444409
1.460523
1.460523
1.468579
1.484693
1.444409
1.444409
1.468579
1.476636
1.500806
1.500806
1.508863
1.492749
1.508863
1.516919
1.516919
1.533033
1.557202
1.533033
1.549146
1.565259
1.605542
1.565259
1.565259
1.573316
1.565259
1.549146
1.541089
1.468579
1.444409
1.315503
1.194654
1.049634
0.920728
0.799878
0.719312
0.558179
0.348706
0.018384
-0.376391
-0.755053
-1.198169
-1.576831
-2.068286
-2.527514
-2.986743
-3.494311
-3.993823
-4.501391
-4.960620
-5.363452
-5.734057
-6.209399
-6.741137
-7.248706
-7.691821
-8.022143
-8.279956
-8.457202
-8.610278
-8.706958
-8.771411
-8.739184
-8.602221
-8.513598
-8.400805
-8.304126
-8.304126
-8.271899
-8.191333
-8.022143
-7.861010
-7.659594
-7.361499
-6.942553
-6.523608
-6.088549
-5.709887
-5.387622
-5.025073
-4.565844
-4.163012
-3.744067
-3.357348
-2.865893
-2.382495
-1.882983
-1.407641
-0.964526
-0.553637
-0.150805
0.155347
0.413159
0.614576
0.856275
1.097974
1.275220
1.355786
1.412183
1.420240
1.436353
1.436353
1.452466
1.444409
1.428296
1.444409
1.436353
1.428296
1.452466
1.444409
1.428296
1.444409
1.428296
1.444409
1.452466
1.436353
1.428296
1.452466
1.428296
1.436353
1.436353
1.436353
1.444409
1.420240
1.428296
1.428296
1.452466
1.452466
1.444409
1.452466
1.452466
1.444409
1.428296
1.468579
1.428296
1.436353
1.460523
1.468579
1.476636
1.460523
1.460523
1.476636
1.492749
1.492749
1.516919
1.533033
1.516919
1.500806
1.516919
1.508863
1.533033
1.516919
1.508863
1.516919
1.508863
1.524976
1.444409
1.379956
1.226880
1.106031
1.025464
0.936841
0.856275
0.711255
0.590406
0.429273
0.163404
-0.102466
-0.432788
-0.746997
-1.133716
-1.447924
-1.818530
-2.148852
-2.535571
-3.059253
-3.736010
-4.251635
-4.702807
-5.153979
-5.524585
-5.846850
-6.088549
-6.217456
-6.418872
-6.636401
-6.878100
-7.079516
-7.224536
-7.297046
-7.264819
-7.143969
-6.974780
-6.870044
-6.797534
-6.829760
-6.829760
-6.749194
-6.596118
-6.265796
-6.007983
-5.814624
-5.580981
-5.315112
-5.008960
-4.670581
-4.267749
-3.679614
-3.220385
-2.841723
-2.438891
-2.036059
-1.770190
-1.464038
-1.101489
-0.730883
-0.336108
0.034497
0.372876
0.574292
0.727368
0.880445
1.106031
1.299390
1.315503
1.420240
1.420240
1.420240
1.460523
1.452466
1.468579
1.452466
1.436353
1.452466
1.420240
1.452466
1.452466
1.460523
1.428296
1.436353
1.460523
1.428296
1.452466
1.428296
1.452466
1.444409
1.452466
1.468579
1.460523
1.436353
1.452466
1.452466
1.444409
1.436353
1.452466
1.428296
1.436353
1.444409
1.444409
1.444409
1.444409
1.452466
1.460523
1.508863
1.468579
1.452466
1.468579
1.484693
1.484693
1.468579
1.500806
1.476636
1.508863
1.500806
1.492749
1.508863
1.533033
1.508863
1.516919
1.533033
1.524976
1.541089
1.508863
1.500806
1.444409
1.388013
1.291333
1.202710
1.065747
0.920728
0.775708
0.622632
0.493726
0.372876
0.195630
0.066724
-0.110522
-0.384448
-0.722827
-1.093432
-1.496264
-1.826587
-2.148852
-2.446948
-2.809497
-3.333178
-3.736010
-4.154956
-4.501391
-4.783374
-5.049243
-5.379565
-5.621264
-5.862964
-6.040210
-6.096606
-6.056323
-6.048266
-6.112719
-6.225512
-6.257739
-6.265796
-6.144946
-5.959643
-5.903247
-5.806567
-5.693774
-5.556811
-5.307055
-4.968676
-4.686694
-4.396655
-4.098559
-3.792407
-3.445971
-3.051196
-2.616137
-2.229419
-1.826587
-1.536548
-1.294848
-0.940356
-0.561694
-0.174975
0.107007
0.388990
0.550122
0.759595
0.952954
1.146314
1.291333
1.371900
1.379956
1.420240
1.452466
1.420240
1.452466
1.468579
1.629712
1.678052
1.694165
1.669995
1.653882
1.605542
1.581372
1.557202
1.533033
1.484693
1.460523
1.452466
1.444409
1.468579
1.452466
1.412183
1.436353
1.460523
1.420240
1.436353
1.428296
1.452466
1.460523
1.412183
1.420240
1.444409
1.452466
1.436353
1.428296
1.452466
1.452466
1.452466
1.444409
1.444409
1.444409
1.428296
1.460523
1.460523
1.460523
1.476636
1.492749
1.484693
1.508863
1.476636
1.492749
1.516919
1.516919
1.533033
1.500806
1.508863
1.500806
1.500806
1.508863
1.484693
1.452466
1.371900
1.275220
1.210767
1.033521
0.912671
0.775708
0.670972
0.590406
0.445386
0.252027
0.042554
-0.183032
-0.416674
-0.658374
-0.795337
-1.037036
-1.375415
-1.794360
-2.221362
-2.543628
-2.833667
-3.268725
-3.671557
-4.017993
-4.308032
-4.493335
-4.614184
-4.807544
-5.049243
-5.194262
-5.355395
-5.411792
-5.419848
-5.492358
-5.564868
-5.580981
-5.532641
-5.379565
-5.250659
-5.145923
-5.065356
-4.920337
-4.662524
-4.364428
-4.042163
-3.800464
-3.574878
-3.349292
-3.067309
-2.712817
-2.446948
-2.068286
-1.834643
-1.512378
-1.141772
-0.763110
-0.465014
-0.255542
-0.038012
0.252027
0.525952
0.767652
0.952954
1.097974
1.210767
1.339673
1.388013
1.436353
1.460523
1.452466
1.444409
1.428296
1.436353
1.452466
1.452466
1.468579
1.444409
1.444409
1.428296
1.444409
1.444409
1.428296
1.444409
1.460523
1.420240
1.444409
1.428296
1.420240
1.412183
1.444409
1.436353
1.420240
1.428296
1.412183
1.436353
1.412183
1.444409
1.404126
1.428296
1.436353
1.412183
1.452466
1.557202
1.653882
1.694165
1.694165
1.686109
1.645826
1.629712
1.589429
1.557202
1.533033
1.533033
1.565259
1.549146
1.508863
1.508863
1.484693
1.500806
1.492749
1.492749
1.516919
1.484693
1.484693
1.500806
1.492749
1.476636
1.444409
1.363843
1.251050
1.106031
0.985181
0.880445
0.799878
0.735425
0.630689
0.445386
0.316480
0.163404
0.002271
-0.166919
-0.513354
-0.811450
-1.117602
-1.383471
-1.617114
-2.011889
-2.334155
-2.672534
-2.930346
-3.075366
-3.349292
-3.615161
-3.921313
-4.163012
-4.227466
-4.444995
-4.614184
-4.726977
-4.815600
-4.759204
-4.799487
-4.863940
-4.855883
-4.863940
-4.702807
-4.630298
-4.557788
-4.485278
-4.364428
-4.146899
-3.872973
-3.679614
-3.478198
-3.228442
-2.890063
-2.519458
-2.205249
-2.003833
-1.705737
-1.383471
-1.053149
-0.755053
-0.521411
-0.303882
0.018384
0.356763
0.542066
0.711255
0.832105
1.025464
1.210767
1.355786
1.379956
1.460523
1.428296
1.420240
1.428296
1.460523
1.428296
1.452466
1.436353
1.460523
1.452466
1.468579
1.476636
1.476636
1.452466
1.460523
1.452466
1.444409
1.452466
1.452466
1.444409
1.436353
1.428296
1.444409
1.444409
1.436353
1.460523
1.412183
1.428296
1.460523
1.444409
1.444409
1.468579
1.444409
1.468579
1.444409
1.452466
1.436353
1.444409
1.436353
1.452466
1.436353
1.452466
1.468579
1.436353
1.476636
1.476636
1.452466
1.468579
1.476636
1.460523
1.460523
1.476636
1.476636
1.468579
1.492749
1.484693
1.476636
1.484693
1.500806
1.468579
1.468579
1.460523
1.500806
1.516919
1.388013
1.283277
1.130201
0.985181
0.880445
0.727368
0.525952
0.388990
0.260083
0.115064
-0.110522
-0.376391
-0.674487
-0.924243
-1.077319
-1.327075
-1.641284
-2.036059
-2.326098
-2.567798
-2.922290
-3.220385
-3.454028
-3.615161
-3.719897
-3.913257
-4.122729
-4.227466
-4.251635
-4.340258
-4.420825
-4.509448
-4.453051
-4.412768
-4.372485
-4.340258
-4.251635
-4.066333
-3.848803
-3.663501
-3.526538
-3.413745
-3.147876
-2.938403
-2.712817
-2.535571
-2.245532
-1.899096
-1.592944
-1.399585
-1.157885
-0.843676
-0.537524
-0.223315
-0.078296
0.115064
0.437329
0.606519
0.824048
0.977124
1.146314
1.242993
1.323560
1.420240
1.420240
1.436353
1.428296
1.444409
1.444409
1.468579
1.468579
1.460523
1.460523
1.436353
1.460523
1.444409
1.436353
1.444409
1.388013
1.444409
1.436353
1.428296
1.460523
1.444409
1.460523
1.444409
1.436353
1.452466
1.420240
1.468579
1.444409
1.428296
1.428296
1.428296
1.404126
1.444409
1.428296
1.428296
1.428296
1.444409
1.460523
1.428296
1.460523
1.460523
1.444409
1.460523
1.444409
1.468579
1.452466
1.460523
1.476636
1.468579
1.500806
1.468579
1.468579
1.468579
1.500806
1.500806
1.476636
1.468579
1.492749
1.476636
1.500806
1.460523
1.444409
1.379956
1.355786
1.283277
1.210767
1.089917
0.961011
0.872388
0.727368
0.598462
0.469556
0.316480
0.243970
0.107007
-0.078296
-0.344165
-0.577807
-0.763110
-1.004809
-1.310962
-1.657397
-1.834643
-2.108569
-2.366382
-2.680591
-2.873950
-3.027026
-3.220385
-3.445971
-3.502368
-3.462085
-3.599048
-3.719897
-3.808520
-3.768237
-3.752124
-3.856860
-3.929370
-3.824633
-3.744067
-3.752124
-3.776294
-3.639331
-3.518481
-3.292895
-3.131762
-2.970630
-2.672534
-2.326098
-2.140796
-1.971606
-1.697680
-1.359301
-1.101489
-0.924243
-0.626147
-0.328051
-0.054126
0.090894
0.252027
0.493726
0.679029
0.856275
0.920728
1.089917
1.234937
1.347730
1.379956
1.436353
1.460523
1.444409
1.436353
1.428296
1.444409
1.452466
1.476636
1.436353
1.460523
1.460523
1.428296
1.476636
1.428296
1.460523
1.452466
1.452466
1.444409
1.428296
1.444409
1.420240
1.444409
1.444409
1.452466
1.420240
1.436353
1.444409
1.444409
1.420240
1.436353
1.428296
1.452466
1.468579
1.452466
1.468579
1.428296
1.444409
1.444409
1.452466
1.444409
1.436353
1.436353
1.436353
1.468579
1.460523
1.500806
1.444409
1.468579
1.452466
1.468579
1.468579
1.452466
1.476636
1.476636
1.468579
1.508863
1.508863
1.492749
1.500806
1.492749
1.460523
1.379956
1.331617
1.267163
1.194654
1.106031
0.928784
0.832105
0.775708
0.606519
0.477613
0.332593
0.292310
0.163404
-0.078296
-0.328051
-0.473071
-0.690600
-0.964526
-1.278735
-1.407641
-1.641284
-1.939380
-2.229419
-2.366382
-2.503344
-2.761157
-2.994799
-3.131762
-3.244555
-3.389575
-3.518481
-3.582934
-3.558764
-3.550708
-3.623217
-3.647387
-3.615161
-3.615161
-3.615161
-3.550708
-3.365405
-3.228442
-3.147876
-2.962573
-2.680591
-2.479174
-2.285815
-2.108569
-1.802417
-1.552661
-1.359301
-1.061206
-0.666430
-0.384448
-0.199145
-0.021899
0.243970
0.445386
0.590406
0.711255
0.824048
1.001294
1.170484
1.267163
1.363843
1.379956
1.412183
1.436353
1.436353
1.436353
1.452466
1.476636
1.428296
1.428296
1.444409
1.436353
1.436353
1.444409
1.428296
1.436353
1.420240
1.436353
1.428296
1.436353
1.428296
1.420240
1.436353
1.460523
1.476636
1.428296
1.428296
1.436353
1.444409
1.444409
1.460523
1.444409
1.468579
1.436353
1.460523
1.420240
1.460523
1.452466
1.420240
1.436353
1.468579
1.444409
1.436353
1.452466
1.452466
1.460523
1.468579
1.484693
1.476636
1.444409
1.476636
1.452466
1.492749
1.452466
1.460523
1.468579
1.468579
1.492749
1.468579
1.484693
1.484693
1.541089
1.508863
1.468579
1.412183
1.283277
1.186597
1.154370
1.057691
0.969068
0.832105
0.751538
0.679029
0.517896
0.405103
0.243970
0.155347
0.010327
-0.231372
-0.432788
-0.505298
-0.666430
-1.004809
-1.246508
-1.431811
-1.705737
-1.987719
-2.189135
-2.326098
-2.495288
-2.680591
-2.817553
-2.970630
-3.139819
-3.292895
-3.333178
-3.341235
-3.365405
-3.421801
-3.357348
-3.252612
-3.196216
-3.212329
-3.123706
-3.035083
-2.986743
-2.898120
-2.648364
-2.455005
-2.334155
-2.197192
-1.907153
-1.657397
-1.480151
-1.262622
-0.964526
-0.706714
-0.497241
-0.311938
-0.013842
0.171460
0.300367
0.493726
0.662915
0.856275
0.969068
1.122144
1.234937
1.283277
1.388013
1.396070
1.396070
1.436353
1.452466
1.404126
1.404126
1.420240
1.436353
1.420240
1.412183
1.420240
1.396070
1.420240
1.436353
1.444409
1.653882
1.653882
1.694165
1.702222
1.661939
1.605542
1.581372
1.573316
1.573316
1.549146
1.549146
1.500806
1.492749
1.468579
1.436353
1.452466
1.444409
1.460523
1.444409
1.452466
1.452466
1.444409
1.436353
1.460523
1.436353
1.428296
1.436353
1.460523
1.436353
1.444409
1.428296
1.476636
1.452466
1.444409
1.476636
1.492749
1.500806
1.484693
1.468579
1.541089
1.508863
1.484693
1.484693
1.484693
1.484693
1.476636
1.468579
1.388013
1.323560
1.242993
1.186597
1.097974
1.041577
0.912671
0.799878
0.703199
0.590406
0.461499
0.380933
0.171460
0.002271
-0.215258
-0.384448
-0.577807
-0.892016
-1.053149
-1.262622
-1.472094
-1.729907
-1.874926
-1.915210
-2.100512
-2.366382
-2.487231
-2.680591
-2.841723
-2.970630
-2.962573
-3.051196
-3.188159
-3.188159
-3.155932
-3.172046
-3.212329
-3.115649
-2.954516
-2.890063
-2.825610
-2.648364
-2.503344
-2.358325
-2.253589
-2.052173
-1.834643
-1.713794
-1.496264
-1.190112
-0.956469
-0.795337
-0.521411
-0.295825
-0.118579
0.042554
0.243970
0.477613
0.590406
0.711255
0.864331
0.961011
1.049634
1.186597
1.323560
1.379956
1.420240
1.436353
1.436353
1.428296
1.452466
1.428296
1.452466
1.468579
1.444409
1.436353
1.452466
1.444409
1.452466
1.444409
1.444409
1.436353
1.444409
1.444409
1.468579
1.468579
1.428296
1.436353
1.420240
1.436353
1.436353
1.428296
1.444409
1.420240
1.444409
1.460523
1.436353
1.436353
1.420240
1.436353
1.428296
1.428296
1.412183
1.412183
1.428296
1.468579
1.621656
1.686109
1.710279
1.694165
1.669995
1.653882
1.581372
1.573316
1.541089
1.549146
1.557202
1.524976
1.500806
1.492749
1.492749
1.460523
1.492749
1.476636
1.484693
1.492749
1.468579
1.436353
1.371900
1.323560
1.251050
1.154370
1.097974
1.001294
0.936841
0.856275
0.695142
0.614576
0.461499
0.308423
0.171460
0.050611
-0.102466
-0.336108
-0.537524
-0.626147
-0.883960
-1.133716
-1.327075
-1.504321
-1.762133
-2.003833
-2.036059
-2.181079
-2.406665
-2.575854
-2.688647
-2.825610
-2.922290
-2.938403
-2.938403
-2.946460
-2.970630
-2.946460
-2.970630
-3.002856
-2.890063
-2.720874
-2.632251
-2.567798
-2.334155
-2.181079
-2.036059
-1.866870
-1.657397
-1.504321
-1.343188
-1.093432
-0.827563
-0.698657
-0.481128
-0.239428
-0.013842
0.115064
0.332593
0.534009
0.679029
0.775708
0.912671
1.025464
1.122144
1.259107
1.363843
1.412183
1.436353
1.436353
1.452466
1.468579
1.460523
1.452466
1.436353
1.460523
1.428296
1.428296
1.460523
1.444409
1.420240
1.460523
1.460523
1.476636
1.468579
1.468579
1.436353
1.436353
1.444409
1.452466
1.444409
1.452466
1.444409
1.436353
1.436353
1.444409
1.412183
1.444409
1.428296
1.444409
1.452466
1.436353
1.436353
1.452466
1.460523
1.476636
1.452466
1.452466
1.436353
1.460523
1.468579
1.428296
1.460523
1.484693
1.476636
1.460523
1.452466
1.460523
1.460523
1.476636
1.468579
1.460523
1.468579
1.468579
1.476636
1.460523
1.452466
1.484693
1.452466
1.404126
1.347730
1.251050
1.186597
1.114087
1.065747
1.073804
1.106031
1.017408
0.912671
0.759595
0.662915
0.542066
0.316480
0.155347
0.050611
-0.134692
-0.408618
-0.682544
-0.851733
-1.093432
-1.343188
-1.464038
-1.520434
-1.770190
-1.939380
-2.084399
-2.301928
-2.455005
-2.519458
-2.600024
-2.728930
-2.825610
-2.761157
-2.825610
-2.873950
-2.857837
-2.761157
-2.728930
-2.696704
-2.511401
-2.366382
-2.326098
-2.229419
-1.995776
-1.882983
-1.786303
-1.528491
-1.351245
-1.206225
-0.988696
-0.787280
-0.634204
-0.481128
-0.207202
0.050611
0.187574
0.332593
0.534009
0.687085
0.767652
0.936841
1.065747
1.178540
1.291333
1.355786
1.412183
1.452466
1.412183
1.460523
1.420240
1.452466
1.444409
1.444409
1.444409
1.420240
1.444409
1.452466
1.460523
1.428296
1.468579
1.436353
1.444409
1.436353
1.444409
1.444409
1.420240
1.444409
1.436353
1.428296
1.468579
1.460523
1.468579
1.436353
1.444409
1.436353
1.428296
1.476636
1.444409
1.444409
1.436353
1.420240
1.444409
1.428296
1.452466
1.460523
1.436353
1.476636
1.452466
1.460523
1.460523
1.460523
1.460523
1.468579
1.444409
1.460523
1.484693
1.484693
1.484693
1.436353
1.476636
1.492749
1.484693
1.492749
1.468579
1.460523
1.476636
1.484693
1.468579
1.412183
1.331617
1.234937
1.130201
1.057691
0.993238
0.864331
0.775708
0.687085
0.654859
0.493726
0.356763
0.243970
0.098951
-0.126635
-0.231372
-0.319995
-0.577807
-0.819507
-0.924243
-1.141772
-1.391528
-1.576831
-1.754077
-1.963549
-2.116626
-2.261645
-2.455005
-2.559741
-2.487231
-2.446948
-2.519458
-2.511401
-2.398608
-2.414721
-2.495288
-2.455005
-2.487231
-2.495288
-2.414721
-2.285815
-2.253589
-2.181079
-2.044116
-1.899096
-1.826587
-1.576831
-1.375415
-1.222339
-0.980639
-0.690600
-0.448901
-0.279712
-0.086352
0.171460
0.268140
0.453443
0.638745
0.767652
0.920728
1.017408
1.114087
1.259107
1.307447
1.388013
1.404126
1.404126
1.420240
1.428296
1.444409
1.444409
1.460523
1.460523
1.460523
1.460523
1.436353
1.460523
1.436353
1.452466
1.444409
1.428296
1.428296
1.444409
1.444409
1.452466
1.428296
1.436353
1.428296
1.412183
1.452466
1.428296
1.444409
1.428296
1.444409
1.412183
1.436353
1.444409
1.428296
1.460523
1.412183
1.460523
1.460523
1.468579
1.484693
1.452466
1.460523
1.436353
1.436353
1.436353
1.452466
1.452466
1.428296
1.444409
1.468579
1.468579
1.492749
1.492749
1.476636
1.476636
1.484693
1.460523
1.484693
1.484693
1.468579
1.484693
1.476636
1.476636
1.436353
1.355786
1.275220
1.226880
1.162427
1.017408
0.952954
0.896558
0.815992
0.703199
0.590406
0.477613
0.356763
0.219800
0.147290
0.010327
-0.191089
-0.416674
-0.593921
-0.811450
-1.020923
-1.173999
-1.391528
-1.617114
-1.762133
-1.778247
-1.955493
-2.124682
-2.221362
-2.350268
-2.422778
-2.446948
-2.446948
-2.551684
-2.559741
-2.551684
-2.567798
-2.575854
-2.511401
-2.438891
-2.414721
-2.237475
-2.019946
-1.923266
-1.802417
-1.641284
-1.560717
-1.415698
-1.190112
-0.996753
-0.867846
-0.626147
-0.400561
-0.295825
-0.102466
0.115064
0.292310
0.397046
0.590406
0.864331
1.041577
1.234937
1.355786
1.468579
1.557202
1.533033
1.557202
1.533033
1.549146
1.541089
1.476636
1.492749
1.436353
1.452466
1.452466
1.444409
1.452466
1.452466
1.444409
1.452466
1.452466
1.444409
1.444409
1.428296
1.428296
1.452466
1.420240
1.444409
1.428296
1.436353
1.444409
1.420240
1.468579
1.420240
1.436353
1.444409
1.428296
1.452466
1.444409
1.460523
1.436353
1.428296
1.444409
1.444409
1.420240
1.428296
1.444409
1.452466
1.460523
1.452466
1.444409
1.444409
1.476636
1.468579
1.468579
1.468579
1.452466
1.476636
1.476636
1.468579
1.492749
1.484693
1.476636
1.476636
1.460523
1.468579
1.484693
1.484693
1.412183
1.363843
1.275220
1.226880
1.154370
1.025464
0.985181
0.856275
0.751538
0.679029
0.630689
0.534009
0.413159
0.372876
0.243970
0.018384
-0.094409
-0.279712
-0.577807
-0.722827
-0.859790
-1.125659
-1.335132
-1.496264
-1.657397
-1.874926
-1.947436
-2.100512
-2.237475
-2.261645
-2.229419
-2.301928
-2.342212
-2.374438
-2.406665
-2.495288
-2.390551
-2.358325
-2.350268
-2.269702
-2.229419
-2.197192
-2.076342
-1.899096
-1.794360
-1.697680
-1.415698
-1.190112
-1.093432
-0.843676
-0.658374
-0.521411
-0.295825
-0.038012
0.058667
0.227857
0.421216
0.525952
0.687085
0.775708
0.952954
1.041577
1.122144
1.291333
1.347730
1.379956
1.436353
1.412183
1.452466
1.428296
1.436353
1.436353
1.444409
1.444409
1.412183
1.436353
1.420240
1.428296
1.428296
1.436353
1.412183
1.444409
1.420240
1.428296
1.500806
1.661939
1.669995
1.678052
1.661939
1.637769
1.661939
1.589429
1.541089
1.533033
1.508863
1.508863
1.468579
1.452466
1.452466
1.428296
1.460523
1.452466
1.436353
1.436353
1.412183
1.444409
1.460523
1.452466
1.428296
1.436353
1.460523
1.452466
1.460523
1.444409
1.460523
1.444409
1.460523
1.484693
1.436353
1.476636
1.484693
1.444409
1.476636
1.468579
1.476636
1.476636
1.468579
1.468579
1.428296
1.355786
1.275220
1.194654
1.057691
1.025464
0.944898
0.824048
0.743482
0.670972
0.534009
0.429273
0.356763
0.284253
0.074781
-0.005786
-0.070239
-0.279712
-0.489184
-0.674487
-0.851733
-1.125659
-1.214282
-1.415698
-1.641284
-1.729907
-1.874926
-2.036059
-2.116626
-2.148852
-2.253589
-2.309985
-2.229419
-2.261645
-2.293872
-2.285815
-2.245532
-2.309985
-2.205249
-2.100512
-2.116626
-1.995776
-1.907153
-1.866870
-1.762133
-1.528491
-1.431811
-1.254565
-0.988696
-0.787280
-0.650317
-0.416674
-0.199145
-0.102466
0.131177
0.292310
0.388990
0.542066
0.711255
0.824048
0.912671
1.057691
1.138257
1.242993
1.339673
1.371900
1.428296
1.436353
1.452466
1.452466
1.444409
1.452466
1.452466
1.428296
1.444409
1.428296
1.428296
1.452466
1.444409
1.444409
1.436353
1.428296
1.428296
1.436353
1.412183
1.452466
1.420240
1.436353
1.436353
1.420240
1.428296
1.460523
1.428296
1.460523
1.428296
1.452466
1.444409
1.436353
1.428296
1.404126
1.428296
1.444409
1.428296
1.428296
1.444409
1.436353
1.420240
1.452466
1.436353
1.436353
1.420240
1.452466
1.565259
1.661939
1.734449
1.694165
1.686109
1.661939
1.637769
1.581372
1.573316
1.589429
1.573316
1.541089
1.492749
1.500806
1.508863
1.444409
1.412183
1.347730
1.267163
1.202710
1.081861
1.033521
0.961011
0.848218
0.775708
0.703199
0.582349
0.453443
0.372876
0.284253
0.098951
-0.070239
-0.102466
-0.247485
-0.489184
-0.626147
-0.819507
-1.093432
-1.222339
-1.367358
-1.617114
-1.737964
-1.874926
-2.060229
-2.140796
-2.181079
-2.269702
-2.301928
-2.221362
-2.205249
-2.237475
-2.237475
-2.261645
-2.261645
-2.181079
-2.108569
-2.108569
-2.028003
-1.907153
-1.866870
-1.762133
-1.520434
-1.447924
-1.238452
-0.916186
-0.722827
-0.610034
-0.392505
-0.183032
-0.094409
0.155347
0.372876
0.485669
0.614576
0.727368
0.840161
0.944898
1.065747
1.202710
1.267163
1.363843
1.428296
1.420240
1.428296
1.436353
1.452466
1.428296
1.444409
1.444409
1.436353
1.452466
1.436353
1.468579
1.428296
1.436353
1.452466
1.428296
1.444409
1.444409
1.428296
1.444409
1.444409
1.452466
1.492749
1.452466
1.444409
1.468579
1.428296
1.436353
1.444409
1.436353
1.460523
1.452466
1.460523
1.428296
1.404126
1.468579
1.444409
1.436353
1.444409
1.444409
1.444409
1.452466
1.452466
1.428296
1.460523
1.436353
1.444409
1.476636
1.436353
1.460523
1.476636
1.460523
1.500806
1.476636
1.476636
1.476636
1.460523
1.460523
1.484693
1.484693
1.468579
1.476636
1.436353
1.404126
1.323560
1.283277
1.178540
1.097974
1.041577
0.912671
0.977124
0.985181
0.912671
0.824048
0.711255
0.542066
0.397046
0.276197
0.195630
-0.078296
-0.247485
-0.408618
-0.634204
-0.827563
-0.900073
-1.173999
-1.399585
-1.552661
-1.778247
-1.915210
-1.995776
-2.084399
-2.189135
-2.148852
-2.148852
-2.253589
-2.156909
-2.164966
-2.229419
-2.140796
-2.156909
-2.213305
-2.124682
-2.076342
-2.028003
-1.907153
-1.681567
-1.601001
-1.391528
-1.165942
-1.069262
-0.908130
-0.650317
-0.489184
-0.384448
-0.086352
0.042554
0.139234
0.340650
0.445386
0.566236
0.727368
0.856275
0.969068
1.089917
1.202710
1.299390
1.363843
1.404126
1.428296
1.444409
1.452466
1.452466
1.436353
1.428296
1.452466
1.420240
1.452466
1.460523
1.420240
1.452466
1.444409
1.468579
1.436353
1.476636
1.468579
1.452466
1.436353
1.460523
1.452466
1.436353
1.444409
1.444409
1.468579
1.436353
1.452466
1.460523
1.420240
1.452466
1.428296
1.396070
1.436353
1.444409
1.428296
1.476636
1.420240
1.452466
1.460523
1.428296
1.436353
1.452466
1.444409
1.452466
1.460523
1.452466
1.476636
1.468579
1.492749
1.460523
1.452466
1.436353
1.476636
1.460523
1.460523
1.492749
1.476636
1.468579
1.452466
1.492749
1.468579
1.428296
1.412183
1.323560
1.259107
1.210767
1.130201
1.049634
0.912671
0.848218
0.799878
0.711255
0.654859
0.590406
0.437329
0.316480
0.219800
0.042554
-0.126635
-0.215258
-0.424731
-0.666430
-0.795337
-1.004809
-1.262622
-1.351245
-1.447924
-1.641284
-1.754077
-1.802417
-1.923266
-2.019946
-2.084399
-2.156909
-2.140796
-2.173022
-2.277758
-2.285815
-2.197192
-2.108569
-1.987719
-1.858813
-1.810473
-1.754077
-1.520434
-1.399585
-1.302905
-1.198169
-1.085376
-0.972583
-0.738940
-0.577807
-0.497241
-0.295825
-0.118579
-0.005786
0.203687
0.372876
0.493726
0.630689
0.759595
0.888501
1.001294
1.114087
1.210767
1.299390
1.347730
1.388013
1.412183
1.436353
1.428296
1.420240
1.428296
1.452466
1.444409
1.444409
1.452466
1.436353
1.444409
1.428296
1.452466
1.444409
1.452466
1.444409
1.444409
1.436353
1.444409
1.452466
1.444409
1.444409
1.412183
1.436353
1.452466
1.444409
1.444409
1.388013
1.452466
1.436353
1.420240
1.428296
1.444409
1.444409
1.452466
1.436353
1.436353
1.420240
1.452466
1.452466
1.452466
1.452466
1.460523
1.492749
1.500806
1.452466
1.436353
1.468579
1.460523
1.452466
1.468579
1.460523
1.476636
1.460523
1.452466
1.468579
1.468579
1.484693
1.476636
1.500806
1.476636
1.436353
1.420240
1.307447
1.259107
1.210767
1.106031
1.033521
0.993238
0.904615
0.775708
0.687085
0.550122
0.525952
0.453443
0.332593
0.171460
0.026441
-0.134692
-0.336108
-0.473071
-0.642260
-0.883960
-0.956469
-1.077319
-1.343188
-1.439868
-1.601001
-1.778247
-1.818530
-1.899096
-2.084399
-2.108569
-2.100512
-2.197192
-2.221362
-2.156909
-2.181079
-2.116626
-1.955493
-1.939380
-1.907153
-1.834643
-1.802417
-1.673510
-1.488208
-1.431811
-1.319018
-1.101489
-1.012866
-0.835620
-0.601977
-0.465014
-0.279712
-0.013842
0.098951
0.235913
0.437329
0.582349
0.679029
0.856275
0.944898
1.025464
1.186597
1.404126
1.589429
1.621656
1.678052
1.637769
1.621656
1.597486
1.573316
1.516919
1.500806
1.468579
1.476636
1.524976
1.476636
1.468579
1.460523
1.428296
1.460523
1.420240
1.460523
1.428296
1.436353
1.452466
1.420240
1.452466
1.428296
1.412183
1.444409
1.436353
1.452466
1.436353
1.444409
1.452466
1.460523
1.492749
1.444409
1.436353
1.444409
1.444409
1.460523
1.436353
1.420240
1.436353
1.436353
1.460523
1.460523
1.460523
1.444409
1.444409
1.460523
1.476636
1.444409
1.452466
1.468579
1.452466
1.460523
1.492749
1.468579
1.460523
1.476636
1.484693
1.468579
1.476636
1.468579
1.444409
1.420240
1.396070
1.323560
1.259107
1.154370
1.041577
0.985181
0.904615
0.832105
0.799878
0.711255
0.582349
0.453443
0.356763
0.219800
0.107007
0.074781
-0.126635
-0.295825
-0.456958
-0.658374
-0.803393
-0.875903
-1.093432
-1.262622
-1.415698
-1.568774
-1.729907
-1.746020
-1.891040
-1.963549
-1.858813
-1.939380
-1.995776
-2.019946
-2.100512
-2.084399
-2.003833
-2.011889
-1.987719
-1.915210
-1.915210
-1.810473
-1.721850
-1.609057
-1.464038
-1.238452
-1.093432
-0.980639
-0.706714
-0.537524
-0.408618
-0.199145
-0.046069
0.066724
0.260083
0.388990
0.558179
0.662915
0.848218
0.944898
1.033521
1.138257
1.234937
1.355786
1.379956
1.396070
1.428296
1.436353
1.420240
1.444409
1.436353
1.452466
1.460523
1.420240
1.436353
1.444409
1.436353
1.444409
1.404126
1.428296
1.428296
1.428296
1.460523
1.404126
1.444409
1.428296
1.404126
1.420240
1.412183
1.444409
1.629712
1.686109
1.686109
1.686109
1.661939
1.637769
1.605542
1.613599
1.557202
1.484693
1.452466
1.476636
1.508863
1.452466
1.444409
1.452466
1.452466
1.428296
1.468579
1.476636
1.436353
1.460523
1.444409
1.436353
1.460523
1.452466
1.476636
1.452466
1.460523
1.476636
1.476636
1.492749
1.468579
1.484693
1.484693
1.476636
1.468579
1.428296
1.396070
1.307447
1.242993
1.162427
1.089917
0.993238
0.904615
0.840161
0.767652
0.638745
0.558179
0.461499
0.388990
0.292310
0.098951
-0.038012
-0.126635
-0.311938
-0.521411
-0.618091
-0.787280
-0.996753
-1.028979
-1.182055
-1.319018
-1.439868
-1.633227
-1.778247
-1.778247
-1.891040
-1.963549
-1.931323
-1.995776
-2.052173
-2.036059
-2.044116
-2.028003
-1.891040
-1.891040
-1.842700
-1.713794
-1.641284
-1.560717
-1.407641
-1.335132
-1.214282
-1.045092
-0.932299
-0.746997
-0.497241
-0.360278
-0.191089
0.042554
0.203687
0.364820
0.574292
0.606519
0.735425
0.864331
0.944898
1.041577
1.154370
1.267163
1.307447
1.379956
1.436353
1.436353
1.444409
1.428296
1.436353
1.468579
1.444409
1.428296
1.452466
1.444409
1.436353
1.452466
1.444409
