377.209534
407.412661
405.495753
426.999082
422.126555
408.437353
417.280494
445.823573
444.282697
439.983876
404.988440
373.978103
340.634269
307.410916
272.094839
242.736548
209.317249
183.701903
159.575805
133.336617
109.167589
86.564266
65.677550
48.890272
32.231476
20.579594
9.414233
2.786878
-1.931669
-4.188076
-4.288564
-3.105016
-3.020240
1.935270
6.656344
15.800769
22.101844
34.804973
44.056741
59.187007
72.060528
82.213653
103.273188
117.158023
131.207978
151.327670
165.645180
191.155210
203.096135
213.727039
239.446580
263.111416
280.211937
297.071340
317.669404
325.585998
340.901813
345.615315
353.014518
363.898289
366.713479
380.856041
391.104734
398.152943
415.062244
416.859374
430.741539
432.634186
420.433038
435.199282
431.559676
419.294554
407.567583
382.347215
369.463776
352.210276
329.838043
300.217778
285.554060
260.974198
232.825084
201.109299
173.968170
145.773410
122.445944
99.291725
78.336078
58.297454
41.628234
27.198401
17.703429
7.934644
1.377872
-2.985232
-5.327170
-5.852156
-6.428478
-2.727594
-2.021336
2.146319
15.142242
23.730448
31.692274
46.755252
57.085247
71.154189
91.331336
99.829007
119.086824
139.042819
155.931731
174.126237
191.671770
213.802035
237.543547
254.500529
279.083353
286.298538
301.600728
306.160390
322.251442
329.775700
334.452105
345.114732
355.472067
372.288333
379.421906
401.125802
400.344642
416.134837
425.171593
434.717154
442.252613
434.580884
418.242714
408.007593
389.986018
378.260381
357.488826
335.206504
313.179184
287.232783
266.774259
236.517459
206.239053
178.014844
155.857532
130.242002
107.845947
86.206548
65.577758
47.705881
33.000559
19.233111
8.833108
2.327467
-1.983829
-4.189176
-5.215658
-3.250280
-1.516453
-4.993447
-13.276100
-12.419681
-3.598534
7.336602
17.244356
37.399271
60.599836
71.708799
93.649564
104.903719
123.903312
137.978049
164.538839
185.002145
195.779049
219.619334
242.656914
264.451087
275.274318
296.415479
311.288574
330.788939
335.121453
340.682309
346.585236
352.187622
361.425171
374.140368
384.042681
387.544028
407.275133
414.409023
431.150213
423.433554
420.844019
430.547767
427.427867
413.462539
407.135837
387.447548
364.128711
351.799296
321.476297
299.074817
277.703314
253.770645
224.881145
199.376232
174.313408
142.529780
122.445944
98.189816
77.313655
55.707874
41.101295
26.071853
17.353345
7.773153
1.296821
-2.267737
-4.211812
-5.502244
-6.391744
-2.764958
1.853640
5.866192
16.126965
23.790831
35.034903
51.232888
61.018177
72.526026
91.030904
110.944135
120.103031
147.689457
160.313118
180.004255
198.032630
212.167319
238.329248
252.225465
271.477283
298.641716
301.302408
326.894165
327.534506
340.285573
346.269367
344.110519
361.582004
367.643490
384.045208
394.028648
407.810526
418.203544
424.332162
441.566660
434.670507
426.678607
418.242714
404.916627
392.166119
383.721427
363.060481
336.611665
314.240900
281.722817
262.259329
235.789713
205.897032
176.413991
156.160758
134.334598
106.259978
84.247309
67.501972
48.629686
31.060129
18.315354
8.079592
1.654709
-2.618819
-4.692664
-6.051662
-5.039190
-1.005341
0.729916
8.396932
12.845998
22.769909
29.075675
43.546590
56.330776
73.184523
80.809608
98.837354
103.996108
131.217818
153.821028
164.936275
187.422835
201.953126
224.363454
240.957284
267.539116
274.024912
294.595890
274.846290
260.288715
271.877380
279.022492
297.396052
315.605195
334.841961
354.335433
373.791681
400.624061
403.471244
412.734792
425.454919
419.026894
427.931749
425.896540
421.578022
409.105232
399.759110
384.052028
364.128711
340.326767
325.255419
304.508282
281.150205
254.133174
223.514087
194.954195
168.516055
146.370427
119.810563
97.210367
74.274172
54.853883
39.312913
24.963814
15.690364
6.512522
0.834184
-2.253802
-3.433400
-5.502244
-4.755933
-1.702178
2.490099
5.904408
19.601053
21.933189
35.194515
51.552428
61.483078
75.535970
93.265327
108.757170
133.289193
143.043565
160.725234
180.673416
196.221248
223.044039
245.226680
258.145510
285.534995
293.819948
303.152920
315.736562
334.658367
333.802052
346.606534
357.284039
357.284039
371.926888
389.415368
403.619389
417.357564
431.364190
423.492731
442.218411
432.450535
427.672676
417.404962
409.369357
391.292698
379.501511
356.117234
332.302488
302.223282
279.806335
262.259329
232.770569
205.636458
179.444996
154.608464
131.548013
105.202664
84.340449
61.278626
43.862543
30.111791
16.006516
7.831087
1.091524
-3.412705
-5.065541
-6.644900
-5.121350
-3.740831
-1.225394
8.499647
12.915813
21.086887
34.855265
43.089945
56.955516
70.720915
82.908232
94.495795
114.358657
128.905859
151.591824
174.259850
189.853001
204.697118
227.722018
242.971556
266.862495
282.152079
300.824427
312.175436
327.121781
326.493909
341.638387
341.957079
355.326119
373.396530
374.489054
401.746257
401.372192
414.674335
417.251897
421.813458
427.472154
420.844019
427.797474
418.713762
410.899754
407.135837
383.634126
364.539692
342.694094
324.461144
303.344556
275.472764
254.291044
231.058581
193.241894
147.899696
114.334449
89.224563
70.842522
56.415582
43.676646
30.578651
21.047891
13.223676
5.396951
0.695154
-2.371285
-4.007644
-3.857999
-3.513463
-0.617231
3.833884
8.181491
17.886863
24.810286
39.387909
52.727594
61.483078
77.048312
93.265327
112.131610
121.651638
149.677202
162.827583
185.290309
204.893011
220.917349
242.124725
255.858590
288.474682
298.641716
312.942434
323.144176
332.176920
349.204102
351.598254
353.405368
357.284039
374.061458
379.053178
399.020678
417.357564
414.504534
429.241334
444.190306
434.815436
426.779832
415.578747
405.366877
387.814604
380.630461
355.994826
332.577950
309.938003
289.644939
260.514137
231.686235
204.947559
168.268650
149.471232
130.092836
102.403006
83.351119
62.231954
46.569106
29.489674
17.096099
7.781060
0.580811
-3.907260
-4.766993
-6.312885
-4.417827
-3.236939
-1.234023
3.201561
13.160166
21.240061
35.313887
43.432609
53.363798
67.557824
77.716332
98.752607
112.134367
129.412034
154.971809
174.051902
190.511451
205.840677
225.576230
254.893682
260.229582
282.983569
289.081158
310.325555
314.836022
336.063688
337.320001
347.555158
358.141000
357.143393
383.700904
391.531852
399.639976
415.450153
415.189454
425.454919
425.059018
436.100468
426.319057
425.700886
418.860502
387.554599
386.179999
363.306750
337.169536
333.477321
305.775379
278.515597
253.561371
220.647284
196.752861
168.276973
142.894632
114.086863
91.897055
73.055435
50.936519
36.944718
23.584304
14.573079
6.169565
0.417092
-2.560348
-4.007644
-5.854388
-3.612156
-3.929489
-0.085424
5.271003
16.172781
24.032362
34.201265
52.191508
65.583220
102.229994
136.954910
154.323473
173.637621
186.736185
194.156165
211.470123
215.150929
239.018640
250.198356
271.868168
288.773001
303.158180
310.186948
319.728925
331.851895
335.640731
352.716469
346.269367
356.590284
371.203998
381.549193
400.344642
409.498673
425.171593
440.640995
436.709427
438.191110
424.458635
423.307892
406.690824
394.711012
373.483270
353.555240
330.228190
309.127708
284.930922
257.718042
230.963344
201.450750
170.945493
146.474735
124.063712
100.831605
78.319318
60.659000
43.981610
26.694942
17.096099
6.284284
0.213026
-3.583647
-6.024938
-5.682732
-4.486143
-3.883489
0.086868
5.576476
13.229981
22.359992
33.182074
44.778210
57.580257
73.303417
78.084075
102.482374
115.794121
133.471229
153.865701
174.883692
191.169900
206.755524
222.236683
252.660217
262.793280
278.272356
301.401826
313.357919
323.115165
341.001002
338.262235
352.515543
349.171693
356.316805
383.700904
390.806793
402.120323
415.838061
418.821989
424.651416
426.654808
417.663998
413.446369
426.132631
414.907253
394.081678
379.438051
362.073808
337.169536
318.025756
298.586058
270.708687
247.147477
215.483165
191.636895
163.264531
141.474208
117.177364
92.321020
73.188291
50.571383
36.432497
22.275820
14.832297
5.929311
0.314977
-2.872072
-4.154265
-4.207910
-4.034319
-0.072185
1.248648
8.287058
18.190889
28.107950
36.429744
55.988158
63.004652
77.726554
94.181189
109.086737
129.426575
149.279653
165.778445
185.518218
196.919544
224.571739
239.376848
257.871470
275.239089
299.844704
308.047829
313.267256
327.214335
340.617883
345.932201
351.598254
356.590284
365.503956
393.262054
402.047357
408.297797
421.082428
431.144519
465.523797
493.752484
500.530555
472.129145
469.800266
434.538135
404.332600
367.627354
338.817754
310.572719
290.896060
258.609794
236.055727
200.082664
173.564067
149.394906
123.219740
102.828311
79.839019
59.120928
42.607185
26.200591
16.073113
6.644558
-0.367954
-3.719680
-4.658474
-5.180585
-5.041000
-1.642272
3.503299
7.225082
19.555152
23.549319
35.543198
43.860938
57.996750
71.803378
93.363453
96.470334
119.964664
128.474423
158.000731
171.816145
190.028946
205.122794
229.925779
245.237612
259.223019
274.096720
300.138572
313.357919
328.350407
334.218419
347.878465
342.594464
359.803679
365.595576
376.232485
390.444264
405.353106
415.450153
427.865428
424.249664
415.422346
427.095944
434.767537
424.837395
414.475508
399.759110
382.380420
356.789500
345.004881
312.001349
297.436176
273.985732
246.961277
218.136274
189.622052
161.113269
135.184220
114.089173
87.618677
68.206719
47.494957
37.456938
21.367925
13.828951
5.540504
0.243154
-2.537652
-4.300887
-5.247693
-4.999134
1.623677
3.890894
10.675195
19.274948
31.106128
44.355583
57.415199
63.241958
76.601734
95.989427
109.910655
129.244796
144.001018
164.078500
189.005520
205.620442
222.430482
249.068287
266.132133
282.013329
309.216929
317.837039
324.652970
334.003459
344.920704
345.932201
356.243405
361.230270
378.315720
382.550868
409.898964
422.741866
432.123071
448.654531
435.384727
430.674556
429.165546
409.773861
404.458712
384.340340
371.311855
348.997405
323.082738
305.481378
275.590076
251.049007
225.007801
189.923536
166.801383
143.211334
120.969151
96.336104
78.859399
57.179000
41.625453
31.898361
20.274999
8.603369
-0.736805
-6.314985
-7.393629
-7.415323
-7.940256
-7.968302
-1.290115
3.268260
14.290412
23.660664
32.811256
45.394021
55.625597
72.043926
89.204162
102.933176
124.012835
140.062696
150.858148
170.469796
190.680474
203.704674
227.759225
248.246916
259.999135
277.808295
298.288992
314.540401
323.417707
341.957079
341.957079
346.358810
353.827229
363.785224
376.929858
390.806793
402.868453
416.225970
423.348323
424.249664
424.611442
424.737885
420.827412
425.269140
415.770743
401.075748
373.118620
366.554611
337.930100
316.855109
297.052882
269.116408
246.245447
211.181405
190.352895
160.226407
137.195756
113.830467
87.596644
72.209985
50.101174
36.112630
21.726936
14.096811
4.376770
0.069515
-2.727975
-3.917598
-5.032580
-3.691110
-0.073446
1.909388
10.809898
19.328047
29.371559
44.554042
55.874361
63.360611
77.862202
100.985159
110.240222
133.443779
152.108888
165.989359
182.011738
206.590350
224.317122
246.841784
262.998815
283.468506
303.158180
317.837039
315.115645
331.851895
342.771567
350.914210
351.256232
365.860544
381.549193
382.924453
406.616934
414.912110
424.332162
430.285664
440.172505
437.372784
424.101298
420.585654
399.176261
395.083840
371.640720
348.148263
321.169688
304.671082
278.874219
254.312077
222.413420
195.219049
163.301310
142.894904
122.580708
98.212602
77.835096
57.604230
41.429106
26.326309
13.807647
5.556007
-0.551930
-4.272809
-5.550462
-5.994115
-3.722388
-2.268059
0.090463
8.910506
16.146076
23.827680
34.115769
46.674867
62.518358
72.404747
84.753566
106.403744
120.621105
142.038035
156.314386
177.875161
190.463298
208.127795
231.394954
256.736922
277.994632
242.938112
230.676884
248.492681
254.596628
267.189543
298.227542
318.679091
337.948157
346.679810
373.396530
380.504727
403.990650
402.718499
424.142597
429.122680
423.027188
416.437978
418.737901
418.026529
400.350209
392.827972
366.397437
353.139634
343.785783
316.855109
294.121986
266.695485
237.269595
209.541798
182.697755
160.583180
133.276379
114.544165
92.557982
67.701893
46.628260
32.989807
20.331904
12.468726
4.133616
-0.160873
-3.045182
-4.137687
-5.252985
-3.750325
-0.658380
2.621651
8.471802
18.596257
25.815259
45.050189
56.784738
61.450418
77.267836
99.954707
110.569789
130.517248
144.958472
162.579756
190.169347
202.453243
218.889435
247.649336
268.145299
276.374096
305.297402
321.237721
323.144176
325.933653
352.372020
353.405368
356.243405
363.369694
365.503956
397.468067
399.954062
415.743523
422.711998
437.147311
438.833237
440.169249
430.113485
411.138804
404.012289
389.461795
368.706157
348.431252
320.622718
299.591538
276.921319
248.303901
214.592149
192.139531
167.769385
140.806670
120.594446
98.065801
76.865189
55.668611
40.549999
23.509347
13.663835
4.902359
-1.406912
-4.153643
-5.050308
-5.523670
-5.751249
-2.312706
0.091661
7.351468
16.355223
24.106041
34.187592
51.844250
58.829738
75.932064
85.808043
107.333034
125.193909
135.204621
157.273370
169.506799
197.878138
209.271355
230.184776
256.314393
264.899839
287.574791
300.997747
314.540401
323.720249
328.964720
345.395811
356.316805
366.953405
369.105831
381.211328
394.023426
419.872042
420.784604
425.009015
431.940491
427.419706
427.095944
418.088367
419.442369
416.256188
407.575141
386.164752
349.083654
299.777444
268.688884
240.897990
223.610005
208.212269
184.478704
163.769511
150.634414
131.555708
105.045963
87.730750
61.919205
49.546549
32.006959
21.324585
12.242022
4.997925
-0.414323
-3.095844
-4.594129
-5.252985
-3.306310
-0.075653
2.649841
11.697607
23.114393
33.551548
39.277565
56.898535
64.191180
74.451496
94.485873
114.167282
135.936072
156.191958
164.286985
185.120418
206.590350
233.666219
250.426348
259.241669
284.050577
304.686195
321.771435
324.012629
326.573994
334.003459
350.572189
350.230166
362.661372
370.481108
389.247731
402.047357
414.912110
419.008130
436.710600
437.940393
437.826491
426.909155
408.030842
398.293127
388.939084
364.153936
342.067964
324.005297
304.265934
273.647449
239.792316
219.934289
191.135317
163.332922
141.999946
115.918844
96.641200
75.167850
56.655615
38.001600
22.869637
12.256277
4.686584
-1.531202
-4.297512
-5.267994
-6.844200
-3.392109
-5.943571
0.800301
9.090257
18.205862
27.353474
34.690351
47.397109
66.157150
74.651807
86.071662
104.435850
123.814729
143.316012
155.950089
178.002901
194.462150
207.386843
237.501816
259.370121
265.689799
293.837953
299.709416
317.293296
333.594878
336.691844
343.550542
349.495000
364.122374
359.471143
383.345296
396.882453
412.807682
425.731146
418.036943
429.924193
427.008726
424.322290
425.248532
423.542159
405.193237
391.574266
379.037203
355.976768
333.595301
313.733384
293.360012
269.896392
236.923216
210.495129
184.363911
159.391468
131.337385
112.496439
85.766949
65.295457
46.721984
31.905635
21.642067
12.259892
3.940631
-0.453485
-3.227582
-5.265488
-4.622325
-3.809541
-0.076283
1.972105
7.836187
19.646641
44.203011
73.246809
94.437136
102.850101
123.173807
130.022593
141.353523
157.320644
157.016190
178.581451
193.093574
223.662832
230.671091
251.842594
268.996554
288.493906
309.216929
320.602235
322.190948
341.097877
334.658367
352.716469
355.549650
365.860544
382.550868
391.728869
406.616934
412.874231
423.073016
442.662405
437.940393
429.458367
428.752366
410.250814
399.594949
386.812394
375.619252
343.477982
318.982703
306.272596
268.893247
251.754158
215.964348
185.339174
160.507181
138.181184
114.822685
94.966951
72.949702
54.805532
37.434412
21.522768
11.937062
4.154018
-1.701336
-4.416887
-5.398605
-5.344202
-2.979609
-2.357353
0.093758
10.784309
16.564369
27.603849
37.224811
50.388990
63.739854
75.387294
97.061833
105.337455
125.868809
138.760780
156.139579
174.459470
199.222723
210.414914
239.698364
255.083729
270.077706
286.863853
310.032241
317.591224
329.886190
346.908544
348.201772
359.471143
353.827229
366.953405
384.412120
395.413878
417.777604
418.311179
427.463677
429.529046
423.794095
419.200097
410.716552
423.542159
405.193237
398.484639
371.937340
357.180365
340.941220
320.489772
288.301281
262.108823
241.813359
207.902191
178.765142
152.933204
131.368537
106.027596
84.449009
62.921045
45.668105
32.060517
18.509726
11.326594
3.228516
-0.377904
-2.987847
-3.877027
-4.358655
-2.490953
-0.674839
4.753911
11.842022
20.489485
29.019180
45.546337
57.239926
64.428486
83.758284
96.318201
119.005664
134.936856
156.810132
171.752770
185.571381
207.802734
232.829342
249.883124
260.611868
281.103605
314.053264
310.186948
314.494728
320.359555
354.509017
401.654348
419.023551
431.467322
439.303628
438.444775
445.444812
434.579932
455.339680
440.241959
440.898780
444.417598
424.652764
410.262202
398.706961
380.811643
365.231894
336.333535
315.871204
299.404162
267.369773
242.254803
214.909148
189.487229
163.001929
139.315074
108.950513
94.807898
71.028331
52.728513
36.580392
20.934689
10.704612
3.727965
-2.047623
-5.021568
-6.211537
-5.763830
-1.964460
-1.761470
3.740008
10.074957
18.577410
28.816071
38.427211
52.002973
64.072989
77.305836
91.423861
103.867998
135.375913
138.585134
158.232354
178.834691
198.998625
214.893671
233.353853
250.787826
267.006398
296.129087
311.879815
324.664812
329.271877
334.530190
343.869234
353.827229
359.471143
370.131125
392.619441
396.148165
413.574270
417.530748
428.267180
428.716314
420.588991
430.966739
419.573705
416.327235
409.618362
390.738461
371.115380
349.925622
333.935654
315.588453
284.394960
265.077827
236.060605
207.713875
186.179898
148.398653
126.393562
109.691178
82.243801
63.439807
45.316812
31.440989
19.684392
9.891726
3.518916
-0.658375
-3.556927
-3.283445
-4.845472
-3.462105
-0.077544
4.061922
13.516630
24.333990
35.968147
44.432009
53.895720
64.665791
78.200378
103.095781
115.694037
141.958501
149.812361
171.537000
196.037471
211.716786
233.091242
251.512797
269.564057
292.927524
313.737949
312.942434
329.901736
337.627092
351.338671
352.716469
359.823336
364.434188
386.387844
391.345574
400.868332
421.082428
422.653300
444.190306
436.601125
425.346624
419.190651
412.919532
397.818972
384.604561
356.215112
335.206504
315.056051
290.040029
273.015517
237.245205
210.554769
185.429053
158.023511
134.749403
112.630366
84.593139
70.087558
60.349178
46.993212
30.084036
15.314078
5.273075
-3.286292
-7.911004
-8.525987
-6.733649
-6.107279
-4.248062
0.831583
6.771306
17.831036
29.010774
37.606996
53.436396
66.851106
80.291598
91.840055
112.763697
124.067423
153.053841
164.141402
186.988483
204.010982
211.101050
247.581267
257.880469
273.754671
278.115733
303.002490
323.417707
334.218419
348.525079
343.550542
357.637720
365.133825
375.128425
385.123335
406.105851
413.957564
416.225970
423.348323
427.903582
430.140617
424.322290
425.673356
422.246923
406.131466
395.052843
371.937340
354.351303
333.992438
311.102729
286.160044
261.383764
235.014546
209.164986
176.507911
151.501245
129.175452
105.029689
83.708542
61.006550
44.965519
28.066661
18.858128
10.110892
2.836795
-1.023508
-3.339358
-4.709921
-5.693795
-2.490953
-0.680326
2.027854
11.914229
20.878175
30.314349
48.996109
54.002234
64.903097
84.330013
102.933426
116.033315
139.213750
157.428306
173.249086
193.328767
212.458785
235.780846
253.486833
274.754242
294.431259
317.424810
330.074006
314.494728
330.551789
341.097877
350.230166
362.307211
370.481108
379.693409
391.345574
400.082316
415.333520
440.204285
423.583089
430.527493
422.579294
412.864827
409.369357
394.760594
380.374932
359.000815
333.132206
300.356126
298.593866
266.608034
231.426406
208.392054
179.414540
156.171582
136.033563
107.581619
88.770441
69.131329
52.000524
33.967507
20.630652
9.697119
2.643095
-2.502650
-5.928225
-6.355991
-6.967185
-2.018037
-1.814446
0.834190
11.087239
24.536707
27.979411
44.869263
53.834433
64.739259
80.809608
98.245514
116.682457
131.564497
138.324728
122.954853
129.831043
148.777376
175.278047
195.199408
234.219673
246.678522
272.272798
301.129840
315.427263
335.153732
338.262235
343.869234
354.810993
364.796675
367.632320
384.056512
396.882453
405.729479
418.701395
433.999074
433.584413
434.200280
430.121704
428.412114
408.708251
403.503171
390.738461
368.649497
349.523870
333.935654
311.782306
284.663782
259.933646
229.133717
201.743645
175.288513
151.567010
127.824244
99.459243
81.347411
60.807832
42.687411
28.693604
18.777874
9.154839
2.598857
-1.024139
-3.952141
-3.210091
-4.242508
-2.540772
-0.079750
4.133184
13.721427
22.885089
36.490687
49.848216
62.989533
73.004783
84.758809
103.582848
124.700323
140.171204
154.120911
167.887586
197.225577
216.630140
241.188919
259.094272
277.356762
291.756193
307.106641
319.331265
324.652970
338.624022
339.620953
352.372020
352.372020
369.758219
381.803699
397.610581
416.973534
419.837849
428.707079
433.216914
437.739831
425.886987
417.851383
405.366877
403.442691
381.955161
362.626197
332.302488
314.882668
294.614881
261.880889
233.854904
211.743547
185.778405
156.471217
128.823243
106.259978
87.761687
66.549533
49.202701
33.083759
19.073828
9.458649
2.129639
-2.957678
-5.579520
-5.689757
-6.175532
-2.062683
-1.208135
3.870198
9.552473
21.879706
34.778828
39.135909
52.683386
65.294484
75.291315
93.931641
114.039665
133.315737
148.085020
165.929867
186.935966
203.311556
216.993609
240.246059
259.707557
289.198279
291.487373
301.129840
328.657564
336.691844
342.913157
359.138608
360.136215
369.789360
384.412120
387.621830
411.465990
419.329239
427.405682
444.270840
432.351472
442.934559
432.045711
427.130721
415.052763
372.655948
346.478565
319.335878
305.958304
284.689960
275.371282
256.234264
244.703495
226.227882
198.226751
168.799407
143.088136
123.497042
98.745421
77.966162
59.007644
43.681493
28.408341
18.777874
8.456558
2.204840
-1.097292
-3.632284
-4.346970
-3.502320
-1.565396
-0.696785
4.887354
12.094748
21.211337
30.531917
45.206424
58.264100
67.929889
78.999701
98.455214
123.752099
143.529273
160.742723
168.098500
195.210312
219.479409
241.727287
252.056021
275.620065
293.829765
307.414672
330.074006
319.098296
332.366187
338.956333
350.230166
359.471602
361.953049
386.387844
395.915458
414.912110
421.460136
431.144519
429.940042
431.118551
421.254593
413.802770
402.267228
388.235724
382.723163
354.836238
334.932804
312.203021
291.812836
258.147119
228.788327
205.980907
178.114435
153.107105
131.839049
108.373224
87.333454
61.925936
48.577243
28.837128
18.763684
8.857161
1.379186
-3.282098
-4.622539
-7.064225
-4.235648
-4.285286
-1.216764
6.972310
10.466761
22.146532
28.730536
39.529630
56.955516
68.123359
81.586623
89.992432
112.547340
127.143082
146.967376
168.660565
189.377419
206.069389
220.809038
242.971556
257.929491
269.376278
290.466974
304.434449
323.720249
330.193346
330.500503
355.138915
347.963809
356.647034
385.478943
385.478943
396.515309
403.616584
425.731146
428.668931
432.351472
424.953823
432.470535
418.319999
417.306715
406.131466
387.334352
366.579849
346.318435
326.186572
304.718762
283.167521
260.858101
232.573742
198.377892
174.464949
149.496503
125.393220
102.534922
80.002826
56.278465
43.209053
27.964461
18.518868
9.216739
1.817230
-0.398999
0.601382
3.940056
4.668830
8.683411
10.485628
15.664214
20.409393
29.558559
38.313693
47.575721
59.855926
75.149233
82.431650
106.120632
125.972776
140.745676
162.192906
178.219826
196.987956
214.190114
232.746871
254.857032
270.699063
284.923684
315.314522
319.649008
324.012629
332.693642
348.862080
348.862080
352.027570
370.119663
376.103348
395.139154
406.296337
413.693505
428.707079
423.414836
436.385998
422.682658
406.577568
406.690824
388.235724
380.188894
353.982239
324.430294
305.422764
282.186802
251.841751
228.573694
204.603108
174.172796
151.884694
127.404486
106.327704
88.220665
64.498349
44.570650
29.423522
17.425057
7.554631
1.064819
-3.032316
-4.310177
-6.356422
-6.080230
-2.160906
0.742951
6.227351
10.522733
21.291118
33.182074
40.849854
53.461000
71.202010
82.104634
98.315648
111.514840
129.243309
149.564022
166.923459
183.341774
195.892697
228.701468
243.223340
262.793280
274.096720
289.358321
314.836022
326.493909
335.465503
343.231849
359.471143
350.141615
365.133825
378.324603
387.621830
407.611341
420.652473
426.128284
427.865428
431.940491
431.692867
429.276672
415.594798
411.953499
397.842797
387.813147
365.323191
345.120102
326.186572
301.741726
283.784812
261.773532
226.931733
201.015841
172.240017
144.486071
125.662312
96.138457
77.697067
57.454811
40.831437
27.091423
17.406497
7.686456
2.026282
-1.389903
-3.866625
-4.503618
-5.196131
-1.610990
3.662856
5.675111
14.664980
24.182177
35.196232
51.747123
60.088377
71.114014
86.925252
104.719337
120.750615
146.695585
154.925720
168.309414
195.915892
213.942781
237.631144
255.131072
270.982815
295.333500
305.603005
310.494980
331.383823
373.890975
404.627614
415.727261
423.156726
429.368746
445.444812
437.585920
431.364190
433.291652
447.761686
445.411560
441.993784
431.020897
423.307892
410.663141
388.672433
379.747328
353.128241
330.491513
312.422648
287.257755
255.158440
230.240454
204.657848
172.892114
152.124794
125.985728
102.823709
83.103785
60.659000
44.724264
30.720634
16.943455
7.119170
1.016575
-3.529482
-5.045875
-6.356422
-3.522650
-3.277570
0.753378
8.653719
10.578705
22.306627
36.301115
43.432609
55.028542
71.442557
83.830899
100.612876
112.444131
128.141588
149.933772
169.464668
189.594595
202.808284
222.712564
244.482260
261.273633
270.166238
285.903724
312.672062
334.841961
330.193346
338.576313
344.825312
354.810993
365.470975
370.814654
392.619441
407.611341
411.465990
420.784604
433.186342
426.684483
431.692867
435.246206
425.422199
416.025323
398.260699
387.813147
363.697726
343.921768
329.623928
301.360739
279.933863
258.304246
225.564675
200.687919
169.726224
146.303649
118.745874
96.366013
75.633862
54.353303
43.262609
25.387810
17.283916
8.121628
1.452303
-1.609362
-4.099497
-4.444834
-3.701820
-0.584312
1.180540
5.020797
11.685466
24.307799
34.236841
50.913348
63.977604
75.420531
92.044176
103.952895
121.797586
141.511639
155.126922
174.776471
206.275467
227.067536
242.265655
253.414081
277.063102
299.185342
309.262857
317.521724
324.332800
325.613482
343.234875
343.909206
358.768135
364.077599
380.309360
388.662498
410.819784
429.988076
437.147311
422.985408
428.454586
420.906681
411.582798
399.176261
383.037493
377.097927
351.420245
323.082738
301.978721
283.358890
251.273155
242.243293
234.971379
211.045386
186.665322
152.626191
122.330883
93.070537
67.103960
46.401092
29.629960
17.751956
6.800577
0.227594
-3.790395
-5.247710
-6.225749
-4.940681
-3.867638
0.087168
3.230147
13.334704
19.645611
32.533194
46.223466
57.788504
72.164199
83.011152
96.047218
116.272609
128.141588
150.488398
168.115770
190.463298
206.755524
227.516670
244.985828
269.273903
287.015850
303.422719
315.131643
316.018505
331.114816
344.506619
347.642810
355.794758
364.459524
378.673289
402.242283
412.227964
429.305382
430.677689
435.236944
429.106847
423.720882
421.413125
420.403827
415.598192
404.492794
388.231049
362.072262
345.506354
324.223958
306.447825
284.978297
250.703556
224.381315
190.959553
170.028766
142.461856
118.745874
93.563911
74.129780
54.762546
39.274565
24.409274
15.415879
6.927300
1.292808
-1.580856
-3.761063
-4.555036
-4.512731
-0.589799
-0.081642
7.996748
15.098855
25.573523
42.108767
54.508796
60.553277
74.470207
92.044176
99.676364
120.275099
145.689084
159.488886
178.888987
201.740811
219.656405
239.217113
253.142469
278.229868
291.156927
314.999208
327.626552
321.237721
332.693642
348.862080
354.162140
354.509017
369.396773
381.430114
408.297797
405.495753
429.241334
435.400467
427.768628
428.565522
420.018691
403.957305
398.734694
392.047045
375.773227
362.967794
325.664734
308.732617
285.268435
249.260650
222.295550
198.714577
168.403552
146.163015
122.657093
103.755819
80.877791
60.224472
41.026603
25.489823
14.972075
6.669480
-0.282886
-4.264791
-5.698733
-4.928187
-5.477380
-1.655517
0.089564
8.730755
17.927201
25.682155
38.013058
48.775783
63.363798
75.057847
86.103043
72.585562
72.542147
76.821039
105.415097
132.824724
158.088782
171.867231
204.579735
243.239779
258.964313
268.320974
276.222596
305.580016
327.103608
321.464287
344.187927
347.963809
349.818308
365.808126
383.331131
395.482772
412.608951
424.317310
425.334009
437.694218
431.529511
430.857063
420.997530
431.013967
415.598192
396.171189
384.425189
355.505661
350.641594
323.438912
300.119234
281.902950
251.256255
220.833477
195.167893
163.773855
140.798877
115.103227
92.630605
69.743122
52.874302
36.843584
24.694154
15.382694
6.512522
1.296821
-1.778463
-3.763276
-5.546262
-3.414770
-2.226002
-0.083218
8.847720
15.943704
25.508284
39.996381
52.400770
64.595149
69.164978
86.616928
104.592605
125.366256
147.291908
163.458391
183.011215
199.126547
224.962695
243.880760
246.882634
278.520904
290.861036
318.060295
317.521724
321.555463
333.348550
340.428402
348.862080
361.598888
361.244726
385.252522
389.429092
410.009488
423.073016
428.567957
434.060026
426.234614
419.130703
409.362826
400.038944
382.603209
365.442216
347.723693
326.079594
300.619259
285.808458
255.068958
231.561669
195.556216
167.116697
144.659280
122.094446
100.180426
79.047481
56.735880
42.214492
26.803017
14.826715
6.145042
-0.595468
-3.796728
-5.200356
-6.225749
-5.477380
-2.241271
-1.277171
10.390500
13.474334
22.626818
29.481662
45.306048
59.813909
72.525020
86.371276
101.352676
122.150552
136.477375
154.244681
178.295670
192.925766
207.441660
237.180525
252.237967
262.056671
275.972259
298.857162
315.722884
330.500503
345.395811
336.712587
357.967949
355.794758
370.472890
385.834551
385.123335
364.459524
358.473536
363.219374
378.011178
389.602507
398.770082
394.508023
405.403801
404.373739
393.983869
378.924009
365.361653
349.068543
321.476297
292.519156
277.930604
250.898341
221.326198
187.818771
163.478235
139.690224
112.295662
93.075222
70.855708
54.278492
36.153475
23.336338
15.611033
5.454320
0.764669
-2.340890
-3.715654
-4.738707
-3.879152
-0.617231
1.207784
7.452765
16.264411
27.897666
39.566945
49.405556
66.242661
86.549002
94.748853
111.792331
122.844557
140.851701
162.410611
169.785812
199.839410
226.779003
239.745770
264.162868
280.267116
296.235740
317.742552
322.731947
321.873206
332.693642
341.097877
355.202772
353.121506
370.422728
389.812388
399.296300
415.743523
422.653300
433.848589
439.279660
428.565522
428.298660
407.124460
400.038944
380.866078
375.773227
340.506407
324.420157
305.886526
276.364515
246.310820
225.541670
197.004468
171.586091
143.757040
120.687828
102.126147
78.369590
55.040310
39.325039
26.154242
13.322041
5.348462
-0.848659
-4.479558
-5.752297
-6.555590
-3.249450
-4.057850
3.609818
8.936185
10.942522
24.106041
37.718512
41.104516
58.933861
75.932064
86.639510
102.240437
117.708074
135.551300
151.597649
177.587007
185.444317
212.793733
230.905229
252.496673
264.636519
281.270394
299.141246
313.258688
334.530190
338.262235
345.462697
347.642810
355.466836
371.156419
385.834551
395.482772
407.234968
410.323029
419.091610
431.967243
442.374681
435.191903
423.334824
430.145862
413.462539
407.999328
389.138518
362.493117
340.326767
320.691251
298.312843
274.357490
249.108766
219.147725
192.599894
164.456243
136.546964
115.900112
95.566704
72.971115
55.839872
37.111135
25.197936
14.282359
2.824718
0.085756
-0.093270
0.779918
1.259144
2.536920
3.221033
5.082759
11.228258
18.743958
27.967761
42.786379
56.485398
59.857259
71.406062
95.214068
107.154670
135.575427
139.416088
156.736540
182.640120
200.077031
220.412972
243.611575
261.604336
270.914635
296.235740
316.260466
319.331265
325.293312
333.021095
340.763140
341.767354
347.493994
371.150474
386.581650
397.220001
404.294877
