210.013951
305.846357
404.014040
535.634480
650.316098
766.885825
939.402505
1085.528917
1220.958412
1343.885314
1466.008216
1578.714333
1704.944383
1806.677556
1915.901532
2030.350955
2125.652956
2218.249439
2266.256644
2314.379062
2329.350400
2311.167193
2294.724797
2261.695444
2214.892728
2164.057628
2056.854511
1972.745989
1892.218239
1771.418677
1636.591370
1512.655132
1377.825708
1238.369990
1107.187509
947.173442
800.605576
652.540722
517.527305
399.114914
275.789534
175.629859
69.201855
-19.297997
-102.279788
-158.520568
-203.458717
-256.097190
-289.994747
-304.464168
-305.922225
-298.460545
-279.809732
-261.068065
-228.340720
-192.548848
-153.640482
-96.004386
-41.951994
14.976825
78.807871
143.033657
212.736055
281.108688
350.512794
444.984258
522.810105
628.215499
720.083277
850.813457
994.744751
1135.746896
1251.043845
1380.687285
1517.825545
1638.810799
1760.423251
1871.587902
1995.743655
2109.020427
2234.499802
2350.066450
2425.856167
2462.886128
2503.059754
2520.564762
2533.058074
2538.054517
2543.070826
2543.070826
2560.575766
2535.483589
2500.519375
2487.812697
2431.181977
2363.005654
2326.641384
2224.905859
2154.431584
2058.340078
1937.725276
1803.856753
1669.256754
1541.504437
1424.067484
1269.200692
1127.932659
962.347112
818.455858
696.734952
582.496820
454.312352
350.833505
254.254145
177.445418
115.818252
63.384518
24.114415
-1.008927
-11.752589
-10.485511
1.034447
25.452119
56.663642
96.919459
148.224769
206.706305
253.202434
309.599477
387.408434
479.627807
569.319377
676.127415
809.295960
964.984933
1109.649685
1243.801729
1378.460177
1503.970878
1623.924009
1752.422344
1873.283156
1989.743926
2107.608273
2225.325841
2324.210856
2395.249654
2434.797952
2463.609794
2485.567865
2495.570992
2505.201046
2525.029447
2520.053610
2520.332557
2493.647629
2457.475849
2423.868598
2376.250715
2323.903255
2256.251466
2189.286890
2092.126893
1999.131245
1885.684478
1754.082290
1616.858928
1478.517409
1335.058616
1189.992654
1029.059296
883.072648
729.396748
604.687753
484.510222
364.731133
261.097046
172.979270
107.367957
53.423780
6.777006
-21.004641
-37.954367
-44.403979
-38.290677
-16.725420
7.351041
44.856885
90.348937
134.768853
187.126790
255.889078
325.305340
406.863629
503.887950
588.493789
703.934209
826.033717
968.876866
1128.854490
1245.327458
1353.444397
1500.277576
1618.995553
1749.795611
1864.287695
1975.922587
2099.489382
2219.788013
2324.480275
2404.510811
2451.223639
2483.350621
2503.183413
2520.594824
2538.020827
2538.020827
2565.518168
2535.483589
2535.326417
2495.343917
2462.974045
2421.248648
2350.736673
2290.373049
2205.666787
2124.382261
2033.415446
1919.741298
1794.831621
1651.807539
1536.523630
1407.432945
1256.437044
1114.007210
951.914594
813.400906
696.664069
575.404480
451.494584
342.256722
248.428744
182.075160
114.460438
62.880625
22.638022
-0.705556
-12.594481
-11.393168
-1.032946
20.987343
52.761141
94.910034
144.675107
202.871867
253.800553
334.175918
420.681223
518.099808
612.600042
712.818044
847.504752
995.172985
1133.417196
1258.582373
1389.837865
1522.138412
1639.880283
1758.167989
1890.354596
2010.448859
2125.686661
2244.086488
2328.023140
2383.756132
2443.941341
2461.151123
2497.630397
2495.338740
2487.424650
2502.185794
2477.975745
2485.736918
2454.433450
2450.056490
2431.050433
2390.610629
2352.777727
2289.407973
2201.941679
2133.805095
2024.742382
1895.349458
1776.900652
1649.782777
1525.920526
1381.154322
1231.660659
1088.785037
943.769829
793.654573
672.044649
544.820635
435.549988
321.883869
227.538374
155.841159
95.887833
46.112239
9.149524
-12.494964
-23.638444
-21.335927
-8.901952
12.259520
44.706569
83.762054
131.539087
186.394716
248.047612
321.473992
405.832106
490.126457
583.841569
690.585847
809.896810
965.639121
1123.384675
1236.364567
1359.495471
1491.397796
1619.724739
1742.346167
1863.262245
1962.986770
2090.779561
2227.191840
2331.869101
2411.902153
2456.170789
2478.433424
2505.679536
2515.564650
2533.000014
2535.510421
2545.417269
2535.326417
2507.842041
2488.004262
2443.230036
2401.381992
2352.777622
2288.177509
2212.061713
2126.455015
2026.302616
1910.664507
1786.215121
1653.486218
1533.988809
1396.514735
1249.630063
1106.150940
949.913872
811.408055
691.074773
564.115223
447.943576
337.406437
247.944293
170.296450
108.886352
60.417121
19.685236
-2.420039
-13.911227
-12.832495
0.019212
22.610956
53.991929
96.256276
147.108013
204.185240
266.931414
340.143345
419.836481
520.645375
605.208051
726.777332
845.846577
1004.099539
1136.087795
1248.531011
1393.207172
1526.948011
1634.104340
1756.252778
1881.254572
2001.532013
2127.823031
2244.279090
2322.960247
2392.640733
2409.958721
2461.151123
2485.379685
2507.337766
2509.899632
2512.452394
2517.590234
2520.201479
2490.917088
2466.913721
2435.812525
2402.477847
2366.944009
2305.759720
2215.681822
2143.019034
2031.680905
1921.176090
1794.549548
1664.676502
1542.955420
1398.765602
1262.091878
1101.349942
950.784838
817.743443
695.162085
560.959936
449.532219
337.531414
240.031340
162.600495
99.282805
50.264647
16.991200
-3.323953
-14.239058
-13.972156
-3.711699
18.500940
52.380409
93.710146
128.252125
189.897767
255.588102
318.190949
405.384855
499.357025
586.655363
696.050578
818.617607
965.425736
1120.539873
1246.813629
1363.783203
1494.509811
1626.451680
1750.950762
1849.867789
1967.520427
2118.532931
2229.483190
2336.806647
2411.954082
2466.065089
2480.906846
2505.679712
2518.040532
2533.058668
2535.510421
2542.934003
2530.163331
2510.236943
2490.094628
2462.974045
2399.193600
2352.777622
2273.838226
2221.689839
2130.730466
2025.778772
1901.587715
1772.754970
1637.589048
1520.024047
1373.793077
1233.986332
1079.513250
939.090025
793.175367
681.872899
556.638319
434.129407
323.043120
239.414411
165.559124
101.880166
53.920685
16.062975
-6.392354
-15.110471
-12.859615
1.163753
27.199929
56.647270
99.621880
155.682769
207.110475
267.125777
343.927515
435.960947
526.036858
620.478155
722.242062
857.594093
1014.449801
1145.009952
1253.551989
1405.811055
1524.381453
1644.896921
1776.430049
1891.456162
2014.143165
2147.713455
2255.097708
2334.961277
2399.522727
2438.629410
2470.682363
2479.604941
2504.766489
2512.452394
2519.543794
2512.372420
2517.590234
2495.864700
2488.665085
2440.602539
2402.468809
2343.404773
2289.648659
2231.947181
2147.767371
2034.194324
1928.065504
1817.625758
1663.905726
1529.234961
1401.127925
1245.204641
1100.637555
952.811469
811.236394
696.946472
566.967466
454.619571
343.569629
249.005489
178.877897
113.430892
62.507212
23.057444
-1.196592
-13.875933
-14.485403
-2.775055
13.635965
48.442982
84.987787
131.866109
191.510669
250.156143
328.329348
398.493697
496.736310
590.970247
699.201202
824.332455
986.219165
1149.849738
1302.692720
1427.624910
1562.451470
1686.613405
1811.260525
1913.965382
2015.124527
2144.125690
2255.826595
2351.491359
2409.690160
2463.636388
2475.969717
2495.755569
2532.970721
2525.527690
2542.934003
2535.373247
2535.090791
2512.622000
2487.739098
2455.374147
2391.861804
2333.776514
2280.491642
2186.528680
2119.366831
2012.571786
1893.138400
1756.729620
1633.341086
1515.899151
1375.240400
1223.801806
1084.209935
922.131751
788.081032
671.878250
551.194423
427.927558
317.530438
233.699766
154.019605
97.206789
50.039871
12.283453
-7.243519
-16.624717
-12.225835
1.206855
25.343816
59.287147
103.085550
153.367928
216.392734
271.445165
350.943877
437.325978
528.895756
630.007683
730.476628
868.944603
1026.237475
1153.108224
1282.874670
1405.527257
1549.567601
1662.820164
1788.739727
1906.391537
2018.039492
2138.283744
2250.065407
2342.280521
2397.061703
2431.376024
2465.516274
2497.226102
2512.104563
2521.934255
2509.625025
2539.309032
2524.803956
2510.376511
2483.827718
2438.163011
2419.145190
2355.163819
2294.316644
2225.093463
2140.941834
2027.969439
1911.158749
1806.036722
1669.476636
1533.201845
1393.143302
1247.247151
1101.127036
950.343610
805.305365
685.559508
561.624325
449.024768
338.431398
247.686042
173.887475
111.612178
61.427694
23.408363
0.000000
-11.593641
-12.872826
-3.488998
21.260699
51.583050
89.340063
135.528818
194.974039
254.566976
329.094685
410.285966
509.313549
599.296915
710.759499
837.151143
981.412205
1129.462083
1248.141084
1375.573141
1494.834897
1636.698102
1757.113719
1880.924857
2008.235343
2120.664350
2260.379818
2348.847137
2414.533759
2458.703700
2473.501218
2500.678765
2513.034487
2537.932638
2525.432117
2537.687102
2530.163331
2507.576574
2482.713370
2430.938724
2377.227159
2331.327640
2268.984782
2197.929466
2108.032732
2039.727764
1952.606225
1831.110811
1694.512424
1556.659410
1405.763909
1243.503176
1090.922289
914.355596
786.988615
668.166763
537.136180
423.364642
310.324205
229.597174
155.314144
92.821520
48.435340
9.766187
-8.584176
-15.692935
-12.335932
2.449582
30.941887
61.202593
107.320845
156.422385
217.436961
274.668980
355.357584
444.734892
539.892891
632.075285
746.414532
879.013894
1033.182496
1150.958055
1282.874670
1416.792294
1551.348714
1663.860534
1807.648716
1910.160821
2034.146157
2158.653779
2257.506671
2339.464581
2404.110728
2446.155367
2480.337965
2479.992477
2514.387125
2521.934255
2521.934255
2529.380544
2517.463529
2490.917088
2471.734619
2433.340080
2400.022263
2357.521334
2301.223854
2225.093463
2138.666663
2032.274787
1906.820133
1791.915709
1658.445434
1533.364452
1393.849731
1244.438206
1101.826145
948.360702
803.870702
692.373452
567.580303
442.639751
338.721115
246.594829
179.264231
114.412751
63.028024
26.425513
1.800436
-10.197681
-11.146421
-1.316930
19.677456
51.879909
93.180224
132.428485
189.634111
248.360675
327.112385
412.715960
504.814578
596.920281
698.741476
834.522725
985.488489
1128.125933
1253.324426
1387.929571
1506.681008
1635.032115
1768.160219
1874.180612
2003.696482
2134.501417
2251.115966
2361.030870
2417.054669
2453.801271
2480.899880
2503.061843
2508.116631
2523.022206
2537.849130
2532.852996
2517.667426
2505.201362
2475.174767
2430.938724
2391.559480
2330.865565
2259.277903
2185.584368
2095.739551
2000.991970
1868.484662
1741.627712
1620.348598
1479.214561
1355.742995
1206.549199
1056.317102
907.069707
767.687356
657.849410
527.712738
406.486199
296.148112
220.663684
145.994314
85.160247
42.522013
7.125857
-9.207138
-16.082844
-12.427171
7.101477
27.064912
54.683416
85.864328
140.866313
194.070536
256.826450
339.909815
429.360040
526.503375
627.890009
739.389868
883.771590
1036.686341
1166.058078
1291.751637
1432.343585
1562.315325
1681.345631
1803.030491
1925.173842
2033.694490
2165.754221
2264.120457
2346.219529
2406.905493
2445.610217
2465.751210
2501.964675
2509.721169
2526.715177
2524.228272
2522.187996
2517.590234
2493.182892
2474.078036
2452.519544
2397.660035
2369.308591
2280.430996
2218.218828
2116.461751
2021.320361
1919.746536
1787.810303
1666.230626
1539.307730
1382.994020
1244.028527
1089.608587
951.360400
811.394630
687.141249
567.029484
446.190340
335.961800
242.280032
176.746865
109.937782
63.098739
26.093666
2.075826
-8.511027
-10.423168
-2.011403
23.634712
54.796130
91.279793
134.945915
194.674425
262.958094
330.745110
419.974036
515.075954
605.793013
715.751461
847.691127
992.193193
1130.732942
1262.554298
1372.408352
1518.943494
1643.070682
1779.138069
1883.021764
2007.831039
2141.708632
2265.100291
2368.382777
2424.349603
2461.177846
2485.832568
2503.125354
2508.028442
2535.414848
2532.803704
2545.093212
2527.635695
2495.277702
2472.661899
2425.861539
2381.861963
2328.532138
2256.566136
2188.478323
2095.739551
1982.872393
1856.478122
1732.634823
1602.263668
1473.093673
1342.801928
1198.067961
1049.844166
885.448306
761.084367
640.714837
516.785294
398.728187
293.697447
211.693093
138.909231
83.752640
38.414729
3.641689
-11.834091
-16.175705
-12.230890
4.706932
35.587365
68.384124
113.815038
164.745176
225.300792
291.374287
365.550442
452.722915
551.718040
649.484300
760.828564
908.462031
1045.057968
1176.895407
1306.501748
1448.535575
1575.937632
1681.619385
1830.077909
1929.197189
2046.858189
2178.440992
2261.704437
2367.916452
2423.520718
2453.296147
2479.992477
2499.360460
2489.413151
2491.632182
2484.573737
2485.062422
2483.104489
2488.270561
2456.948263
2435.671735
2380.984288
2331.683751
2275.810106
2204.563443
2112.189724
1999.637423
1905.110281
1789.694611
1652.457498
1513.196929
1379.549527
1239.787170
1091.319120
944.231717
804.612167
686.371555
566.552131
445.595267
335.961800
244.129499
179.024789
111.003692
62.642429
27.392863
2.986696
-8.836310
-9.212077
1.582767
24.388404
57.085686
93.037972
134.287283
195.610660
263.010200
330.745110
422.263015
517.005929
605.471313
714.097378
854.397544
1006.665344
1139.394263
1278.724757
1385.398866
1524.690483
1661.655882
1779.029545
1883.132478
2014.562516
2150.726353
2267.862586
2353.876239
2419.486313
2448.888756
2488.313439
2490.781939
2512.916762
2530.332744
2530.332744
2527.758278
2517.667426
2507.325938
2460.471022
2413.705360
2384.116867
2318.707107
2256.566136
2158.316102
2099.726987
1969.822929
1851.566051
1720.485946
1600.400372
1460.851896
1329.324706
1188.996022
1023.145338
871.943837
752.455427
630.240141
512.768827
383.147062
289.543009
203.812798
134.378478
77.418406
31.669857
0.905500
-13.658893
-18.805137
-11.261102
6.835295
36.757112
71.850395
117.486490
171.231936
228.929603
289.986362
376.547491
456.337572
560.978804
652.665025
771.164089
911.050244
1053.511407
1187.962498
1304.894733
1445.952549
1573.016110
1703.763577
1825.419688
1948.078308
2075.409015
2185.129756
2296.581565
2360.148177
2428.301316
2457.973542
2504.333961
2516.307415
2529.105638
2536.380514
2529.202081
2536.662487
2502.810585
2493.309902
2474.078036
2433.340080
2395.297807
2345.757942
2282.703184
2206.911908
2118.668399
2004.155166
1894.496736
1787.699440
1651.227912
1521.027191
1376.105249
1234.938260
1090.223006
915.138189
772.714096
648.561488
532.409216
424.903239
321.746861
237.297290
170.491185
106.258054
60.534288
26.103460
2.944346
-7.836753
-7.934399
2.542682
24.808893
58.993364
95.956990
142.028030
199.262991
263.704158
334.082708
420.212965
524.665742
611.119363
719.856747
859.101126
1004.981731
1151.799167
1269.622858
1398.758771
1524.291337
1661.162982
1793.767602
1889.652559
2017.312502
2148.723393
2270.062689
2361.124585
2426.843375
2451.342793
2463.626897
2498.163677
2507.989303
2525.343686
2525.235565
2525.292240
2514.916229
2495.130200
2455.464977
2415.888829
2369.098674
2304.390029
2235.320626
2155.931222
2079.583964
1958.316953
1844.362384
1705.967176
1576.624854
1457.051684
1311.534838
1168.152132
1023.145338
871.786805
739.511860
619.367212
502.353279
381.914347
283.705595
200.436250
128.223689
75.043623
29.302457
-0.416301
-15.095768
-19.319620
-11.820163
7.823661
37.141399
75.272272
120.456373
175.411233
233.117979
295.295036
382.016022
464.422056
558.920440
663.798485
773.670440
917.892238
1058.758452
1192.842084
1314.536814
1459.377452
1586.107036
1708.325337
1829.574491
1952.369844
2075.409015
2191.588265
2286.399321
2363.004120
2425.313946
2464.846142
2494.631298
2509.192505
2519.254772
2531.392588
2529.105638
2531.496090
2515.063658
2497.959100
2473.909304
2442.920397
2404.840448
2343.412190
2280.445161
2213.708826
2112.090558
2008.446398
1898.547961
1767.242219
1637.080301
1505.922538
1377.985175
1229.545519
1078.717773
934.145344
791.782783
671.707353
552.955366
434.118438
325.955652
238.196144
170.491185
106.173497
60.790743
24.776166
2.273579
-8.767524
-7.751999
2.906707
26.551526
57.890428
98.516710
147.136933
203.906800
270.024693
339.590739
425.923179
530.911763
611.119363
723.548320
866.073371
999.707127
1186.564623
1332.294874
1479.681167
1612.627793
1732.257990
1838.986731
1966.962056
2076.072887
2202.342256
2322.783539
2395.124728
2431.731277
2461.158332
2490.715901
2508.028442
2527.812492
2525.343686
2527.758278
2517.731484
2505.053861
2494.675462
2462.708641
2396.304806
2352.662177
2299.492282
2250.878906
2153.211789
2072.510549
1958.720158
1836.070337
1699.447556
1590.861479
1450.278068
1308.226893
1168.706213
1003.736389
855.429748
725.234699
607.036404
483.126708
367.383699
271.732193
192.836770
123.586681
68.657465
26.930288
-2.483689
-16.944229
-18.338429
-9.509548
8.452352
39.226617
76.874555
126.197547
179.945379
242.378822
307.456626
387.084397
476.218676
570.223425
668.165580
786.611135
933.128795
1069.416174
1201.947746
1329.326112
1470.550773
1586.107036
1714.223615
1833.475506
1958.940956
2084.034456
2198.773405
2298.365363
2367.530943
2418.410778
2469.949024
2496.995879
2514.055746
2533.310834
2526.616380
2529.105638
2551.653553
2512.287740
2502.881148
2469.147204
2426.147563
2402.412703
2338.718341
2275.786538
2186.381508
2096.494050
1991.240909
1886.215410
1771.208786
1639.101389
1493.076692
1372.345402
1215.227053
1075.729723
929.092163
784.839663
675.836705
550.160437
429.441225
320.654658
236.676152
169.194704
104.846327
57.324734
25.524566
1.892317
-8.381227
-7.159205
6.529625
28.173272
63.900948
98.629718
143.721092
207.264074
268.853010
346.251295
433.050624
531.330405
617.585005
731.818144
882.050063
1029.680665
1166.935673
1289.554136
1414.082650
1560.132661
1688.328393
1804.124097
1907.053582
2035.181223
2174.207148
2274.862163
2373.283404
2421.955472
2463.504730
2475.947984
2493.206617
2520.308105
2507.989303
2525.235565
2522.506520
2497.647991
2484.968218
2435.834249
2410.786735
2385.535464
2352.044238
2311.070846
2231.581881
2148.232956
2011.941793
1868.870409
1721.093013
1582.653316
1452.290417
1306.056836
1154.770909
1001.629657
853.778339
725.646011
602.099187
476.092728
359.217717
262.887074
186.417804
118.005347
64.756922
23.490029
-4.579306
-17.343682
-19.622119
-11.061447
10.480715
42.040771
78.361863
126.983066
179.462951
239.856646
307.456626
390.940249
478.520053
576.651172
676.127415
791.740251
941.368620
1080.798745
1214.991180
1337.749091
1479.150486
1603.740899
1725.771338
1845.982804
1975.673959
2088.471572
2207.655299
2306.107759
2384.385810
2427.793484
2472.005744
2486.926555
2516.307415
2521.638174
2533.987701
2531.594895
2534.175582
2512.104563
2515.239751
2476.466144
2433.255414
2388.211129
2348.091960
2275.810106
2188.706139
2107.705249
1995.572435
1886.215410
1751.467500
1629.236014
1485.811486
1356.596342
1206.695879
1064.700040
909.377765
779.833070
657.308480
543.808077
421.963780
318.711510
231.255046
162.355102
103.359407
58.708481
23.743460
0.946158
-7.396450
-6.657358
6.295523
30.206435
62.822626
103.392478
152.600703
208.479699
278.318632
349.327358
440.375732
532.376331
629.051887
736.376523
876.905503
1037.573638
1163.544037
1296.386212
1421.559784
1548.037736
1690.211200
1813.172645
1924.710767
2046.261341
2176.555344
2286.675980
2392.725329
2421.947671
2451.342793
2483.307570
2493.142800
2510.354909
2527.758278
2515.272524
2529.868327
2497.569469
2474.987885
2450.156608
2406.031564
2349.674637
2299.206952
2220.789831
2161.897833
2045.850189
1948.669326
1810.377675
1680.420142
1555.111150
1418.465059
1277.050870
1136.173379
984.145322
836.323480
713.354815
592.936417
469.986811
351.548848
256.251870
178.997889
113.314756
58.447186
19.666070
-6.510238
-18.495738
-18.329731
-9.126900
11.118692
30.983814
61.441662
108.806999
167.659627
224.505580
295.926715
377.330653
468.460392
576.152956
670.721280
802.798483
947.933255
1085.438579
1221.127499
1355.931222
1480.870430
1599.245014
1736.835962
1851.855493
1986.870664
2101.811723
2211.979791
2305.465825
2384.573702
2428.301316
2459.571838
2504.089615
2518.803731
2531.171777
2529.004480
2531.496090
2541.166141
2514.995447
2495.570992
2466.503030
2430.928464
2383.454072
2336.328546
2266.568900
2175.069496
2100.978525
1980.255537
1877.641705
1753.260015
1611.929483
1485.585535
1347.594421
1190.047704
1055.592686
901.454112
767.123828
651.430805
535.994357
419.359344
315.215097
232.067093
161.091562
100.667566
52.527097
21.952554
1.482823
-8.128108
-5.333712
7.839020
32.229112
66.130639
104.433510
156.280806
212.922515
280.440423
347.900111
439.528453
542.014589
635.087528
745.756070
894.882368
1042.284402
1174.073352
1307.738032
1434.623920
1556.100853
1704.873108
1817.218545
1935.882835
2050.839584
2176.555344
2310.789568
2373.251167
2429.282580
2468.520139
2468.520139
2507.895949
2515.380645
2510.531465
2524.960557
2532.405808
2509.856035
2494.675462
2459.881142
2410.541078
2364.132010
2294.870019
2227.730519
2157.093616
2049.965654
1935.533680
1803.680840
1688.050312
1555.631179
1418.169696
1278.052902
1129.319628
979.272126
838.838896
704.956929
590.738824
467.798796
346.892572
258.508740
181.397656
110.341738
61.126895
19.574876
-5.856314
-18.780287
-18.491941
-8.745795
12.872080
43.057886
85.514785
129.310416
187.968290
243.358204
313.016625
396.872189
495.004021
587.845679
679.078126
804.957532
957.751112
1086.496932
1226.745741
1352.035234
1482.895935
1604.608687
1734.941919
1843.228029
1974.391263
2092.429358
2174.296473
2280.798008
2344.935668
2388.329524
2432.217122
2471.700228
2491.345496
2516.429739
2521.638174
2541.166141
2521.934255
2505.123424
2485.887158
2469.086053
2423.778276
2378.598554
2324.609525
2266.521159
2184.184347
2076.611039
1978.126257
1871.298505
1731.222020
1625.542392
1472.339098
1338.773915
1176.684031
1045.555353
885.363174
752.475325
645.572423
520.797270
407.997273
305.152392
224.272165
157.329227
97.208852
51.197430
21.985617
0.000000
-7.478595
-5.026450
9.152706
35.364796
69.502359
107.829812
160.434449
219.035997
282.335718
357.894632
453.557254
549.376209
640.425048
755.194684
901.252131
1058.777154
1188.048451
1320.120168
1445.928349
1575.372047
1708.569320
1834.274986
1957.704157
2066.719647
2197.532462
2310.592306
2385.472175
2434.165737
2453.772394
2480.848610
2510.406356
2512.916762
2527.635695
2522.712852
2525.108059
2502.359336
2482.447966
2459.645035
2400.929764
2349.812525
2282.350174
2220.450354
2132.441317
2056.005921
1934.832620
1794.495724
1666.053973
1550.568936
1406.946492
1265.458880
1122.278142
961.974851
826.944484
697.376747
571.738514
453.512056
338.744088
246.001441
173.940529
106.512891
52.563107
16.462234
-7.761363
-19.701912
-20.312172
-6.966746
14.832755
47.745211
89.562520
134.807528
196.206452
255.816482
323.646853
404.020376
502.511811
589.394552
700.044357
823.431999
977.704931
1102.654194
1228.618334
1362.481613
1499.349074
1625.388672
1734.578416
1862.983663
1995.030296
2114.709905
2232.465427
2316.801698
2391.211339
2430.096896
2472.005744
2494.257578
2513.811099
2533.555172
2536.168804
2539.062358
2539.062358
2512.372420
2495.570992
2457.016473
2428.556825
2385.785729
2326.992568
2255.028324
2181.817034
2078.895961
1978.067415
1863.073643
1733.002772
1601.812009
1468.489850
1327.826359
1174.773273
1031.949402
866.555762
725.540910
610.060449
488.626155
384.116936
288.727655
214.209210
146.163097
88.460932
47.277874
16.982537
-1.378992
-8.198076
-3.668065
10.540232
39.769784
75.994214
112.436312
163.242682
232.374979
290.363606
363.587262
467.987432
555.130317
649.174498
774.855028
914.636169
1065.794654
1200.138118
1318.089515
1455.450920
1583.262678
1720.786934
1849.039661
1950.922991
2080.276172
2220.791197
2301.119004
2395.124728
2446.395996
2470.996087
2488.298607
2503.022397
2517.937575
2532.690967
2527.635695
2520.052787
2524.289391
2489.615268
2432.824792
2410.275436
2342.392064
2284.799047
2206.259035
2147.485180
2036.099451
1909.395298
1794.751726
1659.298282
1537.888367
1403.215412
1259.987575
1109.637080
948.512336
814.563995
689.796564
561.367246
443.645374
329.655245
242.772483
164.364744
101.349324
51.972390
12.980134
-10.668408
-20.882601
-20.196752
-7.262305
15.201836
47.798973
90.380980
136.421445
194.390094
252.233199
331.157406
412.010679
506.173099
600.744337
695.232847
823.547772
979.046091
1106.590667
1238.888226
1373.605494
1506.896681
1619.363385
1754.441944
1857.450870
2004.483221
2130.741325
2239.958449
2309.447164
2396.347159
2437.543185
2471.206521
2494.257578
2513.811099
2533.555172
2538.556904
2536.662487
2536.573101
2502.735316
2485.736918
2466.575945
2409.386803
2383.430567
2312.974842
2245.833885
2168.321958
2078.669116
1963.080576
1852.415326
1721.003697
1582.787936
1468.221549
1311.068276
1163.395448
1023.155017
879.989723
745.322517
631.462926
502.868576
398.435421
296.394978
215.839210
150.729540
90.811387
47.708276
17.368505
-0.834779
-7.981753
-4.029475
13.612090
36.599869
74.045644
112.520451
163.476672
229.102091
287.183943
366.541381
458.989117
565.438458
686.156039
826.488134
976.759064
1138.658392
1255.674761
1370.357315
1492.722520
1610.143215
1761.132898
1859.955794
1959.862596
2101.086819
2216.050794
2322.837866
2402.454476
2439.049198
2470.878603
2500.561281
2515.211232
2517.790315
2520.190139
2532.405808
2514.997516
2499.735655
2487.085171
2445.352212
2400.538832
2346.903802
2279.576590
2218.023632
2134.093370
2037.372420
1911.679264
1783.590334
1661.461644
1520.794916
1391.136082
1250.671971
1106.757885
946.784627
803.624351
678.893600
558.391511
436.000786
326.645292
239.563144
160.786291
96.897733
48.539509
10.851623
-10.734160
-20.317195
-20.318108
-6.153807
19.352894
53.227772
94.348376
144.960075
201.909812
254.426201
333.679656
415.248484
504.481686
601.482780
710.453242
832.740013
990.706184
1117.107273
1231.369159
1385.788285
1512.724605
1626.292586
1754.164627
1896.948048
2012.167945
2118.676810
2244.790791
2335.985533
2403.193870
2437.007129
2479.604941
2503.544156
2516.307415
2528.673419
2528.788374
2531.392588
2517.238022
2502.735316
2495.570992
2464.201953
2409.283623
2364.495793
2317.642513
2255.028324
2159.275389
2072.253963
1967.381253
1838.235857
1726.680678
1582.679669
1450.317443
1311.869692
1158.666525
1019.870408
867.348316
744.296761
619.701519
505.315627
381.490906
291.599904
216.695715
148.301328
88.809145
44.971352
17.321584
-1.073658
-7.181682
-1.504828
13.803810
43.466951
77.963426
115.626901
167.914799
231.883552
296.152510
376.152120
476.422460
570.011238
662.095885
792.118317
933.164372
1090.515117
1207.179816
1338.774367
1459.374182
1601.833525
1723.014479
1842.874698
1964.332260
2089.412452
2216.178962
2332.387469
2407.328090
2441.519983
2468.466472
2480.821777
2498.060720
2510.354909
2517.667426
2522.506520
2510.099287
2492.528974
2453.050622
2437.481748
2409.190775
2414.201052
2351.723347
2273.010208
2198.929825
2092.727410
1964.656814
1824.142318
1678.814413
1547.232152
1387.424479
1252.488975
1094.988404
934.518069
795.516986
673.267524
551.055173
432.105465
311.772541
230.902996
157.247163
95.206940
44.786664
9.301391
-13.716372
-20.761736
-19.548384
-6.329630
21.731804
54.258452
95.890016
147.459387
204.907683
264.710586
341.695960
413.639262
524.054692
616.371323
711.575601
852.249361
999.214218
1138.211288
1242.509747
1395.027567
1537.887225
1642.335909
1763.935679
1891.123551
2019.362183
2139.477352
2248.435713
2333.306024
2398.817287
2433.086926
2464.698247
2508.402701
2504.089615
2521.050685
2536.168804
2533.555172
2526.616380
2504.954363
2485.814547
2456.798031
2414.101849
2376.288071
2312.942233
2238.942816
2163.806918
2052.384715
1939.536534
1850.453127
1709.216924
1576.948454
1446.623512
1295.095095
1150.182152
1007.122827
850.059899
732.302203
613.564621
493.199068
378.827130
280.934446
212.098077
139.423509
85.208776
43.044492
14.860039
-1.580951
-8.401213
-2.548700
16.624057
45.803884
81.393843
126.093482
175.511394
242.668047
308.522380
383.729852
488.359000
569.838758
675.480213
802.592609
951.665499
1098.304511
1226.719735
1355.106842
1476.802592
1605.707367
1750.056220
1855.761981
1968.658984
2105.637748
2225.640372
2342.006167
2395.169875
2448.840188
2463.568243
2487.945431
2510.406356
2519.976423
2537.402249
2537.623349
2517.362882
2512.002833
2477.304026
2445.020352
2388.463877
2339.770845
2265.542613
2205.698271
2120.352240
2019.474172
1897.237490
1762.389277
1631.601752
1513.419160
1370.626802
1230.177867
1081.816093
924.038126
787.880008
673.670999
540.666527
421.682115
310.862094
230.161893
149.861280
92.431082
48.060227
8.711072
-13.848624
-26.586486
-26.344937
-8.353236
15.858061
49.397930
94.158990
147.459387
202.639806
267.976461
344.304978
422.135323
526.310944
614.609159
726.207641
861.573355
1005.614209
1134.569161
1269.951981
1388.762372
1528.511196
1654.490271
1765.834427
1914.862563
2030.669466
2131.593815
2253.533897
2348.057440
2391.211339
2449.624528
2483.699244
2498.972616
2523.551707
2538.321977
2531.054461
2531.392588
2514.675848
2505.273962
2488.195589
2454.705992
2421.329337
2362.152394
2310.647904
2241.236482
2150.307090
2063.332029
1937.374284
1835.988584
1698.567380
1569.024090
1446.256136
1294.953673
1140.780966
999.707127
857.064124
725.634345
604.149409
482.423141
374.206185
275.259005
207.162041
139.033190
81.119401
41.470289
12.878449
-2.009483
-7.302827
-0.013662
17.583739
45.336497
83.500600
122.475664
180.972998
237.819587
310.870666
387.234234
485.154729
578.603382
676.856148
801.667497
964.510855
1105.570599
1233.936399
1356.593146
1482.588936
1613.671837
1743.883419
1860.039436
1988.698585
2112.346655
2239.654473
2339.534724
2400.027762
2456.221204
2480.711435
2492.956399
2502.816306
2512.754734
2532.558232
2527.566714
2536.827137
2497.485722
2481.907073
2432.824792
2383.615119
2322.918747
2279.901300
2205.501597
2124.534161
2015.012114
1888.839606
1766.293092
1633.477355
1495.595112
1362.196643
1223.877019
1070.119962
915.315593
777.833138
658.392217
540.802171
414.254225
304.118135
220.814608
151.535112
89.147950
42.207616
5.019760
-12.954098
-21.071534
-18.677269
-2.141360
22.118147
56.359537
102.543228
151.228782
209.144939
271.658557
347.994208
434.298671
527.247441
623.008291
723.570081
864.081577
1015.457463
1142.977948
1266.808534
1406.278248
1536.129639
1661.456285
1788.526796
1905.422608
2041.995283
2138.722490
2236.554677
2293.703281
2356.593844
2407.137584
2434.703718
2471.375589
2488.696271
2488.696271
2531.054461
2523.911318
2509.625025
2492.873011
2468.874661
2452.332000
2404.627084
2366.895629
2308.320966
2229.757788
2136.832829
2043.568713
1937.190420
1813.079704
1690.794227
1555.980656
1418.891407
1277.397258
1136.714652
981.355358
843.274541
716.590158
599.393804
475.293738
360.540649
269.967568
200.698541
135.539064
79.629883
41.357120
12.370266
-2.216363
-7.064592
-0.014450
18.673282
49.195257
88.611941
131.124154
184.046685
246.076307
314.207854
392.673706
492.000994
579.880860
690.904471
811.265903
970.518596
1115.341415
1238.986617
1366.221966
1496.271274
1633.770422
1754.575529
1879.466217
1984.137622
2125.927620
2249.108263
2351.594851
2419.511104
2451.306291
2475.771605
2500.364730
2505.385543
2527.635695
2527.566714
2534.943289
2514.830323
2509.352372
2469.735887
2434.563180
2383.477522
2306.278374
2267.824351
2189.690220
2114.974952
2003.990602
1877.678245
1746.262988
1630.211720
1497.367336
1347.537714
1219.707826
1069.810527
906.438331
777.464436
646.374091
527.339664
403.024441
296.548167
212.240313
139.466278
79.665713
37.207142
2.952786
-15.211674
-24.380634
-17.109993
0.023481
24.149026
59.774175
105.198068
162.310665
219.069609
274.162323
354.601693
439.783742
534.995365
632.431946
744.368416
873.333467
1019.810800
1153.655289
1281.970044
1408.965591
1549.356986
1656.318438
1791.286269
1910.881556
2034.546971
2152.224978
2262.524010
2350.304387
2412.722426
2449.953872
2478.702217
2501.330140
2533.435511
2533.435511
2528.788374
2541.368131
2514.487966
2505.201046
2490.794784
2459.317550
2414.235601
2366.839200
2312.974842
2238.938128
2136.844620
2036.886668
1924.636457
1811.129270
1684.761587
1533.465255
1388.854585
1233.824950
1085.176284
953.583630
805.564885
697.020226
588.390113
455.850712
351.205233
261.782109
190.167175
128.856574
75.481484
38.350007
10.725101
-4.299814
-6.831428
1.983329
21.894638
50.676747
91.853632
132.755771
184.836802
251.069559
320.333543
406.628493
503.881649
589.656763
697.367433
835.993904
981.296170
1126.734326
1253.005821
1380.811983
1501.875287
1643.957771
1775.422128
1881.580353
1997.344695
2139.853478
2249.108263
2366.111714
2417.054669
2451.284076
2480.711435
2490.684145
2510.354909
2520.251736
2515.144713
2512.622000
2522.255884
2492.440304
2474.434686
2434.703238
2373.652255
2322.439208
2271.477456
2187.819338
2101.905345
2003.055682
1871.601247
1734.949214
1617.169342
1482.899984
1346.607748
1204.600659
1046.325731
897.935156
756.834666
640.203835
519.975978
395.343003
292.733689
212.173745
135.385678
78.203957
32.996764
0.984262
-16.580565
-23.749595
-16.697641
0.932414
26.457774
65.675089
109.205024
160.602642
219.613207
283.945249
364.828871
440.219340
539.378373
629.589945
742.910356
885.221663
1038.009431
1157.692401
1280.718244
1429.954286
1551.947907
1670.949988
1797.046030
1908.891053
2050.296076
2154.086104
2272.017266
2352.765411
2410.240227
2459.571838
2498.833824
2493.540692
2528.553439
2538.321977
2541.057925
2533.435511
2526.715177
2497.959100
2478.671397
2452.209698
2392.673104
2364.593904
2296.679584
2220.619412
2136.816063
2032.671076
1916.025109
1800.706511
1671.191145
1532.885773
1416.742964
1251.575630
1118.687628
969.396117
824.927360
713.987902
582.395120
464.256902
352.606986
262.365267
193.458844
127.032970
75.255376
36.712016
10.769933
-3.472419
-8.042659
1.914939
22.005629
50.686307
90.281006
132.283331
184.836802
248.121262
320.528039
403.716975
519.882957
627.835999
739.746859
886.108234
1045.139521
1172.593752
1292.740591
1418.927682
1541.246061
1670.579043
1786.008213
1894.590703
2019.857967
2137.673357
2256.280490
2351.619703
2421.935967
2446.346947
2475.850190
2495.513330
2520.308105
2522.580423
2532.322364
2527.330846
2517.180922
2504.267564
2459.389535
2424.917408
2370.856517
2313.044490
2246.345249
2175.771874
2094.780241
1986.013818
1867.053005
1720.892974
1600.654793
1479.070235
1336.290103
1196.133995
1040.615588
888.060670
753.674604
629.901704
512.211156
388.845693
284.454349
203.217923
133.296318
76.168590
30.513698
-0.461002
-16.940273
-22.338006
-16.214708
1.400814
31.650304
63.064343
111.676011
165.440622
218.790049
286.919475
363.267127
