176.262271
156.220035
120.860705
78.602652
43.749067
28.817378
28.507513
20.910852
6.691693
-11.704201
-2.485424
-8.909417
-8.636182
-6.294401
-17.612820
-7.611550
-1.948106
-8.417322
-9.308556
-8.540093
-10.389719
-7.090162
-1.169923
-3.776500
-3.239788
0.577952
-2.692573
-3.367038
-0.602098
-0.663571
-0.136618
0.087430
0.831825
0.999728
1.353962
1.716069
1.422103
4.681157
-0.772008
2.031576
2.272158
-1.039756
2.699858
0.160145
4.636534
-3.020804
1.912176
-3.401378
11.509776
0.229914
2.295739
2.388810
0.256409
2.532646
-4.424169
-14.058124
-9.465421
-19.454172
5.250020
5.244674
17.741620
57.629320
100.212773
112.588942
114.851601
102.710922
72.734372
34.942781
22.497236
12.458186
-2.128600
0.274660
-11.310884
4.822320
-4.186311
0.251698
0.243750
2.247794
-3.629722
-7.121136
-3.253905
-1.421298
-8.797473
2.903015
-2.340528
-3.233699
-0.883570
1.807034
-0.629209
0.645853
-2.146231
-1.265326
-0.553516
0.007065
-0.074113
-0.946039
-0.336154
0.790240
-3.204347
-1.319599
-0.804653
-0.095870
-0.106644
-5.178957
2.089447
-4.976783
-1.455786
-0.162177
-1.678124
-1.802528
-1.926931
-3.833360
-3.993919
-10.091083
-10.527717
-10.867320
4.125318
-7.055344
-11.886132
-9.768156
-12.359151
-7.609429
-7.646368
2.179883
21.984824
66.594766
103.553855
106.737671
106.534362
91.366333
74.097136
34.095470
14.379096
-7.565102
-14.644301
-7.350856
-9.553471
-7.114446
-13.643849
-11.085637
-12.860887
-4.279916
-19.616805
-11.294961
-14.237762
-14.933078
-7.786629
-8.612589
-6.561630
-10.675746
-6.452192
-6.494916
-3.990344
8.337442
14.147405
10.798734
7.255295
4.588347
0.754139
-1.456441
-2.431236
-5.629090
-3.464714
0.617650
-0.593509
2.393050
0.100679
3.982361
-3.080754
2.491354
-3.714384
0.160145
1.649886
3.389524
0.199004
11.046295
-3.539336
14.002757
0.239040
2.380349
4.661933
4.800935
2.622896
-2.104056
-2.150912
7.706565
-19.553732
5.282098
20.254908
52.430088
92.812385
100.415428
107.489101
105.102382
77.730360
47.464100
20.008897
10.023487
0.280548
4.998747
-2.057200
-2.023732
4.726088
-4.081653
-1.858620
0.235507
-3.634479
0.215195
0.201947
-1.432454
-1.334280
1.534253
-1.106694
0.131001
-3.894065
1.833765
-1.374823
0.068886
-1.804806
0.366641
-0.174036
0.387703
0.102686
-0.702605
0.854404
0.776846
1.469575
3.598261
-1.520298
0.720345
3.516517
-1.122279
-3.413161
-3.753000
-1.442552
2.611809
-1.659596
-0.185661
1.507700
-0.209421
-0.217986
-4.149461
-8.372705
3.977985
-4.621105
-7.011017
-9.524196
4.433378
-7.520775
-7.602041
-7.668531
-2.747465
9.601379
54.157107
94.113020
109.122779
101.662801
101.468973
86.329390
58.823540
24.201711
2.140096
-0.280149
-4.992399
-9.572988
-13.991833
-11.473756
-11.146281
-4.470580
-8.382463
-6.087543
-5.806807
-9.048015
-1.836937
-4.794679
-5.835522
-1.453139
-7.235155
-2.257869
-5.727227
-3.317855
-3.444552
-1.164057
-3.070324
0.265941
-1.282113
-0.184695
-0.051318
1.020951
1.299726
0.049457
2.173142
2.651441
0.085960
3.462470
0.110100
3.251084
3.597446
5.219700
4.211453
4.557815
8.077143
6.956134
14.514651
-12.865800
-36.821448
-56.765489
-58.807920
-60.991208
-65.075206
-50.685952
-44.834406
-36.089042
-36.389784
-36.840897
-22.056638
-4.676299
40.137550
92.718635
107.598006
107.489101
104.996003
69.881136
49.896283
19.947395
17.364138
2.687764
-2.086206
2.603154
4.822320
2.495982
-1.921095
-1.858620
-5.841051
-1.709127
2.061653
-5.039909
-1.436917
0.176042
-5.384991
1.404519
-6.642686
-1.898111
0.101563
-2.824913
-1.117935
0.513298
-0.292292
0.225625
-0.071400
-0.162531
-0.692846
-0.033983
-1.270701
-2.107814
-1.304546
1.343854
-2.548789
1.718883
-5.154700
3.171548
-0.139798
2.442153
-1.548427
1.308767
-0.186490
-1.900462
7.005417
-5.851133
-4.154479
1.807146
-8.733766
-11.170538
-0.261914
2.045865
-9.748639
-7.520775
-10.060908
-7.638980
-0.286780
17.002371
49.348997
79.434026
109.018753
109.226804
86.660154
76.576786
36.762795
11.923428
4.576246
-12.274250
-9.748639
-11.922518
-2.559536
-9.221686
-6.804159
-8.733766
-14.524993
-13.968286
-7.679859
-5.526070
-8.526480
-4.816842
-7.277223
-2.764635
-7.235155
-2.257869
-3.854567
-3.308097
-0.746421
-2.263948
0.385301
0.263847
-0.209104
-0.184695
0.122964
0.208704
0.352540
2.158213
-0.470791
1.999456
1.598530
3.545653
1.063260
3.314059
4.762196
2.689165
1.511691
4.549943
-6.120646
-1.494929
3.769108
7.683980
-3.677293
8.370236
2.354966
-8.513975
4.758165
7.257868
-4.505041
7.556999
2.744170
-2.186612
0.289674
12.768348
45.301730
80.066268
120.197036
114.851601
107.380196
84.965981
57.337378
17.579842
19.762886
5.094979
7.368074
4.923899
11.721551
6.974480
-8.455123
-52.480715
-68.638068
-63.871365
-55.326988
-48.736623
-39.030419
-37.584992
-27.471495
-15.037646
-11.108849
-8.004685
-8.637442
0.084783
-4.759004
-0.875320
1.070575
-0.626347
0.009126
-0.125593
-0.356242
-0.314979
-0.452617
-2.117572
-0.071280
2.064240
-5.045759
3.534928
-0.117143
-4.527896
1.055390
-2.739548
-0.161901
-7.616827
-1.784000
-5.319212
3.384190
-0.218538
-6.117094
1.805052
-2.363667
-0.254179
-9.250961
2.043771
-7.358244
2.127532
-12.516824
-10.129216
-5.213168
12.085494
34.457487
81.925529
96.966104
116.805031
89.229607
84.015430
46.508871
11.981309
7.033454
-9.914532
-12.152963
-9.602263
-11.728459
-9.250961
-15.587798
-10.843063
-18.693361
-10.078954
-15.295974
-10.903480
-0.195331
-6.430784
-8.830079
-5.435427
-4.927991
-4.440071
-7.753808
-4.172275
-0.080674
-2.898761
-0.958340
-1.625247
-0.620575
-0.400247
0.231740
1.150419
1.550812
2.080672
1.605862
2.578657
4.464866
-1.555595
1.978114
1.156331
2.411160
3.888706
2.838860
4.518456
3.320023
3.549912
3.753070
2.075754
4.111269
-1.784990
6.549399
-6.278037
0.261707
-4.390869
0.276427
0.281726
5.185865
-4.642999
0.289085
7.753796
42.584888
85.224498
100.314100
119.710901
102.607069
84.707463
52.430088
10.158659
12.535727
2.690584
2.645459
-13.716330
0.266123
-4.219611
-1.918864
-3.986510
-9.929402
-1.722515
5.777956
-5.047192
3.475064
-1.349898
2.961824
-1.126775
-2.159756
-4.001961
-0.787627
0.840455
0.685337
1.005096
0.041803
-0.409117
0.322747
-0.126859
-0.306067
-0.571993
5.364442
12.884853
20.160490
19.564905
23.142170
18.811528
21.631718
19.373376
17.534654
13.931552
13.541713
5.707436
-3.336628
3.192211
-3.783185
-3.933709
-6.057992
-6.301789
-2.347786
-11.134152
-0.261086
-2.572771
-7.336080
6.965102
4.603034
-0.285951
-12.613854
12.108646
49.254730
89.229607
104.149563
116.582757
92.065788
84.015430
44.045815
19.360413
2.146378
-5.107801
-14.557306
-7.269590
-14.078828
-13.803342
-9.007001
-10.927964
-16.719751
-4.184584
-9.654450
-10.961477
-10.236512
-14.284753
-11.775014
-13.357654
-9.774032
-6.669682
-1.071988
-4.208661
-1.460089
-3.523332
-0.508202
-0.697431
-0.431504
-0.084700
0.169943
0.827099
-0.537560
0.047396
2.079562
0.072124
0.820713
0.925064
1.967421
1.161971
1.269143
5.126120
0.157201
1.618863
3.309331
-1.483773
7.288864
9.498721
-7.513485
0.235213
8.661374
2.428294
4.752819
4.907860
2.651099
9.940305
-2.170994
0.289085
-9.651787
17.723644
62.615205
92.624886
120.197036
124.813268
115.084566
92.249886
59.756932
27.488763
14.954984
0.281431
-2.095131
4.923899
-2.023732
-6.474681
0.254642
2.369068
-1.800608
2.188567
5.809443
0.205480
0.192822
1.717574
-4.085822
0.149547
2.464623
-0.912576
0.104801
0.089493
0.072418
-0.430629
-0.325761
-0.200811
0.012659
0.031252
-0.158813
-0.291157
0.332950
-1.514498
-0.067413
-4.190300
-0.092002
-1.871522
-3.028996
-5.506432
-2.468603
-5.210984
-0.158309
-4.521330
6.075657
-0.196159
-1.987810
-7.640825
-7.992127
-12.382409
-14.946741
-0.252245
-11.400983
-4.866962
-21.459546
-7.469060
-7.609429
-17.477228
-5.218186
4.652145
46.643160
148.767168
191.911234
206.691607
178.749033
158.552991
115.804797
73.317912
50.939637
35.951332
18.818471
-2.617768
-0.268821
-4.781664
1.949540
-15.199790
-12.628898
-12.150420
-7.806718
-11.004975
-5.282273
-3.331611
-7.519798
-5.513495
-8.688004
-0.129576
-2.097309
-5.161754
-1.505246
-3.624827
0.888461
-1.395451
-1.188613
-0.302900
0.047231
-0.690741
0.031205
-0.718333
1.535015
1.873506
2.188381
3.337697
2.826003
3.156621
2.368390
0.142188
5.386065
0.165444
4.809715
5.148206
8.981783
-1.633265
0.224615
2.247794
6.510040
0.252876
0.259058
7.179149
-6.802421
2.676482
-4.614456
-2.179918
0.289085
7.745924
49.997905
102.710922
114.968083
129.794411
107.271291
94.446578
47.319246
27.348371
0.283786
5.105672
-6.846120
2.614435
-6.605777
0.262591
6.793427
-8.249139
-7.925451
-1.729209
2.081395
-6.875917
-3.125462
4.817587
-2.664016
-5.022068
-2.183542
1.161971
-6.293810
-1.441423
1.341910
1.063904
0.414587
-0.216430
0.124094
-0.058550
-0.015472
-0.790494
-0.043652
-1.470171
-0.068241
1.276884
0.695217
3.433667
-2.052152
4.160905
-3.656958
-3.959858
6.586826
-7.483411
-1.741649
-5.223171
-0.206658
-3.918657
-11.845935
-14.373164
-0.244785
-8.899658
-0.259980
-0.267993
-16.701212
-5.087731
-5.168011
4.629821
-15.093780
4.665538
46.866976
84.417033
109.642906
116.916168
111.503145
83.935109
54.260856
19.323038
2.154754
-7.528163
4.478024
-12.007419
-14.093328
-13.832340
-15.689017
-13.063877
-12.701394
-18.153091
-9.739351
-12.871742
-8.708411
-12.910187
-14.892465
-6.864847
4.750059
22.105711
24.656205
23.069191
18.775072
10.165638
11.436338
5.647739
3.457537
1.295796
-0.120061
-0.539480
-1.575223
-1.899538
0.057994
1.267062
0.795330
0.910963
2.841747
1.130948
-0.990669
3.841474
4.116990
4.431865
4.793971
1.841668
3.710300
5.738596
0.224026
4.244925
-1.845233
0.252582
2.493162
2.566490
7.352330
-2.117444
0.284669
5.217943
2.766732
10.241841
42.584888
97.714624
117.222855
124.939854
124.560097
84.965981
64.910405
29.869840
14.954984
5.111018
12.160947
0.271716
0.267890
-6.474681
-15.073850
-8.239331
-8.013730
0.229620
-1.666734
0.206952
0.194588
0.181341
-1.262880
1.455284
-2.221599
-5.155888
-0.816633
-3.823745
-1.203564
-1.485754
-0.708819
0.029144
0.135375
0.004188
-0.265927
-0.029286
0.320386
-1.008515
0.510943
-2.771385
-2.445360
-0.979347
2.788775
-3.317120
-1.291679
-1.402848
-1.508724
-5.952622
-0.180964
-1.860759
-5.503907
1.635435
-2.146623
-0.234563
-8.626423
-6.730281
-4.716437
-11.764845
-4.972329
-17.055480
-7.594653
-7.638980
-5.223203
12.085494
36.798076
84.336712
106.737671
126.770426
114.204761
91.716061
54.260856
31.670065
11.900276
-5.117836
-9.807189
-9.641297
-9.504679
-11.595043
-17.912644
-17.470119
-4.395318
-0.232629
-2.133388
-11.091971
-5.341376
-11.387190
-12.005897
-4.225819
-2.594040
-6.858173
-6.075210
-3.542298
-4.480286
-3.080691
-1.028585
-1.493035
-1.261385
0.098419
0.023616
0.865164
0.818675
0.043863
2.935379
-0.531034
2.211997
0.095086
3.774404
3.156621
1.246581
9.881443
6.758954
8.636194
4.762484
3.491103
12.456882
-8.979633
-47.766879
-51.713031
-66.197104
-60.146064
-48.585553
-50.243763
-42.143836
-42.821389
-41.407927
-24.339614
-9.622361
7.761668
37.685470
75.460418
117.222855
122.323006
120.075502
95.120509
67.190449
27.432606
2.727248
0.281726
9.773940
4.945284
-8.916133
-1.985801
-8.543401
-4.029324
0.240512
-1.751521
2.115239
-5.163722
-1.486004
-7.622821
0.168093
-2.473729
-1.053144
2.256119
-4.600829
-0.698377
-0.580122
-2.020598
-0.350304
-0.504260
0.417209
0.000000
0.423455
-0.027352
0.651836
-1.448008
1.049188
-1.414931
-0.089791
-0.966113
0.841799
-3.258017
1.019791
-1.394908
-0.156099
-5.884314
-3.251331
-5.164068
-7.230972
1.627059
-4.049111
-4.244793
6.001334
4.062813
-6.914976
-7.136610
-2.609827
-7.461673
-7.579877
4.611963
-7.690694
-0.287885
46.687924
86.742845
121.671850
126.287951
118.956011
91.453765
61.522541
21.879532
4.607498
-7.565102
-9.836465
-9.699847
-14.165824
-7.077507
-9.124102
-11.024994
-12.759391
1.765265
-7.884785
-11.178967
-3.637678
-9.888528
-7.653213
-7.046778
-1.400201
-2.413411
-1.140807
-4.511879
-3.103170
-1.942990
-0.566433
-1.989108
-0.293804
-0.556229
-0.023822
0.633424
0.026495
1.434898
0.962326
1.208253
1.422103
4.032110
3.597642
2.085039
6.627777
2.539470
-1.142393
4.353146
1.678090
6.696189
-4.967078
11.092643
-1.680121
6.195165
6.447065
-1.898783
9.087685
-2.017038
-6.758722
2.670842
-16.725540
0.285258
0.287908
0.288791
54.912773
82.391763
117.460871
127.303840
126.916505
112.019160
69.881136
34.800158
12.484033
-36.013856
-68.504057
-67.628606
-66.169520
-58.316085
-54.554804
-44.571833
-36.678236
-33.220160
-31.855532
-15.818850
-18.335591
-4.500959
-7.018422
-10.394143
-4.610102
0.123641
-0.830020
-1.503266
1.384680
-0.975220
-0.732604
-0.750160
0.401466
-0.061673
-0.354614
-1.449931
-1.444243
-0.054151
-2.342015
1.259026
-0.868178
3.406050
-0.112170
-1.185804
-4.771856
-5.142675
-0.157480
-4.491779
-3.276419
-5.178844
-7.221214
-2.053982
-2.149270
-6.257462
-0.242851
-6.715505
-9.163135
-4.836857
-2.615121
-5.072679
-10.051149
-12.601725
9.582968
9.628996
39.458873
81.847579
112.141522
127.132282
117.027305
101.856629
59.219849
31.792226
2.158942
4.562852
-9.855981
-14.412313
-14.267320
-20.768000
-0.259428
-13.281367
-12.802889
-8.304396
-4.084234
-11.222465
-8.902470
-11.539019
-0.175162
-12.642331
-6.403957
-1.275798
-4.215628
-5.408242
-3.112929
-3.189850
-2.595543
-0.434089
-0.842209
0.125642
-0.066490
0.447106
0.502548
1.117806
0.989057
1.208253
3.489326
0.888400
5.453625
4.086339
3.416393
4.970152
0.151608
-1.233874
3.186367
-3.054104
7.080908
3.859995
4.004344
10.183662
0.240512
4.533623
2.470599
2.543927
2.625717
-2.119675
7.564871
7.667205
-7.137444
12.690808
40.096843
75.156142
110.093319
132.150511
122.074886
94.831681
67.327433
42.195788
19.824389
9.971498
2.662381
7.320843
2.572131
4.774204
-1.945639
-6.161508
0.241101
-1.753752
-3.577393
3.811878
-3.192062
1.757058
-4.209635
1.480667
3.747012
-0.954969
2.026230
0.095675
0.750205
0.603548
1.290987
0.881650
0.018252
0.047231
-0.105875
-0.897773
-0.712483
0.402053
11.583941
18.309049
19.572706
24.785401
23.653441
21.781769
20.433188
23.321580
19.792637
16.901688
21.161570
6.388646
8.508466
5.290470
-5.939787
1.758983
-8.558114
-6.700730
-0.258046
-13.977333
-0.272137
-7.424734
-19.721225
-7.661143
-7.698082
4.670003
29.465276
74.451329
119.410042
114.313527
111.928729
101.565887
71.549018
24.412568
11.958157
2.146378
-7.483836
-12.080191
2.052147
-13.948335
-11.376726
-11.109894
-12.831888
-10.333657
-9.872766
-18.633567
-10.642492
-9.961025
-12.275260
-8.525593
-5.201226
-7.061163
-6.307199
-2.799974
-0.854943
-1.987317
-3.694511
-2.421385
-0.296451
-0.161460
-0.109158
0.118453
0.259469
0.727090
2.326217
1.763300
0.078601
-0.687221
3.587244
-0.867951
3.369162
6.086935
-2.440429
1.542714
1.669629
3.416256
5.352874
3.833263
9.666725
6.163677
-1.816227
4.517584
0.256703
4.811628
4.955977
5.062902
5.153788
2.738529
-4.652514
10.221046
32.666454
84.965981
107.598006
132.418836
119.589367
109.536166
82.224470
47.077821
7.635718
2.704685
-11.619251
-2.066125
0.268478
7.045327
-10.780494
-1.898783
0.241984
-1.762677
-3.596422
-3.401378
-1.503854
-1.407910
-2.763917
5.531634
-2.288199
1.218378
0.112749
-1.565109
0.079484
-1.046578
0.048279
-1.177047
-0.138337
-0.029006
0.069103
0.184274
-1.649504
0.825957
-2.215156
1.845513
-0.841709
-4.329948
-1.042872
-3.213691
-2.373271
3.547486
-4.129777
-4.395738
1.338084
-1.826350
-5.415254
-5.673826
-11.657444
-0.230971
-4.370231
-8.811833
-9.094826
-13.933835
-9.582746
-14.600804
-19.701985
14.462776
59.050003
76.430368
114.095994
156.816294
179.430631
177.270444
174.272793
144.347543
101.662801
49.019061
21.732124
7.006114
-5.077696
-2.638943
-7.232651
-7.099671
-9.182652
-6.759832
-8.675215
-18.542085
-15.738500
-11.309461
-10.671491
-10.004523
-10.847353
-8.540093
-7.829627
-3.583080
-5.336631
-3.708191
-4.726775
-3.972810
-3.189848
-2.049751
-0.307038
-0.336172
-0.136618
0.187119
0.873416
0.039742
1.861208
0.065059
1.406065
0.882760
2.731540
5.014291
-2.036069
2.518085
5.292485
-8.084164
-2.801974
3.410909
1.909356
2.022168
0.220199
6.147934
2.287278
6.675349
6.872146
2.541107
4.945284
-2.110750
5.137749
-9.534082
0.288496
2.772373
30.114674
77.494576
102.607069
129.531136
129.794411
104.570487
84.707463
39.974720
17.436039
9.992294
-6.889818
-2.077282
0.269361
-8.808237
-1.961257
-4.057867
-12.289713
-5.782786
-5.520594
-3.434678
-3.215848
0.185756
-2.782945
2.865592
1.367854
1.232479
5.014291
-2.417991
0.778408
0.065648
-0.377079
0.952497
0.191782
-0.138379
-0.082053
0.173804
-0.036469
-0.481733
-0.062440
0.557011
-2.297604
-0.936997
1.750135
-1.143454
-1.244035
-2.568953
1.155903
-0.162729
-1.678124
-0.188700
1.528640
8.890478
-4.019007
-0.231247
3.884228
-8.792316
1.943257
-11.595043
-0.271032
-16.903651
-0.282359
-7.616816
-10.129216
-5.233238
31.975466
81.691679
118.956011
129.261929
129.261929
104.248848
81.535779
44.088207
9.527735
2.146378
-5.097766
-21.589211
-14.238321
-13.977333
-11.425241
-13.324864
-8.684974
-16.469628
-6.050604
-15.045852
-16.035230
-13.371953
-15.492000
-7.192323
7.531243
29.080166
29.347357
22.827635
18.739742
12.220329
7.973505
4.540654
4.593495
1.558311
0.342658
0.009126
0.228446
1.023344
0.940941
1.716069
2.054559
0.863017
2.707925
2.069000
5.518304
8.358514
5.302882
7.017422
10.515550
0.186640
5.313515
7.424035
9.576261
2.199848
-10.003410
2.363427
-4.129225
11.579393
2.608795
2.662381
-2.144219
0.286436
-2.188843
5.250020
25.143944
72.734372
100.111446
124.686683
122.198946
112.019160
77.415981
40.015428
24.760652
5.137749
2.679303
12.031713
-11.335554
-6.576645
-8.621871
-1.901014
4.421351
-1.778296
-1.697971
0.212840
-4.974361
0.187523
1.666808
-6.623713
-3.568722
-2.088398
2.074346
0.098913
-0.622515
-1.084635
0.050928
0.036504
-0.342516
0.056406
0.116080
-0.391364
1.196720
-1.329803
1.496916
-0.071833
-0.084266
-3.395922
-0.106644
-6.176705
-1.238742
-1.347264
-4.070675
-1.559014
-1.664890
1.419751
-7.074838
7.033033
-7.777443
5.686914
-2.286907
-2.368961
-11.219053
-0.263019
-0.270755
-5.002434
-5.107801
-7.624204
-0.287332
-5.213168
29.380767
69.336436
91.716061
119.410042
121.787728
94.472230
86.412081
31.853306
21.753183
-0.282635
-5.082714
-5.002434
-14.267320
-7.143997
-18.182007
-8.977726
-10.782419
-4.305003
1.719197
-5.784643
-9.011628
-10.120517
-1.709887
-4.432677
-7.931122
-1.315501
-5.457918
-4.778710
-3.278822
-1.394861
-1.684417
-2.207424
-1.491831
-0.386346
-0.371138
0.181053
0.217165
1.007600
1.314603
1.144098
2.007328
1.593183
6.057676
1.988806
5.401994
0.135711
-21.364955
-40.457388
-39.247767
-40.729732
-35.182737
-39.078482
-31.557020
-29.171976
-20.145711
-20.994477
-4.114953
-8.778811
2.605974
-4.481255
-6.977215
-4.623971
2.749811
-9.632170
30.053466
62.678645
107.271291
117.460871
121.950826
109.536166
77.494576
49.693040
12.600344
17.256286
0.279959
7.352330
-2.048275
0.265534
-10.879171
6.730452
-3.953209
-5.797352
0.225498
-7.121136
3.667530
-3.058861
-4.318882
1.534253
0.144837
-0.999594
1.114026
-1.626953
2.251356
-0.513184
1.850810
-1.640510
-0.745463
0.144349
-0.243960
0.321453
-0.338801
-0.868025
-0.579668
-0.071004
-2.238502
-1.751103
-1.013756
-0.117419
-3.427937
-0.140627
-1.455786
-4.314472
-0.174057
3.018090
3.214534
-5.636887
-2.096332
-0.228761
-6.353503
-8.743524
1.932787
-2.517186
-4.902084
-2.638943
-12.359151
-5.178046
-17.527838
9.573763
26.908536
71.754421
104.447417
131.753432
111.928729
94.292625
91.541197
34.358755
21.795299
-7.602041
-9.914532
-0.275728
-7.262202
-0.267440
-15.992676
-8.977726
-17.219996
-2.292201
-13.968286
-7.699375
-9.096529
-3.527293
-9.497047
-4.477004
-2.784705
-4.927991
-7.726419
-0.110512
-4.987762
-4.161302
-0.065202
-0.500261
-0.982577
-1.400203
-0.229022
-0.234359
0.019724
0.928881
-1.618440
2.584686
0.073596
0.817892
1.774956
3.847189
1.150690
3.558087
-2.350043
8.172714
-4.173220
7.986679
0.196060
3.753070
0.216078
6.037727
-1.782758
-3.957967
6.777684
2.501623
4.907860
-2.099594
12.316028
-2.164300
2.738529
15.155826
25.143944
72.366655
110.093319
119.953969
141.813850
117.103847
94.446578
64.448644
29.625005
22.105780
-18.916544
-53.753337
-71.609633
-72.720177
-64.126801
-60.427778
-50.069934
-44.053112
-40.193772
-34.675120
-22.290720
-17.510901
-13.328223
-6.722390
-6.093323
-3.240982
-2.884110
0.961729
-1.346279
-2.275625
-0.399391
0.366641
0.020607
-0.118929
0.056539
-0.209104
-0.035917
-0.471145
-0.590255
0.552823
1.375106
-0.929056
-2.859077
-1.130219
-3.464876
-2.568953
-2.784705
2.620738
4.306197
-1.797234
-7.074838
-0.211355
-7.777443
-8.128745
-4.345143
-4.495668
-6.811547
-7.047956
-0.271032
-7.395183
-9.963324
7.067631
-7.683306
-10.207284
29.465276
69.204241
104.447417
112.141522
122.019484
106.839326
91.803493
46.643160
26.727941
-0.284569
-5.107801
2.100310
-9.660813
-11.764845
-0.262743
-13.440859
-10.903706
-4.345143
-15.988622
-13.360970
-12.686173
-5.215783
-4.883332
-7.398511
-8.090614
-6.185640
-0.126813
-2.999445
-4.257176
-2.172012
-2.381049
-3.255893
-0.697431
-0.878256
-0.265961
0.145569
0.180500
0.327157
0.442790
2.048368
1.904994
2.973773
-3.187836
-2.658334
1.142229
3.510856
-1.093306
1.486308
1.596300
4.833331
8.529463
5.518184
2.058833
9.886424
-1.778296
0.244044
11.088302
2.501623
0.269656
0.275543
7.501896
5.148442
2.741350
5.228635
27.572998
67.395925
97.319418
129.662774
116.984839
116.746823
94.542854
54.521736
32.070109
9.971498
2.684943
0.274660
7.226380
-6.569361
-6.423699
-1.909939
-1.856389
-3.820009
-1.713590
-5.331233
-3.277691
1.819105
-2.849546
2.940439
2.662434
2.379083
-0.890264
1.849804
0.817892
0.665595
1.440553
1.414102
0.422354
-0.152229
0.800444
4.887861
8.571466
10.961052
12.228955
13.383653
13.563222
14.625415
9.932681
5.871580
4.243754
2.254638
8.925429
3.998611
2.785929
1.400904
-3.617608
-0.209974
-7.718892
-6.102318
-6.368279
-10.843063
-6.804159
-9.280236
-11.861874
-5.002434
-12.383409
-12.516824
-12.601725
-2.760700
17.100273
57.065668
106.940981
122.135362
127.132282
114.748593
81.925529
44.342562
12.016037
-0.284017
-7.520775
-14.557306
-16.684342
-7.158773
-11.546528
-15.638408
-0.248653
-8.509322
-0.230971
-7.767684
-9.132915
-13.660556
-14.284753
-3.070702
-6.816333
-1.344617
-6.698680
-5.901219
-4.257176
-2.172012
-2.935147
-1.912646
-0.697431
-0.025418
-0.380577
0.058809
0.180500
0.604127
0.448431
1.058558
1.928609
1.534375
4.251808
3.784802
2.165232
2.400468
-1.091075
4.140606
0.168093
0.181635
1.864231
-5.076325
0.216078
6.006240
2.253435
-1.849695
6.746196
-1.979107
4.891822
0.275249
-2.130831
0.284964
2.758272
-4.652514
15.140377
62.424886
94.735405
126.916505
136.847863
111.791247
96.924212
69.455031
19.947395
12.419416
2.682123
5.004093
-4.376598
-8.886706
-4.210097
0.254053
-6.074110
2.267536
2.168825
3.918803
-17.349776
-6.405099
-8.946079
-4.042124
-2.411886
-3.291964
-2.956941
0.103623
-1.427151
0.679697
0.055933
0.392024
-0.198580
0.109992
-0.110817
-0.177341
0.236625
-0.046139
-0.058295
-0.672308
0.617738
0.711969
-0.104710
-1.106397
-2.282956
-3.686510
-2.704425
-1.527252
-3.110841
-4.905496
1.495136
-3.788202
-9.533163
-8.050678
3.830653
-12.962382
-2.432486
-9.250961
-11.861874
-19.182499
-0.280978
38.894099
61.227610
66.531038
74.167975
121.787728
151.684532
166.791481
169.606880
149.193028
121.903606
88.974423
43.961030
16.806566
2.135908
-0.278215
-12.019547
4.335156
-7.040568
-11.303954
-17.393158
-16.796712
-4.199636
-9.715093
-16.381003
-12.112596
-9.671039
-7.471283
-6.828461
-3.782551
-3.420549
-3.028996
-5.118256
-2.898244
-2.410324
-3.771083
-0.040061
-0.679677
-0.295512
0.055103
0.623869
1.164555
1.212269
1.047866
1.288447
2.942580
5.005594
0.108039
4.221510
-1.004057
0.144837
1.483488
4.479096
3.271907
1.850129
1.968582
-3.467978
2.146262
0.234330
2.326763
4.571046
0.259058
-6.634909
2.642638
2.682123
10.044283
7.698693
0.289085
20.152404
52.643435
94.831681
127.303840
141.958117
114.385671
97.121815
62.107686
32.268891
17.292237
7.494024
7.360202
-2.050507
0.266123
0.261119
0.254053
-1.867545
0.237568
-3.682051
3.945535
-3.315748
-4.748585
4.817587
-2.644987
-2.402372
1.283245
-0.903651
-0.794320
-2.932809
0.071241
-0.421704
0.743129
0.915007
0.291259
-0.034409
-0.624537
-0.032325
-0.434089
-1.063707
-1.274442
-3.614354
-0.094488
-2.814750
-0.115485
2.062659
-2.508743
1.143339
-5.669629
-0.171294
-0.184556
-3.592520
3.370796
-9.569549
-4.099286
1.782017
-8.645940
-11.109894
-4.741525
-9.504679
-0.274900
-2.689234
-2.726290
-10.148733
-5.238256
9.619791
49.490398
82.081430
114.531060
121.903606
104.645986
84.417033
59.333080
16.969737
-2.728937
-5.122853
-7.446897
-9.690089
-14.151325
-9.358303
-20.184508
-10.976479
-20.959765
1.758983
35.944777
39.684087
37.557227
36.398349
35.271478
23.012764
17.080645
10.002674
5.843687
0.758038
-0.809946
-1.891275
1.877930
-0.041166
-0.506766
-0.354614
0.015744
0.417209
0.298954
0.785899
2.468375
1.842019
0.082428
0.899682
4.587817
4.117532
0.129235
3.778500
5.375667
4.400378
4.762484
10.042087
5.423721
7.507218
5.974752
4.228886
4.399966
11.023685
9.191663
4.854398
14.383358
-6.926234
2.721607
2.741350
2.758272
17.633768
52.270077
94.639130
111.905204
119.103231
126.916505
104.464109
67.053466
39.649061
17.292237
5.100325
-2.097363
-4.386112
-4.314754
2.498802
2.431115
4.480160
-3.839037
0.226970
-7.268267
-5.090891
-9.748551
-4.435411
-2.687802
-2.440429
1.305807
0.122169
1.018135
-2.221347
-3.108335
0.561243
-1.837865
0.755700
-0.100406
-0.078067
0.524716
1.520195
1.100472
-0.545258
0.513037
-0.757009
0.701499
-2.748260
-0.113551
-2.247834
-2.463586
1.116117
-4.240594
-3.085754
-0.182345
-1.873994
-7.328556
-2.072510
7.520927
-2.257792
-12.860887
-2.424545
-13.643849
6.650681
-7.328692
-7.491224
-5.162993
-7.653755
-12.674498
14.588297
52.028726
79.509606
114.639827
122.251240
122.019484
89.484792
46.822213
24.365711
19.229600
2.144284
-9.855981
-14.426812
-11.861874
-11.607171
-13.571353
-11.012865
-21.079672
-4.239776
-9.775737
-12.972962
-8.781183
-6.625952
-12.082858
-6.974006
-3.893368
-5.797521
-3.169364
-5.364744
-3.784156
1.160804
-2.049263
-1.532068
-0.283217
-0.398941
-0.020070
0.710671
1.452240
1.078447
3.271504
1.794787
2.797010
5.626268
2.763028
6.009803
3.408521
0.140127
-11.600490
-34.819541
-46.725676
-40.601847
-46.309649
-41.731086
-33.877681
-31.412932
-34.883300
-29.596659
-26.173309
-24.740677
-27.794133
-9.249629
-7.020914
-7.057330
2.752631
0.288496
49.947094
82.559056
116.746823
124.433512
121.082408
94.542854
79.498422
19.865391
14.815940
-4.538341
2.639818
-4.376598
2.546748
0.262296
4.635201
4.469468
-5.921165
-3.691565
-5.389498
-8.646598
-6.483568
-4.464544
-5.522313
-1.146856
-4.521823
0.122169
-0.812170
1.662685
-3.108335
0.566884
-0.332454
0.273571
0.129735
0.008376
-0.275962
-0.029286
0.324574
-1.514498
-1.802622
-0.757009
-0.886706
-1.871522
-3.021608
-2.252851
1.028167
-2.664285
-1.508724
-4.528718
-3.301506
-6.899187
-0.206658
-3.943744
-9.897024
5.837289
-6.523423
-2.416605
-9.192410
-0.268545
-0.274071
-5.077696
-0.284569
-17.527838
-5.238256
4.674468
51.979222
89.399730
106.940981
127.252901
117.138442
86.990918
69.600826
26.805339
2.163130
-12.431923
-5.077696
-14.426812
-4.912119
-7.092283
-11.340340
-4.570930
-12.744892
-14.305685
-7.875027
-5.673826
-13.929919
-8.211134
-7.616827
-5.620837
-5.103642
-6.930669
-4.166836
-2.740872
-3.054378
-1.304546
-3.030355
0.335044
-0.783106
0.369103
-0.068309
-0.228344
0.755700
0.042391
2.429605
-0.515416
3.528096
0.093320
0.998393
2.101077
3.416393
-1.066531
-1.144625
2.951132
-5.855810
1.805004
10.582814
-5.258402
4.031075
2.216770
8.526203
6.698965
0.257292
2.555209
2.617256
-2.115213
7.541255
5.191212
2.752631
7.714437
54.856911
92.343636
127.045617
139.756079
127.045617
94.639130
10.169057
-24.189832
-65.118701
-69.452462
-58.954385
-50.851773
-36.307411
-35.665512
-32.592916
-27.529852
-30.562907
-15.531478
-12.952731
-10.476720
0.194588
-2.935175
-4.136804
0.152197
-2.221599
3.290443
-1.755396
0.877119
0.074185
1.069251
-1.481118
0.529279
-0.111562
-0.001381
-0.014643
-0.511784
-1.483276
-1.961438
-1.219249
-0.754362
-0.873472
-0.987288
-4.000943
-2.262886
-0.135930
-5.201226
1.195690
-4.521330
-1.728415
4.818839
1.564238
-3.918657
1.708726
-8.294638
-2.334551
4.062813
-9.163135
4.330691
-9.670572
-7.454285
-0.284293
-15.064781
-2.763347
2.192447
32.158707
82.237330
109.850957
129.630898
97.426970
97.058278
76.869623
34.292934
2.167318
2.150566
-12.286379
-4.997416
-7.232651
-18.509091
-2.482777
-15.385359
-12.817389
-10.321529
-9.860638
-5.703378
-3.667782
-8.296035
-9.207061
-5.689146
-5.152434
-4.723064
-2.157519
-2.770423
-3.142204
-1.942990
-2.107814
-0.822868
-0.299098
-0.016577
0.023034
0.208504
1.359544
1.414102
0.052400
0.065353
1.432796
0.882760
5.345480
1.091463
0.125996
-1.055375
2.731935
-2.592658
1.666808
6.654597
3.635452
3.827917
2.109598
-5.702672
-7.994112
-6.154224
0.256997
0.265240
7.297227
-4.500284
2.715967
10.085874
2.752631
5.207250
34.942781
77.258791
104.570487
129.004587
116.627815
104.251351
74.547590
29.716818
24.581782
-4.547856
0.277310
-4.395626
4.854398
-11.027187
-8.523784
0.248755
-5.935731
-5.695389
5.888162
-3.368077
1.872692
-1.381136
-1.280730
0.154846
0.138655
2.277504
0.110394
2.495384
2.765817
0.061821
0.448431
0.873778
-0.559097
-0.105495
3.081058
7.180050
10.688538
11.209876
12.190536
14.524895
10.663062
12.877563
16.128946
14.612344
10.213256
11.034528
5.182720
1.260605
-0.178478
1.461631
-1.958694
-7.553000
-4.054129
-6.250074
-2.337198
-13.165372
-0.259152
8.929375
6.760045
-12.249993
-5.157976
-15.035783
-12.650240
-2.773934
34.457487
74.593006
