161.187022
174.225938
134.092568
98.841401
71.334671
48.866599
58.118658
21.689127
30.785544
18.697261
4.779665
-4.088536
-10.352394
-1.785165
-9.625303
-16.734270
-8.725095
-11.609096
-7.686393
-5.658216
-1.159225
-3.474762
-2.059772
-6.675637
-0.724773
-3.450798
-2.873742
-3.240126
-2.328332
-0.645993
-0.278797
0.074008
-0.302394
0.482886
2.592829
-0.064211
2.322851
1.330305
1.529140
-1.034732
1.870001
4.302665
-0.161691
3.808151
2.655876
4.389548
-3.509929
5.014550
-0.241871
5.508737
3.735269
8.056471
-2.433484
-6.957393
-2.591130
4.398054
-7.576180
-2.780305
-0.326376
-5.313493
14.630051
64.423528
84.861637
112.082369
107.086426
104.057934
79.366062
31.787423
4.587421
6.984032
9.281603
-0.313069
-14.368625
-2.593996
-4.800503
-2.473612
-6.632133
-2.310233
-0.257841
-7.724476
-2.009272
-0.218250
-3.310133
-5.903258
-2.753944
-0.152708
-6.384329
1.718508
-2.419618
0.545745
-1.063778
-0.804584
-0.753651
-0.253795
-0.012354
-0.360396
0.031441
-0.668872
0.522970
-1.058678
0.088096
2.397567
-1.612381
-0.823606
-4.062544
-0.994504
-2.334408
-3.862358
-1.247763
0.202653
-1.441310
-5.031945
2.083834
-1.659565
-7.739926
-3.889204
-8.290157
-1.912824
-4.243573
2.647032
-11.702706
-4.544787
-2.131080
-16.884477
7.741989
49.821024
82.229229
102.376978
104.666057
79.747208
64.669865
37.231880
0.320633
-9.390621
-9.289745
-13.883616
0.307247
-13.480184
-10.917910
-10.675546
-12.492472
-7.960018
-5.671138
-7.308911
-10.544871
-13.336641
-14.085378
-5.658216
-9.248200
-9.662070
-4.300978
-6.805893
-3.301390
-3.508504
2.477733
9.782864
8.752121
6.935264
3.087116
-0.000000
-2.126696
-4.604569
-4.333578
-2.431068
-2.990084
-3.575101
-1.695566
-0.117110
-2.122157
0.952853
4.665304
3.742744
1.219124
-1.719777
7.906515
-0.228231
1.580020
5.450597
1.720857
-0.271481
1.868296
8.536723
-0.298763
-0.307745
6.882288
4.563750
-2.794637
-0.326044
12.112632
54.628256
76.875537
102.401104
104.588300
109.139990
64.357990
34.257373
24.201946
-2.743044
4.483269
-14.555028
-0.306415
-11.791332
10.916171
-2.476478
-2.401955
-0.267822
-6.116476
-15.224022
-0.232888
-6.887134
-6.405663
2.660610
-1.464676
-3.665126
-1.189512
0.794411
-0.862755
1.802331
-2.030553
-1.158243
-1.235035
-0.013973
0.010728
0.277887
-0.953735
-0.310911
-0.403567
-1.645582
-0.582701
-2.237175
1.864372
-3.686552
3.288304
-3.297964
-1.083041
2.874872
0.188644
-2.879251
1.866600
0.229735
-1.591618
-3.579130
-13.774607
-1.811932
2.429799
-1.919001
-8.831218
-6.725126
-4.478343
0.320322
-4.584653
-14.481808
0.325614
37.518831
79.671040
92.332736
97.305951
79.594873
59.777557
37.160142
19.853793
-4.535928
-6.908724
-13.939262
-6.718326
-15.858709
2.555848
-15.093453
-10.433182
-3.849337
-1.719277
-9.198281
-12.374352
-6.575269
-15.626895
-4.209154
-11.983083
-1.058333
-4.346830
-6.773329
-3.283049
-4.949741
-2.942988
0.062259
-1.013189
-0.442962
-0.312797
-0.047599
0.529257
0.482886
1.763856
0.422512
1.722389
2.013087
4.728004
-0.119106
1.860533
4.263461
-1.372955
7.686724
4.062512
11.981014
3.072483
3.242914
-35.091661
-47.688902
-59.772223
-58.370340
-60.365908
-53.372164
-48.128886
-33.080565
-29.197869
-17.416824
-17.597496
-17.705900
4.653700
54.517448
72.187348
111.741347
109.473412
96.798813
84.003582
36.802969
9.497227
6.969497
-7.536514
-0.311072
-4.989499
-4.892301
-2.542403
-4.681705
-2.404821
1.784674
-2.227111
1.628432
-0.234219
-10.236674
1.351159
-8.745444
2.423901
-2.494750
-2.246355
1.727976
-0.102138
-1.360772
-0.066207
0.332288
-0.539989
-0.016302
-0.020400
0.015876
0.490092
1.459218
0.522970
0.635610
0.753613
-0.667121
-2.488773
0.126074
-6.148856
2.450462
-3.569961
1.517954
-4.113955
-2.879251
3.506435
-6.777020
0.241253
-3.570271
-5.691537
-3.871485
-1.861349
-4.101825
-4.239143
0.306314
-4.487202
-4.553646
-11.945070
-7.065122
5.254600
30.137702
67.466349
97.213191
97.305951
89.674984
69.619376
42.193555
12.528934
-6.969923
-2.089899
-6.799925
-16.037811
-6.609527
-10.998697
-8.482738
-12.562029
-7.978359
-5.705137
-9.255987
-10.600517
-10.002325
-10.892686
-11.676555
-6.589986
-7.220037
-4.328489
-0.860668
-2.454773
-0.627999
-2.310973
-1.879958
-1.403091
-1.644486
-0.440185
0.002201
0.490053
0.960504
0.676988
0.875823
-1.856362
0.607361
-0.894284
-3.694770
2.848846
2.040432
5.858962
3.771813
-4.394978
7.388459
4.687514
1.511802
8.930291
1.652639
3.725800
8.007466
-0.282460
6.329960
-0.299095
9.065980
-0.316728
-0.321719
4.611092
-2.817567
14.644919
57.010198
97.192704
114.580495
121.703140
104.588300
79.285324
54.295833
9.507028
11.865939
-2.725846
2.064148
6.722403
11.199868
-0.296766
8.497519
-13.110399
-49.398292
-60.888205
-58.206600
-60.529845
-43.429416
-41.929555
-34.358713
-23.519001
-18.758720
-14.893415
-10.321682
-1.663166
-5.191412
-2.114287
0.710127
-1.339038
-0.269995
-0.008236
-0.107069
-0.207960
-0.312970
0.985237
-1.625182
0.087162
-1.457344
2.731593
1.083486
1.193444
2.440357
1.416042
-3.869157
1.617184
-5.951673
-8.044168
3.743902
-3.432953
-1.659565
-9.729173
-10.121571
4.572512
-8.510250
-1.970477
-13.786236
-2.079604
-9.436473
-9.482326
-7.037923
5.269757
22.728127
79.823375
100.173239
104.965674
94.638717
57.464776
39.769044
10.116593
0.318143
-2.094017
-4.442906
-4.372032
-8.922924
-11.033321
-17.365612
-14.767812
-3.862626
-9.694550
-3.556982
-10.614428
-10.044059
-11.006660
-1.288943
-7.985166
-2.303401
-5.505119
-0.868904
-4.235595
-2.114777
-2.966071
-0.434452
0.048562
-0.212078
-0.113246
-0.045853
0.765668
0.206855
2.366609
0.400506
2.224841
1.969482
1.472330
5.174043
-0.128421
2.030964
-4.961249
2.428635
-0.182984
-0.196624
-0.213259
3.214509
1.566816
3.545902
1.727459
-0.270816
3.986180
6.315425
-2.571066
4.364915
-5.119096
4.568485
2.136767
-7.774509
12.124967
52.024389
74.536664
104.482227
89.327855
106.760606
61.744299
46.656153
24.226948
9.399216
16.514057
-7.441316
-0.306747
-0.301424
-9.294491
-9.064222
-2.401955
1.786875
3.678459
-4.028319
-0.234552
-3.596327
-1.771370
4.149721
-4.093517
-4.908915
-0.139400
0.807614
0.686582
0.565550
0.961039
0.748001
-0.035266
0.773133
0.005053
-0.319596
-0.652793
-1.661923
-0.378859
-0.473573
10.515853
19.063682
24.998210
25.597337
21.689788
20.544620
19.846283
14.855904
17.225652
20.046401
16.523309
3.713587
7.540926
2.150881
-11.671697
2.335932
4.552302
-8.519420
-4.234714
-9.023799
-4.478343
-6.990323
-4.589083
-7.071922
10.185147
22.684835
77.338983
89.760633
100.078108
92.332736
62.493133
34.871689
17.445882
5.183865
-9.326427
-2.061073
-11.460343
-11.229520
-17.775970
-10.744793
-14.735248
-5.949935
0.261798
-9.290610
-12.472044
-11.837044
-9.445867
-8.805941
-8.068635
-7.345240
0.149733
-6.009742
-4.281759
-2.155576
-3.035317
-1.461984
-1.115188
-0.232669
-0.806863
-0.014413
0.175165
1.293511
0.292678
1.744589
1.620644
2.567878
1.453394
0.754800
1.803723
4.145848
2.206128
2.395496
2.570660
2.778964
-1.811498
1.483194
-3.833922
-0.246529
-10.101284
5.872110
-4.562908
-4.670906
1.962921
-9.650361
-2.708648
4.559016
-0.322384
-5.281093
7.122114
51.918649
79.446801
106.869212
99.188332
111.400326
66.777911
46.608350
14.392164
2.112561
-0.316728
4.445396
-0.307745
-2.602595
-2.553868
-6.862195
1.848491
-2.315966
-0.259171
-0.247527
-7.379072
-0.219913
-1.777102
-3.104937
-1.490473
-3.752391
-2.273354
-0.123431
-4.108116
1.207216
-2.730077
-0.438543
-0.577788
0.385176
0.004401
-0.090597
0.252098
-1.293044
0.058835
2.262278
-2.503554
0.099303
-0.739186
1.062031
0.136347
-5.562825
-2.307830
-5.153837
0.186777
0.200473
-6.336835
3.708535
-5.249542
-9.255987
-5.711937
-14.230504
-3.986655
-6.317131
-17.869233
-2.021952
-2.083722
-11.841200
-19.342792
-16.982169
5.269757
20.239303
69.952802
130.374089
177.216179
167.409610
147.179205
96.842148
71.472783
44.183827
48.532549
29.016165
23.896356
21.126335
20.693419
-6.351130
-4.013233
-18.458152
-9.752255
-5.501140
3.875267
-8.401943
-4.617149
-5.777433
-2.560319
-3.576761
-6.677491
0.133545
-5.161144
-0.652707
-1.781580
-0.432393
-1.087988
-0.990417
-0.117364
-0.082535
-0.215996
0.625002
1.323143
1.754390
1.649714
1.954948
1.467596
-1.006069
5.739024
2.021495
2.229799
-0.170674
3.982570
-4.696438
3.029876
10.065594
1.573418
1.630633
3.678459
-2.336030
-0.280464
-4.660106
4.222889
2.020137
-5.097497
-7.655512
-0.323715
-0.326044
14.630051
41.966990
79.446801
106.760606
109.473412
101.676324
79.204585
44.319173
29.136753
-2.748776
11.730258
-0.312403
-7.330252
6.606124
-2.553868
-2.479345
-4.562908
-4.390111
1.718656
-9.685273
-0.235883
-10.314342
-0.206605
-4.537775
-1.490473
-3.728591
-2.278754
1.761115
-0.897150
-0.739504
2.019018
-0.052566
0.233262
-0.017966
0.002201
-0.217051
0.029573
0.386193
0.059146
-3.255277
1.394490
0.858207
-2.475173
-3.668211
1.177353
-0.988327
3.837592
-1.159225
4.438839
-5.924161
5.129160
-6.749509
-1.593677
0.250281
0.261176
2.341296
-3.991085
-4.092966
-4.230284
-2.026070
-2.079604
-2.120785
-9.500667
-14.523542
2.802582
30.080187
75.069179
92.508775
102.376978
97.213191
64.731809
37.375355
15.028489
0.319388
-9.344768
-2.077545
-2.048719
-8.968776
-11.125650
-8.583614
-21.358316
-14.328197
-11.741255
-19.018960
-14.418494
-13.597778
-11.071788
-7.293995
7.042964
22.779600
30.042993
23.852269
21.680090
15.557140
13.374535
4.740438
2.840027
2.011686
-0.131777
-0.024708
-0.103187
1.048446
1.264337
1.279074
-0.073193
1.226153
2.180239
1.604887
4.662500
4.136047
-0.154372
6.216667
-0.181320
4.244198
1.390769
-1.937615
3.361269
7.262585
-2.218512
5.879378
6.075599
4.066661
1.960721
-2.625526
6.853218
-5.205495
4.606358
-5.297293
2.154372
29.587787
74.536664
101.779864
111.741347
106.543392
79.123847
44.228633
21.726956
9.399216
6.904090
-2.682851
-14.368625
-0.301757
-11.557325
4.104535
-6.679732
-0.270816
-8.195480
-5.934013
-0.236215
-0.222907
1.373165
-10.406733
5.135755
-0.157699
-1.221041
-2.990806
0.704187
-2.078491
0.475326
-0.470072
-0.036929
-0.483924
-0.053999
0.012140
-0.605193
-0.611287
-1.705718
-1.557183
0.732158
-2.141976
-0.726832
-0.807134
-0.887435
-3.216365
-1.062451
2.814242
0.185220
-1.311592
1.845145
-8.448108
0.238763
-5.419540
-9.648385
-3.849337
-3.977796
-10.687087
-13.313247
-4.341025
-14.078376
-11.818118
-14.384428
-7.071922
-7.112722
40.074960
74.854900
112.225907
102.669483
99.602451
72.301453
37.196011
22.381794
5.193970
-2.104313
-6.854325
-16.233196
-8.987117
-15.630760
-15.223709
-4.026522
-10.144654
-7.804119
-15.183252
-10.795277
-10.238819
-6.318494
-5.869138
-4.025556
-2.374275
-3.331963
-2.991967
-4.454876
-2.971251
-2.503554
-1.509583
-1.577331
-0.245023
-0.761715
0.146901
0.218024
0.364532
0.582304
1.666180
1.008381
5.123329
2.143902
3.273554
2.710764
3.008730
2.163521
7.478573
-0.178326
11.522506
4.549432
14.986432
5.116294
-33.808564
-52.996207
-69.436380
-57.120426
-58.976324
-51.804966
-37.353965
-47.993285
-34.190411
-24.897688
-32.336686
-17.669765
26.984895
74.385321
106.326178
96.798813
91.537853
69.121852
51.548557
19.337077
9.369813
-2.728712
2.055346
-0.307413
6.613391
-11.596326
-4.687105
-8.844420
-2.338896
-6.211674
1.648238
-11.028890
-5.291426
4.513095
-4.545708
-1.501938
-1.352891
0.933048
-2.035759
1.505470
0.580954
-0.607654
-0.470072
-0.036929
0.132035
-0.017198
-0.086479
0.252098
2.698574
0.498833
0.619518
-1.209285
0.098680
-0.743304
-0.817429
0.135724
3.510988
-4.768675
2.829400
-2.653340
-1.319828
-7.917216
1.957785
-7.052136
4.036947
-1.719277
-5.915935
2.413707
-6.303531
-15.565632
4.971660
-2.079604
-2.114608
-16.884477
-2.145493
0.325614
20.181477
62.671855
99.982976
92.508775
97.305951
70.152858
54.770843
17.530407
2.756990
2.743581
-9.262233
-9.143016
-6.691126
-15.630760
0.291994
-12.673321
-3.911352
-9.844584
-11.379557
-8.979000
-12.032429
-7.963380
-8.903321
1.574273
-2.374275
-3.331963
-0.895671
-3.512312
-2.998763
1.996735
-0.996664
-2.448413
0.037044
-0.310073
0.004981
0.156228
0.374000
0.270672
0.800077
-1.160977
1.875005
0.662376
-1.835963
1.784786
0.917644
-1.327094
3.655534
1.192717
8.638272
1.381967
3.176635
5.109027
-2.112459
5.603214
-0.267489
-10.881306
1.888101
1.954119
-2.628392
-2.694317
2.112561
-2.774573
2.141169
22.063982
34.573595
79.366062
106.760606
111.286652
104.376153
79.123847
56.430826
29.166822
11.853605
-2.728712
11.557573
-14.337557
-64.642123
-60.969697
-72.774181
-57.945270
-49.765111
-47.931016
-41.827937
-34.510032
-30.822753
-19.209124
-7.514212
-12.261085
-1.372955
-4.500711
2.754369
-1.760364
1.264026
-0.613387
0.360896
-0.037928
0.302988
-0.003992
0.274644
-0.376517
0.362056
-0.368564
-0.996664
-1.178278
-2.121577
1.773427
0.122027
-1.918024
-2.077490
-4.704481
4.119658
-1.214818
-4.311153
-1.406307
1.952421
-3.393087
2.137472
-5.671138
0.269270
-1.844877
-8.473568
2.553166
-4.341025
7.467345
-4.549217
-14.370516
2.789173
-14.523542
27.680006
67.337719
105.065546
100.173239
90.103231
74.997753
54.823305
10.165560
-4.566935
0.318143
-4.482772
-2.054896
-18.298244
-11.091026
-4.168269
-12.687232
-18.605313
-9.856125
-17.175752
-1.603972
-15.514939
-4.678349
0.198917
-4.011956
-8.776020
-7.961918
-0.912143
-3.521483
-1.461774
-3.173811
-1.523183
0.053854
-0.540413
-0.146190
-0.037062
0.357705
0.369266
-0.041255
0.809545
0.475326
3.157672
2.180239
-2.681412
2.747101
4.077241
1.014469
-0.167347
2.542255
2.745825
-0.207936
8.227216
8.708267
-2.106726
-2.215645
5.828505
1.837488
8.409309
1.951918
8.958169
4.445396
9.399216
-2.783172
-2.797503
12.124967
41.966990
74.536664
109.139990
106.651999
106.217571
76.797332
54.129621
29.166822
11.841270
4.497472
-5.092097
2.037741
-9.514293
-2.562467
-4.697905
-2.436350
-0.272147
-6.227541
-0.250189
-7.462807
1.480993
2.982534
-0.193630
-6.942195
1.060682
5.377910
-1.103523
-0.943011
1.969482
-1.198776
-0.484404
-0.349688
0.486920
0.116279
-0.231197
-0.742813
-0.584709
-1.203587
3.769798
13.224259
21.476363
24.169540
27.856308
22.558872
21.224258
21.962972
18.457541
21.090891
21.170900
8.283693
13.955482
7.462579
4.006632
0.258997
-1.772811
-1.842818
-4.079677
-10.940992
-6.636727
-6.833925
-2.102253
-9.491496
-4.606802
-4.628950
22.728127
64.979586
95.000279
94.909888
97.305951
74.997753
47.346422
27.336974
-2.116667
5.163655
-2.079604
-4.411898
-2.013716
-8.831218
-17.570791
-10.594758
-12.325535
-7.840801
2.193792
-7.162182
-6.795361
-14.674021
-10.550763
-11.079671
-1.115986
-5.689777
-7.343201
-2.645171
-3.866279
-2.567748
-4.290108
0.485423
-1.431100
-0.332221
-0.347786
0.181687
0.530525
0.563368
1.597573
2.528605
1.178811
-0.096482
2.405530
3.596989
7.082425
-1.292699
1.089289
-0.178326
7.092427
2.925724
6.507904
3.309193
1.608627
-0.255179
9.830721
6.053797
-4.638506
10.879167
2.006933
13.916390
2.112561
-5.205495
4.615826
2.158773
39.358698
71.967933
103.845787
116.366175
108.917709
88.691746
44.138093
34.081694
2.114762
-0.316063
-2.688584
2.035541
-0.303420
-7.092257
4.118737
-8.844420
-2.347495
5.697691
-0.250189
-2.052267
-10.469679
-4.997899
-9.056117
-4.228381
-0.161691
-2.332753
2.783438
-0.951610
1.301900
1.046254
-1.810751
-0.346822
0.465118
0.041811
0.083139
-0.761154
-0.877190
0.477378
-0.457101
-1.178278
-0.636235
-1.559225
-2.638371
-2.903568
-0.959501
-3.467962
-3.753559
-5.383100
-5.795774
-1.393953
-6.630292
3.850005
-3.512686
2.223293
-12.033395
-10.317771
0.286702
-10.952533
-13.605387
-4.451765
34.369215
59.262727
67.209089
62.612281
77.412780
125.134755
137.484670
147.739888
132.748817
94.909888
69.752747
20.007997
12.528934
-4.540357
-6.874724
-6.793125
-13.688856
-11.171814
-6.412330
-14.946914
-18.668382
-9.890749
-9.452186
-9.036705
-15.641077
-14.652998
-2.852673
-12.571726
-6.278375
-5.724401
-1.975609
-1.745269
-4.660332
-0.572406
-2.666001
-2.504059
-0.562561
-1.029446
-0.306052
-0.080256
0.350329
0.568102
1.617175
0.455521
0.563350
1.396583
3.253952
-1.071994
0.908841
6.705440
-1.427415
-0.177661
2.722154
4.534897
3.167167
5.101759
1.615229
1.694450
7.840848
-4.487309
-8.980488
4.180282
2.006933
-5.059698
2.112561
2.136767
-5.286493
2.156573
31.983038
71.675381
101.779864
114.348080
111.741347
86.572312
41.838782
36.463944
-0.321053
-2.728712
2.068549
6.736938
-4.924700
-7.108123
-6.917727
-2.433484
-4.460310
1.736261
-5.981612
-7.525607
-1.940481
4.593037
1.291743
-2.905141
-0.162356
-3.458863
-0.129087
-5.157171
-2.909762
1.050988
-0.498735
-0.369752
-0.024287
-0.007319
-0.115170
0.201142
-0.249141
-0.766324
-0.450924
-0.531226
-2.787840
3.368933
-1.687684
-2.835569
2.319097
-3.420362
-3.692359
-8.152103
0.194870
-4.583150
3.647905
-3.362079
-5.392341
4.168312
0.268024
-14.572427
0.286391
2.534393
-2.007539
7.452499
-9.390621
-9.463985
-7.099122
-4.624520
35.106177
62.493133
95.271450
104.865802
94.909888
84.710942
44.914494
19.988721
-2.124903
-4.522639
-11.702706
-2.050778
-13.647122
-13.424539
-10.883286
-8.436886
-14.491017
-11.977749
-17.343936
-7.198864
-10.350111
-18.009146
-1.338359
-9.834353
-1.132458
25.246313
28.184663
28.427720
21.184956
16.474580
10.793533
7.675247
4.108890
1.522767
0.671021
0.037410
-0.377992
0.835758
0.354294
-0.066540
1.780528
2.803103
-0.108127
3.567586
0.884635
2.116179
3.546522
-0.175664
2.689015
6.008050
-0.219248
6.821538
-2.083796
11.344237
17.839920
1.824284
6.220948
1.936514
1.995930
11.520569
9.350211
7.034904
-2.788904
4.639497
36.915977
69.192456
111.627674
104.164007
106.543392
86.218956
51.601427
11.952282
6.984032
6.925892
-5.075897
4.393320
2.009134
-4.843702
6.351763
1.866096
10.102083
-14.309258
-5.997479
-2.069464
3.223977
-8.255232
4.258733
-2.899741
-2.635147
-2.354352
-4.082040
-0.960209
-0.092157
-0.074857
0.385102
-0.669586
0.158442
0.108886
0.008094
-0.345510
-0.263554
-1.586501
1.106497
-2.384337
0.094322
-3.200514
1.029848
-2.910368
0.144752
-5.816730
1.464316
-5.355588
-5.740750
-1.387776
0.223821
-6.932919
-1.628680
-3.658864
-7.886654
-6.072333
-12.784612
4.774612
-18.242286
-9.188869
0.318765
-14.398339
-7.085522
-4.655527
22.706481
75.069179
94.909888
112.546858
100.173239
94.729108
52.346025
10.204734
-2.122844
-2.104313
-9.308086
-18.652644
-4.367602
-18.074412
-13.118487
-17.123127
-14.507299
-9.936913
-11.476937
-10.934391
-13.933525
-11.413711
-5.979184
-8.346863
-5.016279
-4.576093
-7.375765
-2.706370
-4.743801
-1.253582
-3.826280
-2.559705
-0.575850
-1.099004
-0.238434
0.130814
0.326658
1.443155
1.558368
0.956305
3.058995
2.100297
3.244151
3.587188
2.965125
6.705440
6.105655
1.170711
-20.406842
-39.029769
-50.077367
-49.461558
-52.241098
-48.580283
-36.564697
-40.035514
-28.344502
-31.541101
-14.026884
-9.744562
-17.272286
-0.321386
-15.145307
4.630029
34.397916
59.442786
96.897286
114.231873
114.231873
94.020778
54.295833
29.226960
9.458023
4.521143
2.072951
-0.308078
-0.302755
-7.100190
6.351763
-2.444949
3.891497
1.749465
1.665842
-11.199760
-5.394558
-5.029632
2.807369
-2.899741
-1.398752
-4.584445
-3.093937
-0.974540
-2.237155
-0.647782
-0.058887
0.886630
-0.383392
-0.118798
-0.197198
-0.341080
0.038912
-0.354150
1.106497
1.313650
-0.630058
0.933300
-2.611171
-5.926273
-2.059772
0.157204
0.170901
-1.208641
-2.777370
-1.389835
-8.321155
-5.174743
-3.512686
-5.609938
4.345150
-10.329312
-14.946914
-6.432729
-11.241061
-2.059014
-19.100308
-14.384428
0.324057
-12.060481
27.627232
50.202795
85.034574
92.772835
95.181059
80.051877
54.875768
27.442522
10.106800
-2.108431
-18.988392
-6.833925
-18.391507
-15.744734
-6.425929
-10.629381
0.277986
-16.078579
-9.532974
-3.490538
-8.621225
-9.821476
-9.125904
-6.982384
-6.439951
-8.206149
-3.100766
-3.668211
-2.345974
-5.465225
-1.659182
-2.238979
0.042647
-0.181193
-0.392398
0.028608
0.298253
0.806688
0.724330
2.417593
0.532541
0.631568
-0.107129
3.538183
-2.165356
7.691478
4.782917
3.808151
4.113384
12.160430
4.760188
-1.986342
7.125370
7.439004
7.782041
1.815482
4.042991
1.934314
8.879760
-2.674253
2.105959
-0.321053
9.556033
9.565834
27.039966
69.333665
91.724665
123.814641
104.057934
98.582293
81.356954
34.081694
19.157661
4.506940
6.816880
-37.762651
-67.087703
-82.293022
-66.566256
-65.192182
-48.347395
-50.426716
-36.788082
-27.601253
-22.622373
-24.419442
-18.164148
1.194917
-7.658089
-0.147385
-3.133603
-0.977406
-0.094819
1.107798
-0.060884
0.615444
-0.232170
0.132557
-0.142798
-0.156485
-0.531554
0.445195
-1.962493
-2.347655
-0.619763
-0.710360
1.013757
1.123715
-3.121166
0.155958
-2.409712
0.179928
-2.772940
0.208567
0.222575
-3.348790
-5.358341
0.255261
-3.787322
-8.180111
-6.221932
-15.386529
-13.521919
-4.416328
-6.969923
-11.933529
-12.014317
0.325925
15.290106
57.574441
90.274530
110.262521
97.769755
94.909888
57.464776
22.554960
0.321878
5.178812
-14.134022
-6.820325
-6.718326
-6.595927
-13.174133
-17.235043
-12.464649
-12.061218
-7.602368
-11.031771
-5.120344
-8.148038
-12.254787
1.627911
-6.451492
-8.254995
-4.209272
-1.789565
-0.702124
-1.284589
0.635610
-1.769912
0.362056
-0.577994
-0.146177
0.035209
-0.021625
1.356812
1.899537
2.405258
4.228573
-0.814028
1.529140
0.792210
0.880234
2.097242
-2.613547
1.155307
-1.616590
7.499471
1.439182
-1.989208
3.451218
7.448805
7.752638
-2.373292
-2.442083
4.137674
1.984927
-5.021898
2.097157
-5.210895
7.063974
-7.758643
27.067501
66.914053
94.308597
116.722398
101.779864
98.784306
59.079961
26.682003
16.722875
-0.317394
-2.685718
2.042142
-0.305084
4.246560
1.927712
-6.798729
-0.274476
-6.322739
1.681247
-5.767417
4.978212
-5.085164
2.812104
-1.564997
-1.415949
2.116179
2.921520
1.638027
0.631568
-0.078849
1.329946
2.022040
-1.481514
-1.266929
1.884288
4.801336
8.355755
9.211911
9.068859
11.564500
10.545446
8.971594
8.182126
4.025092
4.446208
-1.019212
1.437497
-5.291395
-7.120878
0.206077
1.906829
-1.544261
-9.094411
-5.569139
-1.764575
-3.929070
-8.400204
-10.860204
-8.895412
-13.897528
0.317209
-7.031123
-11.991235
2.802582
17.682551
55.138080
92.420756
107.661663
110.053294
80.051877
59.834761
27.389748
-4.580224
-2.110490
-16.493708
-2.067250
-11.437260
-18.149023
-22.317452
-6.283131
-12.478561
-12.019483
-9.602221
-12.927941
2.030196
-9.877122
-2.923547
-9.964609
-2.485015
-4.676969
-5.378167
-2.774370
-4.085560
-4.131697
-2.862200
-0.885923
-2.741939
-0.632393
-0.177185
0.104409
0.284051
-0.034601
1.460358
-1.042179
2.910979
-1.506570
2.303786
0.785609
1.874736
-3.474730
4.704509
2.438103
4.047977
-3.245334
1.425979
1.518403
1.591023
1.665842
3.735269
8.017267
-4.589907
4.142408
-7.155722
6.715136
6.896822
-10.058565
4.601624
-2.791771
27.012430
59.442786
106.760606
121.455524
118.848792
98.986319
61.492281
31.591808
4.568485
2.094956
-2.700049
-2.657055
-7.282653
-2.576799
-9.168890
-0.284124
-8.635085
-4.292913
-0.253848
1.595424
-3.720525
-5.093097
-3.223735
-7.150201
-5.222918
2.106711
-3.157403
-3.621502
-1.549769
-2.480624
0.861621
0.294878
0.374000
0.070419
-0.084163
0.353675
-1.361853
0.050430
-2.907491
-3.505683
-0.609468
0.104906
-0.782425
-1.856009
-2.037624
-3.386363
-6.220669
-3.937157
-1.270412
-6.098401
0.221019
-3.326642
-3.490538
-7.501492
-9.890749
-8.152599
-8.391033
-19.803621
-11.183355
-6.786325
-16.623965
27.310587
62.076115
64.979586
99.792714
117.646331
157.734039
160.536390
150.095962
135.632387
104.666057
64.669865
24.929063
12.480278
5.138392
-11.598836
-2.038424
-4.305588
-13.188044
-12.909815
-16.787380
-10.006160
-9.613762
-12.960505
-8.736636
-11.641660
-10.811276
-8.541624
-11.730808
-2.254675
-9.754650
-2.794769
-5.714997
-2.005978
-3.436125
-1.332785
-1.638841
0.246735
0.104594
0.074008
0.678406
0.763084
1.825529
0.426913
2.342453
-0.814028
3.959425
-1.938561
3.871419
3.204951
4.733912
5.106352
4.098849
4.396815
6.360888
-3.709725
7.115569
-0.250854
11.715935
-6.513135
6.177344
-9.158423
13.410880
-9.702695
2.090555
-0.322051
-0.323715
12.063294
29.467511
76.875537
96.798813
116.484916
118.606243
101.469244
64.095840
44.138093
9.438420
9.369813
-7.480982
2.046544
-9.629428
-2.579665
4.166079
-0.283458
-2.381891
-8.342015
-0.253183
-5.775350
-0.228231
-5.116897
-3.218335
-5.735790
-1.421682
-1.275501
-5.148145
0.752600
-2.300620
-1.252775
-0.061216
0.297079
0.764483
0.070419
-0.043239
-0.807879
0.313782
-1.927369
-0.434452
0.079069
-2.741988
1.733007
0.118603
0.131055
-0.945088
-2.210379
-3.699159
-1.198346
-1.276589
0.206077
0.221641
-1.550438
-5.331141
-1.682215
-7.840801
4.501777
-6.228732
-10.894827
-4.305588
-4.420758
-14.259225
-2.131080
-2.137257
2.805264
15.304641
52.596485
77.781764
115.587504
105.265290
87.692636
65.041531
20.046548
0.321878
-2.114608
-16.542554
-4.451765
-11.471884
-11.229520
-17.757317
-12.937638
-12.492472
-12.130775
-9.648385
-20.611326
0.235961
30.773950
38.440687
41.544896
31.254697
24.815070
19.086594
10.950622
3.496248
6.558688
1.885393
3.874381
1.449425
0.479987
0.115322
0.036337
0.377908
0.459216
1.031980
0.415910
0.503934
-0.091825
0.690984
2.550880
3.812612
0.950652
7.062271
5.047546
-0.185313
7.400794
-1.851626
3.228711
5.225306
-5.957813
5.712226
-4.400911
10.398115
-0.289114
4.232358
6.722403
6.904090
-7.647579
-10.205100
-10.173700
22.019045
39.398901
86.395634
123.561958
116.366175
86.748990
76.249897
36.652291
16.705474
11.779597
-9.870164
-0.308743
-4.946300
-7.116056
1.925511
-11.128313
3.905699
-2.290169
-9.919279
-7.619808
-3.720525
-5.101030
-6.321929
-0.182651
-1.438880
-5.915167
-0.134410
-1.003203
-0.834092
2.322851
-0.538863
0.653317
-0.475190
-0.397737
0.040228
0.646365
1.374533
-0.708739
1.997856
0.077201
0.090275
-3.090468
-0.770071
-2.821969
2.273625
-4.521070
-2.369845
1.542091
3.112340
3.339702
0.220396
0.232848
2.097243
0.253705
-7.813290
2.378843
-4.044240
-10.871745
-8.886242
-2.052837
-6.963123
-9.454814
-7.071922
-7.119522
17.750171
45.258336
92.684815
110.157907
120.142266
105.065546
74.926326
22.533315
12.601918
-4.553646
-9.335597
0.312539
-13.841882
-4.305588
-8.757854
-17.309654
-3.999944
-14.214222
-15.668221
-9.232904
-14.157357
-6.593610
-7.709475
-8.666826
-12.046152
-2.285682
-5.482037
-3.833281
-5.861535
-2.787840
-4.737772
-1.407585
-1.393920
-0.460680
-0.830384
-0.008859
0.592063
1.184127
-0.046910
1.337213
2.254244
3.355026
2.281983
5.174043
0.860429
3.146812
2.253470
-4.045918
-31.006500
-42.334532
-43.854190
-39.674165
-47.401619
-45.668965
-35.875664
-31.128080
-27.978552
-22.228245
-32.078124
-28.429504
-21.954283
-0.320055
-5.227094
-5.275693
21.906703
59.442786
101.469244
113.883251
111.059304
98.582293
76.249897
16.809883
19.157661
9.369813
-2.702915
6.758741
-0.305084
1.971724
-13.654077
6.213681
-4.492709
-2.293035
-10.023282
3.460686
-1.977743
-0.215588
-4.759904
1.212522
-7.766824
-1.289832
-1.155117
1.666432
-1.592968
-0.699376
0.890026
0.667520
0.392937
0.268896
0.070735
-0.568573
-0.500547
0.434467
-0.428275
0.077512
0.090898
-0.689770
1.008393
-2.821969
2.298887
-3.372763
-3.658360
0.179928
-1.274530
-6.043378
1.906829
-6.877896
0.244366
2.196474
-3.778463
-6.058733
2.451254
-6.412330
-1.991067
-6.765926
2.735535
-14.342694
0.323435
-7.112722
0.326859
50.298237
95.271450
97.955276
110.471748
85.358207
74.926326
25.121194
7.704875
2.759672
0.317520
2.697988
-9.124675
-13.591476
-8.748684
-15.207427
-10.421641
-1.801637
-15.705526
-7.373104
-10.642251
-1.484549
-12.571882
-8.652915
-1.175697
-10.952958
-5.458955
-5.814981
-2.461573
-2.094377
-2.347655
0.064749
-1.754252
-0.201783
-0.781538
0.034803
-0.143315
1.687949
-0.046910
1.359016
4.002353
-0.773899
-0.103802
-3.705236
-4.102974
3.168614
2.248736
-0.172337
4.011640
7.376124
1.414976
-5.410424
7.076365
5.457865
1.723058
5.959320
-0.281130
6.300891
-2.565333
4.364915
2.077352
4.549548
7.027637
-5.270293
26.929823
64.357990
103.845787
118.970066
123.309275
61.681294
12.087963
-34.655830
-49.013333
-55.907169
-55.321140
-45.027836
-39.842992
-39.148561
-40.331412
-17.531316
-12.970596
-8.394349
-11.929842
1.608627
-1.986342
1.430380
-4.823369
-10.063455
-2.748544
-0.152043
-4.291375
-2.863875
0.657975
-0.705108
2.884380
0.319085
0.661339
0.085823
-0.018531
-0.394396
0.286963
-0.319147
0.552471
-1.686381
0.089964
-4.660332
-2.522772
1.094214
-1.988898
-2.179371
-1.089219
-5.263883
-1.255999
-4.460751
-1.443369
-5.072744
-5.310742
-13.221018
-5.766337
0.274873
-10.537052
-1.929296
0.300710
-6.772726
-9.353938
-9.500667
-9.519008
-9.555690
5.295019
52.596485
77.781764
102.571981
107.968391
110.157907
67.659293
39.883763
15.043023
2.762354
-9.335597
0.314096
-16.200631
-11.287226
-15.598196
0.290126
-6.160732
-16.358369
-9.717632
-11.156974
-16.061536
-15.199595
-6.190106
-13.139345
-1.173638
-4.777845
-6.607934
-4.824193
-3.338072
-2.815352
-1.747581
-0.921360
-1.033589
-0.962905
-0.623221
-0.023082
0.773133
1.397586
0.314684
0.875823
2.836971
1.306634
3.087334
3.459774
0.853827
5.291568
-0.158031
3.713674
1.214723
-1.705445
7.857176
-5.394558
5.203504
5.421527
1.718656
1.780273
6.126471
-2.479345
1.969523
6.693334
4.492738
-0.320388
-5.254094
-0.323382
19.536429
56.662575
94.020778
116.603657
126.297257
98.986319
83.746165
46.321529
19.277272
-0.318724
4.473801
-5.027298
2.024538
4.265497
-7.004992
6.264553
-10.842305
-6.378271
-4.152516
-2.106726
1.529406
3.086686
-3.277734
-3.023939
2.404964
-1.307030
-0.135741
-4.628130
2.930517
4.263376
-0.064211
1.391750
0.661339
-0.408204
0.453510
4.134484
7.999760
10.536266
11.841105
9.368669
12.464309
15.237929
10.784006
12.824716
8.654712
2.485830
0.165609
5.631211
4.550181
1.753961
-3.105161
-1.531907
5.804636
0.252460
-7.767437
-5.997534
-6.160732
0.291683
-1.984890
-2.044601
-16.591400
-2.120785
-9.555690
-14.551365
0.326859
50.011909
80.356546
