154.938517
135.350371
142.617199
120.551194
94.992499
70.291308
54.791684
40.341867
34.979665
32.277325
20.380049
4.217474
-2.472546
-4.570287
-8.566259
-12.310725
-15.527255
-9.406368
-22.790089
-6.708973
-15.302271
-12.701330
-12.860419
-10.542523
-5.333022
-9.069735
-5.400727
-7.026925
-4.087102
-3.228624
-2.720920
-1.278517
-0.141272
0.643123
1.251256
1.935083
2.203566
2.751414
3.287087
6.060009
5.923503
6.617400
4.233298
10.338731
9.997085
6.720267
5.830584
7.864661
13.548173
10.824823
16.819404
9.849087
8.231412
4.423276
8.809571
9.152547
2.564941
7.298282
2.717394
7.647234
7.699205
10.259868
49.998145
130.484072
167.554525
167.873373
118.079858
70.005627
30.095461
24.963164
2.749489
-2.119181
12.259618
-2.056913
-2.032006
-4.276830
-6.415962
-4.054310
-3.929699
-5.835796
-3.640423
-3.475759
-13.913087
-6.394409
-4.381966
-9.648420
-7.505362
-2.202946
-4.066660
-6.203722
-4.450205
0.700745
-2.442407
-1.071602
-0.471742
-0.226970
0.000000
0.427056
0.413140
2.304885
0.834888
1.015636
1.187778
2.112086
-0.936257
3.549901
1.902167
3.181330
2.272271
3.762154
4.032765
-0.191150
8.025693
1.527407
12.471639
-2.146667
-2.239775
3.847369
1.844529
-6.813356
-2.537205
-0.291937
6.824679
-5.131808
-2.738940
-0.308446
43.923200
115.617829
155.371709
148.096003
118.194460
63.760519
21.786273
2.127531
-7.538486
-0.302364
-2.656177
-7.308742
-7.208229
-25.169169
-15.842134
-17.430836
-14.860183
-12.310725
-15.639230
-9.465231
-17.744122
-19.967862
-10.932381
-17.127246
-11.779121
-7.217602
-15.020806
-8.362757
-9.524420
-5.281506
-4.862555
-2.945851
-1.744606
1.723435
1.199645
-1.531804
-4.052121
-6.147358
-7.216580
-6.604260
-2.373752
-4.254899
-3.119000
3.733533
3.125714
3.467241
0.154244
5.399415
7.146371
9.282577
5.137753
7.192687
9.362111
9.727343
6.206881
2.316204
15.198018
4.670697
7.082972
4.968611
9.926691
2.752163
10.161875
0.312981
64.965684
132.356554
174.543249
170.050442
112.640018
77.472622
34.958457
24.866967
10.063882
-2.119181
0.301001
-6.777714
-4.361387
2.567616
-10.892442
-14.954235
-8.142521
-3.809538
-5.610554
-7.240863
-6.882040
-14.710687
-7.570305
-8.342391
0.163229
-1.041948
-7.313862
-3.569828
-5.371117
-2.474958
-2.024130
-1.967816
-0.511795
-1.159424
-0.092603
0.163535
0.370105
-0.654293
0.778942
-0.064296
1.762272
1.347009
2.290294
-2.764112
2.831516
3.135128
2.237843
1.123979
-2.919906
10.229901
6.254587
1.505328
5.148210
1.629769
3.658013
3.808637
1.838508
-4.614232
-7.007202
-2.596691
-9.760229
-2.718249
-5.175753
-5.200167
43.882150
114.971919
157.842985
154.938517
113.151452
76.223649
36.482698
4.544543
-0.304681
-9.873940
-2.656177
-7.294383
-9.513854
-13.886498
-9.144292
-11.078088
-4.453100
-10.359954
-21.591825
-9.512322
-17.767378
-10.144038
-15.558084
-12.952842
-10.581675
-9.667209
-5.509612
-6.644531
-4.073346
-6.767418
-4.311053
-3.898428
-3.046501
-0.894723
-0.217947
0.304360
0.705550
2.296628
1.656082
2.067652
4.921345
3.627970
5.703488
4.638445
7.023583
8.897020
9.746193
5.350418
7.122022
9.253478
16.618060
8.923833
3.877941
13.505588
10.129098
8.486194
-1.855580
-34.721953
-51.772070
-73.959240
-62.064861
-55.683496
-56.281075
-44.275838
-9.623816
74.625775
139.430777
149.795961
127.859607
72.563594
37.504849
17.465873
10.063882
9.975688
-9.264993
-13.852834
-6.695808
-8.832565
-8.666955
-8.436940
-16.605943
0.256674
-1.712365
-5.364837
-12.146234
-4.798321
-4.470697
-4.129423
-5.097126
-5.810846
-3.091948
-7.349252
-0.689097
-3.183232
0.067089
-2.002543
-0.525147
-0.864930
-0.081906
0.485646
0.765142
2.083869
1.601459
-0.065165
2.999840
-0.801767
3.951282
2.560905
4.813177
-1.225928
4.599746
-0.162187
5.302609
1.296590
-1.815615
4.917201
8.719685
5.372619
3.649406
1.774280
3.942047
1.886678
10.913599
-7.208229
-0.298599
-0.304391
-5.170870
7.035887
46.380391
117.864615
152.900740
135.854470
123.361195
63.582251
38.825927
-2.738940
-0.304102
-7.488229
-2.663936
-16.676791
-0.292227
-7.064638
-6.949766
-19.785570
-12.859432
-4.301734
-13.845501
-15.079353
-19.649838
-13.474372
-15.651107
-8.751167
-11.946796
-6.110019
-5.521385
-6.677263
-5.711678
-6.203950
-2.255276
-3.489900
-1.577539
-1.292901
-0.485227
0.389259
1.473865
1.473102
0.818003
0.556317
4.298771
4.321200
1.696599
8.192957
3.073742
5.588048
4.948647
11.790922
9.866864
9.137082
3.468939
17.507884
7.496465
4.014275
4.196053
10.543028
13.007247
11.200445
11.565677
9.564117
12.259618
5.195835
12.637024
7.751177
35.025556
130.112675
159.761558
164.430103
137.601045
77.620471
49.854746
22.454771
7.639809
5.155439
-9.264993
5.003957
4.953463
-1.998796
-10.996621
2.463307
10.871737
-5.890400
-5.637856
-7.277666
-47.677394
-61.565395
-58.557478
-51.375687
-40.255563
-34.219101
-28.912797
-22.396681
-17.143588
-11.504077
-7.413835
-6.973115
-1.389047
-1.178124
-0.082805
0.380577
0.765142
1.201094
-0.883784
-0.065165
1.768872
1.342706
2.336495
1.682686
0.871083
-0.137570
-2.558580
2.422896
2.595037
-1.675952
7.902565
1.513357
-0.228221
3.507389
1.708046
-0.256314
6.026046
8.398763
1.952913
-4.907199
-2.658763
-0.303522
4.574668
-12.561445
39.044665
91.121597
143.148857
160.612243
115.940784
78.839033
21.786273
9.457505
-0.305550
-2.702731
-5.039035
-14.350789
-4.926731
-25.373588
-22.581314
-11.160496
-19.261588
-2.299261
-10.018547
-3.984353
-14.388838
-15.342201
-14.252318
-16.098047
-10.805625
-7.442713
-5.662657
-4.956296
-9.173332
-4.248959
-2.350036
-5.008281
-2.025994
-1.604981
-0.540073
0.040119
1.322144
1.629543
0.792756
5.258453
2.449825
6.242253
0.877269
5.339664
8.886541
7.599009
7.201999
7.856727
2.898357
7.608998
13.046389
7.124091
7.418070
5.857929
10.068226
8.417599
10.823039
11.163922
13.763821
7.261160
7.439348
10.044283
-4.606159
5.251378
42.464051
109.200601
152.142264
159.304661
127.131062
72.425245
42.342028
12.600501
5.190785
0.305194
0.299503
-9.154586
-4.352487
2.572965
-4.205624
6.837963
-12.471736
-3.836241
-7.618087
-3.542515
-8.716269
-9.960648
-1.369892
-11.388535
-7.756471
-4.692300
-5.370981
-5.594145
-1.530936
-2.612967
-1.590340
-1.255891
0.646323
-1.032336
-0.733807
0.184808
0.318462
1.989147
-2.036673
0.437549
2.313219
4.047048
18.971007
27.227796
28.050211
28.637664
30.424404
30.265884
24.260384
24.608151
20.282536
9.955738
8.663718
1.625755
-4.125954
5.788436
-6.511816
-0.271374
-2.506169
-7.150792
6.771876
6.917082
-0.306419
2.139573
21.827033
88.403155
140.414355
152.900740
108.520372
78.546223
33.997932
4.566061
-2.726008
-9.911844
-5.048800
-12.043447
-7.251306
-11.678494
-11.466586
-15.563914
-8.746302
-10.477681
-10.112728
-7.751328
-12.765356
-10.355079
-12.839845
-13.372027
-12.219266
-12.488327
-10.228134
-6.021703
-8.511597
-6.371624
-4.107826
-2.813880
-3.081016
-2.209294
-0.397990
0.078394
1.061467
1.542246
1.479694
1.930462
1.796729
4.161155
3.944505
2.702517
5.877996
2.257083
7.114702
6.513302
8.264113
7.511603
14.565257
12.185493
14.628939
5.835656
8.055025
2.281434
19.116899
8.936962
4.756537
0.290818
9.789501
7.587838
14.956880
7.736328
10.230470
74.554226
122.157609
134.976270
115.026386
92.230264
37.468925
12.612675
14.956880
5.145341
-2.092198
-6.784539
2.631806
-4.285731
-10.915593
-1.917848
-8.252928
0.258771
-3.689378
-1.648021
-8.774146
-4.859750
-12.473157
-10.040234
-6.482219
-3.487826
0.138970
-3.753840
-1.522035
0.085059
-0.481538
-1.637705
-0.578551
-0.315978
-0.047739
0.279836
0.861894
0.537943
1.565871
0.439556
1.127529
1.312581
-0.099919
-0.111794
3.781223
4.163793
-1.326795
-0.161898
6.615320
-1.657848
1.398952
4.904000
-2.019936
-5.851301
5.610229
3.800030
-0.264134
-0.273112
-6.964125
-4.877903
4.415437
-2.707904
-12.467263
-2.757044
-2.767390
48.974815
113.467518
123.475736
106.440967
81.387797
56.420200
75.656403
75.230969
76.935769
59.239599
37.404132
29.950742
24.948241
26.779081
19.401807
1.862593
-0.260079
-6.181559
-17.396211
-14.668777
-15.572753
-12.970483
-7.581603
-8.315016
-12.465072
-12.597361
-7.135506
-8.651132
-2.254366
-5.407497
-2.940505
-2.874035
-1.421009
-0.229491
0.038599
1.274612
1.454949
3.099452
2.325310
3.419131
4.755727
3.920156
4.358434
3.929520
0.133578
3.608306
6.452431
10.962055
7.450731
3.362902
12.050099
7.388673
9.496030
2.190497
8.349004
6.548408
6.763718
4.746438
11.784816
-4.423693
14.840484
5.210983
-2.154466
17.601268
69.738430
121.690914
144.675269
122.040935
99.396804
44.943344
24.842918
10.073681
2.728092
0.302199
5.024155
-2.036157
0.289620
2.532846
-6.306755
6.659775
-5.904051
-3.711630
-1.658399
-10.574469
-6.596822
-1.392723
-13.108950
-5.225934
-5.996052
-6.612531
-7.798061
-1.566539
-1.317317
-3.934466
-1.702109
-0.928267
-0.172274
-0.257616
0.347311
0.309855
1.040948
-0.800777
-1.020502
0.503783
1.273849
2.224291
0.750657
-1.075920
5.104206
4.466291
-1.409558
2.491752
7.029477
1.364831
4.837998
5.075607
8.977134
-0.242992
-2.260466
-0.261817
-0.270506
1.936856
4.277723
-4.995090
-0.303233
-7.588743
-5.190401
14.407490
56.315134
113.256807
138.458661
118.304408
83.708076
31.665592
16.828819
2.119502
-7.502589
-7.466691
4.411133
-9.599138
-9.447523
-22.744104
-15.580280
-19.471181
-16.814972
-0.250232
-17.354293
-21.889456
-13.903611
-17.861166
-19.443925
-13.883671
-11.359935
-12.674018
-13.264073
-12.230764
-7.348811
-0.076460
9.059347
9.567049
5.673540
2.340693
0.109369
-1.383916
-2.204354
-3.329982
-2.153023
-2.116135
-1.219408
1.595611
3.478752
1.059142
9.493426
5.868059
6.415907
12.224412
4.491822
9.602666
6.937905
14.455245
13.184026
17.686383
2.276085
8.613585
0.271350
4.726240
2.572965
5.019105
9.936491
2.752163
0.309986
0.311783
59.820334
111.996974
134.590623
119.442594
104.551354
44.857246
15.044177
14.956880
2.733441
0.302798
-6.811841
-13.671477
-11.204978
-1.965587
6.875086
-6.156594
-3.876294
-15.614822
-7.378872
-5.194199
-4.907529
-4.579905
-7.176742
-12.076251
-12.217752
0.142264
-4.838513
-2.436701
-2.750976
-2.766518
-1.276367
-1.897266
-0.736047
-0.266817
0.040142
0.613893
0.520729
0.718692
2.361815
-0.654345
-1.435539
-1.669913
2.494902
0.834955
0.923268
2.173290
-0.159871
1.182185
7.063057
1.372859
6.521497
5.141610
3.460050
-2.172530
3.765601
3.894708
1.874636
-0.279773
-0.288462
-0.296571
2.103446
-7.624640
-0.310184
-2.772562
58.941712
121.112419
135.980494
116.048435
71.352309
34.220974
11.943395
4.557454
-2.723422
-0.301495
-14.463344
-9.618090
-7.186690
-0.284118
-9.115864
-13.126751
-12.704669
-10.230455
-5.980532
-9.312186
-13.959599
-14.734381
-7.605148
-12.491737
-7.597476
-9.219307
-7.266433
-5.332303
-8.939587
-3.119759
-3.518656
-3.041998
-0.789746
-0.402053
-0.070636
0.683826
1.353103
1.401300
3.608986
3.317285
3.360134
5.381926
4.297562
3.860924
4.262696
8.123662
3.890437
10.826959
7.328987
12.699000
10.315591
9.130798
13.133253
7.966831
12.337971
14.842607
0.271051
-44.037942
-61.335978
-63.250733
-64.718711
-58.344772
-46.304504
-39.057485
15.204221
84.615420
129.865078
122.857653
87.261561
44.900295
24.866967
0.307590
2.730767
-2.096349
2.666576
-4.383639
-2.007099
-11.031347
0.277640
-8.298931
-14.235909
-15.727024
-17.007914
-16.143820
0.216541
-9.388678
-8.733005
-1.193466
-8.489304
1.270435
-3.864247
-0.736836
0.089252
-3.950791
0.518872
-0.969220
-0.772849
-0.617113
0.118805
0.930821
-0.034175
0.323144
1.868369
-0.072695
1.940479
2.217691
-0.109187
-0.121351
1.983934
-3.618473
6.156389
-1.515598
4.138369
18.598099
-0.213161
8.674912
1.623748
-0.243860
3.765601
-6.526175
-0.271085
1.932842
-2.565655
4.385312
-14.758801
-2.746699
-2.759631
2.157637
41.814481
103.862039
144.079258
119.183995
84.252645
36.755977
7.055688
9.448608
-0.304970
-7.488229
-19.185117
-11.996356
-14.111609
-7.071818
-9.144292
-13.126751
-8.575735
-10.277546
-7.921895
-13.027209
-12.339844
-6.690021
-10.752357
-9.901334
-11.569528
-5.933428
-7.364628
-3.667193
-4.685110
-5.113543
-4.632003
-2.749461
-1.561703
-0.900442
-0.186626
0.567430
0.872138
1.643544
3.130995
3.774118
1.982341
3.076980
5.063224
4.723666
4.223499
4.654668
5.105436
10.691863
7.255941
10.966944
10.213745
7.290680
5.724288
4.095065
4.246547
14.774910
4.544462
6.919633
11.675247
9.671910
7.528442
5.195835
10.132477
12.661373
59.648437
134.204977
149.367564
129.865078
87.261561
47.241248
17.499722
5.175637
12.417885
7.506168
5.014056
-4.365838
7.201764
2.540870
-21.715236
-51.143814
-63.792969
-49.682294
-36.084343
-28.916111
-27.332699
-25.636187
-16.321641
-14.978721
-8.636234
-6.752036
-6.987350
-5.147730
-7.199328
-4.097722
-0.415119
-0.663109
-0.648422
0.104309
0.030125
0.228088
1.186504
1.679015
1.306853
-0.628482
1.226510
3.649060
-0.949189
2.673109
2.943720
5.484783
-1.388868
-2.802719
2.650983
2.874768
3.102856
3.279301
3.421318
1.669911
-4.213844
3.868886
-6.669765
-2.482892
-4.814427
-7.315921
2.089396
-0.306129
-12.549672
-2.764803
31.724725
113.783583
133.750092
120.887929
93.853513
36.755977
14.340040
4.578971
-7.552845
4.479990
-16.840450
-7.315921
-11.807994
-9.333811
-11.337087
-11.030997
-6.490278
-20.348764
-21.438510
-9.441686
-14.202212
-18.244453
-10.817821
-18.358683
-9.132139
-7.147255
-5.356567
-7.353051
-3.908528
-5.188193
-3.165615
-1.639339
-2.515115
-0.928580
-0.261276
0.656179
0.813342
0.957760
1.306712
4.245866
4.417241
3.713191
4.212341
6.498930
-0.886278
4.595872
1.380094
5.409214
5.801186
6.300950
11.813158
12.507055
11.188561
9.776041
0.250984
14.656440
10.932609
22.365841
13.938415
7.298282
9.916892
-2.115030
-2.150315
2.789608
49.854746
104.651403
131.725684
122.274284
94.804856
54.808891
24.842918
10.083480
5.150390
-2.100500
-4.445945
-9.025777
-6.620727
0.285427
-1.934453
0.270451
-5.979131
-7.765297
-1.677079
2.056767
-10.169905
-1.425933
-10.350420
-3.972436
-8.636234
-5.544612
-3.947053
-5.147730
-1.352920
-1.720024
-0.885629
-1.044300
-0.874056
0.011082
0.030125
0.120426
-0.268980
-0.400884
-0.514683
-0.628482
0.576039
-1.596671
0.742629
13.971370
31.836668
39.645706
42.320812
38.394969
42.468968
35.249492
33.182377
35.145021
34.590235
30.586810
29.821531
24.597485
21.112077
4.131403
1.981012
-2.627727
-12.314219
4.561757
-5.219698
7.082089
31.813424
111.097003
131.267332
126.418959
91.545025
39.372771
21.867793
-0.307867
-10.016080
-14.744732
-12.149401
-12.008129
-7.208229
-4.848606
-18.028038
-8.907393
-10.689589
-16.348407
-15.713880
-18.651096
-8.982551
-13.362397
-7.817057
-2.998030
-7.907003
-11.930190
-9.787989
-8.404676
-2.455393
-3.967571
-2.707715
-3.377924
-1.448039
-0.516925
-0.253249
0.625282
-0.518737
1.244511
2.069648
3.571026
2.547818
3.664494
3.292565
3.753132
1.123332
6.765515
0.154544
5.370017
5.791387
4.744255
18.391374
5.449582
3.872891
4.029423
6.169758
6.422191
10.883911
4.660598
16.111930
2.629132
12.283967
-7.009780
0.309387
5.251378
42.464051
111.675451
149.510363
124.763385
94.623758
47.332096
17.465873
14.956880
-4.543854
2.693322
-4.441494
-4.388090
-2.017477
-15.623584
-10.776689
-12.680993
-14.333863
-9.815931
-1.681231
0.233014
-6.771633
-11.264653
-10.432048
-10.958426
-4.922315
-5.683517
-3.003216
-2.593687
-5.142559
0.078470
-3.395721
-1.462894
-1.697861
0.014676
-0.011575
0.219481
1.515541
1.298961
2.115559
1.524662
1.204992
2.820347
1.549276
5.342103
0.875098
4.297248
-1.365590
6.369064
-2.978499
5.872016
9.645464
-0.219532
3.395497
-2.136321
-2.213912
-0.258342
-2.384611
4.101278
1.972984
-4.946262
-0.301205
-17.331425
-0.309025
-15.082397
26.796259
83.630280
113.678228
158.283068
160.761235
135.476396
97.985667
75.301874
57.735463
40.458126
30.512504
30.216840
18.227991
6.521066
-2.511342
1.888685
-6.533355
-10.359954
-9.983229
-16.977025
-12.585331
-15.090689
-7.887693
-8.723028
-9.246700
-7.316088
-9.808948
-8.488513
-8.790045
-7.333555
-3.895070
-3.471237
-2.745667
-1.097413
-0.503889
0.334638
0.864382
1.731390
0.843250
3.026295
1.287597
1.489574
0.100633
4.553225
4.076509
6.707317
7.303846
7.914925
12.614553
7.755091
8.412508
10.635680
11.130363
19.215383
12.134278
8.446997
8.770374
6.837963
11.565677
9.603314
2.685298
5.180686
5.210983
7.699205
47.332096
96.919885
136.684578
144.261122
104.651403
64.655437
32.234212
12.527455
-2.119181
0.303696
-4.445945
-9.090182
-6.641204
-6.525170
-1.938604
-12.667042
-3.916348
0.253679
-7.516881
-7.130456
-3.284392
-12.978068
-10.481025
-5.428347
-8.766839
-3.392270
-7.248559
-0.792877
-5.240512
0.078769
-2.985404
0.047621
-0.993664
-0.240321
-0.041851
0.206570
0.192682
1.290064
1.726017
0.469662
2.473364
-0.093547
3.202918
1.717114
1.897863
0.971439
4.724304
2.448717
2.616555
2.840339
1.435080
10.239031
-2.040627
3.559031
-4.194313
-0.258921
3.976475
-6.834894
-4.794895
-2.619968
-0.300336
-0.306129
-0.309025
-7.689256
24.377533
76.578177
131.145901
129.022842
96.242400
59.051371
21.847413
2.135559
-2.738940
-7.488229
-14.589968
-14.364858
-9.561234
-4.853489
-13.675457
-15.449353
-10.807316
-16.479045
-13.960062
-9.559413
-17.860401
-16.930172
-17.222355
-11.608116
-15.874033
-15.615431
-10.906938
-14.208163
-7.272874
-4.762460
2.117485
8.672148
7.654876
4.993235
1.920475
-0.896505
-2.765201
-3.577308
-4.235363
-5.345854
-5.311022
-2.695772
1.691550
0.112913
-1.855815
3.415269
0.151848
0.162630
8.453256
7.682045
5.108055
5.405035
14.744736
11.566848
12.076080
6.399918
0.266857
0.275244
0.284229
9.583716
9.838498
7.602687
-7.050733
-14.536408
32.577129
79.656218
122.040935
136.815502
111.996974
67.194405
22.411422
12.503106
-4.530502
7.513593
0.299803
-16.113351
-2.021628
-6.538821
-8.611751
-14.921584
-16.605943
-5.801668
-9.491820
-1.623114
-6.826837
-9.765341
0.193479
-4.088470
-8.832141
-2.225198
-7.330187
-5.426740
-2.245587
-5.690380
0.065591
-1.933090
-0.236618
-0.579637
-0.110407
0.257411
0.374408
1.245579
2.081979
0.453606
2.384395
0.628224
3.928895
0.788792
0.861048
7.498770
1.047709
6.335484
-0.173772
4.283575
4.672991
4.956802
-2.025109
1.643819
1.718081
-0.257183
6.032646
12.788671
-0.283249
2.023161
4.441258
-0.304970
-5.190401
-7.689256
26.821232
93.766531
133.626364
121.449155
91.290968
49.203029
14.420980
-0.308735
-5.156222
-2.710490
-16.889547
-2.638072
-18.867854
-7.100536
-11.466586
-4.623998
-8.708399
-6.339508
-13.894599
-15.154003
-16.117694
-16.953428
-7.981874
-16.021390
-6.769288
-13.415039
-8.864719
-4.885660
-4.179300
-4.860655
-6.260352
-3.109510
-2.850464
-1.760580
-0.274803
0.411815
0.974816
1.436579
2.371567
2.982646
4.264923
3.554924
5.669639
2.769338
8.929890
7.683630
4.929048
6.586349
5.634598
15.078905
14.716978
14.011359
-12.423769
-41.040710
-48.618940
-46.665486
-50.350007
-47.586443
-46.848813
-41.261855
-30.575280
-31.247936
-31.492538
-29.328497
10.181473
82.135819
129.493680
141.914819
107.135445
69.872029
29.865065
12.563978
12.430059
0.303996
7.431923
0.295610
-15.999072
-8.804963
-6.409137
-4.081012
-6.067862
-5.842621
-3.658225
-5.358011
-5.084992
-4.784670
-4.457046
-18.345168
-5.023521
-2.211846
-8.396473
-1.722303
-4.589710
-3.766632
-3.083058
-0.738766
-0.784932
-0.717674
-0.010378
0.647262
1.018603
0.910837
1.645944
0.457620
1.166261
-0.819872
3.167330
0.802842
1.884952
6.488767
4.679819
-0.164504
-0.175220
8.809074
1.431065
4.996404
-3.862283
1.645826
-0.248494
3.838762
-2.379438
-0.275429
-7.014382
2.021154
6.811478
-12.431945
-0.309604
-15.138675
21.969693
76.507271
131.510195
131.631626
106.440967
69.009064
36.755977
11.932201
-2.738940
-9.968700
-5.063449
-7.358998
-9.589662
-18.606578
-9.267480
-19.974204
-0.267320
-12.535836
-6.145661
-9.700685
-14.538139
-8.629371
-11.259698
-8.877792
-5.458147
-9.872497
-10.123337
-5.951356
-8.348807
-4.263028
-1.780519
-1.414364
-2.068202
-1.489292
-0.447362
0.151721
0.998533
1.793975
1.850508
2.410531
2.982727
4.132056
2.412962
8.729893
-1.811311
7.582084
6.050675
5.252425
11.039252
9.006137
5.018961
10.475636
0.226125
2.104910
4.155658
4.312189
14.944153
0.272848
13.691074
2.597037
9.720906
7.543291
2.749489
-4.610609
39.869552
92.053915
131.725684
139.164179
104.651403
77.103001
34.757161
10.103079
10.005086
9.936491
-4.454846
0.296508
4.938315
0.286924
0.280934
6.808265
-10.267371
-40.497915
-62.604188
-67.222914
-65.681431
-53.520146
-51.295374
-37.238916
-34.166399
-28.577031
-25.855409
-21.784470
-12.667292
-11.181029
-7.446785
-3.688209
-2.860971
-0.775551
-0.251109
0.380577
0.534622
2.629026
2.374268
0.445577
2.331013
0.606146
3.078360
-0.110635
4.712436
3.082326
4.555261
1.115950
2.547698
5.702973
6.174514
6.637158
3.352461
-3.969705
7.526857
-10.395273
6.026046
-0.273112
-2.513928
-2.594105
-9.769705
-9.978176
-7.653358
-5.229463
16.955114
71.285996
123.475736
131.024469
123.819361
73.960496
46.510429
14.340040
4.566061
-2.713076
-2.684627
-5.014621
-0.293096
-11.737358
-7.028741
-19.995163
-10.913270
-4.350562
-10.136274
-9.677139
-12.798087
-8.676462
-14.482870
-11.944042
-9.574017
-8.755725
-4.652692
-3.080010
-6.006263
-5.106142
-4.156923
-2.912366
-1.392965
-0.682054
-0.703731
0.101546
0.657417
0.283508
1.098826
2.822602
4.011058
1.408783
3.116178
4.394957
2.019761
-0.921563
7.114702
12.770174
5.566003
7.462905
16.040877
7.026098
14.532443
0.235110
9.958657
4.302090
-1.832749
6.756294
2.514124
2.586338
0.298605
12.381362
2.754838
2.768211
15.116924
72.148549
124.406238
134.076428
111.996974
72.148549
47.104975
12.539629
10.005086
0.303696
7.424499
-9.099382
4.938315
-8.823364
4.751487
-1.907470
-8.206925
-5.883574
-5.651507
-3.524713
-8.716269
-6.486415
-6.063188
-8.565599
-11.760119
-8.277071
-2.047182
-3.689436
-1.508684
-4.603815
-3.771210
-1.610103
-0.556299
0.020965
-0.037361
0.204608
-0.574361
0.258916
-0.854487
-2.065757
1.755672
13.350617
24.958813
27.724136
32.389021
33.751122
33.096184
30.869008
25.921003
20.487976
17.481250
10.077149
5.161411
5.372619
7.562445
5.847839
-2.366506
10.566602
1.956927
2.013126
-2.666522
-0.304391
-5.195284
-10.148743
24.377533
76.578177
128.903707
126.886312
101.757063
66.718352
29.396995
4.600489
-2.741526
-5.131808
-12.231810
-12.125856
-4.946262
-18.662566
-7.035920
-11.266450
-13.098612
-10.571863
-14.189184
-7.836611
-7.429145
-15.614671
-12.970483
-12.056017
-5.581335
-5.088585
-6.908076
-10.987556
-7.775897
-3.673075
-3.049123
-1.493338
-2.152618
-1.620218
-0.943168
0.084621
0.529162
1.205265
1.091401
0.964436
4.554657
2.071435
1.615809
-2.464003
4.869759
2.226786
7.085603
2.676183
8.235014
4.551218
6.516535
7.016299
12.760919
5.798533
11.886936
14.351803
4.438424
2.428537
4.726240
9.475924
7.350254
7.543291
-7.023431
-2.146164
12.673547
64.531339
121.690914
137.208274
126.766790
92.053915
27.481363
19.897674
5.175637
0.303996
-9.246592
-6.777714
-11.367034
-4.285731
0.282731
-12.876300
-10.371550
-3.836241
-13.517583
-7.296067
-10.490766
-8.241678
-17.199704
-4.177201
-9.142327
-5.903449
-2.051632
-4.699609
-4.826869
-5.985437
-1.032492
-2.497137
-0.860012
-0.155670
-0.265059
-0.008399
0.895475
-0.037651
2.320307
0.439556
3.534422
2.749171
3.078360
4.275892
2.805115
2.031273
4.581952
-1.440594
-0.172035
2.767179
-0.200997
10.063659
3.373979
3.511692
3.653709
-2.286329
6.039247
-11.125178
-2.516514
-7.179511
-14.449274
2.117495
-5.190401
-22.426441
-7.739512
51.918597
106.539433
139.356910
151.687703
158.723151
109.024181
90.782856
60.782000
52.999032
45.296737
37.622870
32.436640
20.380049
4.234688
1.922806
-6.698483
-4.404273
-2.244948
-15.545917
-12.912648
-12.258015
-14.692463
-15.139481
-12.470778
-12.651117
-4.737975
-11.243080
-12.328091
-8.856039
-4.908255
-3.956464
-2.293312
-1.491356
-0.900121
-0.032732
0.625628
1.353103
0.382468
1.380957
4.438860
1.373437
3.847110
3.478752
4.735840
2.216687
4.693865
2.655985
8.162266
5.879580
7.962056
6.908507
0.221932
7.584659
4.110213
2.268061
4.413177
0.270751
9.103550
-1.992570
12.052653
5.120094
0.308189
2.757513
44.598951
119.442594
180.620853
193.898486
156.370538
104.351255
59.591137
29.634669
10.024684
-6.927874
2.685298
0.296508
0.293513
-8.850966
-10.892442
-4.103264
-14.644049
-7.940108
-1.733120
-9.225586
-1.579527
-8.287980
-7.778662
-11.669041
-13.343380
-2.296404
-4.342678
-4.757486
-6.638637
-8.319141
-2.789669
-3.962191
-1.562678
-0.763649
-0.211590
0.235062
0.296945
1.578349
0.333179
2.350621
-0.654345
1.933879
1.445991
1.609526
1.773060
3.003123
1.005559
1.093872
2.508966
-0.181302
13.899194
4.851198
6.877377
1.613712
5.550827
-0.252839
10.130058
-4.570287
1.938863
-7.150792
6.738875
-0.303233
4.570364
14.407490
63.701096
163.239093
225.190483
215.876983
181.087734
114.205004
69.009064
19.385324
-0.307577
-7.567204
-19.446393
-16.824084
-2.638072
-7.172331
-9.295907
-24.555910
-13.140820
-18.905280
-10.195137
-9.783093
-14.762089
-17.418542
-14.818218
-13.707376
-16.793056
-6.427881
15.995278
21.476945
21.109357
17.073152
9.806737
7.874554
4.554080
2.846946
0.884066
0.072333
-0.414026
-1.283445
-0.921441
-0.832224
2.244040
2.636012
5.331153
3.439554
5.717951
5.259340
6.925559
7.536638
4.157719
13.026368
14.153441
0.211749
3.761804
11.246759
15.632508
10.275191
6.496436
0.270152
6.927057
4.847426
16.670431
-2.106727
2.744140
22.389747
78.893228
182.914598
225.080516
220.775643
181.315548
116.848694
74.411128
27.322817
19.801177
5.145341
-6.845968
-2.065215
-9.025777
-2.002948
0.283630
-19.452670
-3.992005
-7.976910
-3.724981
-7.369672
-14.230994
-8.311130
-4.607207
-2.794848
-9.387211
-2.318656
-7.738327
-0.877976
-8.465659
-4.185146
-4.032419
-2.210900
-0.645307
-1.199742
-0.072646
0.072603
0.422417
0.745830
0.679960
3.236311
1.054368
2.597922
-0.097312
1.588008
3.629974
-0.130908
4.421806
3.570746
5.124669
2.676805
12.170077
8.171207
-3.764628
-0.230538
11.237303
-2.250121
1.814422
8.309793
4.144313
-2.568241
-12.031674
4.501507
-5.185518
7.035887
78.619425
173.151451
227.457649
233.702638
181.087734
128.665438
71.352309
31.576893
4.566061
-0.305260
-17.053206
-12.149401
-7.330280
-14.139748
-9.343287
-15.760304
-4.589818
-12.775016
-12.310725
-13.698209
-20.416412
-15.824264
-9.989274
-9.285804
-12.764208
-9.083041
-14.119535
-8.435480
-4.567798
-4.685110
-3.237486
-5.116261
-2.391798
-1.632050
-1.425232
-0.140694
0.694778
0.998301
1.920533
4.650692
3.689496
3.238390
5.178834
5.872731
7.391667
7.192826
4.635069
6.281989
4.098323
8.642399
10.983868
8.546427
10.722977
18.542003
-1.666701
-31.555130
-53.277460
-59.116829
-61.367637
-65.558037
-53.510482
-40.476125
-43.257027
-24.130646
39.601457
155.321071
214.993803
220.987317
188.754043
129.246083
76.659455
34.488766
22.238026
0.303996
0.301600
7.387376
-2.036157
4.882772
-6.456915
-10.695661
4.549511
-10.093741
-15.670923
-7.406474
-10.672123
0.216241
-7.824964
-1.303473
-12.139478
-9.780302
-0.998360
-7.910263
-5.050076
-2.081775
-1.108148
-0.867827
-1.967019
-0.627945
-0.349622
0.190288
0.560511
0.481997
0.323144
1.333254
-0.072695
1.933879
1.454598
0.752664
0.828934
1.966720
-1.288000
1.095879
-0.168849
5.551725
6.041059
9.888287
3.326640
7.117596
-2.175117
3.761298
1.816430
-0.270506
1.934849
-0.288462
2.049254
9.306256
-2.751872
9.501990
81.010303
165.256507
230.360112
213.391926
191.203893
121.449155
71.683871
16.923540
9.484196
2.119502
2.095417
-9.817085
-9.693897
-21.106006
-11.631403
-6.928228
-11.089860
-2.350988
-18.423216
-15.676555
-11.241451
-7.173295
-13.306409
-13.854091
-11.384165
-12.930186
-6.027610
-10.627869
-5.515205
-10.933070
-3.272804
-3.151546
-2.419937
-1.702397
-1.465111
-0.142139
0.817676
1.046998
2.796009
2.179217
0.065591
3.177518
0.091349
0.930761
5.557907
8.163643
3.489514
6.245466
5.409214
11.386642
9.369874
6.820313
8.960356
11.188561
4.044571
2.230616
10.543028
13.036346
2.474005
4.817129
7.290858
12.283967
5.180686
15.044177
71.387634
168.108857
235.186536
250.741297
201.344106
146.181402
89.145318
44.426754
29.404274
9.965889
5.079698
7.379952
11.955258
-2.007099
-15.509305
-56.964481
-70.111484
-66.162104
-63.285491
-51.251603
-52.460145
-47.730384
-33.711315
-25.247484
-14.901245
-16.021446
-8.901384
-7.928964
-5.975164
-3.530494
-5.289946
-1.775714
-0.658658
-1.518279
-0.259369
0.068857
0.693993
0.477693
1.405725
-0.059372
-0.071826
2.580128
3.727414
0.750657
2.712711
0.913233
4.430703
-2.670884
7.878253
-0.180434
9.132838
1.465186
6.868480
3.455746
5.517825
5.742234
1.808401
1.866607
-2.482892
-2.557896
9.074934
-0.302074
4.566061
4.600489
53.953517
165.563675
220.846787
228.723647
187.605152
141.459299
76.507271
29.178835
11.921008
-14.871356
-9.911844
2.073339
-16.676791
-4.921848
-20.791616
-13.633249
-15.482085
-21.302249
-10.359954
-11.916782
-13.223599
-9.029642
-18.397768
-7.899465
-14.488320
-13.232511
-10.898831
-9.808948
-8.467553
-5.613483
-4.680630
-4.883515
-1.292312
-2.045730
-1.055205
-0.294317
0.316534
0.534564
1.436579
2.877130
3.084493
0.077272
2.920192
2.502056
1.008324
7.074356
4.537076
6.196768
9.189893
5.722791
7.718568
11.643915
0.220135
3.847644
9.715169
6.184607
10.482156
13.007247
11.176097
7.045849
9.573917
7.454197
7.587838
7.632385
59.190043
152.418130
232.490511
235.186536
202.655482
138.497684
81.585100
32.140689
7.610111
9.995286
2.693322
-9.145385
0.294112
-8.915370
-6.470566
-10.730387
-4.023157
-12.262478
-7.774497
-13.223723
-3.422354
-6.688828
-4.668636
-5.851574
-6.748453
-8.636234
-2.158442
-5.000569
-5.161680
1.580463
-1.747326
-1.385575
-0.321717
-0.201333
-0.191367
-0.039062
-0.016219
-0.271566
-0.043153
0.865012
-0.628482
3.212516
18.148564
22.105231
32.917950
33.974498
33.089965
29.553100
32.961667
26.961311
29.041927
26.503708
12.092754
10.724677
9.312937
7.695900
8.016192
6.131650
8.532218
-0.286435
2.039218
14.056746
2.127531
9.519784
63.641674
