142.364522
169.661999
176.706091
191.167115
219.627012
239.280977
241.431293
249.907222
251.859622
245.684242
243.688318
251.823230
261.982592
273.986117
265.222846
272.682662
257.516602
261.229047
252.591771
240.873823
243.078140
239.524366
235.259838
247.980826
225.863186
215.912391
209.411802
182.525603
186.551615
163.987295
142.977086
136.718234
120.149498
99.729655
84.609532
69.503617
58.935112
52.578888
40.598300
34.386538
21.871859
16.973904
10.126537
4.240425
1.535011
-0.026634
0.168212
-0.692856
4.537473
8.060997
12.124964
22.333104
30.544262
34.199121
47.205179
57.028879
66.028469
81.587246
86.443082
94.759035
112.287658
132.485362
158.794415
168.075918
186.329860
214.961681
208.744753
223.697484
249.500921
251.164886
274.769360
294.328832
287.038396
317.279199
311.074193
294.929126
315.863323
294.656548
302.063783
304.532963
308.898453
312.954820
319.136985
299.743823
318.290788
298.878578
297.223023
306.804511
287.360002
324.079819
413.698335
562.323367
718.683542
857.356101
959.284094
1049.584667
1086.277533
1098.715039
1090.330479
1057.019112
996.149701
925.030305
839.560019
725.167416
619.403339
499.707188
391.639267
267.951276
175.861903
72.283541
-4.345642
-73.353016
-119.104619
-135.156421
-137.619276
-105.579418
-73.944457
-48.525961
-29.800291
-9.835214
22.761803
35.702258
64.695252
76.114199
109.131065
130.340960
158.409622
192.311416
224.876059
253.971404
291.171138
310.313003
339.891762
387.909336
409.759773
421.129036
463.514448
486.211333
480.175752
531.329922
530.318828
557.902589
555.396862
556.686439
594.356982
577.132307
612.300458
627.839933
623.548472
637.342749
638.279715
630.305176
659.673740
645.142890
675.110869
735.814943
827.808711
953.712810
1097.928061
1248.037255
1364.492809
1477.280993
1546.504699
1590.789526
1621.464569
1630.829998
1569.511988
1469.354621
1300.967165
1065.669856
828.071296
565.289793
267.176996
53.551247
-229.220174
-484.274463
-661.093695
-828.972281
-946.896220
-1036.847148
-1059.227236
-1055.840178
-1017.835790
-950.819506
-882.154730
-790.524562
-696.166353
-573.979784
-450.331600
-324.031507
-191.241828
-58.406201
49.889156
152.306064
233.371568
318.020977
445.759674
528.083675
633.323118
762.920808
852.913077
965.791477
1056.639801
1167.926099
1256.285891
1348.949687
1414.304948
1494.323936
1558.589108
1609.631013
1652.668822
1685.077075
1692.408859
1702.501222
1667.701778
1658.107730
1616.909823
1578.215341
1490.194899
1394.918590
1294.259580
1176.020748
1055.246637
922.199484
782.010849
648.802978
530.723177
392.911372
311.537319
248.998949
214.128353
176.804574
147.424747
123.556412
95.981016
66.100131
43.084612
14.263577
-9.771524
-34.461522
-55.223501
-69.199993
-81.961062
-91.655422
-84.199208
-63.456065
-54.726662
-45.393330
-14.549092
-6.841140
27.015035
48.216235
78.979512
99.149901
121.760879
168.193339
183.271046
219.849179
255.001251
287.951006
323.200318
353.143600
375.224585
399.955618
419.902342
419.861737
440.081730
470.020646
489.320802
483.858789
499.916964
507.875194
544.641655
533.775295
552.964562
568.578535
567.887600
562.866982
564.672447
575.758469
573.466267
557.184891
542.109543
527.776037
526.216277
518.032027
551.966075
587.691053
659.823056
707.470721
771.614355
812.464720
828.206742
820.895012
794.597064
747.163749
650.260928
559.011787
429.724502
258.171507
120.494836
-23.748045
-181.639918
-316.867878
-444.132048
-526.707919
-620.362869
-683.961048
-715.016806
-709.195773
-682.686383
-643.873594
-568.684743
-488.577523
-408.870848
-313.897472
-210.269091
-90.571396
-2.989517
84.563094
146.572181
204.433721
265.383565
304.915746
355.659750
375.379792
425.667608
443.127814
484.539630
505.589540
506.527554
513.927936
556.983267
532.178986
539.107579
561.835334
559.758308
571.007983
591.473205
584.858408
593.749413
585.840287
592.495865
584.428427
596.354017
591.451158
560.849914
546.051800
525.277002
496.735661
476.371902
432.245578
408.505775
373.378741
345.238349
330.614445
300.072035
280.539645
259.886488
244.894045
217.927685
192.130799
156.810910
113.230240
73.809768
28.749143
-14.097262
-59.851974
-105.331757
-135.489303
-161.567602
-172.845146
-167.124377
-160.864913
-146.234430
-107.401025
-78.924655
-49.673972
-27.269997
6.725584
36.786140
66.092910
107.000661
142.092970
171.089454
191.052257
220.537599
262.172265
297.706710
354.406062
335.054259
376.490921
404.843449
420.308045
417.303827
452.149480
450.089870
462.105204
473.864719
486.995133
499.916964
505.938587
527.546464
543.394022
532.109154
542.829121
549.914326
545.768865
541.788053
528.057416
508.917592
495.207735
487.680427
466.399827
448.675541
437.268717
445.180044
467.484808
508.510304
531.035407
538.839875
551.280673
540.416443
506.367125
454.864868
383.456255
294.281828
192.459637
75.270990
-18.843388
-131.658536
-230.795259
-316.819978
-398.306935
-449.515001
-482.792439
-506.312160
-495.733345
-465.218554
-424.726117
-366.453039
-292.428431
-216.883221
-143.780540
-51.633324
9.255832
95.397406
150.660165
204.763841
254.106136
294.804550
337.165230
356.731014
398.013463
427.704296
456.135049
473.580805
484.990364
514.482259
524.224588
529.185482
532.670835
533.162681
563.263717
559.758308
572.600014
572.176789
579.765740
585.258691
600.564874
596.029961
590.716983
580.724755
584.233001
563.918069
535.432273
511.382057
493.648260
467.379414
434.875883
404.979106
381.090326
368.247161
335.199079
336.722702
322.242505
307.701445
295.239069
270.101522
235.042051
192.289812
137.136611
87.440928
24.574494
-38.125079
-94.815062
-153.833319
-195.043498
-232.163284
-251.790513
-252.105667
-248.728310
-217.681952
-185.180804
-141.223014
-101.123524
-58.075281
-9.493868
26.734765
67.412882
90.194839
122.971879
172.639891
197.163998
225.991648
257.363583
284.199039
335.070215
352.832489
379.064588
394.355645
428.106808
440.544603
435.556922
464.753372
479.317223
472.962978
482.938030
495.526930
516.375474
517.819263
536.808841
526.229549
541.522592
550.879592
532.435480
532.782930
518.155310
502.830527
481.361358
452.151779
432.888779
423.396868
412.637345
395.674853
400.660512
412.669529
428.558188
432.030547
438.309360
438.748252
404.100667
363.615292
298.959753
228.337263
145.507641
41.754399
-47.711400
-135.889969
-219.409825
-298.247263
-363.129154
-394.377622
-421.362281
-433.342370
-402.580122
-389.024452
-338.723539
-277.679867
-214.064475
-138.307653
-71.832444
3.868018
68.737482
116.170237
172.111354
210.433664
242.816795
288.428453
328.312363
356.577959
391.706387
410.916292
456.990837
460.413988
484.539630
498.959937
507.465568
528.698203
528.210923
542.064538
555.958461
552.371630
577.305901
589.268272
586.728387
573.998398
585.159569
578.496098
575.792330
602.070209
581.427302
569.707409
537.956101
504.901383
493.739668
459.658497
431.429121
418.884548
388.580346
385.215417
363.049316
355.199116
360.214224
350.684454
329.566896
303.879677
269.465052
221.175561
162.383163
87.937219
18.877188
-54.175547
-118.685900
-168.894675
-233.230073
-268.856928
-286.464938
-297.645072
-277.236205
-251.740017
-220.029762
-176.319149
-125.961772
-87.435074
-27.422109
20.617301
56.058167
86.562474
132.211163
155.449134
200.821740
224.807689
243.337842
302.437220
322.999435
355.238367
372.432819
382.255420
414.418548
433.476226
423.959369
456.375175
467.083375
454.638257
472.061238
487.146355
503.557627
505.990272
513.812923
535.373066
533.291785
531.284852
514.682400
506.409837
508.291511
502.265550
469.575074
447.991541
432.330934
412.434028
395.821495
372.679030
365.416396
384.532483
386.771861
399.037515
407.432248
386.487834
368.483283
327.416261
269.151522
204.986424
124.962767
35.128249
-45.193593
-138.634520
-215.805437
-273.669972
-323.707776
-363.701076
-394.215386
-394.817807
-367.843204
-331.716474
-296.061711
-236.603296
-164.255830
-104.722033
-42.835505
27.205867
81.497731
137.703699
179.271952
227.081420
263.460796
294.869527
330.345256
362.246957
394.443571
429.740982
454.976960
460.841883
474.020120
506.996562
520.219980
530.647320
551.002134
547.555611
550.419729
549.909608
563.785259
580.585991
587.063339
584.702889
598.894478
600.717064
583.830516
576.490824
563.509454
546.773648
528.866214
506.625014
479.866652
449.055710
438.334601
406.938734
397.179027
387.238145
375.498165
372.891294
375.273757
378.556809
347.033022
314.886448
280.787083
218.667512
161.525742
86.109894
2.893171
-64.331985
-133.388428
-201.077193
-260.231700
-298.535353
-315.115611
-321.417587
-311.028860
-272.851531
-252.254988
-193.250667
-142.681827
-104.442738
-49.278659
-3.853445
55.169858
85.633573
131.572521
185.433198
184.422521
212.752602
257.086251
284.791738
331.376019
358.397601
385.667528
388.665915
401.985625
423.088340
432.211380
442.615791
468.421723
468.867840
477.039100
479.528185
499.600061
512.419976
516.755255
515.404443
538.060453
527.867882
513.619008
524.362749
496.823786
480.590488
466.250015
451.323040
431.411730
410.017078
383.131125
382.287850
361.878239
366.627076
370.472613
379.479950
381.005226
375.292524
347.030991
310.079799
252.987093
194.032086
123.986480
35.388940
-45.019229
-125.048230
-194.923875
-256.499989
-305.991071
-338.223224
-358.855236
-362.743496
-340.884524
-304.049595
-264.548560
-223.541492
-145.684858
-78.904430
-18.191227
40.470894
97.579123
138.043289
195.720262
233.672505
255.796421
298.280273
315.079222
369.153981
385.387915
426.521084
450.164498
463.599355
486.793302
501.437946
500.051481
525.672721
532.178986
541.563555
552.884035
560.656016
577.843429
561.883902
570.855555
581.923883
582.346303
571.655887
587.190314
577.198088
556.219503
555.457127
520.504355
510.958779
487.002214
469.126701
450.932010
412.167741
400.346323
406.007207
399.434530
398.035960
416.703666
406.201717
387.340803
354.992548
304.731777
250.177049
185.456778
117.528174
43.408199
-43.155289
-112.741830
-181.852172
-244.202507
-279.456060
-305.519238
-306.748022
-289.602360
-267.017550
-241.977781
-192.935854
-148.676986
-100.074034
-41.701395
1.052723
40.217263
91.529401
123.279308
150.546602
185.134510
209.672665
251.861186
275.366930
321.302743
353.181137
370.269609
379.432256
405.013423
409.569249
433.065652
434.726499
435.556922
462.546566
479.715374
467.552534
483.873779
491.330603
501.065777
510.602494
499.986006
525.722077
507.445140
501.045326
506.032273
478.425667
467.915798
434.834559
401.562256
397.244841
374.443257
359.857111
346.606831
344.039479
362.475635
363.055660
366.172882
365.461055
343.430289
297.211841
251.058346
183.821090
108.108189
37.522095
-48.360771
-125.740260
-189.538805
-261.103791
-305.868404
-328.512821
-346.358238
-345.147113
-334.000248
-294.665176
-249.458406
-191.907246
-126.139405
-67.782544
-13.530953
40.693262
103.402026
149.184976
188.137847
227.094629
262.306532
306.685718
333.936437
359.944806
403.460373
428.951404
446.043129
474.459434
497.120453
495.566446
523.741877
529.185482
527.190184
542.064538
544.032735
557.813260
560.656016
575.155786
580.011715
564.148115
585.275348
574.541535
579.183108
585.710845
567.068739
548.249135
524.565345
499.611378
475.421301
450.798489
431.106966
419.876409
410.187596
397.693067
402.881749
409.571009
416.728062
411.893521
381.313000
351.892904
304.047212
251.049556
182.335177
102.095392
34.794928
-57.818252
-130.987327
-199.753745
-262.997171
-300.728651
-314.842879
-322.691604
-321.841231
-289.196716
-251.335618
-202.028088
-150.350649
-100.601079
-52.505962
4.257152
45.633366
82.495919
119.764196
152.354203
188.048002
229.318819
252.951495
294.541704
316.791394
327.336519
362.258888
364.712313
392.837432
415.607129
430.586384
453.445037
453.335568
466.191143
462.546566
475.864169
479.552991
500.638453
495.287248
500.006222
515.363451
506.049655
489.608234
485.352327
475.190705
473.091378
435.601228
424.825660
412.939801
386.781242
361.568041
342.724382
335.923743
332.008400
341.556912
354.954988
361.006453
332.510382
310.722887
276.511803
217.642510
150.258660
81.472170
-1.483863
-65.591578
-147.563495
-215.483910
-262.634009
-315.482591
-346.689837
-355.873419
-347.781121
-323.533032
-282.562538
-237.595641
-179.912698
-120.934720
-48.265850
-2.625312
54.511885
105.445605
155.155604
196.719240
233.997121
279.885693
300.492097
335.641934
366.200049
401.029998
439.455198
464.464280
468.221404
481.168450
496.481620
517.258950
516.670365
518.785550
548.058878
545.039271
545.039271
559.758308
581.943264
561.681426
573.998398
572.890454
575.031808
583.249591
560.354006
567.068739
533.289963
519.844849
499.782731
482.839803
451.397627
432.900702
407.282789
399.947219
401.320102
392.559933
408.902456
407.912109
398.782850
382.542542
335.621837
289.487705
232.549981
156.145891
83.707753
6.051293
-87.508707
-151.511054
-212.977712
-266.101908
-301.371362
-333.293713
-337.849888
-322.125871
-294.061475
-245.068566
-198.031357
-159.225780
-103.909624
-41.724622
-3.825642
50.282951
92.319848
118.104504
156.556848
195.327867
225.561235
260.414228
281.680729
317.109139
341.741970
353.867234
393.976091
390.539906
414.022354
424.365072
433.889061
442.983649
459.616428
464.406681
457.691592
483.873779
488.881932
498.205807
489.448283
502.666504
519.791596
506.175254
487.723208
482.248902
464.171214
453.530214
422.926157
400.899308
380.343829
357.736838
347.270694
336.356498
341.484170
349.890801
350.026244
356.841574
335.829078
314.417136
268.514025
207.813493
138.693474
71.357890
-8.862081
-81.235730
-158.753777
-221.459008
-269.626185
-317.304525
-350.668643
-367.659048
-351.398310
-328.556290
-285.429044
-230.585890
-184.754881
-117.569471
-55.654935
-4.217912
49.588981
111.488332
166.461744
198.470430
227.603239
274.779326
310.806341
332.156575
361.900018
392.627143
423.685922
441.981387
450.583255
476.926024
500.339549
492.431329
514.302491
539.603994
537.615241
541.093243
544.536002
560.656016
564.514444
573.005670
579.897308
574.551005
573.906501
571.214155
562.525256
545.234520
526.214711
507.469041
495.496932
464.159783
449.540507
426.793841
411.789900
397.462144
394.961157
390.179804
402.223037
402.775188
396.565673
370.848031
329.669427
280.637611
211.741989
144.134672
59.267337
-14.277852
-96.884643
-165.616163
-227.085999
-283.573243
-315.398759
-335.948331
-333.803867
-326.473858
-293.231112
-263.929777
-205.622837
-158.946221
-106.209959
-55.278277
2.756108
50.691756
81.684746
127.275895
162.103822
177.913650
207.397423
239.300330
303.287526
314.868164
334.453316
351.079726
363.662993
414.912402
394.735198
416.905256
429.748637
438.024805
447.942494
470.917631
468.003404
471.571603
479.666180
474.436519
490.421341
498.789154
503.979921
495.183557
471.169827
460.802191
462.576124
437.361855
414.808806
394.679554
378.568047
361.971615
345.201632
346.075528
348.370919
347.031683
360.970163
365.872738
339.447211
324.899878
284.905046
217.934104
147.546247
77.589377
1.537269
-67.809353
-150.769505
-211.305651
-265.137301
-310.240725
-335.955628
-337.884194
-332.330251
-312.077780
-262.199468
-220.087573
-167.211737
-104.725419
-36.499899
14.889137
67.996957
120.738222
168.550234
205.190696
242.723641
272.671043
289.935996
345.516071
383.993849
415.323700
441.526146
453.805168
460.084279
475.777378
500.513637
518.785550
517.734810
537.615241
544.569457
552.371630
552.884035
554.711424
574.618256
581.105045
567.033564
568.872644
570.456204
578.602183
564.659962
561.925633
537.546715
507.771262
504.989636
478.725400
449.062463
447.015472
422.517401
419.584163
409.524392
414.501482
425.957614
429.000867
422.574471
389.275178
353.686565
314.301119
232.134243
173.763739
87.663021
9.282504
-66.130748
-144.613019
-202.796680
-257.156991
-292.599167
-309.299871
-323.250289
-312.512064
-268.682544
-243.742693
-194.165042
-148.336244
-99.225338
-40.814740
1.065293
40.610999
83.689939
112.397778
150.366738
180.675465
221.538207
243.224592
272.212847
307.002875
322.828542
350.396692
369.977017
382.625465
394.355645
415.709542
419.055086
442.193447
443.833091
451.598650
465.535715
462.396264
462.142090
464.522852
462.220955
482.636875
472.123457
485.506804
469.147638
472.140028
442.954464
423.472672
398.371055
385.534442
365.307828
347.197941
338.280630
336.703669
330.385587
345.862166
338.932506
359.553172
331.831408
306.462983
274.495873
213.430076
143.246611
67.572549
-5.807555
-72.594432
-164.213362
-214.678390
-272.280189
-315.160431
-334.671802
-339.974133
-331.980041
-303.561170
-263.836190
-213.038898
-159.133762
-97.056985
-35.452290
22.958725
72.142022
121.661062
167.672375
214.522811
236.347538
267.500721
309.268335
334.175764
363.872775
399.794550
432.999682
455.075144
468.221404
488.596241
502.362254
508.261163
521.176267
527.190184
551.002134
546.549075
564.306799
563.785259
579.501797
580.011715
585.586182
572.180044
555.958449
578.642008
555.779687
555.248583
525.638354
514.893609
496.832420
480.557298
450.135136
439.159621
415.799310
413.513008
413.952321
405.601034
416.836465
426.786882
410.904216
384.344589
344.770250
291.338482
224.642461
153.109555
71.270927
1.535661
-88.174332
-165.924412
-225.630316
-280.885344
-319.099342
-337.777272
-334.760327
-317.155109
-301.236165
-249.328720
-195.537656
-151.942871
-100.495164
-48.052970
15.846881
52.698375
91.139288
127.527326
154.358863
188.151837
215.595621
250.146342
287.755231
296.349363
331.835285
322.379930
354.555022
381.638257
390.165109
409.963066
424.701642
411.538331
440.124637
458.132953
444.936169
447.690584
468.837855
461.092235
479.405103
475.511340
487.571414
464.754203
462.412930
441.826472
434.770441
420.396598
395.994534
384.452855
371.655989
326.583377
324.846322
321.457741
331.884969
339.218750
342.420763
336.281046
316.201177
289.640165
259.370498
203.256343
128.988842
55.207822
-29.037772
-96.511364
-167.882269
-237.741872
-280.740191
-323.267191
-346.733005
-352.855261
-325.847921
-310.337085
-265.174570
-214.985542
-148.218956
-96.434063
-30.957243
26.310200
76.663787
122.430095
169.084777
206.764768
250.262652
270.781541
317.151465
340.417328
380.062327
413.708295
432.191829
456.345121
467.923975
488.145507
500.799419
526.638144
516.783092
527.190184
540.085899
560.398121
547.955117
569.249421
548.272399
565.753851
572.905068
571.229901
565.805648
570.644650
578.410115
532.736153
534.290286
515.714411
503.198891
465.520250
445.378093
431.483539
417.907958
408.644886
405.347473
413.659276
421.358935
415.747057
400.659435
380.033617
344.969612
285.597821
213.241855
142.849477
64.497869
-14.406223
-101.572608
-173.964322
-223.748337
-280.062022
-317.821292
-351.282558
-339.542617
-313.292802
-288.390311
-240.900511
-195.454591
-144.742214
-90.644579
-43.655095
2.740314
49.942281
84.124128
125.892461
154.176621
171.745444
200.012152
250.949811
279.669538
303.481118
322.305358
344.751438
351.762761
365.419120
389.415512
405.791546
406.569670
415.310972
426.054522
451.164421
452.153697
460.602293
466.559732
470.715449
496.037919
468.478582
470.473648
472.247161
444.451314
431.379217
438.348927
413.102303
395.337772
377.623057
345.738429
346.466693
315.969698
323.658415
331.096623
329.717736
347.445537
333.411870
312.359668
288.075205
250.124718
192.042201
117.779447
43.753574
-29.220493
-103.084090
-174.087241
-238.891469
-287.807040
-325.618225
-346.493164
-341.898549
-333.035743
-295.947500
-263.513145
-213.353158
-144.522557
-86.734299
-31.334770
32.937164
87.612915
134.678895
177.584687
215.993824
244.885990
276.216062
310.606079
350.235896
368.157833
400.558976
436.258381
446.082232
477.809220
492.431329
499.419807
512.624645
528.160175
530.647320
538.109372
534.650451
551.439970
558.200540
557.526772
568.965321
576.589910
563.434312
563.582443
575.170155
560.593481
546.070333
525.061996
509.472003
495.652295
458.003631
443.804613
423.633428
413.810495
417.671500
414.853723
424.546644
432.180870
431.655610
415.665757
383.859457
354.538396
297.486465
223.154759
140.020243
67.971197
-9.518564
-94.044595
-160.349721
-216.204503
-282.210326
-308.099076
-324.028851
-324.237042
-308.470277
-277.366805
-227.473732
-194.775326
-127.963511
-88.027854
-38.973480
12.584350
60.562229
86.188194
121.253801
154.358863
175.498532
215.121786
238.852697
268.456840
312.990223
312.281495
342.745126
341.636375
374.525405
373.514426
372.484121
421.930855
421.525153
435.924973
435.924973
436.612839
461.050785
447.324872
452.977912
456.628080
466.048543
462.021658
441.694953
452.386581
443.795652
419.611735
409.580115
392.975515
378.643660
356.190398
336.188993
329.089716
318.712102
330.714693
344.295001
343.731500
348.300462
321.358268
289.192490
250.124718
188.792549
116.705753
48.051588
-24.682108
-95.221648
-174.652948
-236.236633
-297.397770
-327.098328
-343.315259
-352.678548
-326.368625
-297.257003
-246.720938
-195.898262
-144.099769
-77.905639
-27.228631
23.515498
83.690213
135.013917
169.891865
222.030618
245.156283
292.722413
327.781666
348.647637
370.153141
402.470040
438.704416
449.791390
457.615099
496.024032
496.939206
508.727886
520.698122
513.828916
508.872590
526.749085
551.950089
550.322015
562.936119
561.986483
553.495657
561.256788
561.820107
575.170155
540.196248
533.626783
512.963337
502.261263
481.430150
470.352567
453.689824
437.079474
432.533555
413.628502
411.720678
409.718359
418.298118
429.713320
400.202477
368.506638
335.416043
267.618255
203.569491
121.497871
47.676379
-20.808985
-100.314231
-181.242741
-240.959743
-299.916216
-327.092717
-335.560126
-331.608252
-321.550734
-274.403408
-239.677258
-187.448105
-130.313178
-88.803153
-43.089446
-5.548576
55.621453
88.941809
128.463879
156.741466
182.342597
219.922399
249.125336
280.530060
309.160525
334.126061
341.636375
360.502760
380.902924
385.215773
400.064087
412.041386
422.281689
431.820018
434.245109
445.671694
443.512432
455.220377
458.814111
467.510898
482.931694
483.042886
472.979493
457.381233
443.701999
425.104497
400.798638
404.173194
375.581851
352.107985
335.766620
326.877348
321.406435
339.278459
341.150756
346.498621
340.004664
317.987378
287.839053
239.782233
181.763072
119.428455
39.041917
-33.393436
-101.786746
-176.606549
-240.880835
-287.500195
-323.508526
-337.053091
-342.318827
-328.537627
-288.558491
-251.361207
-201.367976
-134.908150
-79.029279
-17.951519
36.635121
90.056800
121.672558
184.878567
214.953266
251.925526
292.411007
321.766976
347.050240
377.210913
401.204601
428.862536
441.162144
469.960388
479.291891
502.824410
509.810602
513.828916
523.741877
530.160041
549.399489
555.446055
554.711424
560.831685
559.863777
550.585178
573.586865
551.585127
556.464245
547.864423
536.589152
519.041881
486.961141
479.115581
455.391260
434.532564
413.268058
402.459313
420.556954
410.717992
421.820836
426.158442
425.746672
411.973140
378.903001
341.759722
285.068633
210.196396
135.138393
63.336799
-16.030686
-94.472500
-160.845010
-217.263164
-272.244860
-311.681623
-311.251834
-314.301736
-298.947636
-253.745642
-217.135950
-177.729701
-134.293272
-81.785328
-28.381229
9.352885
61.139013
100.648925
112.674818
160.020713
181.498501
205.229280
241.347819
270.398160
299.921619
311.975637
350.428291
362.609913
365.772523
373.874960
405.013423
411.645193
420.093824
439.659387
437.125327
442.359318
445.519437
449.080807
453.575554
458.998298
458.621969
472.927107
458.310420
444.687605
442.700415
425.681544
400.852621
383.437311
373.540646
357.698498
333.677869
329.947223
321.941219
329.828074
346.767484
352.965515
338.986459
318.204575
290.464374
243.907520
181.647455
108.304650
32.773971
-40.844744
-113.436103
-187.207509
-234.894382
-286.128934
-326.987115
-343.554937
-340.856150
-322.001518
-288.967246
-249.246944
-193.768785
-125.292832
-73.593274
-13.333132
45.396856
87.727893
133.999017
180.115585
206.400082
245.764902
279.840266
322.336502
338.214141
371.231257
410.074477
417.466712
453.095802
460.509889
481.612333
493.337367
501.900100
521.176267
517.258950
546.573392
526.261805
554.421247
569.946632
573.543198
579.465049
583.035486
570.122866
577.507699
572.792924
562.659939
527.086776
515.182612
507.252494
478.536940
438.385738
445.895102
425.709346
416.945583
427.264279
418.766717
423.934231
435.524464
428.558236
413.288521
383.726049
342.021569
274.156742
198.100601
123.663168
44.213700
-39.215347
-112.973936
-189.642383
-243.424163
-299.971643
-324.432538
-340.298913
-337.632244
-318.220251
-281.433841
-246.333575
-196.825633
-144.598179
-100.220228
-39.756564
16.145446
54.520587
87.741135
115.326256
145.142812
175.812072
206.579473
247.917028
285.457778
310.085233
325.370500
347.618391
361.556836
378.880352
375.677636
415.310972
403.698963
419.055086
445.795118
437.547671
446.103546
452.836618
453.699898
469.320046
469.896227
467.956623
455.182304
446.013703
445.594146
436.017331
418.656003
396.409673
384.924800
362.785334
345.174396
330.544744
322.993046
320.293924
320.307323
327.773380
336.649950
327.781877
306.841385
271.244451
230.671142
167.071090
89.710001
22.131936
-49.776847
-126.969784
-191.970490
-250.238459
-290.346741
-316.981388
-342.306280
-331.200567
-308.837522
-283.989302
-229.982972
-169.741092
-114.036719
-55.224835
9.903592
62.087183
102.469276
136.018984
182.066018
215.924806
247.318632
273.272042
305.178687
342.881435
388.372525
429.761510
438.702406
442.800630
463.837141
478.692417
483.831744
501.259291
511.217624
521.654409
513.355340
525.735197
530.703444
532.157758
545.318526
547.815414
555.087688
550.766993
548.736024
536.759643
529.716100
516.431684
493.904931
489.508487
469.463142
447.061926
434.368011
410.294905
415.993874
409.536313
408.223686
422.914148
431.422293
435.365552
412.351433
377.117522
344.049823
276.064015
205.464489
132.472871
53.908117
-29.026392
-105.335010
-183.393375
-232.103671
-283.326862
-309.251297
-318.947863
-316.455557
-291.804978
-265.080561
-211.541639
-173.710675
-125.589541
-74.691766
-22.327344
21.309561
54.739253
89.508317
133.180988
152.345247
190.880706
213.358588
265.443649
286.346248
319.651096
333.144300
340.308342
359.456813
363.662993
383.365553
393.976091
403.457175
417.845110
426.458039
447.830956
434.591268
449.958776
462.459108
455.624738
475.511340
481.319341
457.685688
467.740030
445.102863
428.890507
414.152002
395.916013
382.408951
369.968536
348.232532
334.968918
327.122333
325.941612
343.501313
345.385594
356.392057
344.603993
311.326606
283.749585
232.238596
161.790541
98.321914
15.087438
-55.518937
-122.051505
-200.107783
-256.835630
-311.580751
-336.395716
-350.471032
-347.982313
-332.800319
-286.569018
-239.806073
-190.985938
-130.660311
-66.851458
-15.181586
47.769454
101.760481
151.599351
188.797980
208.737569
255.957840
275.435145
316.370531
350.852584
381.605604
403.484173
428.464334
442.800630
458.885076
471.816134
483.831744
502.638903
517.617516
518.686529
529.130166
535.144583
536.129084
548.379248
552.643534
551.789827
552.170356
545.301251
552.131791
556.463531
528.632623
514.300559
498.165611
496.244103
475.643731
451.340767
424.075898
408.511015
398.717103
409.381494
413.112977
415.467882
422.655920
416.439623
404.538173
364.052572
316.476391
249.933335
185.957687
114.484204
29.437993
-51.222121
-132.219517
-210.949061
-274.100452
-310.807268
-324.877202
-344.070995
-334.583228
-298.539969
-269.696581
-230.995693
-175.344201
-122.084169
-77.254719
-27.781810
26.842833
59.163883
100.275450
136.454979
154.683486
168.921273
217.419702
236.323849
274.558133
290.856319
315.633478
336.744092
352.366350
361.897354
374.956566
385.215773
401.378853
401.765539
421.525153
424.823151
441.929844
434.168924
449.305729
453.575554
472.249804
454.888103
443.272552
448.050200
430.272042
422.793794
402.330111
384.455977
362.058182
355.659188
341.956746
321.145367
323.392450
319.741730
325.818838
333.166765
341.431489
330.965957
306.456557
271.472071
211.479139
149.739586
85.049893
9.052461
-65.643340
-144.503643
-201.581720
-266.623446
-321.668527
-353.934082
-358.927964
-342.531726
-322.389305
-276.594998
-231.025938
-169.607034
-114.225522
-36.668880
19.615412
66.670865
113.421501
158.731837
220.228386
243.534522
272.080207
307.008545
335.427490
362.801512
387.848970
417.960571
445.668041
441.553767
463.063548
467.688188
481.342006
498.311965
512.624645
528.160175
540.100411
536.626978
543.529466
545.923773
553.527233
547.815414
552.170356
554.192163
544.807583
558.152204
534.680779
541.422927
503.211857
485.281395
463.063774
444.214399
433.105697
422.018226
415.300153
419.629346
423.471962
432.187315
440.523550
436.318659
402.752863
380.379890
332.087334
272.248807
206.389536
126.238853
40.224180
-40.195575
-119.409217
-192.382593
-251.494232
-289.966662
-311.758608
-314.188755
-310.095803
-284.152705
-255.455146
-211.926734
-158.623190
-115.636888
-69.097448
-14.830527
33.324775
71.089949
100.025074
119.546561
139.066557
164.864699
183.568487
226.730780
264.608765
288.561595
304.402521
340.640350
348.296671
374.525405
380.902924
390.376875
404.235299
409.664225
425.233609
417.468126
434.591268
443.512432
446.885887
455.169112
456.236023
453.018060
440.016614
445.159553
416.552210
415.289540
408.256600
376.368782
362.776128
347.828728
326.888989
318.221407
314.127835
319.615120
324.856147
332.111403
347.910362
321.388163
301.126786
262.028180
204.646994
138.221158
64.262658
-13.149222
-83.278408
-156.513106
-212.686731
-271.416133
-322.376560
-354.537723
-365.533343
-343.946200
-329.812435
-288.546481
-247.035484
-181.843523
-121.732414
-62.517543
-1.052219
55.102800
94.321496
140.760008
191.658555
221.387541
256.637004
276.446269
311.181458
353.272256
383.436724
420.793689
437.862575
438.267628
450.638317
466.468428
476.046831
504.018517
500.599900
518.210669
522.017543
522.776454
535.638714
534.639837
537.993518
545.405921
567.244978
552.579578
537.385872
546.321621
537.394401
517.221097
502.091118
470.678685
455.201204
433.524957
431.335509
404.943233
405.147407
418.766788
421.682772
432.619699
438.405343
424.718558
411.301301
373.498681
325.134511
260.051805
187.350957
114.653232
34.287096
-55.774583
-122.510756
-190.282693
-243.360824
-284.107438
-317.940324
-316.215780
-303.254044
-279.803943
-252.794112
-206.042399
-158.320473
-110.796954
-75.790175
-33.886379
16.352144
67.863245
90.528032
126.968465
162.293196
184.176686
219.386314
256.574086
272.339481
307.999477
323.464031
323.251460
359.108165
362.609913
389.415512
388.291117
393.596539
412.520975
408.871837
424.806702
436.188119
442.479832
454.592130
451.772072
450.216052
455.355614
445.454059
439.812442
428.779223
423.067361
403.819159
379.230902
377.096619
352.682960
345.154195
321.961559
322.669969
326.860983
339.329479
342.180503
341.177174
330.226693
303.499255
262.682657
210.590053
134.564996
74.724022
-2.931187
-86.469989
-154.374492
-224.845452
-269.543178
-318.136601
-338.445164
-358.503856
-340.407486
-319.933285
-271.016436
-217.502664
-160.254422
-102.798416
-48.862646
-1.064296
48.416736
108.427358
147.323723
185.690284
229.891987
258.752139
304.915746
320.567283
353.617924
383.593084
407.821018
429.658938
448.981559
464.265036
473.873102
482.666800
492.652852
506.521649
518.686529
517.734810
534.638223
534.143420
548.970789
542.876756
529.437961
554.557010
538.209018
543.723389
541.310987
525.325223
514.116135
492.802465
472.150297
448.703811
434.286403
419.515454
405.731200
403.049763
405.793712
403.812121
423.497020
431.331486
420.009466
397.396498
354.309269
299.949468
232.717439
169.927992
88.704551
7.746838
-76.719072
-156.966053
-209.273071
-269.023466
-315.109504
-336.412580
-337.133533
-324.502140
-292.481193
-262.385949
-214.445302
-155.851692
-110.807544
-66.246653
-11.968427
27.140674
72.787056
105.123266
128.351898
163.618811
190.534810
220.097069
253.597491
281.521680
308.336815
342.410741
331.851506
352.787313
366.120174
366.125927
393.017105
394.355645
412.520975
428.106808
415.828482
443.512432
435.338678
445.129949
465.133843
458.628191
432.795727
440.946882
432.767076
428.297449
413.844216
386.718027
369.802052
355.507347
346.549925
321.928608
315.401304
314.391032
323.203292
335.289962
333.296998
337.930824
314.020479
291.527653
252.753904
190.640431
124.808111
55.647610
-14.747293
-92.044558
-177.739478
-239.322415
-289.644998
-339.377354
-352.776718
-362.678276
-352.816547
-327.074654
-277.733792
-223.623823
-176.457466
-108.911197
-43.467680
8.646093
62.582537
103.986901
150.660165
192.064660
216.391582
257.745588
287.878232
315.974866
351.332512
373.253743
399.937895
437.862575
439.482789
452.295076
479.731206
485.163390
493.554321
495.602461
519.038242
508.872590
524.707298
535.136252
522.363570
548.272399
535.626243
524.405282
533.014370
538.991606
527.315724
528.011165
506.032061
486.738900
476.567457
445.581464
422.244618
408.335543
400.264681
394.300943
389.731379
403.018604
422.854288
420.877965
424.118478
383.641067
350.411132
300.414670
216.203548
159.946562
84.159237
-3.225156
-84.836641
-167.997365
-225.599342
-274.911990
-314.758503
-333.293713
-335.403696
-324.610131
-294.744473
-256.209976
-209.352759
-161.701397
-103.008626
-51.278072
-10.473394
41.679709
69.564302
96.451811
139.229781
