231.441027
421.547150
584.149758
754.717701
882.889092
983.050107
1066.417657
1113.544248
1133.762180
1123.887675
1112.006180
1059.452107
1006.691307
920.726724
841.024052
755.406195
660.986655
577.151287
473.755958
381.693060
302.929497
223.040044
161.094004
95.446424
47.522585
5.171616
-8.883237
-6.265241
20.760972
43.621549
61.384622
76.738992
93.542278
105.129086
125.595140
141.607133
173.139442
204.065224
238.530470
273.571058
336.198472
399.474063
472.735807
527.466232
606.335758
683.923688
776.557924
861.633770
958.725574
1043.449690
1138.443317
1240.511595
1330.203534
1407.636338
1452.289634
1529.036927
1590.967992
1631.275781
1684.094432
1725.087455
1733.383275
1749.045555
1749.866193
1752.182715
1744.517317
1713.501894
1670.152537
1643.477028
1589.339285
1506.603936
1445.099345
1355.057174
1270.780885
1175.311118
1078.999428
981.980569
871.784390
779.876084
674.309356
577.887182
491.991398
400.304910
311.669970
236.242364
177.264746
121.249823
77.719050
40.083296
15.018258
1.463679
-3.897885
-4.188288
-4.257940
-1.564593
-3.039279
-3.566757
-2.642246
-5.493515
-1.389626
-0.505289
1.711953
9.264296
23.040499
41.597885
71.201020
98.183076
155.141691
241.360770
302.863856
364.907897
423.044694
466.004722
529.976489
584.915490
656.403048
729.141922
795.886718
867.178161
929.485565
984.185993
1027.584649
1075.789993
1117.195487
1136.925830
1186.626002
1192.158980
1186.906266
1186.726230
1175.593716
1183.735001
1142.070260
1110.400939
1077.003658
1016.875956
968.074279
896.745631
837.067667
773.749137
703.001706
632.167160
553.324768
479.569246
404.947362
339.071221
277.251050
214.625202
155.135366
107.067118
68.778978
38.531703
15.851629
5.162867
1.422413
-0.034661
-0.530847
-0.585240
-0.537021
-2.060935
-2.017336
-1.018248
-0.392986
-1.321631
-2.404697
-4.756805
-1.747063
1.857888
-2.019061
-2.141111
6.959087
19.111047
41.294877
76.003375
115.833817
147.627374
197.684666
238.251499
288.201409
352.745663
402.273538
461.736144
530.309058
576.726096
639.461925
682.567345
724.090955
771.127714
782.775559
823.883054
836.407490
854.685493
862.870343
866.903451
855.496969
853.570663
836.343489
805.411235
787.950877
759.036480
715.210893
663.112883
609.964218
563.125572
510.064499
450.669097
390.012958
331.187612
272.023536
218.798641
168.681862
124.112776
74.545646
42.119531
15.593935
6.877657
2.885325
0.381193
0.559212
0.003434
-0.173703
-0.344001
-0.165449
-0.221343
0.283246
-0.321954
-1.123963
-2.089802
-2.351739
-2.579510
-0.555594
-4.318596
2.005924
-0.691978
0.787706
0.853250
13.131581
21.020110
48.919308
76.402814
104.023876
132.742021
185.066643
227.463800
275.249502
324.240168
379.981043
429.322372
464.572712
506.811288
550.460591
579.746611
609.539502
628.821234
656.711374
668.512853
670.919888
687.967081
680.881278
667.089811
657.922487
670.076163
675.329388
648.585116
608.957768
554.588567
490.745781
447.233101
387.919783
339.046630
278.691013
224.770896
184.830756
132.487163
91.263536
53.866652
24.362675
10.825062
5.278069
2.271107
0.191952
0.366600
0.526484
-0.013949
-0.437495
-0.359177
-0.886551
-2.081753
0.277281
-1.691980
-1.161222
-1.304195
-3.346023
0.513985
-7.541728
-5.631141
-6.037083
-4.990678
-2.343366
-5.857566
-4.426961
-0.935850
12.395477
34.821644
50.623790
79.314549
110.313159
160.979451
191.268694
233.140509
280.856131
324.615364
361.722928
395.827645
435.657863
464.150760
478.111399
515.176628
534.445167
552.640912
559.325153
569.143712
553.831069
549.578118
538.695390
524.532070
505.508463
487.510588
446.598055
414.667335
375.981033
336.342070
291.038848
244.918042
201.800097
158.685521
115.382020
75.762995
37.703522
19.067474
8.515986
1.116106
3.457022
0.755518
0.188236
0.901462
-0.307106
0.003434
-0.055895
-0.340595
-0.166566
0.234088
-1.947759
-0.321954
1.913693
-0.415857
-0.457219
-3.632091
-0.557830
-0.605900
-1.972043
0.723331
2.324106
-2.479529
-7.857061
2.759875
6.717394
10.959434
25.794766
45.629912
69.221477
98.668228
131.380512
167.639325
203.132643
243.189362
285.198101
323.427836
342.936103
377.549451
403.472724
418.368861
434.944929
450.203730
469.937721
471.138396
466.060842
461.396812
444.921280
439.283875
417.983310
399.834632
374.165523
346.891360
302.316916
269.087117
237.419326
189.656960
152.466323
112.018219
68.202837
39.658138
16.669267
6.704947
2.235515
1.879212
0.947626
-0.756120
-0.186689
0.122896
0.183300
0.032195
0.182011
-0.366151
-0.177021
-0.693943
-4.297933
-15.677016
-19.659254
-28.053844
-25.261994
-19.432832
-19.999242
-18.180127
-15.324708
-12.077170
-8.545194
-10.937007
-0.902806
-10.109270
-6.724453
-3.005925
9.247716
28.630969
38.251354
64.282645
100.938465
116.919982
155.334387
195.545045
219.888027
257.950680
288.918986
315.025004
331.083033
357.698888
369.732035
381.702030
384.794874
391.960190
385.830127
390.892564
384.820446
365.395620
356.089685
326.833029
308.027747
280.895999
245.518626
212.211387
180.647569
137.977177
106.921221
68.008277
33.786860
14.578469
9.831517
-0.529882
4.887950
-0.381185
0.930661
0.758952
1.328047
0.637303
-0.061367
0.003511
-0.301797
-0.347407
-1.197393
-1.588541
-0.841269
-0.974101
-0.371141
-2.953568
0.481051
-1.559924
-3.975343
-0.605900
-1.968637
0.724502
-2.299014
-0.812710
-0.858544
-6.402059
4.810093
4.999738
5.189383
13.946290
23.090549
41.977258
57.041422
93.937584
122.632592
145.708587
186.265364
215.180844
239.391291
265.414536
279.593542
306.363513
323.726477
327.474411
337.943163
344.858941
341.620828
342.179877
344.304132
323.773537
302.450329
285.683642
264.252662
240.478061
205.119419
172.109433
139.010311
103.709761
73.523530
33.585525
17.148796
6.961574
0.588731
2.591818
1.348811
3.386013
-0.300714
1.275795
0.193122
1.083937
0.179842
-0.010409
0.059739
-0.826379
-0.178201
-1.176274
-1.437024
-1.018248
-0.395347
-1.311169
-0.490938
-5.773092
-1.750550
-5.662367
-6.047491
-7.858527
-3.882282
-0.855601
-7.931478
-0.935850
-4.820983
-4.971639
-3.121001
-3.201205
9.848351
23.715027
45.098733
70.144795
92.707746
100.986852
96.756507
106.858316
136.728449
181.760345
204.019941
230.794993
262.151230
270.978498
281.109850
290.294682
296.308864
295.835964
286.621843
283.487807
268.240005
256.398802
225.372381
197.684666
170.811392
137.308360
109.553671
72.345722
45.878616
20.166161
8.877437
1.875059
-0.588889
-0.527522
-1.335579
0.361818
2.165120
-1.268985
-0.956084
-0.608417
0.182011
-0.002236
0.059692
-0.586511
-0.521110
-1.144551
-1.395099
-1.674119
-2.642246
-1.270418
-2.357433
-0.509761
-2.847141
0.636719
-1.985667
-0.694213
2.331023
-2.482935
-2.605549
0.936351
-6.673468
-2.969986
-5.147631
-3.170937
3.306317
16.998866
38.386611
51.241357
81.436381
108.982327
139.268515
157.827318
177.707449
205.042667
222.847620
232.591860
248.853217
264.708078
266.673727
272.005124
276.702627
268.008174
261.543388
255.404705
233.542434
230.776376
193.441890
178.360571
152.141008
121.204404
93.471018
64.461983
28.209585
14.212286
8.939929
3.132020
4.025616
0.525527
0.452960
1.120551
0.933792
0.757409
0.948226
0.843692
0.401758
-0.005901
-0.437495
0.350286
-1.223364
0.225432
-0.864814
-1.007787
-0.392986
-1.304195
-4.278002
-2.642270
-0.593610
-6.917538
-4.682812
-2.148086
-6.932236
-7.535945
-6.141127
-4.618178
-8.691317
-2.998951
-3.117514
-7.453610
-1.121132
10.138313
19.663034
43.978895
59.155254
81.591417
106.557306
141.789172
154.121380
171.546306
188.827364
208.771858
220.713897
236.642792
233.309194
246.330089
248.796661
242.609078
244.450457
222.900839
217.052420
196.350717
177.021831
156.356117
129.639286
103.086786
78.463101
40.156829
23.232403
9.670867
2.039899
1.881927
0.561326
4.597968
-9.288511
-20.629165
-17.695265
-14.298620
-9.161544
-4.161458
-1.221727
0.087058
0.693635
1.770357
0.532608
1.143618
-0.276120
-2.338907
0.389756
0.438915
-2.340350
-0.511996
-1.696162
-0.605900
-1.975449
-2.104875
-3.849335
-4.156826
-4.378903
-4.561120
0.981999
-4.959720
5.183637
-5.301377
9.941253
17.016054
19.865794
34.633557
44.857635
74.704586
99.744754
117.632187
145.536163
165.130211
180.690350
195.102756
214.586969
208.852638
231.835316
233.414201
230.354464
228.168938
216.768411
213.804780
200.306962
174.663053
161.729482
128.879915
116.348597
82.837503
53.482996
35.154431
13.652864
3.752677
0.702264
1.895253
-0.556712
3.599752
1.334977
1.867718
4.052768
0.259838
1.341872
1.638987
0.304582
-0.031226
-0.307106
-1.802359
-1.561314
-1.620350
-1.448613
-2.373813
-3.486936
-2.184508
-6.249719
-0.540504
-1.750550
-4.407352
-2.026035
-5.023085
-7.015507
-4.200977
-4.403783
-8.274967
-12.454367
-10.973962
-9.295026
-5.325101
-5.498934
-3.424383
15.075176
20.211405
44.789370
59.833251
72.662116
109.623521
131.923772
142.054446
161.671371
163.986779
188.121468
199.102692
193.298854
207.100656
207.527860
216.781156
208.945242
191.083412
189.668551
165.806863
140.976474
122.154105
93.240119
70.924678
38.869273
17.858867
10.419387
6.658769
0.669533
0.613175
1.710218
1.524773
-2.219275
-2.624967
0.916924
0.741781
0.947343
-0.858786
0.055231
-0.015965
-0.455009
-0.822210
-0.527922
-2.064404
-2.536855
-0.326426
-0.370024
3.829912
0.484562
-0.511996
-5.135334
-5.607785
-8.655999
-4.981153
-3.855029
-5.835293
-0.860780
26.597775
53.006130
47.074891
56.846241
54.348300
38.507686
32.940066
29.201622
41.793461
49.892069
69.807852
82.739977
95.349302
115.369067
135.836260
155.628576
162.497462
169.938821
184.480538
180.659174
191.869008
187.828787
189.946070
182.153130
174.861363
162.816677
153.173302
133.457226
108.262783
82.639491
61.969999
33.590278
14.626678
5.640683
3.758424
-2.060598
-0.615961
2.902147
-0.507525
1.348811
2.659638
2.828560
1.281542
0.581026
0.376975
0.578100
0.000000
-0.295517
-0.119194
-0.523073
-0.679995
-0.847378
-1.663007
-2.673578
-2.138152
-3.321718
-3.678195
-1.736602
-3.140593
-2.019061
-4.982577
2.314633
-4.206772
0.858896
0.892711
-2.890849
-8.982763
-7.315881
-9.544836
-3.298846
-3.403460
8.064869
13.030313
37.450208
40.096511
72.662116
75.196654
114.766122
114.766122
134.264253
154.265553
146.859429
169.622422
176.109261
184.591984
183.709613
176.327923
173.578169
165.907299
160.649575
141.348340
123.879054
95.137898
77.806080
46.329807
26.140632
14.453505
3.967357
3.686025
-3.407137
-0.634915
-0.585349
-2.566942
2.181760
-1.119376
0.300952
0.242339
-0.554457
0.114970
0.338048
-0.006707
-0.064838
0.383892
-0.888308
-1.190105
-1.440653
0.348791
-1.164834
-1.290854
2.413667
-1.576953
-2.887001
4.435409
-2.006103
-6.470521
-0.761287
-4.196686
-2.632797
4.614701
-6.721364
-6.984790
-3.078976
-7.439799
-5.494982
5.706598
1.197359
15.570377
32.896088
45.450653
65.456794
78.306796
90.898932
118.501926
120.996212
135.711525
147.751230
149.818373
163.608274
167.273729
166.019567
166.375154
166.025857
154.020068
141.610561
131.818609
134.172430
139.651799
126.581578
96.511041
69.969820
38.582144
26.598597
14.212286
10.347136
10.711948
4.057756
5.675196
5.766254
1.890706
4.112367
0.261008
1.723976
0.626404
0.578100
0.013834
-0.295517
0.350286
-0.526560
-1.164685
-1.419641
-1.674596
-0.391806
-3.013851
-3.329819
-2.653859
-2.908815
-5.662367
-7.324452
-3.557793
-5.420071
-7.525536
-0.899266
-4.618178
-6.740656
-12.920091
-11.342728
-7.445509
-12.092976
-3.406947
-3.490639
10.645747
20.505176
42.568754
55.050466
70.329683
77.808458
104.597406
117.234932
126.872278
143.715896
150.094350
154.097410
162.871968
165.934978
161.334694
154.475853
140.163722
132.859745
124.074342
104.588577
86.854078
52.069438
38.715064
13.510924
4.237207
0.783376
-2.238752
-2.064394
-1.886549
-2.850870
-3.580974
-2.201891
0.365200
-0.315097
0.738347
-0.557944
0.346851
-0.050746
-0.039860
0.207509
0.125237
-1.261254
-0.232522
0.292610
-0.332015
-0.383438
-2.152439
-0.470634
-0.520939
-0.566773
0.646082
-0.657323
-0.699803
-3.877806
-2.496559
-0.863016
-0.897670
-4.794586
1.026475
1.059248
-9.603075
-5.489288
-3.375294
5.879003
5.999686
25.592025
40.464627
50.736902
80.642832
83.430115
113.513665
115.794783
138.328257
135.711525
154.484248
158.836276
164.832378
161.477562
161.433772
151.750643
149.241148
139.485862
113.980422
97.788378
87.840459
52.717288
39.237789
11.845406
12.908138
8.891141
2.265311
4.829132
4.435409
-0.563420
2.586072
0.452960
1.141302
0.321871
1.275795
-0.185571
0.376975
0.186758
0.003381
0.175143
-1.061694
-0.863373
-8.080502
-16.313850
-21.011244
-21.707946
-22.692978
-18.546930
-15.166846
-8.630527
-11.916121
-4.674710
-6.422207
-8.481614
-7.535945
-9.715072
-4.589205
-12.514460
-6.983709
-3.114027
-9.555245
1.068548
-5.678562
1.129415
13.042976
13.232923
32.832253
45.343905
70.329683
85.141932
92.375069
119.591870
124.408083
128.246257
140.064888
146.815874
155.631962
159.077914
152.358632
151.699118
138.442345
126.289956
110.196672
98.462897
72.462837
56.263746
23.598343
11.706840
2.524117
2.376448
-5.201324
-0.699822
-0.639635
-1.722653
3.541460
-1.318143
0.357310
-0.317457
-1.234218
0.182600
-1.072103
0.154538
0.013834
0.327569
0.373517
-0.541546
-0.701625
-0.281710
-3.060659
-0.380085
-2.175216
-2.402987
1.594364
-0.569009
-5.659138
3.356146
-2.118499
-2.309232
-4.179603
-4.401680
0.938692
-0.940150
-0.974805
-3.089194
-1.044115
-5.489288
1.166928
-8.174200
5.982445
20.664321
25.784446
55.632464
68.492481
85.998794
101.042548
106.128395
135.711525
128.360578
144.866723
153.769044
150.605320
151.766470
152.595473
149.543564
133.178774
132.549035
112.114622
93.291755
69.167246
56.694415
29.530810
15.464157
4.315866
8.878529
2.261853
-0.672973
3.183741
-1.726815
3.607787
0.448278
4.123976
1.574630
2.333046
0.577568
1.094260
0.433899
-0.000000
-0.059007
-0.818277
-1.571723
-0.231307
-1.408052
-4.341752
-1.157734
-1.297221
-3.346023
-3.686296
-7.511681
-4.415454
-8.683503
-6.411798
-8.519762
-5.865667
-2.657210
-10.071122
-4.815189
-4.977434
-1.057405
-1.081007
-12.054827
1.104617
-1.184860
3.533764
22.899026
35.299881
50.107409
70.132497
87.610435
99.953874
70.263955
60.454749
60.228750
76.936654
90.991173
104.951923
123.070862
126.000160
133.433027
115.205612
117.226040
94.817942
76.946197
64.368155
34.458498
16.020281
4.478348
2.520683
2.373014
-0.755289
-0.697462
-1.893524
-2.856664
2.520506
-0.446093
-0.375284
0.297570
-1.725673
0.556336
0.346851
0.151104
-0.007825
-0.063720
-0.364436
0.183759
0.726283
-1.452042
-1.011566
-1.936056
-0.423683
-3.352699
0.543084
-1.713191
-0.615961
0.687048
-2.138935
-0.761287
-4.196686
0.903579
-0.898788
-10.574681
-4.976803
-1.016167
-1.046351
-9.890654
-3.382105
1.193848
10.767110
27.974131
45.493012
58.103866
70.721226
83.660162
100.671750
121.107217
121.107217
130.612258
137.566118
141.337948
148.018337
144.619177
144.556729
142.479765
133.310373
126.007007
98.491505
82.571437
56.972147
40.786649
16.165303
4.534245
6.018335
-0.786999
0.761956
0.706945
-0.614843
4.057756
0.530209
-0.432626
1.907946
1.586124
-0.251527
1.357942
0.380434
0.310329
0.050446
-0.283928
-0.355690
-1.561314
-0.693943
-3.680724
-1.674596
-1.157734
-0.444912
-2.398903
-0.538143
-5.193973
-3.134798
-4.690914
-3.569382
-0.789513
-2.531672
-11.432778
-4.589205
-8.587230
-6.967505
-7.202456
-7.437407
-7.664256
-14.692848
-8.166564
1.159848
15.673991
40.096511
45.343905
72.798187
72.798187
95.016560
107.259661
116.467975
126.515895
135.192174
142.096562
143.565386
142.192868
142.908228
135.484282
126.998709
101.382710
92.735844
72.728715
51.985445
34.297100
8.460676
4.455383
-0.865042
0.783376
-5.177019
0.667279
3.100395
2.836287
3.549508
-2.190303
-14.270332
-14.816819
-13.266140
-9.603228
-4.863851
-1.473159
0.130588
1.065652
1.125230
1.693007
0.242281
-0.282828
-0.334251
0.399120
0.447108
-2.397293
-1.573548
-1.726815
-0.614843
-1.992479
-5.021066
-3.883500
-4.196686
-4.401680
-0.895435
-4.805974
-9.007376
-3.082382
-3.187966
-5.494982
-5.682894
3.527660
13.166455
23.114009
33.205262
50.830772
63.513373
83.660162
96.142410
105.836566
123.490187
125.868890
137.566118
141.732746
150.464567
141.787301
142.576533
137.770664
126.481146
107.847625
89.547800
76.464227
54.901204
34.821206
16.204255
4.568726
7.752732
5.680859
3.758424
7.617374
1.902170
0.591072
0.530209
1.338436
1.144760
1.580377
1.287289
1.374012
0.883868
0.197134
-0.000000
-0.167383
-0.573651
-0.519586
-0.679995
-1.413846
-1.007787
-0.387086
-2.143947
-4.278002
-1.579680
-2.879842
-4.399251
-7.349884
-4.974475
0.755197
-4.189388
-7.941886
-6.432790
-10.516184
-2.991976
-5.168650
-9.534427
-9.846690
-10.179771
1.129415
3.523462
15.569198
15.733873
47.571744
65.086797
77.445206
92.721043
107.259661
116.577540
121.715528
127.761851
134.808106
140.882062
139.802506
128.481336
119.269445
115.205612
94.794462
86.005784
60.338925
49.889293
20.593355
8.481388
-2.706030
-0.865042
0.775486
-0.750568
-7.502477
0.605285
-0.584169
-1.509937
-0.441372
2.487070
-0.303296
-0.725328
-0.181741
0.329681
0.140801
-0.051089
0.214426
0.401185
-1.715202
-0.236994
-0.288417
-1.028596
-1.975916
-3.933666
4.408011
-1.590577
-0.571245
-7.045601
-4.693779
0.737377
-5.468093
-4.208075
-2.646421
-6.481885
-6.745312
-7.000755
11.463896
50.464283
54.461377
62.637885
59.777292
65.911423
64.668158
65.335465
73.201474
78.378901
88.815516
93.731671
96.318656
120.996212
126.100055
134.963116
134.588911
143.260068
132.343684
123.410032
121.406240
112.226761
91.957989
78.983240
63.409764
50.871750
30.915067
14.283173
6.371882
-0.838422
2.431319
-2.230895
0.706945
4.435409
0.591072
4.645445
-0.433744
1.896452
0.324212
-0.769744
0.965467
1.166523
0.441934
0.020646
-0.295517
-0.818277
-1.207161
-2.974626
-2.529330
-1.674596
1.906169
-2.143947
-2.387314
-2.636475
-2.874048
-5.651958
-3.337604
-7.782230
-0.789513
-5.841362
-0.899266
-2.761824
-2.894336
-3.005925
-11.342728
-5.336690
-5.487345
-7.907308
-3.497613
3.526896
22.899026
32.801132
50.154681
60.285249
70.001040
84.823644
99.860459
104.499376
113.693542
110.723353
107.468002
116.683181
120.098065
114.221983
103.259608
87.557316
92.563304
77.048056
59.944552
41.834960
20.593355
10.333076
0.872422
-2.559570
-5.614513
-5.185120
-3.412932
-1.872601
-1.708704
1.500734
-2.172919
-1.831047
0.295316
-0.728815
-0.892345
0.556923
-0.050746
-0.051249
-0.065956
0.924043
-2.047118
-0.725467
-1.463431
-2.394785
-0.383438
-3.933666
-3.376647
-4.796402
-0.571245
-3.177409
-6.028882
-2.152559
-2.326262
-5.883189
-2.636203
0.944544
-0.943504
3.036555
-1.011696
-3.187966
-3.290145
-1.113424
5.896243
3.624498
18.356713
30.833477
38.404251
61.135840
73.606648
86.156735
91.066026
101.042548
101.135248
105.252909
122.017368
116.218862
120.204669
121.130025
109.834757
103.074874
96.595322
120.618607
117.126031
100.349151
76.755307
50.715366
31.896065
26.762297
8.903752
3.769918
4.861272
3.172248
4.057756
4.707385
3.125678
1.141302
0.951085
0.771243
0.959720
0.376975
0.065545
0.003458
0.058612
-0.355690
-1.907409
-1.129918
-1.408052
-1.686185
1.140145
-2.161330
-5.239018
-2.624886
-4.058977
-4.399251
-2.001625
-2.148086
-8.507046
-4.206772
-7.921069
-6.384179
2.857232
-8.951536
-5.180239
-5.319306
-1.115231
-12.410877
-5.811835
-5.950901
5.999839
25.481555
42.810851
45.471874
67.860873
70.198226
89.910873
92.029095
104.205288
110.828304
112.191929
121.495908
118.175958
114.221983
110.003619
110.753930
94.598403
81.476887
64.434177
37.665727
26.328043
4.673559
0.871295
-0.863862
-7.150820
0.719128
-3.418726
-0.631374
-1.708704
1.511036
-3.030055
0.357310
2.100729
-0.247829
1.625858
0.114970
0.147669
-0.123248
-0.072663
-0.124086
-0.933862
-1.195799
0.885374
1.051381
-1.178458
0.449449
1.462941
1.615115
1.760372
-3.148938
-2.002697
-2.152559
-2.336480
-4.196686
-6.178546
-2.752005
-6.729346
-2.997233
-5.181797
-7.471730
1.135326
-7.918756
-3.487690
-1.171555
11.004544
23.418714
33.483519
41.144704
68.618387
73.674177
88.652999
93.817506
110.917527
117.849622
126.828266
125.767435
129.793615
128.079359
109.515470
110.130689
91.865289
83.088148
65.279241
48.527488
24.935895
10.467584
0.926988
6.026371
-0.785881
0.768979
-0.674091
1.919462
-0.564537
0.527868
-0.432626
1.127468
2.185564
1.275795
0.577568
0.397726
0.466039
-0.000000
-0.056647
0.114970
-0.857579
-1.141507
0.273900
-1.668802
-1.157734
-1.297221
-16.565028
-29.930653
-40.556286
-36.972147
-36.497754
-36.257787
-23.977900
-20.899200
-16.678180
-17.336529
-18.192383
-14.904122
-7.218660
-9.544836
-12.029395
-5.655384
-15.023362
1.157594
1.172247
25.433157
40.248680
40.591060
65.392369
79.979439
94.394956
104.303318
108.905014
113.049993
122.311317
131.372795
127.481063
121.288948
114.636388
108.360138
96.724334
88.090190
62.252655
45.711084
26.421405
8.429609
2.654616
-0.862682
-2.399161
-0.750568
0.657134
-4.342538
-0.578268
2.503282
0.419304
-0.367023
-0.903172
0.229941
0.528863
-0.113293
0.046214
-0.034059
-0.370128
0.133430
0.191952
-0.236994
0.888832
-2.426716
-3.563922
-0.429272
2.471135
1.628949
1.763830
-3.171715
0.691730
-5.045014
2.382900
-0.827243
-4.418763
-0.906614
-4.823057
1.032327
-5.181797
-1.047468
-1.083241
-7.958669
-5.842334
-1.174909
13.469132
20.975941
48.531092
55.941533
76.170751
81.386769
93.989176
106.031119
111.121232
125.290980
124.828652
126.356786
127.728455
123.292162
118.933966
110.021972
107.847625
87.608777
73.916319
54.901204
32.870425
16.204255
4.551486
2.597326
-0.786999
3.758424
2.085470
1.909087
0.593413
2.580325
0.454130
1.141302
-0.306303
1.799876
0.195463
0.383892
0.864193
0.051616
-0.721121
-0.591034
-0.174661
-0.683482
-1.408052
-2.333304
-2.665476
-2.155536
-1.436707
-3.661991
-2.885637
-4.399251
-8.578340
0.694331
-2.332905
-5.865667
-0.896906
-2.761824
-6.740656
-6.975607
-5.162856
-9.555245
-1.121132
-5.661179
3.444476
3.526896
10.821795
30.340727
45.215935
47.796564
77.445206
84.744072
84.744072
50.438307
42.972249
37.664617
61.923839
66.338760
77.505848
90.754135
91.198930
98.931736
85.603704
75.036300
53.749657
35.507586
20.496559
6.551700
0.870168
4.214241
-3.974994
2.184134
0.659389
-0.630194
-0.575908
0.492569
1.277512
0.351674
0.892885
0.704005
0.521994
-0.109753
0.045086
-0.056943
0.217885
-0.666231
-1.325114
0.729741
0.301973
-1.731062
0.403802
-0.429272
-2.420070
-1.597389
-1.747251
-5.679680
0.688218
-5.037032
-2.339886
-2.523807
0.907090
-2.758817
-2.891649
-9.027918
-1.016167
-1.049704
-3.290145
-1.117896
-1.148079
6.022673
11.035513
38.262276
41.031358
68.492481
68.870197
81.312375
98.638984
103.726809
108.525095
125.175398
127.299747
128.329247
127.848613
121.014443
121.406240
103.787842
96.595322
76.364402
69.855737
48.581288
18.913441
4.798599
10.000957
0.882511
4.051512
0.765467
2.085470
-1.876677
-1.720003
0.529039
-2.197993
1.148219
-0.307421
0.764326
0.195463
0.620657
0.598746
0.001170
-0.635803
-0.591034
-0.526560
-2.517780
0.276154
-1.668802
-0.387086
-2.149741
-5.226302
-2.653859
-4.050875
-6.904822
-0.679760
-4.974475
-6.984280
-10.891937
-6.157330
-6.440892
-12.469390
-3.002438
-9.253391
-3.197718
-9.846690
-1.149455
-5.794451
-1.213183
13.232923
35.065886
37.736087
60.341749
72.662116
75.196654
92.202082
99.486800
108.802371
120.573731
127.277446
121.495908
123.070862
125.876752
116.370482
112.352795
90.145316
79.050852
57.903717
39.568181
16.627406
8.388185
2.647747
-4.241538
3.938650
0.716874
3.353020
0.603031
1.682745
-2.526381
-1.304195
2.519266
1.469817
1.649998
-4.010452
-5.146300
-2.499703
0.970629
4.003845
6.284408
7.031508
4.657625
3.291614
5.979214
5.947025
-0.430390
-1.471369
2.712502
-0.576834
0.655446
-3.376709
2.199600
-3.923360
-9.318781
2.687247
0.946885
-8.740339
-3.000639
-3.102818
3.247522
-5.512065
-1.114542
1.198530
1.231302
18.322337
23.462243
43.276068
63.571749
68.681339
86.156735
98.819807
101.320647
113.617806
115.581925
135.087851
116.327579
125.178084
118.165381
109.409041
114.879862
87.594460
72.161944
52.722651
32.157349
12.947998
8.588912
0.928158
0.876659
-0.783645
2.268770
-3.445041
-3.160327
0.589901
0.527868
0.456471
-0.366670
0.961460
0.774702
0.197804
1.114907
0.065545
0.032141
0.056358
-0.355690
-1.207161
-1.612248
-2.550147
-3.662226
-4.183585
-2.989546
-4.298819
-5.773092
-5.204382
0.614302
-6.016265
-6.422207
-7.005098
-9.206429
-0.898086
-10.071122
-4.803600
-6.918895
-1.047963
-7.421203
-5.446784
1.098981
-5.811835
1.155339
8.386820
23.030378
35.400165
57.769474
57.877859
85.141932
89.489942
104.499376
108.905014
112.942735
114.824495
109.149087
117.719239
113.774492
104.951045
91.733368
81.071321
68.654522
49.532176
37.580414
14.651232
10.282424
-0.911067
-0.861501
-2.392186
-0.751749
2.002123
-3.100031
-1.705217
2.491799
-1.286759
0.351674
1.492783
0.710874
-0.180561
0.326246
0.046214
-0.063861
-0.221387
-0.925984
-0.558575
-1.229965
-0.290653
-0.338722
-0.387910
-1.304478
-1.454339
0.551277
-2.904084
-3.183104
-3.353932
-3.604481
-2.339886
-5.923102
-2.646421
-4.600980
2.929341
41.490676
53.239151
58.923679
56.391469
51.408518
50.552232
41.953743
42.715081
50.455291
48.352505
68.618387
71.177913
88.896775
96.318656
101.413347
106.128395
107.728580
117.523470
108.778622
115.131688
108.827321
104.908221
98.540847
89.507419
71.938762
58.923679
38.292069
20.973915
6.685254
8.155337
-0.839540
-0.784763
-0.732222
2.078553
0.646082
0.593413
-0.504171
-1.314696
1.141302
0.323041
0.767785
0.591402
0.891903
0.557453
0.011494
-0.413189
-0.345228
-1.207161
-1.141507
-0.854352
-3.008133
-0.387086
-2.132358
-2.375725
-5.811241
-5.173155
-4.374945
-7.324452
-3.557793
-6.942645
-7.546353
-6.165432
-4.583411
-4.803600
-6.959404
-5.162856
-3.190744
-3.288384
-1.145915
-1.181319
1.155339
15.644050
27.858128
28.096685
38.021967
55.206122
69.935311
87.610435
94.128554
99.019725
103.323023
107.262715
116.795054
105.928346
109.188703
109.894053
94.094858
92.563304
68.581871
53.396815
31.553944
20.448161
10.295087
2.640879
2.513815
0.768723
-3.685271
0.653753
1.830414
-0.578268
-1.499475
0.417049
0.352801
0.288553
-0.721840
1.231462
-0.544678
0.297805
-0.015651
0.379290
-0.941949
-0.575605
0.251644
-1.480513
-0.342076
1.196638
1.334977
-0.481813
-1.600795
1.784581
-4.446318
-2.029944
-5.037032
-0.770230
-5.923102
-0.869723
-4.618063
-2.895055
-3.007451
1.066270
-3.194778
-3.310581
-1.112306
-3.501314
6.028420
6.143357
21.034370
33.514436
51.065448
68.807245
76.170751
93.731671
86.314676
103.536834
110.306411
124.944234
116.436296
127.488138
111.324764
107.056924
100.958207
87.682583
76.443373
59.112537
34.117234
8.991518
10.505419
42.878501
50.714305
50.762416
42.667603
33.821020
29.805131
17.888856
12.883068
7.537316
3.386013
4.097468
0.767785
1.317766
1.374659
0.401758
-0.021945
-0.623087
-1.837020
-0.869168
-1.587943
-1.984929
-3.687658
-2.649272
-2.155536
-2.393108
-0.538143
-2.868253
0.614302
-3.343398
-4.998780
-5.444376
-9.206429
-4.421166
-8.222923
-6.708249
-10.973962
-7.153846
-5.296128
-5.458373
-7.891105
-17.399696
3.520027
5.994097
13.283575
40.324764
40.286722
67.860873
72.253902
84.982788
99.486800
106.155961
110.618402
127.035244
125.945332
129.612777
106.735213
109.674922
101.206733
85.337303
76.884298
51.358287
43.678353
12.664944
6.551700
2.654616
0.821700
-0.809575
0.714620
0.659389
-1.865626
-3.929349
0.486933
-2.143947
-0.368203
-0.903172
-1.636554
0.515126
-0.320818
-0.042485
-0.040871
0.078419
-0.398496
0.194293
-1.229965
-1.480513
-1.042220
-2.777951
-2.203687
-0.480695
-2.670618
-1.750657
-3.183104
-3.376709
3.649234
-3.917666
-4.230852
4.471030
-4.612369
-2.888243
-3.014263
-5.181797
-1.051940
-5.534842
-3.399135
3.548411
8.436919
11.025190
25.928762
45.916597
56.044556
73.741706
81.461163
96.318656
104.011773
113.409524
125.175398
124.481905
128.809881
125.178084
116.333972
119.165130
105.703092
92.421487
83.002313
65.349058
44.399331
22.811297
10.543253
2.735666
2.593868
2.427860
3.741183
2.082011
-1.869865
1.756913
2.591818
1.341894
0.386245
-0.940041
1.293036
0.570651
0.125237
0.190217
-0.006974
0.175143
-0.359177
0.169074
-1.135712
-2.529330
-0.341060
-1.157734
-1.290246
-10.040322
-26.604739
-39.414314
-42.997434
-37.692888
-36.140067
-33.054334
-22.413817
-21.967253
-19.159069
-8.628865
-14.904122
-9.274208
-13.776423
-12.067543
-3.406947
1.129415
-1.214363
8.435113
27.858128
30.398354
62.276681
67.416923
77.735807
89.826687
84.664500
91.683121
110.513451
117.242544
123.783627
120.098065
118.700221
119.031856
107.812311
87.919048
76.802419
53.573236
39.658108
20.448161
6.519505
0.870168
0.822827
-0.802495
-2.221316
-2.022548
-0.631374
-1.705217
-3.491854
1.267210
1.071462
-1.500763
0.704005
0.521994
0.102572
0.042832
0.014045
-0.077135
0.940114
0.196634
-0.239230
-0.290653
1.061757
1.196638
-0.433744
0.503289
-2.699090
-1.760875
0.655446
-0.662912
-5.076945
-2.346697
-0.831715
-2.649827
-0.908849
-2.888243
1.031157
-7.272164
-9.674970
-1.085477
-1.120132
1.202041
3.634873
20.839607
23.462243
50.971578
51.159318
61.304104
88.815516
91.233120
111.223085
106.031119
115.475496
127.064006
128.329247
125.178084
116.111961
111.978884
105.390669
85.062350
72.236337
56.963790
28.042060
20.949862
2.884381
4.545739
2.593868
5.664788
2.251477
4.853237
0.644912
4.049721
1.559779
0.451790
3.406660
0.944168
1.775771
-0.186689
-0.121851
0.441934
0.000000
-0.278134
0.339983
-1.223364
-1.124124
-0.285594
-1.011274
-1.150760
-1.290246
-3.281209
-2.636475
-1.736602
-4.383047
-2.012087
-6.401389
0.757452
-4.195183
-9.676924
-0.935850
-8.618456
-2.995464
-1.049144
-5.313512
1.066294
-7.899207
-1.178959
5.890751
13.232923
30.340727
47.436853
57.769474
72.662116
85.062360
96.847615
103.813170
113.693542
122.777265
78.405336
49.398342
51.362967
50.569717
47.365683
53.488246
52.187620
50.832802
34.656472
23.299043
2.912179
-4.670328
-9.765936
-5.914278
-5.509190
-2.214341
-2.022548
-1.862139
-0.578268
0.484679
-1.279785
-0.368203
-0.885737
-1.660859
0.508258
-0.107393
0.116762
-0.040871
-0.688135
-0.133030
-0.950945
-1.207188
0.305485
-2.450664
0.409654
-3.105238
2.465388
-1.607607
4.138108
4.523795
-0.664030
-2.169588
-3.934749
-0.832832
0.912943
-2.762223
-2.895055
-7.072599
-5.204574
-5.352625
-1.084359
-1.120132
-1.144725
1.228961
20.859084
35.895374
38.510732
61.079752
73.674177
71.243154
96.406780
108.724223
118.284491
120.552189
122.357250
116.653731
