27.091109
49.410392
82.624026
118.333732
162.867438
213.433834
260.696158
335.756692
409.985779
483.864503
572.479150
661.312687
759.359483
851.775179
943.356648
1057.629620
1156.698187
1253.178216
1360.941007
1469.581030
1553.835879
1650.729468
1728.095647
1799.409120
1867.809650
1915.328207
1971.690460
1994.157317
2014.108752
2005.768977
2011.819224
1993.652281
1967.466577
1924.008831
1883.219053
1820.206171
1750.007955
1666.216074
1568.703630
1468.027023
1368.734326
1269.878653
1162.899691
1046.519229
939.285700
820.440767
701.652176
596.570042
502.028639
399.926800
306.378751
230.791377
169.865360
110.559491
62.945356
29.001951
4.997629
-4.336986
-4.246222
2.006222
9.869881
17.852314
22.068597
28.323710
32.170140
32.541337
38.137538
42.223702
43.173654
49.119105
49.375840
55.087463
57.994461
64.952994
65.442249
68.838619
73.636094
74.305946
80.775026
81.212525
81.595715
88.730142
88.193056
87.808587
88.305617
91.427936
89.382515
89.548191
92.108964
86.991692
87.152788
91.768450
94.150111
81.360971
93.188504
89.810496
93.387367
101.441056
86.064845
84.192020
86.569461
75.392800
74.885814
73.976608
74.638126
65.607925
60.571993
63.514175
54.590433
53.500342
49.698944
46.367712
41.859740
36.063776
32.528370
25.575841
20.838058
15.731902
10.303936
5.698220
0.193160
-4.748396
-9.733225
-13.709006
-18.248738
-21.021132
-28.442765
-30.141656
-33.353247
-37.404706
-32.726951
-21.014256
-14.005300
-10.981821
-5.903835
21.255046
57.482805
110.536659
164.074953
237.656301
308.822707
379.225857
459.110282
535.779933
626.258848
709.585476
800.208125
888.650079
959.981366
1026.061822
1079.008795
1151.461433
1197.823767
1244.868001
1266.399722
1291.573431
1291.784407
1311.604512
1313.984823
1302.843446
1303.617324
1264.673277
1242.147487
1187.764317
1126.471113
1072.270124
1013.644839
929.811175
872.042360
791.897784
716.709343
641.373833
554.506195
475.745992
393.670527
323.149609
257.284670
189.881636
136.937996
88.803878
52.458822
24.685213
5.504389
-1.117116
-0.112040
3.032226
7.893691
12.243275
16.236305
20.129705
22.875593
26.902986
29.346539
35.158043
40.817725
44.764934
49.160689
49.715005
61.596275
55.915846
62.058627
63.868321
60.773835
69.501325
68.005712
68.446531
76.873933
77.164853
81.761392
81.836629
88.618698
87.725749
88.636970
96.258064
89.548191
77.240128
92.108964
87.313883
87.313883
91.938707
84.361516
88.554132
80.905167
85.139091
83.850325
89.954006
76.802934
88.722484
79.938950
79.339699
85.143740
85.819529
76.635524
72.771548
60.571993
64.767598
55.929380
47.267491
47.992954
44.233943
39.251068
35.695778
29.693774
24.400926
20.515873
15.071160
10.527220
5.601640
-0.186212
-4.887073
-9.403686
-15.356611
-20.834322
-25.287219
-25.833284
-34.863464
-33.353247
-39.696291
-43.513242
-45.848001
-55.898062
-49.882111
-48.865507
-39.086434
-17.040987
6.731290
39.925047
78.268544
123.108981
179.325617
237.954792
296.582478
352.166245
417.658808
479.930762
543.867468
611.363467
661.125438
705.755098
764.171623
802.655557
830.089827
859.305698
884.975819
902.287826
902.886671
907.534159
900.795646
897.685148
873.507328
817.816359
768.170311
731.631591
684.985658
644.816963
599.758545
539.530455
493.466702
433.719658
382.644839
322.584889
269.451462
220.156139
164.648049
120.577602
76.169399
40.410396
10.274554
-5.902419
-10.034129
-7.831851
-4.459090
-0.086152
4.224753
8.512843
12.425743
17.396353
19.016557
23.691751
27.253797
30.567329
34.562144
38.563180
41.336307
47.643278
51.672549
50.261867
54.208712
60.306275
63.785483
71.857138
67.579657
74.317122
83.075484
83.339927
81.808423
84.362276
81.997724
86.234660
92.663991
83.422427
86.669500
86.991692
81.968710
92.194092
82.272579
89.713868
87.072240
86.427857
93.713017
85.461283
96.783399
90.915614
87.171515
83.169643
81.512877
79.607596
74.828965
82.431488
75.529894
66.371439
66.910948
67.012837
59.249389
56.647421
53.466734
52.346359
49.138601
44.814258
35.924435
30.361333
25.175392
19.595878
13.450292
8.970929
3.933849
-1.200713
-5.493242
-10.168270
-15.709331
-18.224851
-23.648875
-26.275634
-35.386939
-35.473312
-42.691377
-44.181208
-46.301942
-52.578501
-59.890781
-58.284234
-64.601897
-59.180996
-41.243150
-24.357718
-0.327882
23.666254
70.104177
108.512304
144.958812
190.423499
243.714032
300.701638
354.918465
411.441013
451.748184
488.164971
535.296696
561.256219
611.969884
635.677694
635.781354
656.828450
657.424476
679.901248
667.966298
666.124456
650.641523
626.918680
613.057163
579.356948
544.951305
502.625705
454.553293
408.401371
356.945306
318.740342
260.204431
210.671716
159.964347
120.673618
76.599288
38.160359
9.640533
-11.461870
-16.939903
-17.106887
-13.146960
-8.553444
-3.951834
0.255385
4.283524
10.084783
20.516712
31.075299
39.604741
45.589533
47.557106
51.677241
56.103437
57.193496
63.429914
61.711605
64.428043
68.620278
68.587058
67.343582
74.366599
70.022506
73.519261
72.317827
74.637299
75.312252
79.773273
80.064576
79.900842
88.788955
95.181553
93.538179
91.683322
94.499787
92.108964
89.548191
89.631029
89.465353
87.072240
88.802647
86.105665
80.981135
89.555111
86.151821
89.516912
87.681116
83.681249
81.553038
83.250217
76.360204
73.210452
68.175913
63.149524
67.987578
62.437663
53.347859
53.107898
46.224739
43.010079
43.206376
34.407786
30.078464
23.772961
20.474959
14.709217
9.271680
4.046434
-0.858814
-5.628864
-11.106597
-14.435311
-20.525706
-24.333063
-28.913404
-34.808317
-38.122643
-40.855930
-44.658327
-48.761550
-52.578501
-56.013757
-61.479378
-58.497329
-66.275328
-64.384892
-61.504695
-44.948589
-20.435042
12.096807
33.869333
61.283600
115.110229
148.987946
190.404496
239.615404
293.307084
320.191404
370.154110
398.507931
424.473708
458.403451
476.653411
496.688772
513.519359
523.883796
523.345886
526.614914
513.275363
503.562854
490.848185
458.752719
439.097077
411.647717
377.521470
341.711743
299.616483
257.567760
213.495247
169.994813
128.120989
86.995941
48.693022
12.326827
-9.329566
-21.818397
-24.947544
-20.142788
-17.605244
-13.712873
-8.670075
-3.269545
0.828383
5.135974
10.316568
16.115879
18.532798
23.144996
26.049300
26.842301
32.519061
33.415925
39.840106
42.827396
46.306604
48.957429
52.933667
55.739121
65.039631
55.752809
67.347530
72.103782
69.101316
75.548520
71.257321
71.540237
78.022664
75.445111
84.575256
80.829200
88.719808
84.439774
114.517959
161.795175
170.180107
162.392206
159.753563
156.685161
151.164019
147.590201
129.445291
111.557200
105.106125
94.023416
90.157833
85.757901
83.659848
76.625418
80.020683
68.948971
69.805315
61.119058
66.115744
63.663605
57.324234
56.692459
46.331995
40.259409
36.520097
31.327263
30.550961
22.204390
20.169567
13.431916
8.595620
3.403979
-1.862116
-6.144983
-11.355429
-15.252404
-19.831536
-26.215571
-33.455295
-34.014028
-37.728204
-38.766528
-47.328111
-49.047821
-52.960196
-53.746568
-59.215292
-60.778993
-73.643741
-75.456407
-70.864590
-70.337141
-54.975967
-39.943207
-6.823139
17.280635
54.188226
81.460885
126.496786
160.522810
198.035362
241.272483
282.051326
299.675855
327.568280
358.527187
378.685256
389.977008
401.384486
419.789492
417.001516
403.404048
412.990854
399.923922
385.458696
376.173301
358.473940
328.373795
298.469528
260.778931
224.755153
187.827464
146.519696
105.955640
68.602830
38.692847
2.249678
-24.921402
-30.848583
-28.138398
-25.485686
-21.293962
-18.429989
-13.527430
-7.667544
-3.177584
1.748377
6.369359
10.354786
14.301577
20.147875
23.772961
25.597032
28.352848
33.200089
38.933830
47.161193
44.266785
50.685747
49.620136
54.822710
59.845288
63.846324
61.588602
68.010236
69.029519
73.643240
77.637130
77.950831
78.453618
80.870054
82.883751
87.228719
86.025118
91.342808
79.718369
94.936881
84.987576
87.797170
87.474979
94.762043
87.394431
89.134000
88.471293
85.541830
84.897448
85.820468
80.135614
87.418859
85.757901
79.110567
71.996841
71.768146
67.223137
69.720186
68.099291
57.519215
56.992743
61.618039
79.276596
79.362396
80.330921
68.278574
55.315009
44.424602
36.308569
27.044758
18.782105
11.165758
4.043341
-1.884511
-7.268796
-12.285288
-17.010103
-21.312659
-22.658023
-29.295099
-33.112050
-35.752629
-44.704802
-42.023321
-49.334092
-55.933222
-61.770101
-69.315872
-69.141067
-73.643741
-75.651890
-71.130000
-72.540134
-67.116998
-60.983563
-39.038507
-15.918323
13.259181
51.158711
76.141631
116.409789
153.498865
183.682599
219.694205
244.426039
281.787480
299.955925
313.968658
341.422001
340.456623
351.477496
361.529830
357.045204
356.948611
334.715459
324.143544
314.676885
282.274000
263.952456
223.007138
196.553036
164.290102
124.308121
98.999537
56.392476
18.647738
-4.230493
-27.028160
-36.672174
-33.184193
-29.182916
-28.627133
-21.042458
-15.814206
-11.401491
-7.172262
-2.477164
2.185471
6.295710
10.896439
15.210882
17.881626
25.363971
24.416320
30.050337
32.555448
38.027204
39.928056
45.720063
50.003587
51.417573
55.333481
60.100673
62.211555
70.601208
73.830743
69.190614
73.808916
69.889910
78.530699
80.684494
83.335320
87.682285
92.576572
88.636970
84.126744
84.752803
89.796706
87.555527
87.636075
87.555527
87.555527
87.233335
86.588953
88.719808
93.101085
84.575256
88.278184
82.319916
85.383818
79.017454
76.762113
78.403286
75.594048
68.707327
71.158951
70.931560
68.548725
69.295183
56.785978
54.310957
47.187085
45.353421
36.628502
31.295952
25.017164
22.337612
17.221515
12.603922
7.637478
2.274020
-2.671866
-6.965936
-11.147239
-17.813668
-20.897807
-25.478148
-32.044127
-35.220920
-38.412394
-43.525852
-41.180741
-48.787442
-53.819010
-52.816680
-59.773927
-61.398284
-63.924916
-77.546059
-105.585404
-131.556490
-140.443908
-132.067993
-108.261014
-91.797673
-57.754581
-21.613140
21.206517
62.567701
107.182889
137.820982
170.390695
202.382199
220.311903
232.060275
261.738045
269.848820
286.505653
294.914649
292.674082
294.955982
286.512523
282.671252
274.419885
256.315585
231.525384
207.086353
181.773393
155.062165
128.112105
96.970959
56.459740
27.691429
-4.605068
-33.194300
-43.929275
-42.111791
-38.638909
-33.589169
-27.559318
-22.515454
-16.096223
-11.630544
-6.371422
-2.327645
2.383596
6.810274
10.551770
15.237989
19.153897
23.777930
26.508253
30.475979
34.530449
36.283171
41.202161
43.655779
48.352949
51.417573
61.476986
58.649509
62.460070
61.745117
66.371439
69.110066
66.014472
71.996841
78.862052
78.775810
95.138464
97.872870
92.401734
96.258064
84.126744
84.674546
85.144090
87.394431
90.045221
87.394431
87.474979
86.991692
84.205001
91.172551
85.541830
89.555111
83.367038
79.666070
87.331440
78.695262
85.313531
84.271477
81.327495
68.385136
69.039159
61.860759
59.974922
60.643477
56.158013
47.383502
45.720063
40.436005
38.658841
34.901260
31.405202
23.275780
18.884251
12.069102
7.890547
1.794186
-2.979386
-8.304933
-12.569284
-16.523438
-19.556545
-27.416284
-29.700752
-32.592935
-38.412394
-41.986462
-46.280531
-52.531201
-58.252742
-54.654449
-64.738452
-67.273762
-72.915129
-70.723947
-79.854773
-75.111157
-74.025859
-71.912285
-67.404516
-47.250908
-23.286992
-7.484153
26.059565
60.318087
82.729202
115.061709
145.226594
168.072325
192.850209
209.605090
234.753050
243.738805
263.935271
268.575948
268.195592
273.344410
269.386720
264.373647
217.903838
184.120337
144.062493
120.640784
106.169132
78.741752
56.884292
36.502792
6.296154
-17.267163
-44.358384
-55.126183
-50.239110
-46.627695
-38.932901
-31.935291
-26.814472
-20.504218
-17.224574
-11.731331
-6.192910
-1.206130
2.973782
7.571499
12.238640
15.656437
20.630851
25.208309
28.411129
31.327263
32.782980
35.924347
42.138574
40.718469
47.797693
48.050066
53.322685
56.267096
61.538567
62.371177
70.826856
75.966989
68.294597
85.375470
77.245400
81.347201
88.642723
88.193056
90.321267
86.266761
84.205001
97.244866
90.128059
105.175618
110.265328
97.424285
90.128059
92.194092
91.768450
86.347309
90.576652
82.248565
83.689230
84.495056
87.331440
85.058550
78.530699
77.977644
71.123763
79.769218
66.933338
63.288453
64.859814
55.833007
55.978595
51.313712
47.839703
40.010363
39.887539
30.421763
27.438348
23.827772
16.865346
12.351971
6.807958
1.680797
-2.979386
-9.003778
-13.307904
-17.367127
-22.285053
-29.321578
-30.535608
-35.821276
-37.149216
-42.272733
-49.550663
-48.026916
-52.884097
-57.445113
-62.120878
-62.548396
-66.087202
-78.246475
-74.083107
-78.860617
-77.942202
-78.312330
-76.217950
-54.059290
-39.555997
-19.274990
18.896157
36.026953
63.166435
104.935984
127.826899
145.772046
165.129696
187.015860
192.128599
201.433828
199.537088
218.836010
223.562224
220.089589
220.533382
214.094719
205.903149
195.030876
169.199101
153.333493
121.682087
99.834730
69.098068
41.704496
9.542286
-21.806517
-39.566528
-40.457158
-40.628857
-41.853324
-32.851159
-29.464045
-25.213993
-19.074866
-16.013097
-9.741422
-5.380091
-0.871184
2.980271
7.199684
10.462115
14.634140
18.312240
25.759840
37.970528
54.329745
63.684424
67.590394
71.470424
70.573954
75.025744
81.400723
77.698951
80.855716
86.035887
76.781099
86.174678
83.831438
78.589555
78.999185
85.582659
81.761392
76.878901
88.193056
92.663991
91.087423
103.920078
84.752803
94.762043
92.704863
92.534606
87.394431
87.636075
82.348546
89.216838
93.625598
92.751410
94.284460
97.212841
88.730142
80.306219
76.301000
82.348565
77.381745
74.827892
64.040428
70.372182
68.268767
59.643569
61.731617
52.694500
46.886472
46.559119
40.824607
38.187391
30.246925
27.344058
20.991973
18.488769
11.499929
7.081260
1.680797
-3.518693
-9.108472
-12.208881
-17.748822
-21.693652
-25.883414
-26.659370
-36.121454
-40.023772
-43.397208
-47.893315
-54.669533
-50.516456
-60.435896
-61.077408
-69.591919
-71.472408
-76.238339
-81.948674
-75.288097
-84.163771
-78.484635
-76.217950
-56.354471
-46.421153
-31.256019
-0.407701
23.926962
48.494283
78.576393
100.887870
130.170459
147.972595
165.129696
187.015860
200.864806
202.551570
211.326485
212.131704
209.281566
208.781560
195.251270
179.066004
160.710128
147.735753
121.635795
101.678739
76.074612
45.353676
17.022324
-14.961308
-30.713694
-47.598330
-43.480005
-49.066213
-43.131547
-34.237948
-28.344067
-25.697202
-19.125784
-14.251864
-9.389464
-4.996826
-0.153762
3.624654
8.427715
12.674258
16.190121
21.592458
22.772914
27.833665
32.093419
35.158043
41.086853
42.734473
49.160689
55.253855
54.374530
60.284640
60.471952
58.342881
64.760482
69.667002
78.405916
74.968652
70.877485
81.978680
75.359555
82.078272
81.857278
85.783474
86.588953
101.927334
137.473599
165.338834
165.338834
160.341433
155.201335
137.347244
139.450695
131.028347
132.872526
122.141724
115.727768
97.307131
88.817561
80.064576
82.489451
84.416438
81.545741
72.566342
71.337626
69.935087
64.527352
60.696572
59.746385
49.617484
50.147491
45.751736
39.244207
36.615773
29.634993
26.401159
22.542457
15.210882
10.315425
5.427966
0.827995
-3.813101
-9.828230
-13.645600
-18.416789
-22.901706
-25.213993
-33.579788
-35.115949
-38.080274
-41.804506
-43.704254
-51.719687
-56.299081
-57.073858
-63.456811
-73.302220
-73.990285
-74.907664
-78.915463
-81.301057
-84.545466
-76.708563
-78.804425
-61.147381
-48.919165
-36.002930
-19.805147
19.041372
38.749746
58.552007
90.833607
115.495904
128.067175
145.362957
151.485673
168.476193
182.815353
186.632825
194.288241
190.589535
184.913056
181.441369
168.592527
153.442837
131.564662
115.044932
92.483562
64.222954
34.089449
-0.288755
-26.159003
-45.452707
-44.663176
-44.508022
-40.758262
-38.165415
-33.707127
-28.310448
-23.174936
-18.695023
-14.243694
-9.589898
-3.940221
0.510771
4.720618
9.364128
13.280035
18.095704
19.564359
26.643658
25.197488
36.603819
37.588191
39.414464
45.931154
43.432877
48.791753
50.584058
54.853095
62.824783
65.889407
68.868902
70.164031
78.585335
79.463743
81.736633
82.063809
77.709634
94.207415
84.414160
86.025118
89.051161
92.023836
85.144090
82.804350
92.704863
90.293736
92.704863
90.128059
87.233335
88.968323
88.554132
92.576572
94.105041
90.128844
86.064845
82.258422
80.270303
82.261146
77.381745
72.649180
71.337626
64.277195
59.162622
53.860811
53.403233
47.737036
50.057782
42.330366
37.691422
33.455474
34.091207
38.999091
36.377950
28.687918
19.439292
9.845639
0.881804
-6.340350
-12.808619
-18.456727
-25.441842
-30.817619
-34.583209
-37.559943
-39.166779
-41.974735
-42.845275
-48.186540
-49.025586
-50.781866
-64.282783
-66.639581
-65.095083
-70.294883
-77.215753
-76.719183
-81.778176
-78.473023
-74.669136
-85.340834
-72.475136
-62.910643
-40.789635
-24.654042
2.023039
31.347234
55.989118
78.281270
95.495927
115.278806
135.225557
141.819944
156.237608
165.713967
171.072959
172.322817
165.744162
167.993935
155.651639
143.217807
130.637474
110.286742
98.005955
68.785604
47.022783
19.431699
-7.092332
-32.490133
-47.943943
-44.290361
-47.773881
-42.731480
-41.152766
-33.618657
-31.375008
-26.822879
-19.374963
-14.243694
-8.634953
-4.246567
0.425642
4.556106
9.703493
12.208160
17.064688
20.958087
24.602972
27.225178
29.581311
33.507911
38.271290
43.330372
46.905766
51.140033
52.022446
59.532243
57.597473
67.924454
66.767662
73.781517
70.801571
73.298555
83.788473
77.889783
80.064576
82.319916
93.925623
95.450681
106.087966
82.348546
92.449478
87.958266
85.378863
95.286556
87.797170
87.555527
89.713868
89.216838
86.347309
87.808587
89.044340
85.240600
83.583834
84.532533
86.659170
86.203465
74.885814
80.039503
75.176382
67.591975
62.377232
58.483833
58.939001
50.034327
48.430048
46.643710
39.688162
35.166040
29.110480
25.299843
20.331874
16.029275
11.172358
5.339003
-0.097742
-4.866612
-9.542378
-14.058976
-18.155632
-22.061513
-27.386624
-30.911127
-35.306797
-38.837477
-43.417818
-47.330193
-49.297950
-52.566322
-52.983590
-56.169112
-60.528505
-70.760412
-68.232525
-100.726618
-137.397751
-148.877173
-148.979870
-142.744611
-133.579470
-107.120070
-86.098026
-63.203182
-22.356955
2.032673
31.525682
61.238974
73.501130
98.324589
110.771086
137.173935
141.685898
147.766891
166.721232
152.982658
158.623648
151.171873
145.880948
133.688455
122.033038
103.450575
77.253043
54.639168
29.686122
-0.302450
-20.702826
-44.920414
-50.528676
-43.395606
-48.662433
-42.042263
-37.045437
-32.645485
-28.769694
-22.736828
-18.900478
-13.270523
-8.270609
-3.359935
1.047122
5.682226
11.567840
14.686368
18.532798
21.786470
26.049300
29.709823
31.252571
37.502691
40.095492
48.842145
41.259045
49.371621
55.773232
55.819669
65.127050
61.197315
65.807604
68.626779
65.204027
75.797035
78.116507
80.601656
87.506278
87.597157
89.469982
88.471293
91.683322
94.499787
93.130505
82.880317
92.875120
82.956284
92.619734
104.982458
92.194092
98.899386
100.890146
90.151010
84.253065
82.722655
83.583834
86.544671
84.359199
81.474377
81.097195
71.820797
76.175527
68.973480
67.012837
64.491599
54.093403
49.537297
42.728560
40.032288
41.864696
35.327781
31.291919
24.221507
19.779877
13.987018
9.004143
4.306046
-0.781932
-5.213925
-10.148533
-13.799795
-21.089745
-24.826331
-30.780355
-35.177549
-37.822465
-35.925459
-42.828670
-44.765896
-49.751890
-55.345790
-57.911811
-65.780002
-68.895966
-76.545465
-77.704461
-79.201734
-80.350309
-85.595127
-83.434283
-77.359181
-79.723160
-63.225511
-40.948814
-22.165688
-2.857943
33.822132
43.892981
73.501130
95.585933
100.793229
135.098466
136.915117
143.999327
152.333788
154.462181
152.834705
153.425927
155.370624
134.181191
129.085639
106.280186
92.146806
64.336727
11.353428
-35.677859
-64.384892
-76.322718
-93.258768
-85.211020
-77.525848
-73.497115
-62.622169
-54.218549
-44.365678
-35.117966
-26.173771
-18.798484
-13.645600
-8.805230
-2.217559
2.063314
6.047195
11.189614
14.015328
18.898512
23.340835
25.845546
30.135465
32.638286
40.921797
45.070551
44.777556
45.751186
50.991931
54.907839
57.738288
69.183570
70.960045
68.258751
71.075252
76.019690
76.294065
73.953277
78.292523
83.169643
87.597157
87.311557
88.802647
91.853579
92.534606
92.619734
90.542251
88.119362
87.877718
87.958266
95.199138
97.244866
91.938707
81.133069
87.725749
88.959212
89.691750
85.554075
84.192020
81.978680
77.122448
74.471623
67.770940
70.486342
65.110896
61.880202
54.701948
51.023848
53.377025
51.010812
46.862058
38.202041
34.089529
27.411355
25.690280
19.287496
14.535910
9.985913
3.960174
-0.586449
-5.725427
-10.592039
-15.172380
-19.848145
-22.787818
-28.531709
-35.491634
-37.044013
-39.982562
-45.254296
-49.652661
-54.932628
-66.556543
-68.659886
-69.309502
-66.093752
-74.869958
-76.052750
-77.557135
-86.351289
-79.446194
-81.481008
-95.356638
-72.922514
-63.540379
-45.852491
-27.052752
-0.410439
24.086475
46.223721
61.008752
88.201487
102.776766
102.873725
121.970543
136.138660
135.362204
141.681156
140.453889
143.254925
138.403608
129.356252
115.452679
94.686685
81.275045
54.168683
28.704681
5.256449
-21.661812
-37.048105
-47.480598
-54.103568
-51.047276
-45.660655
-42.200261
-35.378157
-31.014784
-24.128891
-21.624197
-20.011886
-12.739702
-6.890274
-2.311450
1.956436
5.718898
10.520463
14.015328
16.135234
28.138670
43.569981
53.799529
60.612216
65.620271
71.345105
71.934720
71.263887
73.064134
63.573683
70.711436
79.094583
84.913033
82.749577
72.699681
81.603493
76.128388
74.031535
78.614714
85.639203
85.240600
82.718110
86.266761
89.216838
92.364349
92.364349
87.877718
87.716623
87.555527
87.797170
82.576448
94.412368
89.051161
90.576652
94.912425
84.091969
82.722655
81.192246
84.021763
81.638167
78.999185
80.289811
71.075252
70.230957
68.448967
68.447575
63.755604
51.953372
51.577127
48.622433
38.189629
38.574993
31.147197
27.799197
22.728904
19.706580
13.287667
8.923944
3.234498
-1.180246
-5.962229
-10.800273
-14.616888
-20.038993
-25.615214
-29.615662
-32.539508
-35.100889
-38.221799
-46.927873
-51.430548
-50.478195
-57.178754
-57.650457
-68.640770
-63.321851
-75.260924
-76.529868
-83.749744
-91.084725
-87.967314
-96.842955
-97.463287
-77.772978
-72.967375
-52.874481
-34.351832
-10.184356
28.958939
31.525682
63.525675
68.637632
93.212241
102.679806
114.844611
121.393031
130.513309
136.996438
130.904440
133.571527
124.648944
124.549856
108.317506
92.427058
72.580115
51.970109
26.737116
-0.313014
-28.632491
-48.543457
-53.142228
-53.500503
-51.658441
-52.231023
-46.133969
-34.623646
-31.775842
-25.156436
-21.409776
-16.368914
-11.458240
-6.098288
-1.675904
2.943982
6.417110
10.873962
14.321111
19.494411
22.150662
26.342576
28.997231
35.054963
38.639136
35.954311
47.635631
48.778592
50.117165
60.259626
57.188983
60.894184
62.058147
68.672942
69.432258
70.040405
78.403286
78.613537
83.596121
85.809460
80.839931
87.974264
78.981601
84.752803
87.394431
87.958266
82.804350
85.378863
82.576448
102.398783
142.850063
164.126450
162.762518
156.814215
155.491508
146.120548
127.165583
129.416421
124.332740
112.153689
117.130538
106.579205
86.897172
80.876008
75.332399
66.026035
58.568361
54.141683
52.300514
45.118069
43.150167
37.065596
36.087705
29.746639
23.275855
20.535653
12.500897
8.486087
3.017275
-1.908476
-6.546791
-12.707548
-16.910044
-20.110854
-23.267649
-30.104370
-32.680138
-34.149478
-39.476861
-42.942781
-46.755882
-54.051027
-56.300028
-63.837917
-61.132874
-67.092422
-77.446000
-76.816140
-85.997018
-87.451943
-85.499703
-84.342164
-88.916044
-73.444454
-68.488192
-57.980689
-39.388414
-24.866170
6.956100
38.969915
53.941826
71.037127
90.918977
100.130738
114.953160
124.064557
128.088711
138.602856
133.162245
127.019645
129.021145
113.307862
99.444587
85.491615
66.476366
45.775602
24.685204
-5.846306
-31.753004
-46.487405
-52.508640
-57.073858
-49.897165
-46.392730
-41.227090
-38.551205
-31.140326
-25.965403
-21.600547
-15.421240
-11.731331
-6.610512
-1.222748
3.149752
7.206931
11.845876
14.868913
19.384160
23.835961
27.666741
31.157006
31.616004
40.279470
39.871192
45.884225
48.046208
59.106959
53.322685
56.267096
65.208379
66.270632
69.169972
71.986474
72.493076
79.254571
79.359081
79.339645
79.431298
91.003032
92.576572
93.713017
89.713868
94.849462
97.783122
105.561938
113.071937
103.153102
90.293736
87.716623
92.023836
88.802647
95.630099
82.561595
90.828195
82.400464
82.838290
88.273937
81.042268
72.153356
75.594048
68.787875
78.905858
64.199674
63.815767
55.175286
54.899044
44.212965
43.821455
43.150167
33.830102
32.295343
25.793915
30.199842
30.158046
22.338566
13.528961
4.394891
-3.527521
-10.041352
-16.143761
-20.755409
-24.844737
-28.465473
-29.581371
-35.729713
-38.021428
-42.322052
-43.215146
-52.231023
-54.735217
-54.291296
-64.138095
-66.701219
-72.426422
-74.144274
-72.103172
-80.633091
-79.439606
-82.163250
-88.553264
-89.288467
-89.607876
-73.184110
-55.635291
-34.384673
-15.041740
11.847803
43.810320
41.353270
63.525675
85.659067
95.315916
92.686113
104.538875
120.584514
121.943795
128.142608
121.579720
121.843468
98.953681
88.076674
76.906382
59.877014
41.620909
18.868119
-5.809583
-36.996038
-46.356823
-58.567239
-52.725133
-54.539735
-46.483518
-41.853324
-37.149216
-28.755232
-25.213993
-19.365768
-16.523438
-10.143974
-5.533077
-0.922179
3.234880
7.455446
12.738719
15.062450
21.527866
25.759840
31.195339
29.319422
33.632346
36.863039
40.673600
46.769090
49.119105
56.027652
59.118419
62.504484
64.867865
62.136404
69.087134
77.777951
72.331981
78.999185
76.923209
84.106891
84.163702
88.363313
95.450681
91.257680
86.911144
82.500481
90.376574
90.128059
92.875120
92.875120
90.376574
97.155157
86.830596
88.885485
90.576652
94.374169
85.986145
84.577894
91.907429
94.262078
82.960497
74.023486
75.423791
68.465683
69.209416
67.312522
60.140598
61.002315
54.899044
50.178425
43.655779
42.611911
37.319063
32.475798
27.783828
22.337612
18.009362
12.729131
7.175956
2.124378
-2.360491
-7.538478
-12.405091
-17.710519
-19.298088
-25.764420
-28.507470
-33.780017
-37.501544
-38.749926
-44.690786
-46.092948
-51.386077
-55.770377
-58.649126
-65.546486
-69.084507
-70.723947
-70.127873
-66.922777
-75.900069
-71.516293
-80.293830
-136.251722
-148.937764
-146.116256
-125.394362
-94.873587
-66.122297
-51.912213
-20.108094
9.448671
38.823136
66.047234
90.406757
90.236018
111.011197
118.164552
112.347989
116.127232
116.310925
112.392145
101.107193
89.720170
72.378250
49.327304
39.576851
11.137172
-16.746464
-34.780804
-49.228779
-53.719389
-54.745237
-44.915604
-43.248394
-41.127019
-36.031946
-29.018209
-23.778001
-19.211936
-14.335699
-10.077481
-4.727958
-0.251504
3.946845
7.893691
11.816873
15.338457
20.856466
24.772374
29.197899
29.346539
35.328299
34.717053
40.354479
43.979133
51.052614
48.832640
58.832892
57.049671
63.868321
59.162524
71.167369
72.152150
70.744722
81.561796
80.021788
77.474862
81.997724
91.177870
83.265912
88.885485
84.674546
85.300605
90.376574
90.459412
98.052250
88.119362
87.716623
80.160431
91.768450
93.713017
85.622378
84.897448
83.367038
84.329379
82.921128
76.301000
82.610822
73.540199
75.083277
75.804347
72.574812
66.788009
64.680395
57.291435
52.864756
49.653912
50.028439
43.147732
38.375971
33.802999
26.771834
20.718270
17.537913
11.123951
6.857180
1.486121
-3.435256
-7.807779
-12.569284
-17.271703
-21.947469
-24.966733
-28.221978
-33.611195
-34.460871
-42.272733
-47.502350
-51.802974
-58.047987
-51.949764
-60.704985
-67.464610
-74.944514
-76.336080
-78.152073
-83.080241
-86.305709
-80.153956
-91.486006
-83.050700
-83.331488
-64.044168
-50.832753
-36.811589
-10.213344
9.413150
24.086475
46.398315
65.860660
82.886035
90.577497
92.423049
111.436120
113.324928
112.456538
116.014048
111.975130
98.482967
109.449350
85.325296
69.782436
24.406682
-20.152205
-55.642430
-71.359463
-89.481029
-91.003942
-82.734436
-76.596488
-68.679113
-54.993507
-48.155876
-36.929001
-32.156940
-24.694369
-19.973387
-14.774515
-9.305629
-4.865858
0.170257
4.107941
9.711855
13.725521
16.733335
20.295381
26.863833
27.064082
32.782072
34.543567
38.105613
40.193384
45.229706
48.211885
51.359740
50.898087
63.640929
62.021854
66.270632
77.003522
80.131502
81.097195
79.424827
82.148937
84.532533
84.577894
88.618698
88.222778
89.134000
89.879544
92.789991
92.789991
97.783122
87.716623
87.716623
90.210898
92.108964
84.518031
78.907924
88.057102
84.655804
85.654792
79.979100
80.386767
82.744836
82.261146
77.722259
78.764753
67.740753
66.933338
64.612480
64.142140
56.950921
55.171211
50.416619
43.841143
39.499593
38.631999
29.199052
25.387728
21.875246
15.822813
9.585196
5.703605
1.076512
-4.096655
-8.992214
-11.904498
-18.321365
-20.073457
-25.602250
-30.166281
-32.114665
-36.859977
-40.854655
-45.621844
-47.243060
-55.810374
-59.133583
-66.139284
-71.342375
-64.700286
-73.088057
-82.448971
-81.587329
-82.491743
-85.005600
-91.583748
-87.973689
-74.264646
-64.484983
-43.923585
-29.587554
-5.308430
11.881398
36.508230
51.326016
65.985043
78.428831
90.406757
94.685877
106.674913
103.645380
111.913794
108.886581
109.525721
107.571843
93.565640
87.522733
59.025783
46.675238
29.289088
5.341760
-20.114822
-44.824522
-48.459579
-47.943943
-48.339298
-45.102958
-46.273585
-42.810759
-32.651676
-26.491700
-23.267649
-18.522718
-13.698196
-8.233169
-3.892686
0.595899
4.773704
9.526403
12.382669
16.753956
20.861897
23.712003
28.165019
29.019506
35.123435
35.324791
51.895517
75.346645
93.308771
98.048722
101.644386
107.874071
105.024551
105.664529
100.963485
101.114503
97.984887
92.740459
80.021788
82.506937
84.826409
96.323402
100.324406
91.598193
94.849462
85.457120
85.378863
88.119362
90.459412
92.875120
87.636075
99.911380
86.588953
88.554132
85.461283
86.731689
83.286490
75.003050
82.341260
78.211975
80.276112
81.456032
70.479380
67.418561
68.017618
61.055280
60.696572
59.477257
53.325504
47.331408
47.011708
44.137059
37.150203
31.003807
25.943839
21.592377
17.703149
12.000315
6.373134
0.627965
-3.981157
-10.487280
-13.255066
-18.416789
-22.806283
-27.954057
-29.778504
-33.410028
-42.715595
-41.525189
-47.139345
-52.975871
-55.908115
-56.794541
-64.998071
-75.171072
-75.744989
-80.366261
-74.900200
-83.568948
-87.283123
-85.191811
-89.889197
-81.487129
-81.435007
-66.727708
-39.013643
-22.399459
-12.651459
6.969225
21.656849
38.933220
63.525675
75.607514
87.869278
95.045899
96.570442
110.586274
107.445876
108.780350
102.103131
106.920550
89.276880
78.401322
56.842911
38.497943
15.429139
-7.884663
-34.611522
-49.557596
-54.647001
-61.166640
-54.839319
-51.337992
-44.213815
-38.661455
-35.287100
-26.407866
-21.880803
-19.738430
-13.698196
-8.935485
-3.790696
0.595899
5.563102
9.957731
14.719909
17.791842
22.606740
28.475537
26.372756
31.395712
36.453664
39.329336
40.918314
41.933946
47.603787
53.545784
58.398105
66.115744
60.806028
65.082673
72.188911
68.788286
75.465682
75.473348
73.536340
82.341260
77.866476
84.414160
81.057102
76.526263
82.272579
87.636075
82.728383
85.378863
80.307784
90.210898
90.210898
126.920005
155.817099
167.057536
160.943943
151.621467
146.230982
127.997018
122.947408
117.755029
116.496081
102.139463
92.100778
76.819523
71.229173
67.461383
64.859597
54.590433
51.502702
50.967683
41.750498
41.307744
32.141256
28.673386
24.670054
20.932348
15.547904
10.623800
5.215320
-0.181576
-4.539406
-9.124369
-13.965871
-19.157326
-26.348778
-29.689447
-34.549378
-36.262082
-40.269481
