87.586770
84.779819
81.836585
64.836754
44.798148
27.533770
5.409646
-1.889273
-1.865543
-22.975708
-8.722504
-21.901222
-1.699433
-3.763186
-17.855853
-9.319801
-7.034562
-11.997992
-9.661054
-13.648440
-3.971474
-10.293744
-10.508272
-10.561967
-8.476399
-4.067635
-2.021487
-1.086495
-3.264975
0.080904
-1.445780
0.159555
-0.094584
0.482499
1.196768
2.128035
1.827929
2.933254
-0.888478
-1.035062
5.433583
2.893646
4.333212
2.202860
1.050277
-0.316123
7.356601
2.959000
-7.413301
3.304289
7.376667
1.584999
3.732623
-9.121673
-2.716290
1.803487
-9.960328
9.111808
6.770040
-2.994501
14.272021
39.037700
74.108190
109.376082
117.215278
119.251661
111.984032
84.310466
64.027771
34.191513
9.269548
-12.692689
-2.937662
-9.918913
-16.582208
-0.489776
-11.411893
-8.904244
-8.572923
-12.011072
-20.731962
-16.130989
-21.572972
-18.741481
-19.994691
-9.318634
-11.887113
-2.287193
-5.738454
-5.686847
-7.516369
-6.029614
-3.732978
-2.624396
-0.976758
-0.183142
0.171159
1.366362
3.059784
4.633730
6.398324
5.551873
4.913090
5.552664
11.249512
2.422152
7.340563
0.277530
4.416449
20.904591
6.626723
17.101808
2.171082
2.273653
6.327485
6.515579
0.459819
-1.686655
0.486445
-4.104537
-8.916926
-1.869194
-4.308515
-6.798956
3.000196
35.095784
75.152249
109.348965
127.257643
112.561502
111.927353
92.125552
59.324977
34.929610
5.414833
17.463763
-6.649457
-8.872739
-10.996025
-8.466220
-17.022870
-18.594716
-17.855853
-11.255466
-18.220537
-19.075517
-9.579982
-10.508149
-6.838991
-6.358474
-5.743858
-9.564170
-6.593349
-2.372485
-2.766103
-4.120843
-4.869478
-1.026993
-1.982364
-1.411135
-0.040536
-0.418678
2.645754
2.412958
2.334870
1.699335
4.213509
7.477559
3.572348
9.223042
8.860209
8.420391
7.760234
6.934212
7.356601
6.253929
10.129447
3.330514
17.131584
11.760940
7.887003
8.193204
-2.728256
1.797737
8.944789
1.874400
-15.093965
14.172713
14.243648
56.297630
84.144664
126.240600
136.587976
119.251661
91.075780
83.978862
76.143196
38.921516
21.549163
-0.530098
-2.922705
-16.918813
-9.649715
-4.950140
-17.850648
-21.416865
-10.566568
-17.805173
-5.972085
-9.144884
-11.781163
-7.992168
-8.729775
-10.569197
-16.679690
-5.353728
-3.851603
-7.284963
-4.818761
-3.357606
-2.177353
-3.795545
-3.374090
-0.274713
0.835982
1.917752
3.016688
4.851188
3.982075
2.859747
3.313362
3.786699
9.136256
5.684560
1.450237
10.412163
3.044547
4.732447
5.033397
5.379491
0.388132
9.758901
6.274818
6.530626
2.555723
2.638349
4.963597
-1.792527
-1.843638
7.711857
7.787095
-6.772956
7.899951
37.457090
98.987235
112.455810
139.417673
124.655883
114.618751
104.501639
62.246167
44.712981
22.603615
-14.052442
2.914721
-13.566011
-6.369959
-3.983815
-19.128339
-10.102039
-13.788974
-15.113254
-16.296032
-8.425816
-9.552958
-19.746322
-16.852017
-11.637091
-14.043347
-6.242527
-11.372358
-10.933667
-6.465050
-7.826833
-2.837512
-2.909892
-1.695885
-0.702622
-0.015849
0.598384
0.890767
3.189276
1.378577
6.614385
4.227696
3.191916
5.490330
7.139027
6.667843
4.741480
3.753551
9.834884
5.873497
4.606630
10.214568
5.179900
7.385946
5.657625
10.043461
8.193204
3.977385
6.408335
4.200294
1.878233
-2.970569
6.824638
14.243648
51.508195
98.797180
130.953421
136.319102
131.342007
126.489841
78.928990
66.248519
34.022416
19.018897
6.749567
-12.513378
-7.536202
-2.797061
-9.380517
-20.090208
-2.569706
-10.489720
-10.054249
-13.269310
-10.820648
-11.763447
-22.932061
-11.476857
-9.212338
-9.419494
-6.318404
-4.713330
-3.282146
-0.798733
-2.792135
-3.710354
-2.833848
-0.332188
-0.070794
0.500144
0.946675
1.083422
3.707652
2.952068
5.571083
0.176656
3.836005
8.279783
6.831811
2.671110
1.564205
8.605175
9.186606
1.923203
15.492850
11.047184
6.026534
12.210046
-1.597211
10.942168
6.951957
-10.716654
0.504879
7.599001
7.734428
-6.746956
-1.905701
5.445952
32.503867
75.010986
107.381047
122.288571
137.325160
104.797678
94.690222
57.580863
37.421518
5.440766
-11.621815
-6.649457
-13.620059
-15.611655
-15.183721
-10.426109
-18.615240
-17.917425
-9.308627
-14.476715
-17.237496
-17.840774
-7.341858
-15.623276
-16.729108
-10.549320
-7.322421
-4.626376
-7.450201
-6.444526
-6.627293
-1.864689
-2.107866
-3.414318
-0.603440
-0.061572
0.598384
1.697391
2.128035
3.311577
2.909788
5.594917
2.354500
8.317977
4.963066
6.596909
-0.271501
14.419360
2.578744
10.533809
9.590344
10.157820
3.317402
9.339480
11.690006
12.115613
1.682743
3.964273
-5.097174
8.916952
-5.336784
14.030844
-7.883784
16.624448
41.552397
96.123198
121.508146
133.302623
141.017198
116.870865
88.863239
68.858388
33.887138
6.810988
-0.530098
-5.315002
-0.512357
-7.322913
-13.796708
-13.445686
-19.275740
-20.664517
-10.041441
-15.087327
-10.774863
-8.504486
-12.384517
-11.456687
-14.371958
-14.123580
-17.747817
-12.067888
-7.949820
-11.324797
-6.567015
-5.037710
-1.434492
-1.270724
-0.275861
0.710793
1.535461
2.785542
2.819939
5.257657
5.609505
6.493194
6.479309
4.191008
3.498550
2.634804
4.100451
7.172793
13.553550
11.321918
0.368162
12.874252
7.869234
23.961655
28.847671
31.836748
30.808515
16.063287
14.303196
12.271819
10.117586
-4.312678
17.615621
2.980252
44.925900
84.699838
122.288571
131.729154
122.748735
99.645270
82.380092
49.999350
22.732902
20.151953
5.383713
-1.872844
-15.960341
-4.079560
-15.278817
-12.593150
-8.015513
-23.928762
-1.522371
-18.243398
-15.516121
-6.265709
-18.201279
-12.663289
-6.336124
-15.444551
-7.354120
-10.533112
-8.412996
1.623412
-4.819509
-3.855607
-0.670213
-2.847468
-0.837742
-0.070699
1.034360
1.756766
0.611905
0.847926
3.419043
2.681581
3.108407
3.525954
-2.292639
-5.814814
-11.312054
-0.292468
-1.756016
1.205519
9.547784
8.400839
12.547381
-0.426874
1.575416
-10.963614
-6.912135
6.203596
-2.800053
6.517529
-12.500570
-12.628649
-12.756729
1.926147
51.049211
90.895253
116.411647
145.839916
133.302623
120.670159
91.166043
65.985628
36.346235
9.232432
-2.946637
-14.849775
-5.178859
-18.717967
-4.917466
-9.111319
-4.634289
-12.468928
-11.934763
-11.431122
-5.561306
-14.954535
-6.305447
-5.849881
-5.311485
-8.220240
-14.481321
-7.362131
-2.448871
-2.733396
-7.467476
-4.487795
-2.158214
-0.569457
-0.051769
0.883689
1.439041
1.781000
1.942655
0.128012
4.302588
5.058447
2.941791
9.330186
4.664345
5.048932
4.183212
10.056428
9.288356
6.745057
10.509361
0.392228
19.203706
6.357580
12.704262
17.366412
9.170911
9.466747
9.772444
7.651667
-1.883797
2.968855
0.537138
5.456326
39.994224
77.274124
112.561502
120.254695
105.093716
122.748735
75.081618
59.947663
30.073448
10.334532
5.378526
-13.822739
-8.881577
-13.282260
-10.716654
-17.004684
-14.359552
-17.937949
-17.055418
-7.008050
-10.174509
-16.163011
-13.545820
-13.991177
-12.756662
-5.687984
-7.338270
-11.317286
-6.620005
-6.424002
-1.683489
-2.851024
-1.709748
-1.364708
-0.614615
0.028374
0.491778
2.133367
2.128035
2.837380
0.486807
10.179669
4.106556
4.552410
7.155668
4.361049
8.420391
3.746726
6.957678
5.864218
11.282658
15.515397
-4.133285
9.316014
1.581165
10.008262
8.146810
-0.490314
20.213115
-5.233316
4.274597
6.749567
-2.985526
14.186900
31.553808
81.090841
113.923100
141.017198
123.510174
111.104864
86.038179
63.711428
41.305306
18.923421
1.889732
-12.436530
-9.856791
-16.422764
-33.875210
-19.886591
-29.730326
-18.438648
-13.765359
-11.354813
-10.713815
-21.443210
-12.243326
-8.607681
-11.583543
-3.665406
-9.275884
-7.362131
-12.537889
-11.029000
-6.267151
-5.751689
-3.663949
-1.354228
-0.035432
0.654110
1.482648
2.581600
4.223364
7.755200
5.061960
5.871874
4.818458
8.337414
11.321588
8.706571
8.038280
11.487958
1.829180
5.131206
-1.330705
11.163470
9.868689
4.382695
2.484493
4.693892
2.649746
2.729523
0.508975
7.629096
12.588983
-1.905701
-1.914828
15.320700
40.032134
92.299537
117.540232
127.377358
132.724275
112.455810
97.259568
57.363781
44.883316
25.031696
15.102664
-6.688457
-4.175305
-17.986772
-17.422981
-3.888070
-10.102039
-13.788974
-21.066224
-14.385781
-4.848969
-17.790376
-13.443200
-9.699830
-18.070118
-9.311656
-6.174967
-1.715080
-6.529071
-4.121149
-4.674015
-3.249126
-1.343283
-0.432933
-1.046722
0.018558
1.185204
0.955719
1.401103
0.891634
1.726633
3.555104
7.456010
7.466254
5.068663
7.804671
2.229084
6.476625
12.757104
1.222768
4.620280
6.662198
7.070466
5.432412
3.614613
12.101426
8.174646
-4.961031
-0.503217
1.841818
-0.526872
-0.533324
-2.982535
14.201087
43.766858
103.661617
135.512480
135.109169
130.953421
103.456549
95.932855
51.406198
33.785679
4.344529
-2.946637
-0.520421
-12.167563
-5.037271
-24.861835
-9.080258
-15.023197
-6.430260
-19.535993
-13.127581
-14.078816
-9.981247
-15.297761
-4.400068
-8.982029
-8.131660
-4.213985
-1.971343
-4.685386
-2.014394
-2.122523
-3.106214
-2.583065
-1.557147
-0.045248
1.606655
1.045287
3.339905
4.438842
0.717996
5.061960
4.269519
10.357942
-0.801344
4.733374
8.706571
0.285210
8.721461
1.832029
11.558142
0.373795
9.417340
7.987568
2.407565
10.746990
0.462891
0.474668
7.267955
-6.454458
5.285167
0.525873
10.304949
2.983101
10.403561
30.273367
89.989142
123.208899
139.943281
125.242775
95.404865
77.566000
59.834447
20.305639
25.055581
-6.772956
-9.040650
-15.944492
-8.669480
-10.727829
-6.044961
-20.689568
-13.788974
-15.095067
-3.288625
-8.381116
-21.060752
-18.118671
-6.805467
-10.166437
-9.202535
-6.188479
-6.529951
-5.737481
-4.865764
-5.254136
-2.810488
-3.589240
-2.836205
-0.716134
0.016641
0.368530
2.472345
2.845196
0.389063
4.792915
2.074690
3.219753
5.532891
-1.286349
7.788030
7.263693
9.185881
6.969411
12.182787
14.545685
1.385676
5.200374
3.483490
11.732566
1.636746
-0.474185
8.425175
8.703539
-5.238762
16.308267
1.899315
-0.534399
9.297384
58.652277
103.046414
131.082950
145.984169
133.170640
105.827838
85.952823
63.458354
21.570712
21.376769
1.885899
-9.991390
-5.146185
-7.299214
-9.318395
-6.920034
-12.896259
-4.427353
-13.765359
-9.439467
-10.622244
-17.896116
-12.081964
-9.885547
-9.017461
-8.043080
-6.196309
-5.448479
-9.265788
-3.922294
-4.637942
-2.289277
-1.541446
-1.008511
-0.000000
0.960532
1.074870
0.079879
3.052511
1.322588
5.196946
1.011462
4.818458
5.403992
5.867540
5.108099
4.228355
10.174540
0.331295
3.573582
14.023762
14.830608
9.917484
10.405429
8.667990
11.051956
7.034718
0.494126
9.831611
-6.597457
12.576784
-1.900225
-1.911177
15.320700
30.244807
95.136874
120.818213
122.863776
125.712289
109.865737
94.958214
62.423003
40.032134
20.171164
-14.052442
-11.431843
-6.551958
-6.382959
-1.754194
-8.236447
-14.327854
-3.617487
-13.123300
-12.521022
-18.848727
-12.839900
-14.974218
-5.399645
-8.843963
-6.823542
-6.161455
-6.466553
-2.326985
-4.929162
-6.450901
-4.732310
-3.497794
-2.031873
-0.441869
0.028911
0.766093
1.185035
1.795151
1.405875
3.589286
6.464749
7.434461
-2.123822
5.009998
3.180281
4.695086
-0.296231
6.969411
4.333645
2.980854
15.515397
8.917092
5.466535
5.630326
5.821416
12.484472
-0.490314
4.099766
13.576863
6.674496
1.893565
1.905065
14.158526
66.051351
86.123534
137.712214
148.027686
135.109169
113.473699
85.782113
48.786744
21.549163
4.331416
-24.626887
-5.255099
-7.457206
-9.556531
-7.149122
1.675077
-4.612506
-10.387256
-19.360445
-9.452275
-15.723755
-13.110645
-9.263940
-8.500848
-5.249362
-6.959401
-6.242095
-7.281451
-2.440971
-3.317262
-2.612824
-3.438864
-1.976682
-0.410778
0.010373
0.634329
1.482648
1.151136
2.950761
6.114613
5.129453
4.306115
4.806259
3.310456
3.588835
7.500457
10.700322
4.536829
3.324624
9.971537
-1.332531
18.439379
2.324939
8.342571
8.677852
8.914520
4.859864
-1.761496
-1.812607
2.891927
-1.881971
-1.903876
-9.252747
10.403561
52.521949
85.339685
122.748735
133.221836
122.518653
107.381047
87.422133
52.521949
47.257127
5.445952
5.362966
-13.822739
-11.230696
-17.841278
-15.247119
2.649746
-20.689568
-9.655046
-13.202546
-14.367594
-4.868469
-14.428350
-16.429639
-12.499097
-8.907360
-10.385128
-5.073369
-8.353255
-6.529071
-4.161685
-5.852519
-3.201578
-1.676223
-1.553241
-0.760771
0.116488
0.556730
1.208501
1.064643
0.398645
1.753932
3.578570
4.059623
3.674415
7.222233
2.054254
6.030770
3.767200
2.596227
7.473931
2.967741
-3.942686
14.531507
11.321146
1.581165
-0.459132
6.026155
10.700510
1.795821
4.195923
-0.526872
-7.804788
1.903148
9.250990
53.719664
105.932826
135.512480
140.877854
128.091320
108.301660
85.867468
56.129911
28.795779
-0.533324
13.917349
-12.334066
-9.763607
-7.259717
-18.133031
-9.038843
-6.675147
-16.237030
-8.013819
-9.439467
-12.294928
-8.299559
-4.731850
-3.022363
-15.143117
-5.789198
-6.226833
-8.927874
-7.774272
-5.859644
-1.110922
-1.625542
-1.480399
-0.387080
0.019722
0.658726
1.055148
0.824673
1.534848
3.706621
5.146326
2.648365
2.053902
3.287884
0.243735
6.282293
9.381500
5.877272
12.314015
3.552836
5.477300
2.205273
7.987568
0.436265
4.553853
6.778911
-6.077461
11.783874
-4.133677
0.518704
10.176753
5.404459
-11.722388
7.937570
35.261957
75.222881
139.943281
135.345043
114.726780
110.175800
75.152249
62.540893
12.869551
17.649368
-4.316840
-13.795715
-25.375225
-15.564106
-19.620915
-14.771637
-12.133743
0.441897
-20.839435
-16.152364
-13.621934
-14.366778
-13.484248
-11.112152
-8.907360
-14.015811
-9.461550
-3.641005
-3.154948
-7.064173
-2.838405
-1.325991
-2.818958
-1.891430
-0.477219
0.024003
0.973859
2.448342
1.037345
2.393535
2.991919
4.909121
4.866107
5.490330
3.924944
4.342491
9.662211
6.406227
-0.318274
4.313171
1.297514
10.242942
8.928825
1.519835
1.584999
-0.457519
10.289855
1.738324
4.086654
8.889116
11.439690
-0.531173
-0.532786
6.804164
56.129911
110.555384
135.512480
145.407156
142.508243
110.775176
80.608157
58.418835
26.431083
11.603952
-0.526335
-0.517195
-0.505905
-18.556605
-9.276980
-9.038843
-8.748937
-18.280279
-7.972404
-20.181312
-5.474411
-13.029964
-10.611905
-5.735990
-10.165793
-3.570611
-7.157278
-6.271476
-6.945601
-3.201990
-2.561592
-4.129873
-0.766260
-0.702045
0.060993
0.928026
1.084731
1.558069
2.512917
4.387032
0.877550
1.836064
4.916047
1.250794
6.977169
3.882262
5.512408
7.355772
4.822732
6.764780
8.929395
9.441737
13.734785
4.419001
2.510136
11.112949
-8.271797
9.555498
5.160688
-4.229421
2.937514
0.532529
-6.818456
7.945094
54.893423
82.690667
125.712289
135.091587
112.772885
114.942838
82.457736
67.373377
37.634949
7.907475
-1.892924
-1.865543
-13.511964
-6.363459
-10.705479
-6.051461
-10.046165
-7.600155
-15.040506
-8.761060
-17.008882
-9.444863
-11.875998
-12.499097
-4.895914
-12.649814
-10.379076
-6.387306
-6.529071
-4.881614
-4.619454
-1.325991
-1.620349
-2.469486
-0.397683
0.035199
1.107526
1.267166
2.170596
4.439127
3.660220
4.312818
0.674631
7.447158
2.920945
0.900785
3.507864
2.421397
4.040185
9.051242
9.675466
10.328063
10.852979
9.374680
7.655032
1.638662
14.710723
15.193314
-11.988251
1.836068
-5.315002
16.424755
1.903148
9.269548
51.253204
118.196337
140.181128
144.974397
135.243606
100.780420
97.918549
48.738200
31.208786
16.441396
-5.342230
-2.874840
-2.815010
-0.494077
-13.659351
-11.194158
-12.880997
-10.284793
-13.623630
-18.407470
-7.154456
-13.029964
-9.157107
-7.044378
-3.973490
-11.385547
-5.123184
-8.031558
-3.116485
-0.134944
-4.054215
-2.197706
-1.465137
-1.053288
0.059167
0.601533
1.329650
0.453021
2.561712
3.147246
3.056970
3.520447
0.204307
1.270738
8.116009
5.157405
9.448992
10.191413
0.329247
6.804225
0.378403
2.205273
13.717912
8.441183
8.727158
-1.659274
-1.710385
0.497198
2.832094
2.909022
5.352593
-6.792456
-1.918479
5.471885
50.424675
90.243109
120.592806
140.337487
127.497074
110.382509
85.339685
47.706339
32.658353
7.922522
0.530993
0.523313
-11.219521
5.082889
-10.716654
-12.552614
-7.953651
-11.674337
-7.299684
-14.349407
-15.249309
-11.094577
-8.782776
-6.716068
-7.431580
-9.129787
-2.950981
-5.512881
-8.869989
-6.116143
-3.350967
-3.154030
-2.013283
-1.521542
-0.608038
0.168023
1.015106
1.830520
1.865549
4.503775
4.326683
5.108814
6.817014
6.573230
-0.233329
6.724591
0.985114
6.500091
11.380786
2.792911
12.984789
8.529902
3.343626
13.396077
5.657625
5.862364
8.202483
3.994868
8.722097
6.551652
-7.749491
4.322675
-5.402133
6.817813
58.652277
105.932826
131.082950
142.650042
135.243606
110.775176
82.984048
48.786744
26.431083
6.742742
4.274597
-5.244207
-12.103523
-2.755180
-4.868454
-6.888436
-16.942988
-18.212407
-4.176851
-3.969914
-7.133749
-1.932515
-11.920602
-12.579004
-8.911165
-10.090352
-5.135992
-6.271476
-3.880812
-5.042556
-1.556218
-1.511651
-1.855661
-0.610474
0.050620
0.995519
2.113170
1.567930
2.110296
1.941131
1.597479
6.074352
3.017029
3.348075
7.064384
7.573135
5.591298
5.975884
7.868114
14.889512
2.094154
5.845964
6.139391
8.431322
2.521533
6.854148
-6.090461
9.575220
0.511023
0.521264
-6.727457
0.535602
15.291629
35.162253
47.616496
107.886132
120.705509
137.841420
125.712289
112.667194
80.125996
62.894565
37.492662
15.291629
-9.146699
0.522289
-25.249231
-8.625293
2.720976
-3.863093
-24.754841
-11.674337
-11.106834
-19.806283
-15.290357
-6.141986
-11.857811
-15.169697
-16.460247
-6.688422
-10.356215
-4.514628
-2.268485
-4.026565
-2.737831
-4.503696
-1.586825
-1.489843
-0.763847
0.075071
0.270987
2.688375
2.284091
1.920717
3.674407
5.142097
2.409097
7.542635
8.268255
6.752964
8.603443
6.558756
4.087958
9.079616
-0.370961
17.498443
9.010956
19.226685
9.703204
12.172360
1.688493
13.009387
8.712818
11.287161
4.287709
-5.380350
-5.440253
9.260269
44.028674
100.980580
130.823892
150.653124
115.378408
110.555384
83.481455
55.962192
26.431083
-7.828487
11.510088
-9.970682
-9.763607
-2.743214
-2.686375
-4.748649
1.611830
-8.355494
-21.117417
-3.964468
-13.877114
-1.911574
-17.931849
-5.694575
-7.585137
-12.389619
-7.033266
-10.495230
-6.051067
-3.754414
-4.434325
-2.568825
-0.266244
-0.424505
0.096053
0.744116
1.104454
2.699712
2.100435
4.420779
3.066832
3.490863
1.151073
0.227349
1.381857
5.127821
4.243402
4.559400
-1.179198
3.594329
5.560061
11.250685
11.875723
2.436057
4.600533
4.714639
0.480301
2.766563
2.849189
-6.616957
0.530481
-9.235072
7.877380
12.857353
40.335407
97.259568
115.158896
130.596704
119.916584
97.717907
82.845955
50.282900
34.996080
15.233486
-6.740456
-11.420668
-11.185997
-13.228212
-15.120323
-19.087291
-12.187791
-17.671138
-14.985946
-17.900477
-23.868016
-15.934397
-10.270408
-5.293597
-16.430374
-7.845451
-9.174214
-8.230112
-2.261985
-5.383301
-5.048896
-2.167915
-3.269180
-0.167935
-0.649825
0.141869
1.379146
2.963245
2.645933
1.985669
6.312881
7.585059
2.422746
8.576567
10.537471
5.561449
4.815711
5.177585
7.051542
7.532596
13.137551
10.384811
18.458577
7.488013
17.885805
1.642495
-0.475798
-2.752189
-2.812019
1.845651
-2.937662
4.322675
6.797339
24.051358
51.049211
90.985517
125.243636
130.435306
127.964245
91.256307
90.895253
53.666211
23.955345
18.847040
-0.526335
-9.960328
-18.899499
-18.496095
-24.614042
-2.596630
-12.819950
-10.259177
-15.490731
-18.257000
-5.427013
-16.025032
-16.326764
-12.398011
-12.514070
-2.434227
-5.123184
-9.636370
-2.377774
-2.547028
-7.170937
-3.992210
-2.789888
-1.330063
0.150834
0.347504
1.940418
2.767205
2.622705
3.822907
0.160783
3.559891
7.780306
3.370646
2.520698
6.416478
6.880026
0.310301
11.001327
5.213968
8.990388
22.248068
0.419879
4.460494
-1.611814
0.467499
0.481325
-1.776099
2.849189
-11.454192
-1.898400
5.420019
12.832955
20.324849
50.093867
107.785115
125.125396
130.352598
122.518653
107.583081
82.845955
57.689404
27.795996
5.414833
10.245782
-9.067162
0.513584
-8.642967
-8.439707
-6.038461
-12.039160
-11.647313
-9.174529
-8.749885
-15.187737
-12.603471
-16.278446
-10.930283
-12.505186
-14.906830
-12.446261
-10.155130
-4.675139
-7.408457
-3.323943
-3.058933
-1.945723
-2.103249
0.116817
0.170243
1.048389
1.290632
2.695856
3.561193
2.449610
4.369565
3.312541
0.766626
4.027011
3.275826
2.264050
6.593955
2.618081
-0.346768
8.072315
-0.393004
7.135418
9.409879
5.684923
1.646329
3.872487
-2.740223
1.807320
6.572126
-10.125989
-2.958603
-5.413024
11.697817
56.353536
103.354015
130.694364
125.866738
140.459818
90.985517
87.985144
43.679586
31.208786
9.195317
-22.216874
1.839902
-7.449307
-11.744900
-11.437509
-6.888436
-2.506885
-20.137872
-11.721097
-3.953577
-10.469626
-12.828262
-7.569505
-10.952431
-3.926093
-4.555660
-3.096636
-10.315311
-3.064716
-5.475034
-3.872683
-1.754691
-0.900778
-0.584629
0.157779
0.347504
2.007911
2.427473
4.168707
7.027667
-2.801453
7.069513
5.050232
4.467121
4.881291
8.909050
1.626887
7.489957
11.035073
10.131431
7.336729
11.308828
0.419879
6.508055
0.452650
9.022993
-1.712210
0.501295
-4.162816
10.058419
-1.889273
-6.772956
-1.920304
12.918346
50.235642
115.158896
122.863776
123.093858
122.863776
97.809575
80.201302
42.701387
22.797545
2.985950
-6.707957
-11.443018
-15.896944
-17.804904
-8.457382
6.974528
0.458283
4.450121
-16.911751
-6.919676
-10.012365
-22.354121
-1.170071
-8.066642
-6.079103
-8.947919
-3.923801
-10.054334
-7.162865
-4.628024
-3.835554
-3.011385
-1.891675
-1.189053
-0.149861
0.061191
1.719740
0.511378
4.312579
4.654619
2.458889
5.241943
2.429571
0.766626
-5.635503
-7.295162
3.541987
-1.675245
8.540514
7.544329
3.011449
10.413185
14.741555
-0.432788
7.766378
-8.893890
6.060278
6.244543
6.421984
1.847568
-10.167404
-2.949628
-0.534399
21.527613
55.962192
113.136648
128.345469
150.056478
130.046721
97.918549
90.534200
43.592314
14.073405
-5.369459
-10.094928
-12.308450
-9.732545
-2.731248
-17.971669
-0.464508
-16.821966
-18.099286
-19.084584
-12.861841
-13.756092
-16.025032
-10.346164
-6.941915
-18.338179
-8.834558
-11.784644
-6.938557
-7.247628
-1.903799
-4.714720
-2.045087
-0.859363
-0.877740
0.344764
1.460008
2.585733
2.500152
2.179324
3.269232
4.651446
1.924236
3.084743
6.642846
2.562191
4.010166
4.326164
4.612067
3.423170
8.551237
5.635299
4.071498
2.347732
4.465681
10.820182
11.222737
9.249801
16.451371
-6.519458
14.884627
-11.599465
10.324671
5.466699
22.754450
47.930945
90.327765
132.848665
130.596704
125.477532
95.315535
82.845955
55.205022
32.658353
2.980252
-4.316840
-11.420668
-4.171142
-8.625293
-12.890413
-14.724088
-1.641021
-5.589964
-14.895012
-6.946188
-13.421879
-19.027359
-8.728728
-9.414541
-2.285386
-7.892999
-3.932639
-6.308059
-5.452192
-2.607030
-3.851403
-1.241492
-1.878163
-0.751178
-0.183164
0.083044
1.693283
1.947007
1.558843
3.644399
3.109249
5.175379
6.836110
2.716206
5.127328
3.262177
6.019037
5.242537
10.084500
2.797282
11.532275
15.817085
10.938100
3.531569
-4.525375
10.055194
8.211762
-2.737231
4.108508
6.572126
-0.526872
4.322675
-0.534399
33.785679
55.962192
110.775176
149.907317
140.041783
122.899342
110.005904
78.227053
50.998213
21.398318
-2.958603
-7.702093
-12.244411
-0.503217
-4.944694
-7.014829
-6.833139
-16.781626
-4.345667
-7.868867
-11.019052
-7.050919
-17.455596
-8.989227
-9.690671
-8.751721
-11.084607
-6.962401
-3.540990
-4.471721
-3.022679
-2.395089
-3.435727
-1.088677
-0.461087
0.286844
1.147378
0.627581
2.471081
2.659301
3.895586
3.116138
5.276484
4.928245
3.378170
-2.039780
2.722976
4.281021
7.428964
-2.730807
3.635822
2.128344
4.071498
6.199581
8.490489
4.590160
2.615556
11.527702
5.062142
19.210632
5.300727
5.368153
-4.354306
-4.387608
30.130568
55.205022
99.927285
115.158896
135.471770
132.724275
87.751407
85.179723
47.751260
22.732902
25.031696
-4.304352
-6.623457
2.860586
2.777960
-17.332047
-16.859189
-18.266333
-15.658858
-11.039274
-6.848977
-11.665155
-14.182063
-10.207011
-12.232286
-6.112628
-10.097793
-11.289077
-6.276361
-8.643200
-4.628024
-4.310278
-1.670267
-2.811784
-1.229589
-0.475482
0.246393
0.305953
1.947007
2.779062
2.569530
2.505283
3.684167
6.893395
-0.217738
1.923131
4.416721
-0.280640
5.223979
8.568888
7.602994
6.393112
10.356437
7.172533
3.522827
11.831875
1.657828
14.694082
8.508684
-2.812019
4.204665
11.510088
6.742742
4.357641
11.709550
63.711428
118.196337
122.899342
133.038658
120.670159
112.911948
90.624463
60.692731
9.278827
1.889732
-2.928688
-9.929267
-14.315611
-7.212319
-2.659452
-2.578681
-12.758903
-16.055498
-24.525063
-21.770105
-17.053242
-15.899640
-14.720960
-8.180349
-5.083702
-2.363433
-4.918257
-1.818863
-7.172393
-2.443490
-3.277466
-1.600995
-1.931029
-0.412070
0.207085
0.769173
3.057306
3.003430
1.172176
0.794924
4.001150
-0.680868
5.123423
4.546011
6.062718
4.010166
8.372603
14.856598
11.203805
13.524285
-1.370864
11.468721
0.424999
8.529934
6.733768
-8.121561
-3.946350
5.072516
-4.187793
7.711857
0.530993
0.537138
-24.118778
22.775997
55.360822
97.901243
122.863776
128.095652
120.254695
100.679325
65.327013
52.571544
17.885593
5.435579
-4.300189
-6.642957
-13.498452
-13.187677
-15.104474
-12.539102
-12.093207
-15.640672
-18.723488
-14.167539
-13.403692
-6.106636
-13.176388
-7.999082
-8.590372
-12.372627
-3.923801
-10.003937
-2.229486
-3.318922
-4.946277
-0.774284
-2.155518
-0.545996
-0.220999
0.283738
0.950522
2.808392
1.577401
4.258247
5.818274
4.497247
1.582213
10.556559
5.185993
6.752964
3.582935
9.385574
-1.818838
9.207298
3.024561
5.016109
16.635954
3.549052
7.710705
-0.462895
-0.477411
13.037761
8.768491
16.008728
6.667671
6.729093
9.232432
31.334249
68.517505
112.687247
118.079078
144.974397
120.430734
105.197910
83.066949
38.727877
21.419868
-15.032918
11.427957
-9.908560
-7.386110
-4.966477
-20.158080
-8.893890
-14.686592
-12.148429
-17.149074
-16.311982
-3.686738
-11.267398
-14.720960
-5.559975
-7.508828
-10.984294
-3.072938
-6.041168
-3.701501
-3.571272
-2.762394
-1.999302
-0.624067
-0.089745
0.326581
0.769173
2.075404
1.725709
3.745851
3.330225
4.767732
2.798840
7.002378
6.570167
2.557004
2.764469
2.961561
4.642162
11.136312
19.934726
12.604281
17.044289
8.135486
4.491614
2.535779
4.756132
0.485421
5.062142
7.516239
2.926117
5.399273
2.991649
5.471885
25.246663
60.400525
110.485864
140.468889
148.103138
125.712289
97.809575
87.586770
50.141125
22.732902
12.771962
-1.891098
-1.865543
-11.174822
-10.884276
-15.072775
-16.750068
-9.990291
-7.573643
-18.746349
2.216669
-15.085117
-12.512537
-10.111914
-13.556811
-13.657768
-6.647886
-7.037132
-8.984531
-4.594068
-6.652668
-3.242871
-1.195992
-0.883994
-0.949860
-0.391119
0.234660
1.965977
1.384496
2.425960
4.220056
4.493094
4.468874
3.358935
6.673077
8.401922
8.037646
7.377188
6.652620
10.117782
-1.938498
-0.374725
3.195021
-2.312437
13.495923
19.922782
-2.578681
8.230319
-4.999151
6.442458
-0.518808
-0.526872
14.045031
1.903148
46.136229
70.913334
103.148948
140.599163
125.742118
123.021508
86.123534
65.854183
36.273688
6.790514
16.374832
-10.105281
-9.887852
-0.503217
-20.565314
-11.399085
-17.366562
-20.764830
-8.210541
-2.264573
-14.562901
-18.639493
-9.614963
-11.618049
-13.391810
-1.447891
-14.111643
-6.802957
-3.499575
-7.791693
-3.571272
-2.356665
-2.895886
-0.624067
-0.520355
0.195618
0.769173
1.598020
1.324182
3.813343
2.731551
4.724125
4.550088
6.061416
3.460931
7.238813
4.025213
7.026409
4.694828
6.528111
11.963099
9.124573
5.966344
12.108295
6.530626
10.917771
11.283730
0.485933
5.098449
5.217741
5.311100
-9.173211
2.994498
5.471885
17.885593
47.751260
102.797345
112.984268
127.497074
125.829667
120.367399
85.019761
50.566450
40.145861
17.649368
-18.932487
-4.250235
-11.185997
-13.160653
-10.582556
-14.597293
-20.369508
-13.567083
-14.840451
-19.629891
-13.367318
-12.476164
-8.674681
-13.556811
-12.299434
-2.035617
-11.137884
-13.404616
-6.165335
-3.837398
-4.328465
-3.776410
-3.634749
-0.155158
-0.491331
0.517180
0.668076
2.030213
3.303483
3.192053
4.543017
6.960380
2.497817
4.740138
3.030139
9.184829
6.159833
5.242537
8.611448
4.429190
6.458063
12.297765
12.930126
13.479282
-6.619850
3.780702
8.285992
1.768989
8.731376
4.226518
-0.526872
4.322675
6.783690
16.574525
68.449328
108.301660
135.781354
147.147442
132.906675
105.827838
71.054596
43.635950
14.087592
-5.369459
-10.105281
-5.206088
-16.582208
-18.314563
-4.846672
-15.253506
-8.583277
-23.929123
-7.827451
-5.671900
-16.952929
-9.584439
-16.051439
-5.601391
0.933367
-7.706475
-8.687657
-8.451386
-4.364888
-2.971447
-0.996563
-2.232220
-1.205686
-0.205389
0.236669
0.616949
2.736567
1.725709
5.326401
2.091606
2.490366
6.259957
6.985505
7.643560
10.579957
10.296899
-1.053247
3.189772
14.199983
0.361506
9.136772
7.859372
6.274818
4.501987
4.626466
17.712203
-6.161960
2.803602
-1.841813
-9.058325
-4.329329
0.539186
-1.920304
27.691106
65.572142
112.878577
145.602396
135.471770
112.878577
107.381047
69.980324
52.621140
27.664883
10.324671
5.383713
10.009113
5.155502
-4.046257
-21.901222
-8.139236
-5.797963
-11.471657
-9.107480
-10.485284
-16.757407
-9.201647
-14.585574
-5.196385
-8.558674
-12.221434
-3.870777
-8.915946
-6.957626
-3.184824
-5.921726
-2.418641
-2.092120
-1.806051
-0.201499
0.495631
0.314694
2.367814
2.878908
1.535543
5.947569
0.613301
7.865444
4.810536
13.957698
2.128557
10.101402
9.452139
-1.815846
2.858473
20.151263
5.009284
14.913412
-4.427353
-2.497910
-6.848938
-7.030629
-9.535824
-0.507518
1.849484
11.486622
-17.574306
-15.109227
6.810988
58.535556
112.911948
137.849105
135.109169
125.492876
102.943880
60.753545
36.309961
6.790514
-0.529561
-0.523109
-7.520403
-7.409809
-11.642436
-7.006930
-11.066078
-14.668876
-14.048815
-13.375606
-9.221732
-15.293897
-14.230564
-6.005188
-13.441967
-7.356209
-3.412620
-12.522056
-13.373748
-11.958648
-7.493769
-6.760103
-3.808269
-1.293270
-0.524426
0.165523
2.845743
5.004017
4.227681
4.303182
6.592317
10.103388
1.054200
6.017808
4.496705
6.026122
10.296899
5.699771
1.766497
14.178435
15.104990
17.818364
17.022742
6.259771
8.589101
4.631653
17.712203
2.709579
7.373288
-1.834511
-4.262724
-11.610640
0.537138
-4.379283
35.162253
50.093867
110.072446
125.360153
