153.660188
136.322359
123.225743
83.120675
40.942461
11.151442
-3.459311
-3.413793
-10.394602
-0.999788
-7.781727
-9.853217
-9.560868
-5.087424
-10.960720
-8.553891
-6.322653
-4.219709
-10.432679
-8.174096
-1.981751
-6.847132
-8.441654
-4.493500
-5.593424
-1.788919
-2.071214
0.272477
-1.199124
-0.092141
-0.400625
0.015023
0.696247
1.530864
0.955412
1.534279
-1.600151
3.194544
1.185314
-0.514012
2.416631
1.562760
4.083691
-2.018319
6.040964
2.095820
5.368269
7.443697
0.766152
6.303950
4.709619
-3.172161
9.317420
3.105654
3.195049
3.300999
-6.074647
10.689435
20.566712
47.661062
84.846286
142.315257
162.289553
175.341170
157.914861
154.993070
127.329011
87.146788
54.811362
13.175465
8.199100
-3.703868
-10.650500
-10.502870
-8.054440
-12.250315
-7.659130
-13.647253
-9.174193
-12.646455
-12.055074
-7.940422
-13.986204
-11.462315
-9.158823
-4.554300
-7.642462
-6.884281
-7.774509
-5.905888
-6.207741
-2.478087
-3.162620
-1.297041
-1.061453
-0.257781
0.304822
0.526452
1.505445
1.576367
3.624045
2.368906
1.208718
4.907315
0.551869
3.814635
7.713122
5.809901
7.598862
5.234237
8.754324
9.406820
6.366434
6.619001
8.898850
5.245719
13.902862
7.829582
-0.975429
1.318124
8.569865
8.726631
26.010643
61.133785
111.339596
163.643401
174.306481
188.602052
166.139359
165.976796
140.490000
97.978582
55.660843
28.274685
3.775332
6.110604
-8.058448
-3.298250
-7.756570
1.248968
-5.253835
-7.194743
-10.907641
-41.246903
-61.236764
-61.092634
-50.664810
-44.134755
-37.718889
-23.093927
-13.998096
-7.497641
-8.969128
-3.967621
-4.447753
-2.078920
-1.483396
-0.877045
-0.190184
0.019029
0.578853
0.943610
0.174262
-0.362294
-0.972989
0.314473
0.359541
0.395595
1.446877
-1.725337
-0.674887
3.152860
-0.778212
6.511955
0.681024
5.780603
9.662008
6.327738
0.842267
0.876318
-7.477947
0.941416
-3.494079
3.300999
-6.086500
5.878594
15.734079
67.407737
117.426501
157.035929
162.591767
167.405618
165.076401
149.888552
127.091457
89.774295
42.554846
15.570647
10.556329
-3.693017
-17.647771
-10.471234
-8.029733
-16.651808
-9.817441
-7.428533
-11.170539
-14.537570
-4.681923
-11.357547
-15.530399
-5.386098
-7.764103
-9.680064
-5.261980
-11.029266
-4.987537
-4.293395
-5.479743
-2.917966
-3.075255
-1.233771
-0.695973
-0.158176
0.815882
1.155462
1.516596
2.051865
5.209722
-0.289134
5.857471
4.907315
4.471728
4.895483
0.668053
9.682381
3.515948
5.242946
5.643570
4.343230
4.581386
8.497398
8.898850
3.197748
7.568306
3.438727
3.534353
8.308589
6.160743
3.828883
21.212935
75.841015
120.739554
146.458676
178.618530
181.646135
171.465860
163.483280
138.142261
97.978582
55.715953
20.920055
8.578574
1.347170
-3.361273
1.302910
-3.238727
-3.158197
-9.560868
-7.152816
-6.901251
-4.683283
-6.263955
-9.368363
-15.251321
-5.148686
-6.096001
-1.778674
-2.745783
-5.400742
-5.530577
-6.055230
-2.609478
-1.584856
-0.472679
-0.086846
-0.398089
0.024036
0.073110
-0.164798
1.791811
0.940305
0.270407
-1.139374
-1.305758
3.140081
0.433652
-0.622570
-0.681426
4.416730
32.253140
47.711287
57.549782
53.136285
41.831673
41.756104
39.779497
29.298858
13.505456
9.634826
7.699541
10.249162
8.151523
15.570647
27.882670
60.149205
112.160636
149.888552
169.888250
170.046285
164.922985
149.609430
124.620372
94.347281
49.924920
20.391427
3.423503
-6.050941
-5.979823
-10.471234
-19.268122
-10.059977
-14.086998
-17.764655
-7.148522
-12.540309
-8.330589
-13.069834
-10.644858
-8.368264
-9.098169
-5.757597
-6.388674
-4.713637
-8.571543
-6.567779
-6.141466
-2.414816
-1.013429
-1.516828
-1.305643
-0.115996
0.593317
1.209837
1.201871
2.514829
2.497923
3.711072
4.363568
3.161444
3.509813
1.702151
1.858978
4.581046
6.267110
5.251655
8.876667
6.052903
11.786163
2.926169
3.071521
7.307029
7.585724
5.628023
-5.503452
5.978991
3.767682
3.836533
28.585396
68.532050
123.104696
161.463110
181.468919
184.328767
174.136592
163.643401
138.413660
95.596345
50.526639
25.830014
8.578574
3.721781
-3.354271
-3.294748
-3.231724
-9.766595
-3.088170
-5.051765
-8.857067
-4.641680
-6.263955
-12.744174
-7.113806
-5.098373
-7.417727
-4.251439
-2.733896
-6.394729
-4.631103
-3.172519
-2.587823
-2.507961
-1.115269
-1.021762
-0.292348
0.190308
0.767919
1.030835
0.582724
-1.030862
1.528659
-0.413303
6.197256
2.225548
3.457261
-2.844713
4.115409
0.561845
-0.782136
6.552910
0.690038
5.796462
0.772161
-2.904498
6.684566
-7.263820
3.026192
-1.230753
-3.515781
5.631311
3.403638
5.889834
15.704364
67.471090
107.323692
132.773695
157.475395
170.362357
164.922985
147.270977
112.370478
109.281413
103.970669
88.175690
70.418980
52.894519
35.997874
23.974430
12.221812
5.361548
5.204186
-3.251736
-7.148522
-10.630651
-6.489672
-7.845517
-7.381535
-11.374949
-13.232872
-12.062017
-4.076634
-6.732645
-11.143525
-4.241977
-2.889344
-2.383181
-2.159552
-1.774143
-0.643248
-0.063270
0.720635
0.809957
1.227999
4.016650
4.157511
1.067191
5.163462
3.161444
5.491843
0.612727
8.998701
9.700858
6.267110
9.733607
5.669697
7.761403
2.807592
4.800742
-0.850455
3.216873
5.465074
7.847000
3.557303
10.683081
6.173277
6.311158
28.528903
75.766369
111.230759
166.139359
183.789794
178.793303
175.950240
156.003042
143.395498
100.256559
52.878187
25.804210
8.561156
6.104337
-5.681749
1.304293
-3.238727
-9.755767
-3.081167
-5.039878
-0.864224
-6.582603
-4.415837
-5.869837
-8.678342
-9.521390
-4.653942
-7.950204
-6.024415
-2.395131
-5.420594
-3.118381
-3.171443
-2.441613
-2.026831
0.286879
-0.024359
0.266212
0.083125
0.741849
1.843006
0.283426
0.900573
2.553298
-1.309375
3.179728
2.467211
8.240118
4.115409
-0.733743
1.983248
0.642967
2.277921
4.125132
2.556039
6.391174
2.797737
0.884330
3.022881
3.125520
-3.519398
-1.313151
-6.110206
-1.374624
27.961882
72.390167
119.790356
152.226697
164.462735
168.028522
170.046285
144.927905
119.902205
82.382129
49.830545
15.526074
-1.352389
-10.755951
-17.595352
-8.161503
-12.468841
-18.793343
-18.298781
-15.655844
-13.116527
-10.604942
-13.786229
-13.052361
-17.007519
-8.329700
-13.166597
-10.702314
-12.029708
-6.656827
-4.884701
-7.930335
-6.539476
-3.335995
-3.645115
-1.713488
0.331584
0.285132
-2.646727
-5.900649
-7.485161
-8.643341
-8.555861
-11.237224
-6.714303
-3.973770
0.564318
-3.765081
-2.900307
2.031106
2.168808
0.839561
8.876667
7.794858
11.818235
4.800742
14.911605
3.220698
11.880868
1.248968
10.359689
3.664405
8.578574
13.661639
31.056625
78.399101
123.709930
153.509836
181.468919
176.467234
183.610136
153.810541
135.256299
98.075208
52.983522
23.338618
3.775332
3.717956
-3.350769
-10.188876
-7.697872
-5.342984
-11.610932
-7.110888
-12.820882
-6.515519
-9.832801
-14.334830
-5.450563
-5.039674
-4.603629
-2.965683
-2.668520
-3.329036
-6.136084
-2.356320
-2.468718
-2.335456
-0.427162
-0.416028
-0.194899
0.317407
0.294673
1.118059
0.622455
0.281423
1.568000
0.326491
1.221734
-0.533631
1.470054
-0.639573
0.529797
5.836186
0.609917
2.148795
0.701054
2.456711
2.579216
6.414963
2.817603
-1.165357
7.303067
-7.832078
-3.515781
3.337419
3.416882
-1.377240
23.092607
65.256033
124.736839
155.281429
170.204321
177.500804
170.204321
142.580523
127.329011
84.846286
44.953340
10.771347
-1.352389
-1.339310
-12.983020
-8.194446
-14.739034
-5.624234
-9.754171
-11.504756
-7.107343
-10.630651
-11.903438
-9.538021
-10.538712
-5.303742
-9.022351
-9.452915
-7.445335
-5.643115
-7.537120
-4.882684
-4.079012
-3.335995
-1.358878
-1.212681
-0.864326
-0.102836
0.813024
1.571488
1.605808
3.732521
2.598286
2.482126
3.635370
1.411446
6.510452
6.089964
7.825371
5.899113
6.345170
5.286492
12.139931
16.353386
10.018535
10.439939
12.924691
5.277055
-18.021518
-53.822219
-66.561536
-64.316400
-51.610973
-42.660323
1.401112
56.211941
120.502344
143.536082
170.796071
176.122572
171.130965
157.875612
128.071882
92.934000
40.659262
15.971454
6.160743
3.714131
-3.347268
1.301527
-7.723028
-11.929403
-7.320525
-7.085732
-6.809011
-6.507134
-6.196871
-10.935458
-7.038012
-5.022903
-1.922228
-1.747162
-5.971336
-5.268046
-2.817522
-3.742037
-4.175442
-0.616233
-0.420159
-0.561827
-0.101035
0.261673
-0.311067
1.086341
3.193046
2.109246
2.140964
-1.164693
2.040086
2.253648
3.496908
1.595869
1.744861
4.488095
-3.585523
-0.846224
3.911569
-2.673007
-4.622658
-1.060723
10.703497
-11.401920
7.271349
-1.237292
5.479569
-3.635144
-3.732805
15.600362
28.014690
77.236348
127.210234
157.475395
170.204321
170.362357
157.768372
152.936048
124.620372
80.142977
42.595106
10.730391
-3.736422
1.021536
-10.639955
-12.700222
-12.507405
-23.156579
-16.110143
-17.725090
-15.061761
-16.360100
-15.489671
-16.369880
-10.523549
-9.765368
-10.396459
-5.694327
-7.536317
-10.785256
-3.121301
-4.973666
-2.857708
-4.391708
-0.977870
-1.922034
-0.355589
-0.089981
0.584528
0.809957
1.957489
5.341471
2.055374
4.538074
2.804366
3.170153
1.549148
4.962391
4.241386
4.598464
7.694018
5.295201
5.721953
6.079030
6.418690
1.063628
5.032631
7.350575
-3.060159
5.646825
8.082149
5.997793
1.363768
6.292356
30.995248
80.882848
130.684002
153.660188
177.919436
178.968077
170.963518
163.163039
130.298882
95.031244
55.275075
25.675189
6.160743
1.334722
5.978991
3.584079
-5.449962
5.615489
-3.049655
3.228349
-6.792240
-2.713528
-7.958367
-41.172208
-53.902490
-54.302073
-48.224668
-38.969890
-27.391434
-19.212099
-12.438036
-10.440412
-5.682147
-2.269108
-1.759729
-1.554309
-0.075794
0.325109
1.166970
0.486707
1.976112
2.101317
0.286431
-0.435537
-1.363631
-1.497462
1.503163
0.491739
6.688117
-4.768426
-2.220874
-0.855380
2.327585
2.469955
4.400516
6.462540
-1.119579
-3.233651
5.198566
-3.443440
0.987485
-10.682135
-10.924672
-3.819614
30.493704
75.200806
125.319177
145.872500
175.503824
177.995694
162.893983
150.446796
124.736839
82.150501
40.113783
5.906695
5.799913
-1.335386
-10.639955
-3.595357
-14.754197
-7.823843
-9.764716
-11.504756
-13.071036
-16.221622
-6.432022
-18.007961
-8.921006
-14.204902
-7.532723
-9.400496
-11.883302
-5.565988
-8.284352
-4.867520
-4.735194
-4.312578
-1.708298
-1.592180
-0.758181
-0.015164
0.849887
1.635631
1.998270
6.101231
2.754406
3.211615
2.882749
2.331431
4.560940
2.820279
3.077238
7.245426
-0.605804
5.347456
15.488993
4.399635
-0.784791
8.564307
3.102122
5.308392
7.620561
14.480144
5.822309
3.652930
6.185812
6.292356
28.557149
85.681203
128.197813
168.635007
178.618530
186.288194
173.796813
150.572589
127.945950
78.167835
43.070499
11.073381
10.917261
-1.018852
-1.008261
-10.102254
1.265565
-7.496620
-3.042653
-7.027033
-0.854692
-6.465206
-9.700104
-7.460293
-10.118441
-4.997747
0.751040
-2.930023
-5.891719
-7.098251
-4.352441
-5.046838
-1.869962
-0.605729
-0.955945
-0.213581
-0.108277
-0.151916
0.093140
0.147221
0.642321
1.399398
-1.027245
0.330497
1.231667
-1.486611
10.939086
28.897409
36.432985
35.222386
37.481014
35.500100
33.361927
33.658942
24.414793
6.470469
16.690977
5.018723
-1.207210
5.344687
3.248024
-3.664081
-1.355005
-3.819614
32.977033
79.993177
112.580320
150.725918
168.184248
175.341170
157.914861
135.258637
120.125903
74.849400
37.744306
3.469857
5.788673
-8.416808
-1.317075
-10.471234
-19.208775
-7.807372
-9.733081
-11.453338
-12.980054
-18.159300
-15.430324
-11.190748
-15.221116
-12.660778
-8.916205
-8.127697
-6.247275
-7.565827
-8.240169
-4.776539
-3.329309
-3.184359
-1.301229
-2.057376
-0.668433
0.027187
0.865922
1.159750
0.573759
4.790692
2.186012
2.534381
2.908877
4.137185
3.588196
5.029300
7.953656
4.642010
10.550838
6.858137
4.161478
13.045345
8.296672
6.732221
1.124486
7.350575
5.490143
-0.958483
5.853646
-1.020970
3.767682
18.514781
36.035269
88.333780
143.536082
168.304998
183.969452
183.430478
175.950240
147.940932
125.217975
82.874756
38.128793
15.955419
6.141941
-5.741182
-1.004024
-3.270239
-0.971192
-9.701629
-0.919297
-11.146495
-12.679475
-15.858936
-9.673565
-5.752440
-5.358323
-7.802546
-11.060063
-5.305578
-3.672841
-2.294095
-3.529834
-4.257916
-3.503746
-1.840711
-0.392149
-0.494743
-0.106157
0.309250
0.761232
0.480085
-0.708944
0.824422
1.607340
0.334503
0.374563
3.290741
1.506474
1.642222
-1.945978
-4.727248
2.036223
6.696255
5.598225
-4.444864
-1.029333
2.718275
-1.118271
0.896348
-1.209826
-3.454291
-5.849440
-1.322307
-8.556813
-1.382471
28.067498
82.459338
120.125903
147.819983
170.362357
160.553220
155.281429
135.258637
107.524297
94.613548
96.346875
80.915156
79.834228
55.252443
52.272840
35.356328
27.823352
9.696260
5.170465
-3.222800
-5.102703
-2.965988
-6.423787
-4.355966
-8.818170
-11.130327
-6.158309
-6.825727
-6.260130
-2.548388
-4.794719
-4.746211
-2.720623
-1.729481
-3.006935
-0.361706
-0.159151
0.040781
0.624481
1.182053
2.469482
4.916213
0.960089
3.278524
4.567473
1.434397
3.623032
5.096209
5.497661
8.595080
4.990379
9.909999
5.791626
11.305096
15.501760
6.758349
5.114106
-0.897056
7.637979
5.665627
1.287696
8.421808
3.775332
13.675233
38.470925
95.784713
136.055844
170.461177
190.723733
171.130965
170.796071
148.377336
120.502344
87.638923
35.679541
18.311525
-3.445305
3.672055
3.637630
-0.989197
-7.655945
-0.943656
-9.398453
-4.962616
-6.750313
-6.406508
-6.071089
-12.308476
-5.316395
-9.175729
-3.155867
-2.882477
-6.850373
0.522824
-2.666583
-4.163644
-2.306302
-0.563714
-0.872090
-0.297163
0.002003
0.264143
0.104157
0.154232
2.058023
1.982374
2.969288
0.337508
2.146867
3.354177
-1.671081
1.672021
3.051699
3.270881
3.478824
2.201770
-0.936471
5.994700
2.622258
-4.883423
2.860645
2.973217
0.929398
0.960444
-5.855367
3.373840
-6.175397
1.057590
42.876926
87.555928
135.384342
155.281429
170.836464
175.829132
155.858147
142.845788
107.724902
82.304920
37.637382
10.740630
-13.278673
-8.425043
-15.315251
-15.042306
-12.481696
-7.782665
-3.338545
-15.551006
-11.003431
-14.345366
-6.399080
-12.790266
-15.154841
-15.567858
-12.901498
-8.036716
-9.594496
-6.490027
-8.151802
3.245738
11.238335
13.124459
7.721601
4.469792
1.699934
-0.000000
-1.221027
-1.340233
-0.521698
0.933314
2.177303
1.113092
6.208549
3.239827
7.649820
5.051603
4.302351
4.633301
2.195583
5.364875
7.426860
7.850615
11.866341
-0.820801
3.094472
-0.900233
7.655398
7.855710
3.576429
-1.017793
1.369300
6.279821
35.928551
95.690529
133.169882
168.139993
175.433247
187.863884
163.163039
157.875612
122.741555
85.090298
42.856005
3.790632
3.737081
-3.364775
1.311209
-5.539111
-0.964838
-3.112679
-9.376797
-9.019483
-4.760545
-6.406508
-7.828435
-4.029525
-2.219841
-6.312555
-5.771170
-6.409234
-1.526578
-3.178097
-1.109921
-2.869343
-0.738780
-1.754089
-1.353503
-0.801305
0.006622
0.614855
0.595728
0.151227
2.534708
3.074275
1.646681
1.916444
1.264776
2.377290
0.461694
3.980607
3.062939
0.581875
4.932147
-2.405344
8.946768
-0.990095
-1.037180
2.731519
4.855741
0.899352
5.221046
7.604387
0.988486
-3.685783
-8.556813
-3.819614
37.993796
77.599301
130.530925
158.207838
178.325622
168.807153
160.702018
135.761458
112.685241
67.661150
30.350137
17.922258
-6.116132
-15.482051
-8.317980
-8.136796
-12.443132
-12.147479
-11.838972
-9.406184
-12.919400
-10.514961
-11.766965
-12.755320
-10.356749
-13.983986
-11.533178
-9.243238
-8.404532
-4.481646
-4.691884
-6.152347
-3.927376
-3.669338
-2.638429
-1.729831
-0.786287
0.100363
0.914029
0.670600
1.739625
1.585624
0.975390
1.139867
4.594661
2.381569
2.588389
6.198714
9.238913
8.643187
10.643227
5.399712
15.582441
7.895221
10.113691
12.443623
7.098008
17.802966
1.221305
-0.960601
-39.807786
-61.972152
-68.605218
-64.747988
-10.914332
43.585286
88.507495
128.197813
143.114331
160.990074
153.209131
130.427255
102.829605
72.782075
35.643968
18.274569
1.351320
-10.416258
1.312592
-3.259735
-5.402416
3.396651
-5.129027
-13.087984
-8.651341
-4.534702
-6.062703
-2.366897
-0.667231
-6.290900
-4.461076
-5.208129
-5.745753
-4.071219
-1.109921
-3.516454
-2.295475
-0.944977
-0.863705
-0.419274
0.014857
0.665047
0.590107
0.865491
2.058023
4.693729
0.970103
0.335505
-0.495702
1.370726
1.513096
0.497748
1.777970
-2.108745
-2.235342
3.731727
0.711069
2.489821
-1.030641
4.619698
4.844501
2.969906
-1.215058
-3.461525
3.271201
-1.330154
-3.761741
10.832780
37.958155
87.637755
140.097890
165.229818
168.651427
175.503824
160.106825
140.358537
107.423995
72.322195
32.759874
10.679196
-1.347157
-3.685783
-10.576685
0.989488
-14.648052
-9.943982
-7.568538
-11.440483
-15.009342
-14.258001
-13.524133
-12.807739
-11.951560
-8.136883
-10.116890
-9.208292
-8.387059
-2.506903
-8.063436
-4.670393
-3.342164
-4.572962
-2.289706
-1.516361
-0.442892
0.025069
0.914029
0.670600
1.341219
4.711846
1.573089
5.432481
0.464732
-0.397162
4.594394
2.845348
6.769648
4.668138
6.412079
6.902742
4.167746
7.861766
8.307824
8.675822
7.089299
7.437667
7.672816
1.254500
8.177951
1.329189
8.630830
16.067668
48.165629
90.906827
150.572589
173.457034
180.937272
180.760057
170.796071
157.720375
117.556696
72.637666
40.376064
15.859205
3.725606
-3.357772
3.618504
-5.515338
-0.960601
3.385176
-0.910824
-17.177081
-51.385242
-58.264531
-60.461607
-53.227166
-40.475562
-37.054182
-31.147670
-27.183272
-16.094065
-7.620528
-6.405362
-4.665602
-0.714271
-0.897431
-1.028632
-0.454764
0.033720
0.331584
0.109164
0.529749
3.536384
1.371297
-0.397608
1.129028
1.281331
-0.559790
-0.609491
1.685264
5.610930
-0.770365
0.627944
2.228257
-2.611517
6.026418
4.490437
-4.930835
4.878222
-3.266204
0.934405
-3.483228
-1.301380
-3.700251
-1.370700
3.512899
43.158747
90.279118
145.197789
160.553220
175.829132
168.807153
155.858147
145.467674
110.204918
62.787257
25.492409
1.045572
-6.104279
-10.745406
-12.918748
-10.429054
-14.663215
-9.965072
-11.838972
-15.463641
-10.952013
-6.695562
-13.454241
-14.441200
-11.899141
-8.098320
-12.724765
-7.945734
-4.998354
-4.418376
-7.141470
-1.825357
-2.100084
-1.203076
-1.518487
-1.590047
-0.141065
0.209201
0.539971
2.069516
2.974930
2.977435
2.877072
1.867651
6.319416
4.248699
3.640451
7.392410
5.631478
6.021778
7.829954
6.958500
2.551313
9.637912
2.857318
4.882216
3.136547
11.568214
3.369876
5.696963
3.580254
1.337488
11.039927
8.735340
45.930567
93.209224
145.743546
172.607587
185.741895
182.891506
170.461177
152.307016
119.672112
82.300945
35.501677
11.028776
3.729431
-1.014615
-7.941051
-12.300953
1.257267
-0.937301
-7.219900
-4.926956
-14.378043
-6.339424
-7.752641
-7.276221
-5.224155
-4.788110
-5.608754
-6.223459
-5.613056
-1.274483
-3.345763
-2.761066
-2.198025
-1.257822
0.348080
-0.231787
0.056201
0.059089
0.651928
-0.215807
0.214322
0.252380
-0.400223
-3.701312
-0.508781
-3.541318
4.832771
28.946100
39.287150
48.523986
43.026268
39.880774
42.641299
36.146020
24.818087
20.046960
10.916814
13.446026
11.744986
9.860082
-1.303996
-1.343234
3.469857
-1.391627
40.493289
97.894982
128.041673
170.520392
170.836464
165.996902
150.865479
133.143882
110.307530
58.012359
25.564693
10.709913
-13.291528
-6.027235
-17.595352
-14.996815
-7.955613
-3.410887
-11.800409
-13.434963
-8.984382
-8.541490
-15.291846
-14.441200
-11.846722
-8.124029
-8.734242
-5.578331
-8.334640
-5.373171
-8.857574
-3.959178
-5.064311
-3.093377
-2.198724
-0.545237
-0.312954
0.149530
0.531262
1.795987
1.002766
2.299232
1.560554
4.746537
2.961132
2.362767
7.649820
1.748051
3.121109
8.675258
3.622492
5.408421
7.460314
7.906372
10.113691
6.775767
7.106717
-0.902351
5.521479
-0.963779
8.186660
8.430518
1.369300
20.982815
55.550624
105.303276
150.572589
165.326544
190.349765
172.777477
165.163981
140.213716
109.815887
72.782075
25.726797
10.995321
1.344404
1.323657
-0.999788
-5.503452
-0.955306
-11.730359
-5.093367
-2.892096
-12.428086
-11.831035
-5.987234
-8.890656
-6.756491
-7.590232
-5.641237
-3.966333
-3.530288
0.506226
-1.830522
-3.943678
-3.158085
-1.977176
-0.558666
-0.335419
0.092150
0.624574
1.708611
1.284578
3.238932
1.416258
1.691641
2.751535
-0.504857
-1.537250
1.536272
0.507764
1.821012
3.287742
3.529405
-3.976671
5.717167
0.763148
6.319809
-4.930835
0.872312
-3.284290
-9.859622
-3.501313
-3.609825
-3.700251
-1.366776
1.060595
40.493289
90.279118
133.020486
148.368989
200.792786
230.962877
230.109040
202.725105
169.888250
124.387436
69.470991
34.798644
22.417257
5.709992
5.653791
-8.128561
-5.730911
-7.757958
-7.535596
-13.450126
-14.834611
-10.412125
-16.922170
-7.634616
-7.075728
-7.995484
-9.977106
-9.120927
-8.282221
-8.209724
-6.220402
-6.627482
-4.385733
-3.017559
-1.799627
-1.118339
-0.501325
0.144969
1.090421
1.027687
1.817685
0.372062
0.979215
3.378887
4.662629
3.335628
4.705908
2.908021
8.130047
3.403137
-0.619572
5.486804
10.840063
2.738741
4.687930
6.819313
3.144197
9.545634
-0.935183
1.258650
-7.907509
6.066733
3.790632
18.514781
53.088857
113.058738
142.973747
170.628624
180.760057
178.094210
170.628624
149.980948
112.502347
60.233876
37.862690
8.561156
-1.027325
-10.394602
-10.243014
1.282163
-7.588861
-7.387609
-3.004138
-8.932861
-6.616145
-10.031845
-7.709330
-8.877387
-6.724008
-8.971475
-3.096435
-2.781442
-8.691521
-1.270982
-7.746065
-2.728583
-2.154714
-0.879601
-1.220807
-0.530785
0.150577
0.936022
1.197954
0.549615
3.862556
0.847599
2.386779
1.961405
1.281331
1.417079
4.730382
5.191134
1.827634
6.000009
-0.822682
5.360340
7.382263
9.574171
4.484817
4.687139
4.906322
-1.187591
0.940414
-3.501313
-8.210917
8.143593
-3.794295
8.397337
57.633547
102.859940
142.978422
168.184248
176.317095
168.807153
158.207838
138.383342
105.146586
67.534443
22.983680
5.872974
-3.725571
-13.098711
-15.224269
-10.407964
-16.844011
-5.588675
-7.519125
-15.428695
-8.942202
-12.282528
-20.486921
-16.016414
-13.372947
-12.304694
-11.315571
-11.487635
-9.337324
-11.111550
-9.482212
-6.693756
-3.821231
5.228001
7.028637
5.432916
2.110524
-0.657429
-2.989938
-3.805561
-3.755235
-4.629294
-2.739411
-0.319847
-0.360093
2.400371
1.598874
2.901754
3.183782
6.021778
3.647561
8.536825
4.217884
0.990322
13.858369
10.657438
9.166485
11.622588
7.690235
7.916674
8.195369
8.404390
6.217148
18.533259
60.593839
105.719084
150.276769
172.947366
172.947366
186.941173
165.001418
142.411411
102.525075
67.791527
23.245171
8.561156
1.344404
-10.362119
1.301527
-7.764956
-0.956365
-3.084669
-5.081481
-8.900378
-8.532236
-6.289111
-14.581982
-7.167944
-3.661044
-8.830068
-3.060775
-5.002402
-1.446048
-4.777069
-3.237485
-4.447753
-1.601627
-1.182353
-0.704380
-0.213957
0.237720
0.067101
1.228671
0.972272
2.498297
-0.349215
-1.878696
0.357538
2.236788
-0.570253
7.116737
-0.678810
5.713319
-4.916668
0.635956
5.415846
5.772674
6.097783
-2.908115
4.720860
4.940042
-1.190207
-1.232060
-5.754617
-10.566140
5.771813
-1.377240
13.351138
45.591882
103.051307
140.879831
168.651427
173.813677
166.303735
158.793793
130.773098
105.146586
55.277622
18.128261
1.047575
-1.345849
-6.039088
-5.938338
-8.136796
-7.922670
-5.576822
-11.748991
-5.227160
-10.913450
-14.100744
-8.056418
-15.950139
-8.625353
-7.956920
-5.979043
-11.421360
-4.935083
-5.244626
-2.080196
-5.154547
-3.187910
-1.137885
-0.794149
-0.885784
-0.305806
0.189574
1.311926
1.940307
3.085797
1.616960
2.229558
3.423493
6.448761
2.425440
4.761666
4.075911
6.919178
7.394957
3.660095
5.495513
9.189321
7.973281
12.042733
6.871569
1.141084
-40.720103
-59.090693
-61.234573
-60.874728
-55.453874
-47.079653
-27.978249
11.240653
78.244923
125.711932
158.496558
165.651670
180.405625
160.674716
137.463762
114.516558
60.233876
25.700993
8.587284
6.085535
-1.015674
-0.995552
-3.228223
-0.957424
-3.077666
-7.136045
-6.909637
-8.510580
-4.451496
-4.189993
-8.771230
-6.680697
-6.139312
-6.847132
-8.423500
-2.454563
-3.854665
-1.782976
-2.696100
-2.600849
-1.515879
-0.088964
-0.251564
0.101161
0.696247
0.126190
0.955412
3.124467
1.511799
1.046254
1.188625
-2.340961
0.435655
1.579314
2.905577
0.557839
1.973315
-2.296832
2.251434
4.097032
4.310594
2.658678
0.840264
6.954169
0.914375
3.115587
-3.515781
1.002507
-8.482693
-3.808763
10.883975
55.433041
97.986047
143.111055
158.793793
178.490585
178.490585
151.005040
133.390673
95.412349
52.764273
15.719222
10.668957
1.029548
-8.383865
-12.880185
-5.843514
-5.719058
-5.553116
-15.970359
-5.215307
-12.828418
-17.739559
-6.275545
-14.164246
-10.144458
-7.944066
-5.957953
-7.778934
-7.051081
-7.076581
-5.292102
-3.100245
-3.162201
-3.337351
-1.413037
-0.833059
-0.372780
0.320712
0.847510
0.783411
2.790194
3.371230
1.629494
4.186851
2.181016
4.326759
4.783968
5.263480
1.958429
7.435738
2.249134
7.081165
0.940529
4.512446
8.408187
4.926087
1.146616
7.472504
3.392826
-3.193210
8.230206
10.872655
8.656957
16.099739
53.299527
113.170016
145.886572
177.919436
180.228409
170.126283
170.293730
137.870861
109.598214
62.748310
30.504234
15.762991
-1.026265
-1.010379
-3.294748
-3.235226
-0.955306
1.215773
-2.983130
-10.907641
-46.840845
-59.009284
-64.358013
-52.276681
-46.903332
-36.214976
-29.243478
-26.439309
-22.516927
-16.563305
-7.567702
-6.191756
-2.534501
-2.199661
-0.670839
-0.526469
-0.072341
0.726964
1.827471
-0.226270
3.818374
-1.617930
-1.124905
-1.309375
-2.364667
1.440255
-1.728954
0.517779
0.562846
-0.780828
0.639962
2.264677
5.804392
-4.575246
4.501677
-1.101268
0.876318
9.348136
7.453727
7.691612
1.003509
-6.092426
-3.812380
13.363686
62.845991
105.636551
140.488860
170.994499
171.468606
165.843485
158.500816
127.685343
100.097491
52.714775
20.566712
3.449991
-6.104279
-8.383865
-3.631527
-5.831661
-10.165428
-14.253798
-15.865521
-11.299084
-12.782927
-13.978432
-15.034674
-15.795498
-16.202285
-9.295296
-9.767430
-7.763771
-9.139499
-4.249655
-8.442757
-2.363624
-1.410503
-3.249986
-2.271495
-0.843604
-0.308507
0.150415
1.422793
1.712802
1.084241
3.736294
2.910526
4.173257
6.467239
2.469311
4.783968
4.119458
3.202583
3.434473
9.444966
8.645574
7.627586
7.995584
8.430490
1.096823
3.155672
7.481214
12.071179
3.511403
5.947655
3.729431
3.805932
23.455428
68.128128
107.883648
150.572589
167.974988
183.250821
168.470002
175.088584
135.522814
100.058424
60.233876
20.836374
3.760032
10.828050
-8.016520
-3.291247
3.519053
-16.338685
-7.370838
-0.901292
-2.864085
-6.582603
-4.415837
-16.265004
-5.500876
-9.631374
-6.085173
-1.782175
-5.024058
-4.428534
-0.372802
-5.409920
-0.833316
-1.593241
-1.148811
-0.866217
-0.101538
0.106781
0.404645
0.719369
0.972272
2.774748
4.703734
19.350947
25.582330
24.539687
30.993977
28.251329
24.632144
25.266646
15.763214
16.898588
7.003423
4.125132
9.687104
2.655367
-1.103884
6.970028
0.915376
-3.410887
3.214915
-5.956117
-3.711103
1.055587
5.968515
52.962262
105.440565
150.167673
168.495700
168.651427
160.999614
155.713968
130.652012
97.439657
57.687663
20.508283
3.449991
-6.086500
-6.027235
-12.918748
-8.103854
-14.632888
-9.859622
-13.783726
-13.328817
-14.677354
-12.161219
-15.014892
-12.458278
-8.509663
-12.067304
-11.058399
-8.911251
-1.656613
-7.873422
-5.993253
-5.014763
-4.123638
-1.540062
-1.940943
-1.152435
-0.263626
0.432961
1.266812
1.123488
1.541531
2.575983
2.299232
3.445795
0.486862
2.456776
3.771089
4.128167
4.493954
-0.582504
2.256784
5.565187
4.280557
6.305470
8.430490
1.096823
5.195581
7.489923
5.565350
1.269715
1.313975
1.344404
6.235950
21.087415
63.122927
113.281295
147.649996
180.937272
185.559795
180.405625
162.522556
137.463762
100.157492
57.724327
18.348481
8.552447
1.337488
1.320891
-12.460189
-0.976488
-9.723284
-5.188459
-7.127659
-8.857067
-6.574217
-9.872610
-5.886608
-7.135461
-8.067939
-6.052690
-10.442182
-3.840551
-7.425025
-3.789699
-2.456946
-2.020901
-2.521231
-1.140425
-0.475460
-0.346487
0.112401
0.767919
1.631248
1.812289
2.196471
0.275414
2.521580
2.040086
2.225548
2.472831
-0.622570
4.115409
-0.735051
0.597899
0.642967
0.686032
-0.957397
2.549417
4.524157
-3.056415
4.956903
-3.313226
3.128831
-8.005026
-10.576685
1.031551
-8.655641
10.894214
50.491177
102.764256
143.243688
158.354327
168.028522
165.690068
202.913162
203.289275
164.462735
119.454809
81.532829
61.083954
41.387306
26.826508
26.483255
16.909410
16.428736
3.092410
-5.363469
-5.173821
-8.857842
-8.414950
-6.250839
-10.781330
-10.023149
-10.606136
-8.430970
-7.703116
-7.950233
-6.050282
-4.357667
-3.036974
-3.608940
-2.326660
-1.910615
-0.727608
-0.288109
0.345695
0.722865
2.420595
3.723770
2.475620
3.643104
2.708565
1.350245
4.438274
3.771089
4.154294
0.715079
3.465809
-4.989361
4.023598
7.661040
6.322888
13.987714
1.102356
5.195581
11.744931
-9.647490
5.759636
-5.646090
13.308203
1.385898
23.478790
75.467782
118.253673
162.842797
170.796071
172.947366
173.117256
162.842797
140.213716
107.458072
45.567838
23.198447
6.167010
-3.392785
-8.016520
-0.994493
-5.485622
1.243435
-7.354067
-5.039878
-12.820882
-10.376856
-8.023333
-7.568570
-7.070495
-5.089987
-8.767221
-7.918780
-3.823780
-3.396120
-2.056365
-1.723543
-0.252065
-2.024782
-1.725053
-0.855389
-0.091034
0.266212
0.254942
0.127191
1.435239
0.933683
2.188541
1.804043
-0.480007
2.253648
-0.578101
2.703254
1.734928
5.795230
-2.181087
-0.839685
10.207094
4.130752
6.137430
0.809217
4.743340
2.926864
3.032814
0.946423
-1.275222
-3.635144
-1.351081
-8.663876
20.683568
62.904726
113.209846
152.794177
163.649521
178.820512
163.498413
160.999614
130.409839
100.004117
52.714775
15.644934
-3.758124
-1.340618
-6.003529
-8.227388
-12.597386
-10.123248
-3.385567
-13.707908
-9.195283
-18.534857
-15.766626
-7.940422
-9.062405
-12.957515
-11.988175
-13.542572
-9.990146
-6.869117
-0.514012
12.046813
14.057273
12.278160
8.588219
4.781775
1.927495
0.631696
-0.865595
-1.506790
-2.089678
-1.959816
4.065122
-2.247309
1.208718
-2.121741
3.440139
2.738804
4.171713
8.306439
7.544487
8.156202
13.493435
5.983229
11.657879
2.907044
6.915115
11.282747
11.758525
5.584152
3.530528
5.953922
6.129406
3.821232
28.359424
70.599357
123.104696
147.795464
178.268983
180.228409
175.260916
