201.521048
189.458601
188.231764
169.247260
136.084553
86.269215
39.295623
17.230613
9.861126
-8.963299
-6.523668
-10.939169
-15.204721
-12.588890
-5.951302
-5.736665
-9.406575
-12.754373
-10.242718
-13.074025
-12.245644
-17.170637
-17.028680
-7.038517
-7.492409
-10.487465
-9.905090
-7.031679
-5.239785
-4.204013
-2.944840
-1.476492
-0.455336
0.235845
1.313448
1.608226
1.139797
2.964730
5.508007
3.486920
4.740770
3.499230
6.865063
4.224792
7.090179
6.267189
2.534175
8.684420
7.784752
11.665691
14.069605
12.861752
7.549520
7.861787
3.902103
6.221393
6.404574
8.963907
1.984561
9.386386
21.841365
79.210994
119.147053
162.120086
174.288928
182.126569
164.620703
156.062736
120.817775
76.278467
38.782275
11.700297
6.764153
-5.142489
4.239700
4.165166
-2.610137
-9.024190
-4.594861
-4.412318
-10.143523
-15.260968
-12.688056
-12.051071
-4.934927
-7.449344
-5.478615
-3.784967
-5.599423
-3.936189
-1.747194
-0.796838
-0.095579
-0.498376
0.236163
-0.510247
-0.005402
0.270134
0.459999
-0.584246
0.076092
0.639742
0.761211
0.128281
2.642937
0.158559
1.176909
4.618502
0.209951
4.117726
4.395161
6.212413
5.088750
-3.122987
3.874991
5.899153
6.183889
6.454024
2.469888
2.548169
2.629149
-4.232635
-9.086567
-9.262663
17.544197
61.742075
119.151711
146.903727
159.316698
171.729670
159.464350
136.465387
113.780041
73.866645
27.198662
5.229988
-1.959631
-8.945690
-20.451407
-17.720167
-10.694843
-16.909793
-20.597619
-15.919337
-21.074573
-22.041547
-1.468772
27.164588
34.895526
32.242650
29.538757
17.152946
16.722420
6.050681
3.495083
0.842191
-1.088632
-1.796182
-1.294307
-1.043941
-0.444230
0.081414
0.764574
1.355381
2.703426
2.455904
3.000373
6.291838
3.950298
5.244215
4.819132
7.520438
5.850148
3.683987
9.453797
5.712654
6.153501
11.665691
6.879064
10.907968
7.540335
7.880156
1.756337
-0.380653
6.431712
4.287929
6.770938
4.463304
39.086152
79.134609
129.609280
167.282014
171.462431
187.128112
174.456514
158.700047
141.158597
80.754501
36.260886
16.564626
9.101671
-2.765000
-2.717133
-2.677714
-7.082533
1.796028
-2.469353
-10.491159
-6.206736
-15.182505
-7.371591
-11.964992
-7.970798
-10.260626
-9.365404
-8.504613
-5.524930
-4.817242
-3.345260
-2.794394
-0.627897
1.187289
-0.604999
-0.025765
-0.025341
0.225000
0.261835
0.399501
0.984998
1.219997
1.444997
1.659996
-0.707750
2.049995
0.178478
3.606660
1.441443
-1.092066
1.649292
4.782110
6.721313
0.297596
-1.482090
-3.425618
0.340224
-5.775690
-5.996831
-1.807427
2.645345
7.373941
5.174989
5.284988
22.499017
64.736863
114.204990
152.150353
163.977318
169.717827
161.649463
144.019468
116.461121
71.552992
27.224369
0.416316
0.409543
-13.648019
-13.460326
-15.503161
-17.414025
-12.588890
-14.325109
-11.797895
-13.366960
-5.281374
-17.364403
-13.056017
-12.119585
-8.432814
-11.698124
-10.601425
-9.728127
-4.653312
-6.555021
-2.711882
-1.671568
-0.386219
-1.303112
-1.010624
-0.792060
0.125861
0.578613
1.884206
2.335424
4.512328
4.194406
5.654140
8.886728
8.028979
7.927067
7.520438
8.290505
-0.225234
-25.210026
-36.143843
-44.085925
-43.197383
-38.010390
-30.353892
-39.797876
-33.226256
-32.373731
-15.735256
-11.683054
-5.069472
-2.804419
6.886274
21.756626
76.352452
129.360510
159.619159
177.464686
179.280871
174.456514
154.172460
130.842354
83.295811
38.706306
6.831998
1.964716
-0.407665
1.917086
-0.393951
-9.274584
-2.528482
-4.558352
-16.594831
-0.337851
-9.634484
-9.137862
-3.593483
-6.450142
-8.830154
-10.592446
-9.650895
-5.500099
-8.542115
-4.948442
-2.071451
-1.705901
-0.475850
0.222271
-0.168941
-0.052155
0.357746
0.269933
0.059360
1.004998
0.658637
-1.886205
1.679996
-1.567798
0.164933
-0.854247
2.474995
0.212739
0.228675
3.059993
4.782110
1.900329
3.734992
9.295878
-5.307391
-1.622879
2.407804
6.731459
-8.373377
2.648044
0.402771
-4.346121
0.421495
27.430030
81.592582
119.151711
156.833981
177.350138
182.165311
179.841750
147.039875
121.738057
74.144340
34.534163
10.033959
-6.705784
-8.945690
-11.172390
-10.961381
-4.051896
-8.276524
-10.139555
-9.795277
-13.366960
-14.640747
-15.597498
-11.403541
-7.496385
-9.832805
-11.616887
-4.596112
-8.553942
-5.617407
-6.464979
-3.376150
-3.989668
-3.157179
-1.250283
-0.801238
-0.482641
0.074535
0.964936
0.526126
0.745345
1.983815
1.777541
1.341622
1.508228
4.425261
4.911808
4.233976
5.896486
6.290357
3.928229
1.242335
10.944778
8.282883
6.915801
9.116964
5.570080
-0.355720
3.924025
4.011712
8.660824
4.266007
4.380001
6.954119
34.147008
88.908435
139.344706
159.006418
196.563951
184.095629
180.903070
121.755255
66.123133
-5.340678
-39.514402
-48.657988
-50.257053
-49.698077
-42.045788
-18.536780
-15.959062
-15.511450
-8.753765
-8.463308
-12.030344
-5.917342
-9.125446
-3.609130
-6.450142
-10.226195
-1.531731
-2.566029
0.879161
-2.039263
-4.146801
-2.734300
-3.377978
-0.897067
-0.620645
-0.174572
-0.076156
0.195000
0.931382
0.391403
0.989998
1.209997
1.454997
6.224480
6.995488
4.880038
6.377361
0.196405
-1.014062
0.226285
3.024993
4.752907
1.884133
0.296799
3.899991
7.825528
-5.548044
0.354964
-3.871158
-1.801719
-1.864504
2.723625
5.179989
2.845095
29.773102
81.821561
121.738057
149.247995
164.434079
167.073652
162.099322
146.631431
109.156327
69.229830
32.097464
10.014756
5.149989
2.750619
-4.215822
-8.672740
-15.157599
-12.575483
-10.139555
-15.865312
-9.406575
-14.604731
-10.282938
-11.403541
-15.329512
-8.338967
-14.298824
-5.808310
-6.381589
-6.549968
-5.670356
-3.376150
-3.958254
-2.243363
-1.876938
-0.774824
-0.388701
0.208520
0.461346
1.102120
2.363393
2.502242
2.424663
4.293264
4.019805
2.605251
0.841454
-0.193236
-2.665123
5.005460
3.955367
7.286620
6.171870
4.857707
10.474446
10.977890
3.621502
5.821107
6.044995
6.207824
6.424928
6.648817
-0.415560
6.920197
36.545564
93.599224
133.835712
168.971105
179.453257
179.798027
173.786171
154.320845
126.010796
85.590861
36.296470
11.653959
6.743800
4.309851
1.913117
-2.669267
-13.748964
-2.534114
-6.663674
-10.429081
-2.283518
-9.584822
-5.574639
-3.609130
-9.541307
-4.531298
-4.158133
-1.388131
2.998752
-2.028832
-0.137135
-0.115110
-0.639160
-0.487113
-0.326619
-0.456938
-0.272126
3.154775
6.957275
10.686948
14.273172
16.310860
16.296206
17.754826
15.596492
13.304947
14.674574
10.384161
7.570453
1.544018
14.278247
10.760881
11.586102
3.719992
0.310345
4.089991
0.339029
2.402405
-1.750350
-1.809329
-1.866406
0.403567
-9.112981
2.850494
22.499017
79.207205
124.329312
161.649463
171.888826
174.535302
159.464350
136.973165
111.419668
76.601747
32.067155
7.644076
-9.060152
-1.938703
-13.460326
-10.939169
-8.505449
-16.909793
-10.139555
-11.811302
-1.609561
-8.984556
-19.006973
-8.062779
-10.602465
-12.672967
-11.657505
-9.382324
-4.173481
-5.590593
-5.607526
-6.918629
-3.418708
-3.637676
-2.199030
-1.397955
-0.518343
0.220105
0.787743
0.539279
-0.070645
1.983815
1.777541
1.341622
2.340655
5.398045
2.890200
8.753586
7.132133
5.023829
8.139022
8.782312
11.075853
-0.297126
-0.313748
-5.963036
-0.342006
-0.356135
10.333331
8.422031
6.431712
-0.405171
14.026527
14.306219
31.646498
83.864106
134.223268
163.988761
179.453257
171.792801
169.622246
156.364306
130.588784
75.760572
33.781977
6.838783
-0.411405
6.648817
-14.267514
1.877395
-4.845205
-4.678309
-8.783812
-10.441497
1.611464
-5.864033
-10.845088
-13.534791
-14.134119
-7.374850
-13.257825
-7.289322
-3.396570
-3.906142
-5.681219
-0.113864
-2.243528
-1.302272
-1.161827
-0.620976
-0.031293
0.124169
0.931382
-0.279676
0.999998
-1.025584
0.114337
3.178221
0.987955
2.942276
3.270818
0.194812
2.654994
2.844994
-3.928510
3.249993
1.894931
-1.426916
-8.673595
0.324687
-5.548044
-9.884123
0.367314
4.744990
50.098548
63.333768
69.539305
63.713118
91.174521
135.957608
164.281825
196.920251
208.968893
219.507763
189.108077
174.373845
126.571945
76.314849
37.005773
12.438147
5.154989
-11.272342
-6.530172
-15.471746
-12.950871
-14.764915
-12.226909
-9.784171
-9.395469
-10.859426
-15.638117
-16.460007
-15.284292
-11.201162
-6.363598
1.414450
-3.102482
-3.733241
-4.042495
-2.720687
-2.854179
-2.708153
-1.970785
-0.988412
-0.522861
0.225414
0.615350
0.807356
3.915021
2.467488
4.846406
3.486920
2.340655
3.480861
3.857419
-0.192404
5.826979
6.278773
5.299359
8.754343
9.439587
8.294468
-0.312917
11.005860
3.599580
-0.355720
3.897718
8.403662
-2.658004
1.932963
-7.600396
-0.423872
24.197661
86.510294
129.609280
161.964501
179.453257
181.602212
168.971105
158.700047
123.172715
70.775939
40.990491
6.831998
-0.413898
1.946855
-2.717133
-7.227230
-2.598874
-9.024190
-4.563568
-12.519262
-6.138196
-9.609653
-7.301481
-6.870804
-6.390048
-8.726444
-9.210462
-4.867654
-2.300038
-2.916785
-5.612356
-6.689952
-5.845824
-1.279425
-1.111748
-0.426475
-0.005216
0.249999
0.509999
2.158928
0.553363
0.674833
0.788205
0.917773
-0.726776
2.089995
-0.871370
-0.955082
-1.025477
5.569088
0.244212
-1.257589
5.147157
0.299190
2.124374
4.104991
-1.636197
2.413202
2.496882
4.764990
2.656142
-8.928080
-4.367137
-2.011000
27.532861
84.524053
137.227054
154.637672
167.537316
167.846426
149.524893
139.585128
109.359598
69.100187
32.067155
0.415519
0.410738
-8.963299
-8.822422
-17.792200
-12.937464
-23.316549
-10.117343
-13.822474
-11.395694
-16.369249
-10.269531
13.577265
32.980863
36.083783
31.869373
21.701284
19.945111
12.729873
10.111091
6.458442
4.175618
-0.849049
1.363466
1.071228
-0.064687
-0.007480
0.936966
0.848063
1.552152
3.048637
2.406295
3.568011
3.996636
6.275224
5.943444
5.409939
5.896486
5.005460
5.326912
5.822866
7.807921
8.340806
6.924985
11.033829
7.577073
18.176422
8.174054
10.622943
4.138859
6.608110
1.982577
9.377201
29.122710
83.620551
136.585409
163.830776
188.901096
186.768941
178.591329
156.062736
118.228771
85.507276
36.225301
16.515473
6.723446
4.301082
-5.012101
-7.181537
-0.383147
-6.831218
-0.362369
-0.347824
-4.198482
-9.597238
-10.800641
-3.603914
-12.534394
-5.889260
-7.941212
-8.418534
-5.438021
-4.742749
-5.577924
-1.402971
-0.613819
-1.642583
-1.614911
-0.550866
-0.000000
0.470492
1.462958
2.895982
2.440019
0.685630
1.479997
0.915073
-0.721068
0.167323
3.336526
4.791336
-3.505740
4.219939
4.504675
-1.259491
1.919225
0.299986
3.944991
6.001366
4.304991
10.652767
0.368908
0.380859
-4.148570
-1.925385
-1.974852
-4.438592
27.404323
81.974213
132.008038
166.764543
180.505985
172.525451
170.188395
147.312171
131.641009
86.673855
36.970862
22.119108
-4.329308
-6.621230
-13.513952
-15.518868
-12.924058
-10.439410
-14.309402
-17.892443
-17.222238
-8.984556
-15.597498
-8.051673
-13.769666
-6.907780
-7.695445
-9.418341
-4.199896
-7.581494
-4.799598
-4.775036
-2.236422
-5.551204
-2.261859
-1.220010
-0.549757
0.153830
1.440556
2.782967
1.957772
2.490657
3.635989
4.251310
-0.965779
-18.349629
-25.133023
-25.583348
-19.601938
-24.986572
-18.273847
-19.759783
-16.407473
-10.608037
-7.551875
1.561850
-0.341591
5.821107
8.146501
-2.579165
4.147628
11.306425
4.384385
14.306219
43.854158
96.073749
133.835712
168.482749
191.760884
176.104803
170.801689
151.094792
110.382361
78.294377
31.307869
9.211883
1.968685
-7.432852
-11.918950
1.869457
-7.029224
-6.823602
-8.713702
-10.416666
-4.219344
-5.856417
-10.800641
-5.224320
-6.390048
-8.711628
-6.679578
-7.230059
-4.356851
-3.836032
-0.912281
-2.063835
-2.731426
-0.470219
-0.594568
-0.570898
-0.010431
0.234999
0.969789
1.459485
1.949181
0.098800
0.790904
3.255036
0.150192
4.915746
6.490988
1.336169
1.452240
0.230269
0.244212
0.261741
0.282059
0.299190
2.118975
-3.446634
0.342216
2.413202
0.368908
-1.820745
-1.874016
-8.945690
5.189989
0.421097
29.941154
82.050539
124.675633
164.890840
167.382761
179.675691
159.612003
146.631431
119.151711
66.897465
32.067155
10.053163
-6.699280
-1.942508
-11.127967
-1.879724
-4.056100
-1.786499
-5.925285
-9.773065
-13.272716
-14.550706
-10.256125
-11.372126
-12.155602
-8.379187
-7.735665
-3.414681
-7.460994
-8.489263
-6.482988
-4.048823
-5.158548
-2.694746
-2.521162
-0.999518
-0.518343
0.185351
0.776158
1.390134
3.137015
2.992699
3.023542
3.533258
4.810693
4.390507
4.888639
-0.192820
4.674824
2.385105
3.975721
7.298205
7.842674
8.306052
8.699924
7.237252
5.563296
5.814322
10.333331
6.201039
13.215422
11.294841
1.978608
11.804557
41.394338
93.417654
143.781508
168.808319
188.719111
189.265067
188.355140
165.838546
130.588784
60.955250
-27.352021
-53.215853
-73.693814
-70.605535
-71.823412
-61.498561
-48.905369
-39.079902
-37.945888
-30.443689
-31.324285
-24.280821
-12.515898
-6.840757
-9.422782
-4.439911
-6.629916
-4.827591
-1.224822
-2.878707
-4.711391
-2.033373
-2.644517
-0.844912
-1.570464
-0.520819
0.019204
0.508899
0.288828
2.607698
0.564160
2.410071
1.494997
0.917773
1.914996
3.080993
2.284995
2.524994
5.213818
1.571011
-2.601788
0.264928
5.227467
5.519505
5.767736
6.037871
-3.627372
2.424000
-1.763668
-4.009864
0.393209
2.742521
2.810004
-2.020513
37.424706
84.602680
134.989331
154.923773
165.195348
164.890840
157.706088
139.843618
116.678197
66.834944
24.787973
2.820801
-4.325105
-6.627734
-13.500546
-6.413097
-12.964278
-14.780622
-8.038794
-13.838181
-5.483003
-10.846019
-10.269531
-1.377450
-4.377296
-4.026072
-10.282739
-9.292282
-5.219705
-7.473444
-5.560404
-5.402490
-4.466058
-5.007079
-2.199030
-0.943989
-0.612282
0.083303
1.277347
1.129673
3.212153
3.571799
3.035126
2.096413
2.367793
4.483183
4.911808
7.700667
4.702377
2.393874
3.948583
5.767760
12.660766
8.317637
10.544369
7.246437
-0.342837
1.700769
3.897718
8.412847
4.156397
4.266007
6.791291
2.028222
36.545564
91.301775
140.749441
171.132060
181.776998
179.108486
176.104803
148.323496
122.933544
75.982527
36.118547
16.466320
-2.776262
4.283544
-2.708686
-0.392705
-4.813912
-0.371927
-0.361538
-4.375809
-6.107733
-5.848802
1.436822
-0.283828
-6.360001
-7.213448
-4.013436
-3.647886
-3.328029
-0.156251
-0.901018
-0.746156
-3.155743
-8.283013
-7.721618
-4.051980
0.592203
3.613220
5.864957
8.264730
9.840033
8.972154
11.893325
12.079243
7.239954
6.931856
2.304995
0.200788
2.724994
4.271045
3.099993
1.789657
0.283254
2.040695
0.315524
0.329866
0.345004
-1.712299
-6.029352
0.381258
-6.400089
-4.287276
-6.764321
-6.907413
22.583441
79.503307
122.416894
159.316698
180.339927
165.043094
162.999041
140.102109
106.884091
66.959986
27.301492
-1.991975
-1.963436
-6.653751
-11.183496
-10.983592
-8.496644
-12.602297
-12.240316
-17.851824
-13.288423
-14.550706
-13.740332
-16.392177
-15.329512
-11.219171
-8.968900
-10.581115
-6.341369
-8.448645
-4.799598
-3.376150
-2.820862
-1.769767
-2.246152
-1.620747
-0.846969
0.209769
0.950951
1.949743
3.559020
3.006683
2.397110
2.819589
3.950298
3.499230
5.859536
3.148011
5.884902
6.301942
6.730567
7.298205
2.963844
6.575981
5.115518
10.991875
-0.342422
9.939460
14.532961
-0.380653
6.411359
8.945538
-0.414729
-0.422625
24.221245
88.478510
138.406809
162.882864
180.728284
176.444774
170.636504
148.323496
125.034914
83.052256
33.748792
11.572868
1.958762
4.274775
-4.980808
-0.391042
-13.571176
-0.371511
1.722599
-4.349732
-4.182836
-7.682079
-7.281450
-3.556975
-7.871473
-5.839182
-5.328378
-1.362790
-4.336819
-3.755906
-2.437001
-3.955790
-0.605372
-2.048570
-1.353297
-0.265991
-0.007616
0.269999
1.027401
1.138945
-0.390024
0.674833
0.118720
0.134655
0.150591
-1.735927
0.181665
-3.245573
0.214333
1.565612
-8.245120
-2.761510
-2.988484
-4.884621
0.314727
-5.320399
-5.593573
-5.821219
-3.887971
-10.594891
29.915200
56.619584
67.609282
73.588951
88.888173
139.326637
180.007808
201.707815
219.913507
210.130907
185.337575
159.759655
114.311228
66.834944
32.218701
0.417113
-6.712288
-4.291480
-15.817308
-10.994698
-21.886383
-12.588890
-14.340816
-17.851824
-13.288423
-20.177783
-12.047542
-14.683582
-12.137594
-11.219171
-8.937486
-8.183533
-6.354775
-8.448645
-9.714608
-4.048823
-5.077311
-3.637676
-2.261859
-1.233416
-0.410913
0.101768
-0.027427
0.234178
2.335424
2.455904
3.000373
5.654140
3.122672
5.300153
5.943444
3.134442
7.062210
3.677203
8.083084
5.786128
7.807921
16.886477
5.095165
5.312269
7.567888
3.761802
3.893334
1.817858
4.138859
4.274775
11.572868
4.463304
38.934214
100.924508
140.613057
167.831608
181.077855
183.386888
173.618586
140.885827
110.597531
70.914308
33.815162
11.607621
9.064934
4.279160
1.897241
-2.658004
-0.381900
-6.777908
-2.435565
-4.360163
-2.258177
-7.652032
-7.221355
-5.163395
-9.363519
1.149061
-5.318363
-1.359974
-4.346835
-5.526254
-3.923321
-2.614110
-2.123339
-0.829265
-0.776794
-0.132337
0.030000
-0.108446
0.299626
0.439991
3.449424
4.832905
2.909368
4.914403
2.803558
2.109995
-4.085433
2.524994
1.471136
4.271045
-2.622804
0.266123
3.599992
2.051492
0.316320
2.240445
0.345004
2.432098
-1.771278
4.799989
-4.165383
5.094989
0.415918
2.866690
25.022043
79.873434
122.416894
160.645568
170.345250
165.347602
157.706088
127.631617
104.408276
54.690064
24.834787
14.885243
-4.341918
-8.980909
-11.183496
-15.518868
-19.618728
-6.107402
31.908751
40.845421
45.213490
39.460117
30.385272
25.310552
15.799700
13.085732
10.756504
3.789184
2.354995
0.164933
-2.302471
-3.342832
-3.942546
-2.627713
-1.876938
-1.335125
-0.504232
0.327688
0.810912
2.031665
3.193368
3.090591
3.677943
4.307249
4.054558
-1.086853
0.841454
2.065045
3.466883
7.677531
8.166991
7.298205
7.831090
6.594349
1.490406
10.977890
7.595441
9.927875
12.446271
-2.579165
8.688377
4.292313
9.211883
9.358833
34.047454
95.887379
136.190654
176.104803
190.838957
178.418944
177.729402
158.700047
112.734595
82.971071
31.184731
11.561283
1.958762
1.925024
-2.697423
-4.918222
-0.380653
-4.667878
-6.595133
-6.351433
-9.969705
-0.318319
-3.770811
-11.689539
-12.455931
-5.809134
-6.592669
-4.827591
-4.306772
-4.643424
-5.491845
-2.624126
-3.126112
-1.602520
-0.295647
-0.510803
0.015000
0.394250
0.544999
1.138945
2.487629
0.101987
0.118720
-0.652576
0.152184
0.168518
0.185251
1.357764
6.522588
9.638581
1.676285
12.542986
3.559992
2.035296
3.964991
-5.372432
6.315306
-1.706592
2.513078
0.383250
0.394006
-4.287276
0.415519
-4.468014
32.491484
84.524053
134.864687
155.066824
163.148994
167.537316
172.525451
137.353998
99.641818
66.897465
22.351274
2.826200
-11.461140
-8.972104
-13.513952
-13.245818
-15.189014
-8.258914
-12.213503
-11.771082
-15.126971
-8.929028
-11.953298
-13.001992
-13.627502
-11.165146
-10.174689
-10.479569
-5.208599
-8.347099
-4.719158
-6.805580
-6.227711
-3.062934
-3.052336
-1.099349
-0.467113
0.444877
1.588848
2.129972
2.883654
3.104575
5.015467
5.062779
7.393440
8.177271
-2.211374
-20.586734
-31.910549
-33.107924
-33.881227
-33.579204
-32.874402
-26.146613
-23.933049
-21.157593
-12.222948
-6.549440
-6.777908
-0.380653
1.887318
1.936932
-5.205075
4.476457
29.179480
93.508439
133.448157
167.831608
183.386888
181.252641
170.306133
152.985377
115.307105
78.217992
38.706306
16.433551
1.960747
4.279160
-7.295771
-7.158690
-11.385080
-2.517220
-0.359460
-4.339301
-13.789869
-16.798026
-14.123261
-8.405343
-6.299906
-9.950742
-6.530591
-4.787528
-4.306772
-6.387068
-2.376076
-4.493328
-1.584051
-1.180422
-1.635503
-0.304625
0.076815
1.184720
1.113818
-1.073186
1.069998
0.704526
2.241386
-1.471124
-0.738191
0.170112
3.380332
4.896956
1.487332
8.351644
0.250188
4.884324
1.943519
3.789992
-1.510628
-3.484463
6.344510
0.359745
8.920142
0.380859
0.395600
-6.634238
5.219988
2.869389
22.583441
77.390716
132.497409
157.706088
172.684608
167.846426
165.043094
137.734832
99.549386
66.959986
22.414592
5.234988
-1.965339
-8.998519
-13.527359
-13.245818
-12.937464
-14.733500
-10.117343
-13.838181
-15.180996
-14.550706
-8.484797
-12.965976
-10.539636
-5.458984
0.227081
-6.931263
-4.129457
-7.401411
-5.528989
-4.035416
-3.958254
-3.110057
-1.863531
-1.319418
-0.486928
0.279691
1.371270
1.966128
1.579705
2.992699
2.406295
4.997241
3.159410
2.598466
2.883415
3.161580
5.873317
5.033013
9.584873
1.250274
6.208607
6.585165
6.924985
11.019844
9.534004
12.026733
8.183238
4.011712
8.688377
8.936354
9.202699
4.458920
46.314282
101.218462
155.610380
190.654571
193.696654
193.136297
138.808765
86.008785
43.811373
9.386386
-31.900193
-36.306648
-47.592838
-44.727344
-34.740764
-40.824541
-28.928322
-28.137931
-21.144155
-8.333103
-9.932458
-9.448251
-3.749949
-3.525682
-9.348703
-3.014562
-4.051514
-4.807560
-5.363527
-8.167847
-3.873659
-2.614110
-1.614513
-1.998907
-0.290015
-0.137968
0.002789
0.294999
0.795802
1.555504
0.566860
-1.080226
0.804401
1.724996
-2.458571
-0.793365
3.351128
-4.411211
6.451173
-1.099677
0.246204
1.797755
0.284449
2.051492
3.959991
2.232347
-3.631575
0.358948
0.370900
2.591358
-4.156977
0.405559
0.414722
10.197191
39.779376
89.637231
132.497409
169.874683
170.502106
167.382761
154.923773
137.607887
106.685421
61.915833
32.036846
10.043561
-1.969144
-6.640742
-13.473732
-13.232412
-15.126184
-8.258914
-12.200096
-9.761959
-13.272716
-8.973451
-11.937591
-12.965976
-12.065561
-11.129129
-12.932863
-11.711928
-8.463901
-6.502846
-6.374938
-4.712207
-3.911132
0.077686
-1.565912
-0.966201
-0.502635
0.423693
1.179677
1.748072
1.173720
2.502242
3.058295
2.847142
3.985052
3.526783
4.911808
4.298267
3.466883
4.977907
8.139022
7.240283
2.981382
8.352390
6.943354
-0.327046
7.586257
3.757418
12.390332
6.234962
13.243391
13.634959
4.384385
14.194342
36.438810
95.887379
138.004853
158.546862
180.378713
180.728284
160.564231
155.459595
122.574789
77.836068
38.592352
16.318860
9.019013
1.927009
6.472419
-7.158690
-4.782619
-0.371511
3.792493
-6.336202
-4.177620
-3.969000
-0.298372
-0.280919
-4.759767
-0.238116
-7.733792
-1.331818
1.876517
-0.155004
-0.128408
-0.106383
-0.577215
-4.499238
-6.130291
-2.824221
0.943524
4.581954
7.252435
9.064025
8.112165
7.971325
8.654646
5.793051
4.630085
4.119204
3.424137
3.694272
4.022814
0.234252
3.114993
3.364993
5.263972
-3.194441
0.317914
-1.582925
-3.652591
-3.791297
0.370900
-1.824550
-4.165383
-6.640742
-4.396560
-4.472218
27.635691
92.371935
127.749359
155.209875
170.502106
173.162077
167.537316
147.584467
114.311228
57.156675
17.494684
2.818102
-4.337715
-8.972104
-11.183496
-6.432609
-12.924058
-8.258914
-14.262279
-13.806766
-17.120691
-10.765579
-8.484797
-13.001992
-8.969081
-11.147137
-12.774593
-5.730570
-8.409876
-7.347386
-4.745971
-4.665085
-3.848302
-1.255302
-1.809904
-1.112756
-0.609277
0.508431
0.698009
1.175594
0.347298
-0.091839
0.529878
4.335218
4.031389
4.471599
5.999382
0.934728
10.825351
1.089524
3.975721
8.838251
6.263713
10.040924
8.746261
9.128548
9.591926
3.761802
10.321747
4.033634
10.982061
4.287929
-0.417223
6.920197
41.313569
91.036620
130.715569
173.283415
187.991168
180.728284
173.283415
150.510851
112.954566
60.955250
14.166373
4.375616
-5.116411
1.925024
-4.996455
-0.390627
-9.154395
-0.370264
-6.579902
-10.304925
-6.084886
-9.448251
-10.608037
-6.740599
-9.289440
-9.864663
-10.219748
-5.884981
-5.276618
-0.152926
-2.360844
-3.203218
-1.069179
-1.165191
-1.635503
-0.400630
0.130928
0.438056
0.313122
0.456187
1.084998
3.118464
0.823296
4.165886
3.725528
-0.814293
0.187243
1.376659
-2.320173
-1.122507
-2.643820
0.268514
1.951617
-1.447844
7.652694
36.658990
54.580829
66.844959
56.426457
60.520323
48.667478
45.084822
29.352974
34.664604
52.126327
112.043285
147.720615
170.502106
183.007111
177.350138
160.350264
136.973165
99.734250
52.175043
24.834787
0.417113
-9.068957
-8.972104
-4.236838
-10.961381
-10.717054
-14.749208
-10.084026
-13.775351
-19.082756
-8.962345
-20.735381
-12.893942
-12.065561
-12.510493
-7.628412
-12.878906
-9.484416
-7.401411
-6.374938
-3.342832
-4.538091
-3.062934
-0.904078
-1.705976
-0.388794
0.243273
1.006889
1.413303
1.588889
2.020553
2.415479
2.865511
3.177778
2.598466
2.896984
0.926790
4.711562
3.717910
2.564865
8.852235
4.613465
8.317637
10.586322
12.910905
5.617572
12.040718
12.460255
8.477137
8.688377
8.973091
9.175146
19.122640
48.774407
100.728538
143.503938
175.764833
183.386888
180.728284
165.678160
140.476671
114.969950
73.088093
23.796725
18.690597
4.314235
-7.387159
6.479204
-9.394773
-2.565086
-13.200784
-18.977586
-12.326658
-17.568578
-5.787877
-12.360956
-5.117702
-7.772149
-2.998916
-7.793055
-5.922228
-1.199481
-5.481807
-1.632453
-2.574047
-1.090041
-0.803188
-0.961512
-0.327472
0.096019
0.452658
0.832306
0.819998
1.074998
1.294997
2.204881
-1.462718
0.153380
-0.806683
0.185251
4.848947
-3.551269
1.571011
3.124993
7.962794
1.935421
-4.949662
-1.510628
-1.579120
-3.648388
-7.968355
-8.206085
-4.043490
-8.725569
-6.660255
-6.770826
-6.913917
32.430866
81.974213
132.497409
160.202612
170.345250
175.504046
153.135600
137.480943
106.884091
54.639048
12.616685
0.416316
-13.782086
-11.338977
-18.116349
-8.681545
-15.126184
-21.208086
-16.333528
0.349785
31.369517
42.814189
44.076659
36.681116
31.098218
18.670480
18.424742
12.054586
8.706750
6.700794
3.360656
2.161076
0.655938
-1.699329
-2.120493
-0.526837
-0.376977
0.363599
1.104781
2.097203
2.916423
2.571748
4.358250
2.103197
1.543304
4.471599
3.949262
6.642673
7.160102
7.677531
2.573634
7.344543
9.579433
3.178679
3.323364
3.472433
5.624356
5.861814
8.183238
8.412847
8.715930
8.963907
4.380001
11.792972
53.641966
103.497018
145.703292
177.729402
195.807209
185.152671
180.903070
150.364866
117.540060
63.410575
40.869337
18.709381
4.323004
-2.736843
-0.396860
-7.135843
-6.953068
-2.503141
-4.485335
-2.331385
-6.077271
-2.137103
-3.744733
-8.380512
-6.249827
-12.681079
-6.518176
-3.640270
-5.313865
0.734288
-0.129239
-0.720815
-2.607270
-0.436431
-0.738716
-0.312241
0.095220
0.761762
0.868811
1.211955
2.064403
0.701826
0.121508
0.137842
0.152583
-0.799073
2.299995
-2.118419
-1.036892
-1.109189
1.678984
6.414053
3.594992
5.548708
0.317914
0.331061
4.319990
4.509990
6.789867
0.382453
-6.419601
0.406755
-4.383950
5.304988
39.704952
87.078495
127.278393
170.031538
165.652109
167.846426
160.497916
139.714373
106.685421
64.255101
24.858194
0.415121
5.159989
-4.270464
-1.906360
-8.672740
-17.323984
-19.009451
-20.575009
-15.829295
-17.100382
-16.348940
-15.414715
-12.911951
-10.492514
-13.882479
-12.751984
-8.057874
-3.017928
-2.653695
-4.678938
-3.954976
-3.801180
-2.154517
-2.721438
-1.272296
-0.388794
0.508431
0.868834
1.459641
2.867270
3.637336
4.341865
-4.622497
-19.354359
-24.246992
-27.716743
-28.274651
-23.330004
-23.770700
-21.194051
-18.493619
-15.058781
-14.142876
-11.245112
-7.932473
-2.334200
5.827891
-0.369849
8.440400
-2.672082
1.942886
-5.231152
-5.309385
38.858244
101.022493
140.749441
171.132060
180.903070
186.230184
180.903070
147.605570
110.274776
63.410575
28.668555
13.928635
1.946855
1.915102
-0.396445
1.855565
4.020481
-4.636585
-0.357382
-2.337016
-7.962521
-9.448251
-8.864719
-6.740599
-9.289440
-8.504209
-5.248252
-4.717418
-2.200943
-5.407728
-3.084851
-4.372817
-2.545192
-2.251986
-1.167064
0.083352
0.065000
0.170058
1.647603
1.233858
0.086849
1.905543
0.123899
1.739996
0.155371
3.117498
1.268686
0.203178
2.754994
0.233854
6.001172
6.462062
0.286441
9.069730
0.317117
-3.497072
2.351118
-10.084026
-1.778889
-4.060303
-6.484643
-8.989714
-9.236248
0.423487
42.239084
94.417494
132.252723
169.874683
170.345250
167.537316
157.706088
132.252723
106.884091
52.223760
22.414592
5.219988
-6.686272
-8.963299
-4.224228
-8.663936
-4.043490
-14.702085
-14.262279
-17.770587
-15.144980
-14.388631
-8.418163
-11.230760
-7.374222
-8.231713
-8.796120
-6.824010
-7.288213
-8.184625
-2.250438
-3.954976
-3.271234
-2.560679
-2.395104
-0.319444
0.056686
0.122763
0.949925
1.540732
2.998345
2.103212
5.090605
2.902248
3.232884
4.541105
5.004483
3.215856
4.748299
3.745048
6.823242
8.908173
7.900596
6.640271
6.970907
9.174886
11.607196
3.783724
8.201607
4.046787
8.743483
6.655601
11.607621
16.679317
46.269098
110.489947
150.656836
183.032517
190.470186
176.104803
155.761165
93.599224
36.509979
-7.752709
-41.669215
-45.739692
-45.325550
-49.393181
-43.807029
-40.780925
-39.603294
-36.640883
-29.083487
-24.190706
-15.555202
-11.156218
-10.563590
-9.941331
-10.691022
-8.430130
-5.198174
-3.548882
-4.206615
-4.494437
-3.786750
-0.706736
-2.977955
-0.766679
-0.901417
-0.182543
0.102213
0.821275
0.898015
1.661124
2.594752
4.983345
1.564997
1.764996
0.156567
-0.820001
-1.983916
2.579994
-1.057820
-3.863468
1.711376
6.519673
1.965113
2.070387
4.014991
-1.586731
2.359216
4.534990
4.664990
-1.845478
-6.491147
-1.950119
2.834298
-2.026221
39.928223
87.483134
139.972864
160.793220
178.005171
157.996791
160.497916
132.497409
119.262550
69.424296
22.414592
7.636775
-6.718792
-8.963299
-11.183496
-10.939169
-12.883838
-16.873776
-18.420483
-7.704211
-13.225594
-10.752172
-10.202498
-9.626010
-12.029544
-11.021079
-10.102656
-6.891043
-6.234115
-7.257345
-5.528989
-5.294440
-2.148374
-2.560679
-1.742871
-1.059129
-0.446803
0.544751
1.245214
1.776041
2.489254
2.548579
3.719897
-1.611591
-0.145446
4.471599
2.903769
3.202287
4.702377
2.402643
8.222929
4.314946
4.640603
8.363974
8.781015
5.366545
3.634655
-0.357382
6.038211
6.228177
4.169550
1.942886
9.184330
14.208327
43.768589
108.130206
142.948797
172.445487
173.283415
175.764833
165.357389
145.562107
112.624611
60.836081
31.061592
13.942620
-12.154846
-11.993443
-11.844456
-7.105380
-2.567902
-2.500326
-4.480119
-6.298124
-6.054424
-2.125840
-0.295879
-6.680505
1.234397
-1.610570
-3.998204
-2.451288
-17.351869
-26.286984
-25.578122
-19.983616
-14.265939
-9.586732
-5.279438
-1.931009
0.730743
2.726377
4.154422
5.576338
3.153172
2.506089
1.529997
0.139038
1.047341
0.170112
3.416836
2.539994
-1.044502
1.579109
-2.622804
3.374993
-4.696000
5.577912
0.318312
-1.579120
-3.652591
2.442895
-6.081385
2.610254
-1.893042
0.407551
-9.245053
5.314988
39.891011
94.680985
129.885446
162.849088
