241.149520
216.853488
244.455615
249.661867
283.051854
286.377648
316.080394
333.568972
364.606759
387.778846
409.422782
428.036516
446.451665
449.097344
465.725906
460.487679
418.367298
403.530566
417.804976
424.852988
400.731509
371.524856
336.695797
320.900198
293.370857
261.491581
231.762867
198.910602
168.848466
146.368757
120.479461
97.481016
73.791753
59.639354
38.151620
22.726820
12.264914
3.605893
-1.820065
-4.177972
-5.393323
-5.322646
-2.756546
1.516042
4.644030
13.438652
18.775234
30.608678
44.751894
57.629379
66.037127
84.550407
87.141942
109.770249
125.399869
143.692969
166.891752
184.518459
195.534802
221.547875
241.463578
267.952080
275.865125
278.947944
277.097915
250.649431
258.472521
269.786548
289.770367
318.085040
329.541139
357.030618
364.103900
373.630244
392.627357
390.423648
403.342634
410.717074
413.022825
406.556715
411.074811
401.066505
361.324426
365.965901
369.376578
341.525129
309.856749
292.619395
270.281867
247.095888
227.225289
196.304229
170.082534
144.839055
124.200863
100.788738
77.680530
58.368926
40.164681
27.044653
17.983030
8.411928
2.169476
-1.035350
-3.383960
-4.553713
-3.289405
-1.264134
-0.297946
6.128827
14.388815
23.804800
36.662874
48.318968
58.837350
69.033544
93.801871
102.558822
124.411962
149.152576
156.235806
183.913864
198.620188
209.959541
243.205218
257.194833
267.785300
307.374390
310.255440
318.553915
338.748062
346.530314
346.868392
354.241548
358.204530
381.407065
388.909396
399.079378
424.354746
431.349252
437.775167
445.782186
432.989370
433.363202
399.827156
370.798889
397.627887
395.868471
368.129117
342.119162
312.971019
302.822802
274.445475
242.690880
215.369754
191.352349
158.806638
137.277078
112.478095
94.834845
72.268865
56.106230
36.341389
22.067610
11.282245
4.605663
-1.572536
-4.962087
-5.669656
-6.857501
-4.216490
0.902314
1.779204
10.206374
17.858617
23.688285
36.132992
42.902157
60.590803
70.571366
83.183186
103.507239
124.194086
138.797911
159.736294
177.540494
194.387693
209.404279
241.463578
250.114539
266.288196
286.071008
301.588834
316.684278
326.467061
333.854866
339.416345
340.049584
357.363359
364.103900
384.570458
385.962507
412.322191
414.513928
420.700975
428.304525
418.139014
424.035032
422.462867
402.765940
364.182158
369.376578
361.352040
323.758886
275.740660
253.322904
247.497688
233.295476
214.899896
189.978008
165.159860
145.481707
127.163466
100.571075
80.213708
56.161482
44.432192
29.105749
18.319276
9.206377
2.461875
-1.068103
-3.077530
-3.692292
-4.115683
-2.271005
-1.516961
3.916350
13.527385
19.760270
33.487188
45.751484
63.291151
72.657375
82.509419
95.700855
117.733462
144.592925
152.494178
171.809736
192.340340
219.074733
238.843488
250.129859
278.608753
298.411123
306.586413
315.782808
332.481534
342.229252
350.035736
357.508988
363.548906
362.491053
376.703241
399.468345
408.625464
423.102915
429.992915
433.702467
444.286731
430.132862
403.356797
374.106441
395.868471
395.868471
378.146998
343.228766
306.967422
290.557794
268.904714
240.212053
213.531632
183.123218
159.726368
131.562895
110.929531
93.436527
71.288598
54.481489
34.738382
21.730767
10.832554
3.338091
-1.669259
-4.289615
-7.000926
-6.504066
-3.271253
-0.928615
3.902520
12.766007
16.146292
28.102886
36.432230
55.516350
61.340159
75.627261
92.744752
100.440873
121.416635
139.150190
157.845483
185.824014
200.268345
216.427051
233.457126
253.148392
269.944058
286.903416
304.878303
317.578866
325.241937
336.318833
339.732964
349.943214
357.363359
372.549901
386.683258
396.937265
403.604417
414.904242
421.899554
415.906662
413.426957
424.875537
419.335425
403.615657
362.141902
370.993105
375.280260
346.739990
321.228778
293.367782
277.930002
250.482273
228.923533
200.123520
173.909853
142.434812
127.163466
101.542776
80.435907
59.730868
44.915568
29.856459
18.475715
9.206377
2.700121
-1.023313
-3.643465
-4.787571
-6.391176
-1.258114
0.925684
1.774135
14.219036
23.433816
35.212335
65.935769
91.909563
99.312887
117.728666
129.724289
145.692584
149.709545
172.175452
184.933733
198.142735
223.008728
240.756683
256.644684
285.305320
300.807503
308.722557
318.867762
326.574892
350.126448
347.544549
352.526923
352.526923
360.350370
384.536381
396.593038
412.382782
420.635961
429.992915
431.718988
440.555954
433.891416
401.587690
378.714171
398.491749
391.071733
368.994285
335.822352
307.366080
299.804703
268.525442
237.885608
211.792776
187.609610
160.071364
140.907982
114.981219
91.428877
73.288939
54.446188
36.440686
20.905632
10.361273
3.690710
-1.799415
-5.661211
-5.618045
-5.416026
-2.781952
-0.925124
1.080042
10.321375
18.082972
25.940393
36.581849
51.658962
62.550293
75.257747
92.603157
107.330141
119.213892
140.791163
152.544224
174.023877
196.201397
218.538693
239.530113
250.877859
267.079151
276.061018
302.162196
317.877062
325.241937
339.416345
339.732964
357.030618
358.361581
372.549901
382.452743
394.096495
407.398559
418.922558
421.899554
415.906662
412.678538
413.642895
421.459718
398.819866
365.415281
376.447734
378.157546
347.924751
319.366486
301.356758
278.299590
255.087086
230.133843
204.540812
179.160500
142.980539
127.434027
99.617420
79.382304
60.241040
44.387149
27.327843
18.570225
8.992274
2.614989
-0.966327
-3.828726
-4.473823
-4.090278
-1.258114
-1.535020
6.710203
16.079127
23.681139
35.546894
49.244613
60.834043
71.583903
84.227627
101.765022
122.207849
143.209482
155.628672
169.656576
194.588011
218.061671
225.256344
265.688004
276.851887
302.591026
313.602848
298.288440
326.574892
330.980658
339.078871
350.716739
352.526923
399.079378
445.129098
463.721450
471.179853
465.496107
464.750500
457.861904
449.136352
443.625477
409.485023
372.454959
392.376756
394.988764
368.561702
340.850488
311.102861
294.799552
269.283988
239.487432
218.768227
188.942538
160.071364
140.129148
111.674680
91.935408
69.273717
54.880023
38.151620
21.574430
12.125539
3.708919
-1.987213
-4.815965
-5.573101
-5.291519
-3.286259
0.898896
3.242597
12.659029
21.416806
27.976297
40.582223
55.411602
64.843113
82.158554
92.744752
103.507239
126.415253
138.797911
159.930857
177.123733
194.167797
218.300374
234.907044
253.405135
264.485094
291.947920
294.600456
314.830217
320.933120
334.166881
340.366203
357.696099
364.783198
365.802146
385.286603
394.463780
401.135539
419.405320
418.615479
421.913727
431.179329
408.981505
425.169772
398.819866
362.959378
375.221519
382.395172
353.207823
326.204137
303.938155
282.141974
264.812277
230.817747
208.396951
181.739722
151.427706
131.797991
100.094058
80.658106
57.088239
42.476879
28.958266
18.570225
8.798818
2.860144
-1.169879
-3.559837
-5.193568
-3.746085
-1.246075
-0.296773
3.956449
11.854037
22.693710
33.565982
48.009891
57.486461
66.958973
84.085830
103.479562
115.558634
150.528749
155.223916
178.676868
199.912953
218.061671
242.934990
255.819460
282.682037
299.895043
298.368207
319.181607
327.217125
334.111346
351.841072
358.249201
358.204530
366.401033
379.928743
387.025144
402.476501
409.558242
429.142287
431.286404
435.051222
431.565016
397.627887
381.242939
388.005333
394.109055
366.927438
324.418548
310.699356
287.974477
272.126218
247.121725
206.565875
180.788264
158.193485
135.249779
110.133386
89.679339
70.825684
56.495070
45.138805
29.053688
15.142372
4.999173
-2.622758
-6.706909
-8.700646
-8.572183
-7.421317
-2.787179
3.273578
10.321375
18.963930
28.039591
35.310640
48.192929
59.706263
72.917848
84.333184
106.017312
120.013985
137.504610
162.414569
168.714286
194.167797
212.434653
224.451609
250.877859
264.485094
275.529107
305.745254
315.717896
333.230839
336.633150
340.682823
350.594877
358.028840
372.896459
387.404010
392.720259
411.010745
411.550775
424.733413
423.530254
420.591441
434.617989
421.034859
397.052214
366.237362
383.642113
376.447734
359.280736
325.872280
295.926372
282.516167
258.170670
229.107986
206.193000
170.683532
149.934373
125.530636
100.571075
78.768493
58.062529
42.476879
28.958266
18.695700
8.912638
2.382460
-1.086316
-3.642066
-4.513768
-3.309964
-0.748041
0.914664
6.066920
11.924387
22.693710
32.380901
44.526455
57.599180
70.935499
85.666908
101.129983
117.049959
141.045385
158.526630
176.745711
183.176861
216.476864
232.918547
247.070319
269.004133
298.678430
315.415453
326.253777
332.481534
330.333580
349.695234
347.206470
357.161216
367.473427
376.336085
396.206496
403.657939
427.616047
435.323058
446.400063
430.616926
430.132862
399.387303
375.411464
387.145011
397.607194
367.263950
332.913000
310.295850
292.996592
271.572762
241.222251
213.968975
182.538882
161.630804
137.513032
113.330771
91.935408
68.825343
51.598864
34.382092
21.437355
10.763522
3.351454
-1.722302
-4.465901
-5.905892
-5.447152
-1.280494
0.297651
3.252924
8.619593
18.963930
28.994122
43.072859
52.975118
66.385915
81.283396
91.236436
105.866505
95.449831
97.182263
117.099099
130.755978
162.363903
191.293631
223.979576
244.065696
258.256620
280.841869
302.162196
310.220900
326.462356
334.478895
347.793258
356.211625
372.203344
375.025688
392.720259
391.260333
413.479316
420.985000
426.763310
438.011283
415.447617
415.973300
421.034859
397.470163
364.594331
378.568587
377.335464
358.463260
326.204137
301.740164
275.196167
259.470594
234.273241
200.444746
176.759472
147.807449
121.439340
99.617420
84.311569
60.634772
44.739428
29.403778
18.352544
9.741631
2.860144
-0.787164
-3.381845
-4.660467
-3.631175
-2.227540
0.922011
5.984377
15.842669
21.426091
35.379615
41.234531
60.954032
72.261062
87.949384
101.288743
116.537331
142.429049
155.426293
170.951760
191.183058
213.888949
237.516580
252.122743
276.871068
299.895043
303.540536
314.848540
322.278677
332.481534
346.192235
349.354732
350.035736
362.843671
378.450421
385.894594
405.834851
426.775112
426.274555
444.887939
436.392592
426.555873
398.507594
371.157207
389.325741
395.868471
361.942603
337.635877
315.886249
295.007652
271.188642
241.956566
214.669365
186.943146
161.630804
134.979654
116.447159
87.929692
72.572761
54.012355
36.252847
20.949084
10.700450
3.159942
-1.962998
-4.278325
-6.193774
-4.986470
-2.308782
-3.429804
4.673896
10.350126
17.948359
24.922568
38.516438
51.658962
60.020507
75.504090
94.828848
105.866505
124.361013
144.974308
154.251752
180.345436
200.495150
213.128884
233.457126
252.891649
276.683715
292.229995
312.463072
310.220900
334.166881
334.478895
345.317470
359.027062
361.846796
383.164284
378.554968
394.463780
408.922968
418.529940
436.114300
430.359729
432.019834
430.806606
425.599237
404.040515
339.313908
336.148103
340.759923
314.746212
289.205857
276.717361
271.362995
249.868352
220.262209
200.765972
170.866376
146.226403
126.328500
102.028627
79.638863
57.985148
42.566521
29.552282
19.549965
9.634580
3.024762
-0.708447
-3.414437
-4.618099
-4.840291
-2.724262
-0.293254
5.984377
14.134146
22.456079
33.093221
49.033716
54.475453
70.416775
90.136601
92.012606
117.049959
137.122168
155.223916
176.745711
190.720145
209.959541
231.526422
255.819460
266.397812
290.632468
307.496250
328.392344
316.405655
333.133459
347.206470
347.992726
357.161216
359.299785
376.703241
388.755053
393.887239
420.222762
428.291657
444.887939
429.737218
423.259272
394.986802
373.236427
388.460573
394.548910
361.091974
332.211505
311.753233
292.602779
265.679384
242.814381
206.227797
187.609610
160.694210
138.101954
115.439052
90.669081
69.626170
48.987767
35.970559
20.273078
11.031267
3.239912
-2.018264
-5.661211
-6.243324
-6.580137
-3.301265
-2.787179
1.802088
8.619593
16.106027
24.866182
36.432230
47.238342
62.550293
81.283396
88.488803
105.564891
121.578957
139.678608
160.319983
186.259199
186.876637
210.091601
236.144699
252.891649
267.342802
288.013295
303.022241
318.771651
329.233731
345.317470
349.087373
355.550750
359.027062
365.462496
383.164284
394.180185
403.604417
411.936482
425.938900
427.131251
423.372035
415.562260
422.734293
397.470163
369.510118
372.609632
369.682818
356.444356
323.570665
311.987008
272.444123
257.812598
236.178968
200.123520
179.095976
148.371599
126.062546
104.210607
83.624247
62.456312
45.502847
30.468899
19.323072
10.370340
3.364412
-0.752065
-2.779705
0.389375
5.628029
8.701201
12.378931
15.119996
22.203547
26.119932
40.217443
52.414126
60.714055
68.284536
85.234247
99.117310
120.369720
150.859329
151.506522
170.308278
197.187831
213.888949
227.179232
251.312059
266.764765
291.242996
307.496250
317.612376
321.646137
338.417253
348.673729
347.206470
352.526923
362.138435
379.189582
394.273781
413.641335
416.115436
443.812542
438.534295
441.122939
428.344367
392.786415
372.887544
386.284690
389.766711
368.129117
330.971910
311.753233
295.406312
270.420403
238.762811
213.268586
184.922038
161.003111
138.644729
114.155995
90.922346
72.334034
55.219175
36.440686
22.247951
10.633841
3.141733
-2.394912
-4.460267
-5.163295
-6.580137
-2.319182
-0.953052
4.016186
11.210280
18.082972
27.976297
38.913515
47.326969
61.233108
77.417763
91.654313
112.493109
118.444622
141.148048
160.319983
180.134752
194.387693
210.320709
233.457126
257.690022
265.530490
290.683641
306.323224
319.731124
326.462356
337.576100
358.028840
358.694321
360.841667
374.282691
383.164284
402.632313
404.357410
417.246129
427.144387
420.313291
428.531981
421.881630
417.310987
408.366531
369.510118
378.568587
373.013765
356.040224
332.312707
301.740164
276.291111
262.786791
230.817747
207.297367
178.783961
150.849738
126.062546
102.028627
77.314170
57.088239
44.789077
29.859783
19.072123
9.623122
2.682739
-0.812567
-3.243715
-5.311222
-4.014061
-2.737551
0.922011
5.984377
10.906466
21.654028
32.228161
48.318968
55.014814
72.128958
78.205756
96.802165
116.708207
144.000332
154.819160
164.536136
189.410666
208.741678
232.042646
247.070319
263.521551
282.882893
308.415981
310.255440
337.897236
393.887239
407.429488
412.786286
421.044741
406.141856
408.625464
406.538091
432.195035
439.938087
442.053126
438.094442
440.218998
417.172183
399.387303
373.671433
394.548910
393.229348
365.636955
333.328622
312.159162
291.421341
267.008349
235.926519
213.618781
188.309644
160.382788
134.380937
109.602623
92.145968
69.899859
51.598864
35.043483
20.451162
9.599060
3.079982
-1.814491
-4.759710
-6.243324
-5.783279
-4.865050
-2.776779
3.263251
10.321375
18.082972
26.175148
36.507039
49.786482
61.340159
75.996776
83.189589
106.318926
120.013985
139.502469
160.709109
174.838978
192.786974
210.778924
240.034387
253.405135
261.364162
297.861975
306.034239
315.422003
319.368043
337.890416
346.602373
346.923598
361.511753
379.608461
387.764386
388.485138
408.922968
427.093393
419.800239
429.126606
423.783075
417.206423
425.880159
404.890233
364.594331
369.682818
373.417897
354.413311
324.351294
303.657192
280.147529
260.551720
230.817747
204.948120
175.740484
147.719887
127.392319
100.570696
81.769098
63.170260
46.494285
30.622009
17.439382
9.741548
3.190582
-1.060909
-3.263184
-5.311222
-4.719284
-4.734316
-0.884702
4.610509
10.008509
19.655995
28.953047
47.494763
56.922869
66.346916
87.651250
100.653704
119.491109
140.274646
151.111459
170.308278
192.483092
208.985251
230.752087
247.719613
267.884449
291.242996
307.802827
317.926222
325.932661
322.594946
340.563093
348.333227
351.841072
359.299785
378.080840
397.912480
411.979275
421.440427
428.716972
440.065805
430.777983
421.819849
391.488661
374.976457
394.548910
389.766711
364.776633
329.441836
309.892344
313.456755
307.115288
279.431598
243.181984
206.225912
174.336865
145.310801
120.139865
91.887855
71.856582
55.598323
37.380881
20.638772
10.504160
3.268915
-2.208372
-4.460267
-5.203633
-5.816708
-2.832764
-2.807978
3.978297
14.455159
21.957634
33.290230
43.338741
56.951072
62.769001
77.919660
94.684949
107.636362
130.377317
146.983681
162.808301
178.582399
197.312390
213.360294
235.897169
254.432106
274.618976
283.505306
308.764465
325.547042
329.541139
334.790908
341.949302
348.763844
361.846796
376.769994
386.360823
403.754894
410.447379
420.100409
427.546217
424.338519
431.324089
431.231465
418.571746
405.739950
367.470485
369.961162
384.057761
362.537995
331.207131
304.709571
280.147529
265.914131
231.640727
198.203947
180.344031
151.367780
132.907869
105.200731
84.540677
61.619103
43.153801
29.997794
19.549965
10.169890
2.917571
-0.472298
-3.663018
-4.910282
-3.166053
-0.730059
2.691990
6.641025
11.748511
22.218449
31.922681
45.456947
60.114114
68.034867
81.673175
99.273647
113.066080
135.995136
147.211304
170.308278
190.720145
209.228823
239.417659
248.523028
267.044685
292.133647
295.638296
314.537116
329.039422
336.763211
345.178000
351.841072
362.138435
361.785816
383.038673
395.433409
405.834851
415.704662
436.044830
444.887939
429.297365
431.631564
397.627887
378.274317
393.669201
390.636727
361.942603
331.798308
310.699356
294.007079
273.443278
237.675878
209.184264
184.591229
160.071364
138.644729
113.330771
90.669081
69.205490
50.995454
32.860055
19.542221
10.115117
3.043554
-2.384655
-4.013565
-5.662989
-3.856976
-3.346282
2.798547
3.294231
14.535689
20.038190
32.410383
43.427368
56.844021
68.175223
65.836296
55.537991
65.636111
80.288166
110.876646
139.953700
175.246528
189.345169
200.402713
228.309780
254.175363
278.593762
277.124836
313.942537
316.013789
334.790908
340.999444
336.975006
362.181840
357.863812
368.624491
386.718895
405.863396
402.258119
417.636443
427.948045
429.583678
416.255881
425.890742
417.531749
401.341383
370.757059
378.491424
387.439370
348.714592
336.641892
300.308760
286.137459
258.528744
234.619798
203.499497
172.357357
151.367780
130.428813
104.221931
81.102503
62.456312
44.502124
30.312204
18.968401
10.060537
3.360847
-0.610345
-3.243715
-3.939759
-5.129999
-3.173908
1.505881
5.963741
7.678686
18.792112
29.896900
47.700815
52.130912
65.273609
82.370045
96.347694
116.195579
137.122168
148.867623
170.522772
196.232926
212.895272
231.268310
263.979399
272.522422
291.242996
307.189675
315.159963
317.926222
332.481534
351.498148
356.117902
361.785816
361.785816
384.161954
396.206496
401.295063
412.017620
422.990899
436.335026
430.777983
427.002997
398.934025
374.106441
391.071733
387.595404
365.206795
336.374473
304.974127
290.633715
266.629075
240.487937
214.038977
181.560995
157.273755
137.160310
114.051563
90.922346
67.256036
52.765537
34.127519
20.636412
10.115117
3.043554
-1.946950
-5.450671
-5.707934
-6.770314
-4.392994
0.303225
3.273578
11.179227
18.127842
32.265370
39.151761
52.148156
65.526871
77.292288
91.932898
114.436802
121.903601
141.683376
163.398900
179.207542
188.706209
212.897474
236.639761
252.150059
282.186435
290.963414
297.398181
321.834618
327.682777
339.461999
346.602373
361.511753
360.025283
368.966443
389.566265
387.076969
367.940586
373.979106
380.273581
387.697570
388.168053
400.054226
391.831970
390.899810
361.293939
366.091083
377.673948
356.848487
324.351294
303.273786
278.116020
260.551720
238.089303
200.444746
179.720003
152.583644
132.630399
105.200731
80.658106
65.312015
42.399594
30.622009
18.946649
9.848682
3.276826
-0.590958
-3.458205
-5.051925
-3.988656
-4.711334
0.914664
3.184427
11.678161
23.433816
31.922681
43.119746
56.697431
66.469327
83.518640
96.044714
114.884823
142.038833
149.062731
176.080420
196.232926
208.985251
233.700153
251.312059
265.842816
285.269877
308.109404
320.064790
321.646137
344.501844
341.896020
345.516079
346.192235
357.508988
379.928743
395.433409
412.382782
416.115436
434.747078
436.774881
434.604098
427.450121
387.162820
378.274317
396.308326
387.595404
365.966196
330.145514
304.705451
293.214608
272.126218
243.553543
211.445004
187.276377
161.003111
139.701062
111.333944
90.162549
72.095309
52.013312
34.669226
21.432571
9.986770
3.708919
-2.021832
-5.069437
-6.142127
-6.542101
-3.331277
-1.575992
1.813530
16.243265
18.916756
29.059719
41.170371
49.600016
62.878354
75.873604
87.240649
104.249758
122.228244
141.326491
163.005167
178.999160
193.222159
217.843150
233.947582
258.996767
266.575885
291.522958
300.410178
326.157252
328.292987
351.898203
351.572372
347.244824
357.202938
367.500390
387.076969
396.667488
405.110403
420.100409
425.095763
431.181810
434.541350
426.556548
434.191437
403.615657
370.757059
380.623791
385.304700
354.011481
327.050132
301.452067
289.256787
264.246717
235.830108
209.402082
184.383469
148.935751
128.516269
103.715544
80.481782
63.060728
47.664166
31.543175
15.221584
5.074731
0.808134
-0.229821
-1.422705
-1.151801
-1.727702
0.745690
5.695602
5.963741
15.700795
23.433816
31.999051
47.803840
54.583325
71.864749
84.945807
98.960974
121.317121
140.274646
154.212026
170.951760
188.952599
206.906289
232.918547
248.255224
277.739910
291.539880
302.333615
317.298530
321.329869
337.094020
341.562788
351.498148
359.299785
361.433199
385.894594
395.433409
406.632169
419.809565
422.990899
429.556068
435.945468
427.968640
391.941749
368.648083
390.636727
393.229348
360.666659
325.148880
304.575469
290.633715
268.115683
236.951256
213.686360
175.126191
160.071364
134.380937
110.793489
89.656018
69.228427
48.987767
33.035777
19.676811
9.359084
2.681163
-2.290164
-4.935995
-6.094880
-5.540532
-4.432217
-0.960034
1.097132
10.465127
18.352197
31.451119
40.287168
50.159414
65.526871
83.370729
93.735917
111.189692
120.334022
147.354384
160.903672
181.188171
197.312390
219.730289
245.702851
254.432106
271.007877
291.522958
309.055752
326.767462
327.377672
341.316063
356.542063
352.875699
359.359802
367.500390
389.566265
406.992887
405.863396
418.026758
430.804630
427.948727
425.016198
418.439546
435.064184
399.660371
371.172705
374.630292
380.212750
363.360077
327.783818
303.657192
285.760962
266.281415
232.185555
202.205383
172.953749
144.617721
125.708824
104.705669
81.801156
60.703683
44.675961
28.694207
19.805520
9.392538
3.276826
-0.534051
-3.072993
-4.194209
-5.853357
-2.684395
-0.289735
6.664085
7.701745
19.603857
32.151791
45.162409
53.357119
70.676136
79.371315
99.586320
116.366455
136.934329
164.516939
210.978415
227.486766
253.824912
265.414107
268.182645
292.780578
305.194431
313.846221
326.451109
335.109167
349.783522
339.896628
351.155223
356.813444
360.727963
371.006248
391.802287
404.953148
409.154736
427.866344
441.758074
436.959578
421.932439
389.758326
371.157207
397.164918
388.461689
355.716003
332.913000
303.120506
292.422135
266.629075
234.139197
201.605353
180.211365
159.137096
133.543701
110.253032
90.162549
69.668402
48.592705
34.488657
20.797532
9.425669
2.681163
-2.321363
-4.877234
-6.142127
-4.213879
-3.406305
-0.953052
4.718693
10.551378
14.406332
31.380916
36.806277
52.343834
65.754790
79.222082
93.452727
106.318926
130.551154
145.157356
168.725727
183.381542
205.492344
211.237138
240.538661
259.780814
275.430657
289.400642
300.128103
326.157252
328.292987
341.316063
341.949302
347.887275
362.181840
376.015482
387.076969
394.545168
398.785203
420.493027
427.546217
423.934387
430.906138
427.817306
416.695849
405.803562
374.064979
380.212750
385.304700
353.580593
325.131923
305.480987
277.021074
261.272471
230.621779
206.853875
177.989104
153.450595
126.289155
104.712387
83.690849
62.209702
45.443986
28.743793
19.933298
9.413348
4.009024
-0.551015
-3.396616
-5.804543
-3.539246
-2.644528
-0.286216
3.107826
13.127167
21.027201
35.716180
43.119746
56.810150
67.660363
81.812549
100.653704
121.138975
141.648616
147.018619
169.879290
184.505725
208.010960
229.461526
250.231147
267.044685
301.058144
302.333615
313.291426
325.290428
337.094020
346.192235
341.229556
351.841072
368.884642
369.919316
392.570528
399.719812
415.293886
427.441029
429.352392
429.893429
419.180726
391.071733
364.919804
381.932383
384.994205
368.016336
367.391700
358.279160
333.554025
302.833431
259.534552
229.839573
191.695087
165.914804
142.251506
114.487711
92.404080
67.928596
51.391639
34.858068
19.845201
9.670492
2.650837
-2.535539
-4.603262
-6.189374
-4.310750
-4.510663
-1.593375
6.310904
10.608879
20.285575
29.387707
43.959132
47.592851
62.878354
83.640101
95.260542
104.843774
118.444622
145.706501
161.098235
183.381542
205.955165
219.491970
237.382355
252.150059
282.741374
289.123172
306.901192
319.368043
327.377672
338.833366
346.602373
359.692543
362.851926
369.650348
390.287017
393.450222
422.848730
421.278261
435.714749
429.992417
422.226394
423.128571
418.785597
401.761635
361.698070
385.304700
374.630292
358.060883
327.083495
305.095278
284.761330
257.933245
227.494421
209.626552
180.032017
153.739580
135.409897
104.467160
82.880092
60.898246
45.443986
30.613818
20.316631
10.940138
3.810973
-0.334251
-3.144523
-3.789673
-3.861629
-2.162344
-0.285043
3.129712
8.307279
23.001002
31.617201
43.760408
57.916217
70.157413
78.833204
98.648301
119.315386
136.182975
155.648775
168.596222
192.015332
214.470127
225.406372
259.206896
271.668119
298.912108
311.734311
314.537116
327.745265
343.149530
344.501844
349.014231
358.599396
368.524754
368.884642
392.186407
404.638874
421.024805
425.428773
443.099445
435.051222
426.108750
402.858325
368.648083
390.201719
386.730236
358.965401
332.081757
303.516743
294.210334
266.249802
235.366396
213.618781
181.886956
160.375419
136.924111
114.767632
90.415815
66.085599
49.987363
34.308088
20.792623
9.861935
2.799984
-2.186453
-4.700948
-4.906576
-5.950425
-2.381582
-7.926470
-15.071835
-11.330076
0.457067
12.880157
24.540598
40.397134
56.648748
70.769021
92.211482
101.735956
125.863362
141.683376
161.876488
175.042752
193.874937
211.695354
241.295072
259.258116
271.273832
285.415351
319.130126
322.736116
336.947467
339.461999
350.057958
357.863812
363.186970
375.322366
387.435041
405.625862
413.694583
419.197701
425.095763
430.401154
425.838279
432.930899
424.858586
397.358461
372.835294
375.438556
387.857320
356.020627
327.835366
307.023820
278.116020
266.436607
229.504681
208.506062
181.592086
152.801187
133.185338
108.645888
81.801156
64.189135
44.169185
31.234449
18.614800
10.497951
3.612910
-0.305172
-3.085192
-5.013396
-3.887034
-4.550459
3.248031
3.822786
10.775457
21.255138
29.396234
48.295574
56.584713
66.346916
83.093248
95.135773
120.604539
139.503906
154.212026
169.664796
192.015332
208.254533
235.658909
249.150235
264.177830
298.070124
312.045734
313.291426
327.098187
331.177685
336.763211
345.854157
356.117902
366.401033
376.972099
384.764044
405.037534
400.594552
422.570431
421.911941
426.218388
421.932439
386.714850
368.217921
390.636727
379.805810
360.666659
329.031061
316.096768
291.421341
270.580046
235.366396
202.271816
180.534904
157.273755
133.801709
111.063716
89.656018
70.397826
50.562742
33.035777
20.480075
8.679328
2.799984
-2.039214
-4.742562
-5.842767
-6.050713
-2.896279
-1.599169
4.066704
11.458707
19.246974
31.661729
39.231176
53.776254
67.316015
79.094304
98.309601
111.662839
127.430636
149.560396
158.806784
183.168555
197.756788
211.695354
245.959595
264.359009
278.866625
299.295382
315.126109
329.541139
345.638696
357.202938
360.025283
351.028544
309.615912
320.452185
338.223062
357.863812
376.769994
403.604417
411.936482
420.301450
426.660362
417.730275
418.991997
400.395812
372.003999
382.267954
386.967289
356.020627
323.609279
307.795236
283.104232
261.035255
236.352588
212.417471
178.603920
158.006894
131.492436
107.662482
84.998892
63.866616
42.365965
33.123860
18.614800
10.383936
3.677328
-0.515916
-3.396616
-5.633821
-6.397551
-4.928658
2.648218
1.737555
9.917523
22.159041
29.467758
44.966051
56.584713
70.287093
81.394427
90.858842
122.425705
135.995136
157.076059
162.407209
187.807432
207.767388
225.153107
258.367133
267.044685
284.690649
305.963368
319.432250
319.748520
338.896932
339.896628
347.311722
358.599396
360.022728
385.517743
400.507437
402.575732
417.743572
430.591285
430.657415
431.220261
426.108750
395.868471
371.496397
393.229348
386.297652
357.766144
336.794940
321.658089
298.594186
270.193502
240.120780
212.568196
180.534904
161.930013
136.269659
109.532240
91.113520
68.279664
50.769966
35.313654
20.323739
9.726074
2.585407
-2.464144
-5.053519
-4.868540
-5.983855
-2.381582
-2.859978
1.847855
13.158258
23.118219
25.260884
39.469422
52.637351
65.868750
76.735804
92.490067
111.505124
131.072663
142.397146
161.876488
173.668842
193.874937
214.054525
235.173722
254.688849
282.463905
291.522958
298.237499
312.551198
323.637614
349.734430
343.215781
353.853194
363.857057
379.212021
387.077753
394.910148
406.992887
424.144363
432.017026
430.809893
433.413837
423.544217
428.015967
411.856375
372.003999
381.352590
388.275269
358.465016
334.403339
311.080603
285.883909
261.993224
209.959513
176.256684
151.582366
126.785807
119.557536
96.845508
78.163734
58.923419
41.284811
28.833500
19.214744
10.812140
3.513891
-0.443218
-2.845364
-4.321524
-5.590706
-4.050081
1.475397
1.046905
11.467110
22.815510
29.682329
42.746415
56.584713
66.102094
81.533801
96.044714
112.401962
136.182975
146.440564
169.235808
189.331406
216.288811
236.189672
249.150235
271.098584
288.571246
303.240728
324.327081
319.432250
326.574892
344.163765
347.311722
356.117902
360.022728
378.450421
386.479414
405.037534
415.293886
424.582989
435.455318
436.603237
428.867733
394.548910
373.236427
388.896697
387.156666
361.335344
336.198682
307.471310
288.270840
263.418282
233.066804
211.167418
187.971565
158.825673
137.160310
107.744951
85.608080
68.481003
52.927769
35.313654
19.087750
9.180846
2.650837
-2.535539
-4.603262
-6.590175
-6.808349
-2.908982
-0.973998
4.079334
10.580128
16.387882
28.419360
39.390007
52.539512
67.548540
76.243119
92.211482
111.031976
122.228244
140.383166
167.423211
181.188171
197.534589
214.054525
232.722439
253.422259
271.539787
290.510519
309.929614
322.135118
324.238612
345.959922
342.582541
361.023505
361.023505
378.863161
378.514299
397.402057
416.564982
419.588015
429.555362
425.955047
432.995887
426.308692
424.433728
401.649660
365.820544
381.856912
386.551642
354.779170
328.227984
303.357579
285.135522
265.706643
228.499551
208.506062
181.592086
154.028565
131.520268
107.914620
88.034122
59.861690
45.972405
32.489470
20.188853
10.276885
3.759046
-0.314866
-3.263416
-5.154031
-4.868598
-2.564793
-0.870317
5.798655
11.396759
19.082478
35.371927
40.261183
57.225367
65.734860
75.344652
104.764605
144.783486
172.360306
198.527889
211.298135
219.332285
230.504501
246.417976
256.685391
282.633366
298.912108
311.734311
318.167173
326.774648
338.230468
346.971221
344.501844
356.848423
358.599396
367.085204
391.418168
408.751230
416.090778
432.311930
429.123484
434.156974
420.163331
391.506741
361.149276
385.865067
385.865067
358.114773
335.113067
300.872844
289.846090
266.249802
240.120780
209.706148
180.146033
158.514249
129.043606
111.680323
90.855407
69.205490
49.971448
35.313654
20.638772
9.119107
2.776919
-2.171598
-4.799022
-6.331116
-5.130588
-2.921685
1.578972
4.838154
11.489761
20.186621
28.482655
39.151761
50.159414
63.097062
77.919660
98.309601
104.992278
120.654060
142.397146
169.337052
187.564754
197.534589
217.843150
241.295072
252.913379
278.320898
292.642048
314.830217
320.560827
338.204733
349.410901
347.887275
360.358024
349.172177
369.198636
378.514299
389.926640
411.209584
420.885644
429.153533
433.237014
418.680671
433.780617
424.858586
408.289101
361.244407
375.842688
381.034831
354.779170
323.994986
310.690288
281.256293
262.713976
237.392263
205.440669
181.592086
154.606533
131.492436
104.957616
86.373537
62.012835
45.892815
30.888817
20.188853
10.919191
4.254109
-0.073870
-2.788539
-3.202165
-5.478142
-2.551504
0.885277
1.028538
11.150533
20.856248
28.192943
43.568897
53.828220
65.612448
78.295093
95.438753
114.828573
134.240643
146.247879
163.500015
177.438176
205.459392
225.153107
249.420463
261.871103
290.352345
