998.866198
1701.429689
2027.920042
2159.978046
2222.159541
2258.642437
2334.404617
2342.441981
2301.931794
2254.469853
2179.413020
2076.302977
1988.290573
1872.333494
1740.657901
1611.792394
1480.237804
1345.119281
1181.886066
1038.662863
900.149015
771.887447
649.023709
529.370909
430.039920
333.819978
240.536147
169.011349
101.368670
51.395985
15.133801
-4.122978
-12.302021
-7.763118
5.994293
32.669385
67.089478
109.811572
164.081145
219.086447
281.592295
360.876718
450.205538
540.100305
635.701708
748.187348
878.025139
1024.505568
1147.600545
1281.438309
1405.741310
1537.706769
1653.462145
1766.324771
1894.224194
2007.832433
2131.553446
2228.985248
2297.572468
2378.071538
2404.513057
2416.477167
2445.925859
2462.891738
2465.655156
2482.736724
2463.628812
2449.429227
2423.170396
2406.811167
2383.168621
2322.020904
2252.402545
2176.946920
2095.775225
1996.811836
1899.737478
1775.948584
1637.929614
1527.381564
1384.625484
1240.229314
1093.331026
939.203525
805.627201
664.975399
552.906729
431.330748
318.570782
225.059043
146.167027
85.241840
33.845235
-2.416150
-24.030403
-33.574802
-34.052858
-20.640354
4.574838
28.439856
70.114057
116.726086
173.355284
223.466644
293.351837
371.679601
457.558008
540.795049
644.422792
755.808564
898.650662
1042.747763
1180.650951
1300.564438
1420.056165
1536.285717
1674.956192
1802.256316
1892.007867
2031.442244
2135.964127
2238.657067
2344.116522
2390.504446
2432.323954
2469.237110
2496.539469
2521.468750
2538.966058
2531.461723
2538.943068
2513.951617
2503.784609
2469.145780
2424.684046
2400.061260
2315.726781
2251.141445
2187.664311
2081.682732
1988.813569
1870.030323
1724.301868
1617.556296
1487.949091
1338.351404
1190.968459
1038.049939
893.452704
767.185464
641.780735
519.051473
397.080990
301.962939
218.953738
145.580576
89.836144
43.021503
9.347348
-7.028916
-14.970338
-9.972023
7.534666
30.868137
66.746106
110.947976
162.065711
218.889945
285.257686
360.315177
452.833196
545.624546
632.387856
731.621153
849.424573
991.185270
1123.488614
1246.267738
1384.490244
1511.516635
1644.469497
1759.279989
1891.271211
2016.061252
2128.003758
2221.785102
2303.036505
2361.149355
2392.424187
2413.872466
2452.675042
2472.160718
2465.655156
2482.561600
2490.098897
2465.834662
2451.732005
2425.463497
2390.108475
2340.765920
2275.689099
2213.725349
2136.761813
2037.106147
1943.459860
1827.303627
1680.876599
1566.045171
1443.368199
1289.663617
1142.966393
994.754891
853.607204
725.000057
608.501525
489.721190
381.454695
273.930203
193.141472
126.265977
71.973969
29.775683
0.889222
-16.258951
-19.485471
-13.258866
0.582247
30.998605
65.774546
110.185486
159.153715
216.556025
284.094317
360.565573
448.194809
532.289242
637.292688
747.362826
880.309988
1028.806020
1172.850934
1285.538659
1398.119008
1525.649779
1661.206408
1777.182516
1901.467803
2014.484233
2124.839319
2246.358313
2325.001180
2383.318560
2424.918170
2454.476928
2484.168682
2506.521603
2523.965450
2533.920430
2526.432527
2496.476720
2483.981839
2459.322484
2422.135039
2363.643323
2312.761625
2232.318036
2157.376085
2074.689396
1962.604023
1846.356969
1703.516845
1613.115328
1471.947427
1333.271037
1180.132594
1030.422293
883.910194
753.960860
636.050549
514.047876
402.615725
294.245562
211.236532
143.199468
83.728419
39.229335
6.963797
-9.904382
-14.870841
-10.227935
9.049143
35.170391
67.646453
114.578100
164.956897
219.454096
287.917430
366.015881
453.185037
549.867037
643.663694
755.091387
891.130166
1037.730483
1168.001511
1291.706616
1430.163661
1539.590082
1685.448829
1790.078227
1907.413259
2008.145236
2139.574635
2238.797717
2303.671564
2358.881201
2387.367670
2421.241670
2445.416532
2472.160718
2469.935278
2482.368031
2487.479295
2458.583481
2458.895617
2425.525275
2385.186531
2345.399839
2296.520395
2218.307021
2110.193215
2006.979480
1906.259630
1795.595872
1678.048023
1551.011276
1439.345550
1291.513381
1152.493147
1011.366794
873.263831
746.195944
629.897588
508.518507
397.707279
291.394916
211.892215
144.343337
84.874961
41.432225
7.957737
-7.749317
-15.447393
-13.238415
2.176125
30.161011
65.609127
106.863625
159.102606
212.653153
278.172102
357.653342
442.783271
535.653478
626.660110
735.263025
877.421200
1020.062629
1161.308765
1290.206200
1405.581262
1526.033528
1659.786400
1790.960788
1901.752548
2002.912506
2141.341678
2239.245633
2334.986634
2388.415640
2427.487965
2469.332622
2471.751755
2506.519336
2513.990914
2526.432527
2503.875098
2491.438614
2473.985935
2449.385834
2426.873682
2358.813896
2300.878763
2222.726979
2152.513239
2076.454730
1962.135181
1847.813714
1707.223914
1595.063791
1465.864999
1314.375345
1172.446401
1021.742715
876.034284
751.863317
635.711635
509.853091
398.122189
290.763346
211.403611
139.824136
82.443998
36.634260
5.786453
-10.148871
-15.627021
-7.893565
7.797503
33.812410
71.315588
114.208493
165.689616
220.227699
286.599204
373.517957
454.051547
555.793284
648.631233
754.743696
904.464138
1034.592885
1165.508485
1292.980386
1422.824132
1555.442718
1667.168654
1784.328506
1916.911910
2024.290077
2143.815614
2233.564582
2324.954264
2363.417509
2392.424187
2420.782404
2450.343602
2467.346984
2477.219264
2479.798488
2484.831566
2463.472744
2451.511815
2415.868628
2380.514277
2352.423117
2289.551997
2213.759815
2134.751079
2041.741739
1950.631215
1824.003223
1693.662394
1579.576607
1463.265355
1311.021034
1163.853831
1022.207129
877.129940
750.442694
633.987831
515.152103
401.392250
300.564686
220.007237
148.362524
89.683496
45.851663
11.858447
-5.319888
-13.574148
-5.346602
13.212891
42.675556
81.502183
117.007194
166.924160
218.832358
285.945800
354.709336
441.158581
537.220379
629.046601
747.717904
876.852848
1028.217311
1159.733041
1281.179496
1407.740440
1530.460496
1666.265526
1790.261129
1890.997170
2029.951496
2141.562527
2251.172272
2327.882211
2378.630031
2415.141121
2444.666824
2484.180369
2496.581628
2521.419772
2509.002844
2508.948728
2493.849570
2476.304904
2451.764699
2407.329461
2363.374439
2298.443970
2225.015177
2145.535380
2056.338346
1959.682436
1824.860997
1690.180283
1585.254545
1447.617720
1298.301616
1156.086006
1007.794012
863.192211
740.281089
618.471382
490.541748
386.912700
286.008374
205.456227
134.126992
77.355801
33.928091
2.163845
-12.029806
-16.276517
-8.571918
9.557522
38.605426
74.569959
118.643774
172.237226
233.512399
297.051855
375.559069
466.704197
555.367841
661.883240
772.456872
910.906188
1059.461906
1171.477802
1317.886820
1440.588069
1558.108744
1690.197843
1800.220581
1933.180528
2045.397905
2143.815614
2246.639102
2331.869727
2360.975373
2406.340695
2437.249178
2459.942621
2481.674518
2491.815678
2491.584607
2480.006121
2460.848462
2446.719186
2418.214131
2368.505769
2326.646299
2275.673660
2209.166021
2143.664030
2043.880286
1946.550728
1828.513070
1715.995367
1589.620399
1467.572112
1324.241093
1167.354142
1030.080360
886.916927
759.670653
639.106553
518.271167
403.602075
305.972327
221.810574
154.244699
94.080364
48.331832
15.323202
-2.275611
-11.770043
-7.879030
4.160192
29.210563
63.993010
106.201004
152.651861
209.684826
272.490829
350.403610
437.874636
532.347626
624.973725
734.624084
876.077523
1014.994208
1160.205643
1278.027131
1398.886725
1514.580976
1649.589584
1778.096272
1888.903042
2018.830478
2124.704201
2253.481167
2320.533864
2390.919754
2493.940058
2536.004613
2558.540875
2573.643534
2563.637571
2561.089223
2533.708525
2518.551741
2486.205376
2443.998229
2397.666624
2355.981191
2286.384512
2203.671437
2133.972775
2047.185169
1944.218599
1813.760875
1692.336126
1572.689784
1447.880078
1279.018990
1149.615060
988.066899
858.017983
732.649328
603.596001
489.067455
370.385239
272.978024
194.043668
125.331001
73.133155
30.183585
-0.812440
-12.335965
-17.170831
-9.961523
11.320149
37.358771
80.232186
122.394289
180.005291
234.176148
297.982818
379.798505
473.981410
563.301345
666.230588
782.284260
923.272075
1065.074947
1191.901255
1316.589983
1448.286781
1573.178667
1702.473789
1818.658490
1928.917624
2052.627307
2159.180764
2249.055758
2328.801613
2365.507002
2406.340695
2437.574311
2469.426265
2476.719627
2486.870163
2501.263317
2477.441266
2463.297933
2441.761112
2425.463497
2392.456321
2343.039439
2277.959734
2213.719284
2141.432550
2044.005614
1948.623371
1836.739406
1714.033446
1591.269626
1461.938778
1317.042990
1162.841347
1022.608692
889.593600
749.416416
644.522709
521.899892
410.116827
313.087963
223.971196
153.778303
94.080364
51.590157
15.648271
-1.027102
-10.576604
-7.622318
5.878489
30.481123
64.875977
104.667415
150.228817
210.482357
276.795117
357.097586
437.223771
530.535913
621.126952
735.613168
880.300712
1020.362498
1163.099965
1294.570782
1400.473003
1538.587193
1664.312107
1793.368616
1912.807766
2021.123897
2143.809708
2258.299763
2327.938330
2388.415640
2417.730007
2456.995538
2466.870675
2489.132459
2494.079420
2503.973649
2489.101217
2486.330424
2454.354163
2439.319191
2378.450227
2339.461552
2272.148328
2217.434515
2131.609571
2035.725295
1926.718078
1791.213683
1669.562882
1563.189797
1433.016932
1305.589477
1187.387779
1024.801361
871.611143
740.246313
615.522778
491.062986
369.164412
270.875877
191.168719
122.064641
70.001636
25.512584
-2.465447
-14.277104
-17.765863
-6.950389
11.862071
39.930934
79.772968
128.525886
183.211860
236.867016
311.077761
387.154682
476.644226
573.007507
678.554965
792.886728
927.361153
1075.384933
1198.631383
1329.465793
1462.315073
1587.731994
1695.757709
1824.450401
1941.459397
2074.656153
2160.779538
2257.781488
2331.248740
2377.026443
2411.095823
2444.832515
2471.764736
2491.461886
2491.584607
2489.107008
2492.027990
2463.203340
2451.341381
2420.483793
2375.678087
2343.070744
2291.845102
2213.749071
2134.747211
2050.501926
1938.015552
1834.818293
1710.026283
1583.988020
1455.307387
1317.490816
1172.954797
1024.636370
889.810960
754.744916
639.388069
520.651328
410.404359
307.753987
223.948714
154.202681
96.224637
49.808806
17.197009
-0.332493
-9.712607
-6.214870
7.119611
30.906063
64.894219
105.050812
151.269862
210.482357
275.644969
360.784094
445.466457
529.973200
621.776373
747.422863
886.699375
1028.680025
1165.292800
1287.036554
1408.802308
1536.874768
1664.459550
1795.415841
1915.171827
2025.926358
2139.099435
2258.564094
2330.308939
2383.648124
2415.297683
2447.181653
2471.821260
2481.708547
2491.590318
2496.476720
2498.862334
2478.931389
2461.671077
2439.169758
2387.689808
2327.414817
2262.448653
2203.544873
2111.072858
2028.761582
1917.640488
1796.436493
1651.861700
1558.285838
1412.481831
1264.816974
1123.305090
972.245537
844.357311
702.302638
590.991906
469.718358
355.266586
262.916392
178.204354
116.234954
62.956786
23.929635
-3.508315
-15.660406
-16.811735
-8.468703
12.636625
43.415849
84.365134
137.166618
183.816813
244.983350
316.036756
391.452855
488.704601
580.065128
676.362543
787.069524
920.494053
1034.413950
1175.220940
1301.262175
1439.939891
1568.391138
1688.407397
1818.094584
1942.924283
2067.126191
2165.020517
2281.356316
2329.015736
2396.677858
2410.756933
2434.941177
2476.441679
2486.233734
2491.334477
2493.941829
2489.560073
2465.558218
2461.110834
2437.299673
2392.365881
2340.550555
2289.493544
2220.582207
2134.734809
2052.734096
1959.425056
1830.725938
1716.081275
1587.845421
1462.470403
1315.660968
1166.322906
1026.460737
880.019523
757.841296
641.628786
511.345146
407.283939
303.165402
223.350996
157.256199
95.873038
50.175341
17.687048
-0.923421
-9.459282
-5.545114
7.069473
32.457107
66.895508
103.685234
155.576111
209.879255
279.978292
357.584796
438.908295
539.435090
630.613816
749.336967
886.699375
1029.122778
1176.235392
1294.570782
1412.029416
1548.745375
1672.862732
1804.075491
1924.002749
2025.595377
2153.023916
2265.527808
2351.973791
2378.746255
2403.093903
2449.638663
2469.352563
2479.214044
2496.553054
2496.532649
2503.832475
2466.604188
2453.916949
2422.135039
2387.495641
2308.086204
2255.650808
2182.530778
2099.735554
2022.130267
1915.182804
1800.220089
1650.734612
1544.684223
1406.225913
1254.202205
1116.931559
958.438171
829.521380
702.077370
577.090812
466.248537
349.131577
255.481370
177.720550
111.660049
60.708858
17.987489
-5.812031
-17.628943
-17.612294
-6.040297
14.054255
45.741017
83.733328
133.635478
183.124792
246.591612
316.729819
400.485602
488.854815
588.441664
685.860246
807.533359
948.081774
1086.417063
1217.407002
1335.565789
1482.838792
1593.975686
1707.180613
1834.686237
1957.504517
2071.804507
2190.841733
2276.248235
2341.036641
2371.718597
2425.221782
2446.655466
2476.295519
2493.121746
2498.656273
2503.860986
2499.017097
2465.655156
2439.229071
2391.532843
2344.503652
2286.562622
2243.034617
2184.027846
2116.842989
2033.068683
1938.134676
1818.263870
1708.296548
1576.385161
1464.384631
1311.234446
1160.199991
1024.995924
876.593061
757.841296
633.786207
513.804232
410.051532
303.964824
224.164482
155.807672
95.583139
49.808806
18.187918
-0.625489
-9.034505
-5.247171
8.113645
33.023333
70.316909
108.704679
154.316425
211.235456
278.535105
354.042631
443.834797
537.340196
629.083537
758.590537
888.298892
1036.150034
1166.699102
1295.109121
1420.338729
1536.874768
1685.084555
1797.080245
1917.638909
2030.297289
2146.267571
2268.020229
2327.882211
2376.365113
2410.444416
2429.998820
2476.747816
2481.695740
2491.544571
2491.478768
2498.862334
2481.317660
2441.933340
2421.895479
2382.835694
2312.761625
2250.820719
2182.396808
2106.229484
2012.512923
1898.182544
1769.443636
1648.831247
1529.797763
1389.596752
1242.299657
1098.501468
948.169188
813.911120
688.854292
577.090812
451.105743
346.819447
247.080366
173.145681
110.178143
57.194686
17.903553
-6.974438
-17.447578
-16.916732
-7.377610
16.661534
47.162758
85.983597
137.217959
191.830985
250.724785
321.973467
402.876729
497.721291
591.193510
689.886447
813.096236
960.145285
1100.737015
1218.239307
1346.923488
1486.903021
1596.070955
1728.180351
1841.352273
1972.699936
2090.019787
2190.841733
2278.439041
2326.782740
2391.764852
2420.280955
2449.625146
2475.989443
2492.810984
2503.236276
2506.109858
2489.453768
2472.726822
2458.493584
2425.525275
2384.994476
2333.389123
2277.844484
2197.812145
2128.042853
2050.551840
1929.618521
1822.337727
1702.396965
1570.845959
1462.470403
1311.234446
1163.658112
1022.991690
874.474762
751.478457
635.112119
511.122705
401.071006
298.333813
221.826709
156.773396
94.594731
49.947974
18.641176
-0.585992
-6.885315
0.317001
17.884170
44.654509
82.144906
119.070989
165.875882
226.201531
288.382112
369.101597
451.806652
545.336864
637.193267
760.502178
897.458968
1037.445242
1172.471547
1303.629577
1420.338729
1546.863546
1679.165054
1801.557515
1917.746859
2032.482755
2141.763336
2263.289842
2325.567720
2373.987948
2417.730007
2452.093397
2469.349438
2474.250651
2491.478768
2488.979792
2486.556493
2478.811286
2446.786496
2409.808689
2370.854748
2314.756538
2250.324060
2180.142888
2105.775454
2021.445728
1891.220632
1774.521054
1646.452557
1526.482751
1385.620795
1236.025564
1091.250632
938.266895
805.006374
679.849137
560.306530
443.097259
333.245953
238.716947
165.898225
102.647742
51.210418
14.467625
-8.750052
-18.648935
-16.963284
-4.876335
17.481351
51.213761
89.677762
143.292639
189.714679
253.112640
322.565806
406.455856
499.919187
593.578750
692.090007
817.921732
969.377452
1109.387448
1226.571925
1362.529432
1490.333016
1617.946018
1718.934569
1852.192143
1986.467973
2086.886041
2188.183128
2285.751992
2345.521384
2384.212291
2424.692199
2459.377048
2473.658004
2483.303900
2503.236276
2500.881398
2501.263317
2484.397251
2456.226259
2427.513278
2389.858785
2333.503298
2301.077111
2215.987438
2136.988763
2037.419132
1929.536076
1826.473798
1690.431243
1583.666767
1440.562680
1310.320631
1153.909108
1015.702238
881.965156
739.843218
630.018643
514.309634
399.626435
302.981119
215.407385
153.393480
93.763533
48.983028
18.032483
0.282883
-8.020689
-4.763336
8.809817
34.951134
69.966566
110.438369
159.384977
218.469893
284.767326
361.619243
452.239695
539.656553
631.400604
765.797188
902.272727
1044.076436
1188.780641
1301.925486
1406.515442
1550.627205
1691.408833
1849.349324
1991.172925
2105.914134
2223.822911
2318.612454
2354.603986
2398.264864
2429.995582
2461.918504
2471.768955
2481.568414
2484.123013
2486.480816
2481.603632
2463.990038
2446.497205
2407.329461
2358.545012
2307.877228
2241.160543
2163.720565
2098.693249
1990.267180
1873.957098
1742.031313
1635.999880
1509.152722
1367.139636
1226.824474
1079.052485
920.998636
801.805553
674.272719
555.429673
439.701382
326.831170
238.748407
160.544981
97.912595
49.099937
10.136529
-10.018666
-19.801654
-16.366179
-4.612801
21.172579
53.224362
95.886110
147.008722
197.571496
260.516387
337.857530
418.066836
509.273975
608.355754
705.771351
835.159831
978.381084
1110.756729
1225.853305
1373.320867
1497.193010
1623.659052
1733.803502
1851.064043
1979.583955
2093.127979
2194.593819
2288.424666
2345.521384
2383.633486
2424.873517
2451.276155
2471.010805
2495.761596
2488.579237
2508.474112
2488.718057
2487.195820
2463.203340
2420.559634
2384.994476
2333.503298
2287.163616
2211.451129
2125.812193
2028.718505
1918.860408
1807.982675
1682.343051
1568.884853
1448.037360
1296.876121
1152.478468
1012.954460
871.041107
740.034634
628.695075
507.945035
394.636169
296.455593
219.167119
151.904224
93.411978
47.359446
17.433180
-0.288058
-7.984596
-3.679473
9.505946
33.936694
72.217947
110.519980
157.534676
218.289934
282.851736
365.049870
455.611340
551.270422
647.686319
765.580653
910.088926
1057.762465
1188.122251
1316.848744
1421.979317
1557.142012
1693.389399
1810.246788
1937.436840
2039.470396
2162.816171
2270.502777
2323.243054
2373.902315
2408.009631
2430.003949
2464.392795
2466.830906
2484.123013
2484.095202
2476.484911
2451.764699
2444.157836
2402.610268
2356.083064
2291.139592
2217.814479
2161.337612
2080.987920
1988.139163
1865.159387
1723.707127
1608.892512
1490.626944
1359.781775
1226.489185
1106.469013
963.709329
824.849158
698.567817
565.676148
440.145985
326.010280
237.398265
157.433933
97.763705
46.729507
9.676608
-10.850581
-20.753119
-18.394201
-4.325778
21.024324
53.826903
97.452877
146.191623
203.396385
261.332177
343.340054
424.525198
512.007111
607.242554
708.372404
842.043932
981.175301
1115.150502
1244.378481
1370.306686
1510.551093
1621.239245
1744.424944
1880.411593
2001.496430
2115.924934
2206.368611
2304.331555
2366.372945
2407.740383
2424.506500
2461.388349
2498.109451
2490.924740
2498.656273
2500.744613
2499.017097
2482.155710
2458.493584
2432.199595
2389.858785
2335.697124
2287.096612
2220.582207
2139.227275
2037.419132
1921.070926
1803.918446
1702.188219
1570.573694
1442.772387
1293.515046
1139.066477
1008.246982
864.164798
737.396242
620.504673
497.026186
389.087355
291.416068
215.669146
148.521081
89.131857
45.979612
16.526825
-0.834553
-8.018384
-3.626260
10.699810
40.013245
72.217947
114.658928
162.711703
219.959255
292.011710
370.170410
458.842146
546.204971
642.034057
774.713567
909.439498
1054.149204
1188.122251
1309.469354
1439.435670
1564.438635
1691.534058
1836.315145
1937.221216
2041.563005
2176.623484
2258.642437
2325.567720
2378.832189
2400.705252
2449.597739
2452.067092
2481.568414
2479.112061
2488.836806
2474.086297
2461.491062
2424.616735
2395.194802
2341.632113
2288.704799
2215.026877
2149.725636
2076.301009
1976.795316
1843.740365
1727.201218
1612.416905
1500.894703
1355.285822
1205.015005
1055.905983
905.199242
774.150583
655.059533
534.462929
417.878829
308.853912
225.677787
150.459587
90.442207
39.862397
6.428286
-12.659010
-20.432732
-18.000088
-2.252904
23.450372
60.146201
100.818994
154.136056
208.422425
266.202945
338.111708
403.826573
495.321863
588.255546
687.835472
822.338211
975.971855
1113.619503
1241.425475
1369.588070
1510.219785
1630.558071
1743.175410
1887.443826
1993.738285
2106.739946
2208.246844
2287.705531
2354.490870
2400.893722
2436.726626
2461.223746
2475.989443
2495.761596
2505.449690
2505.591162
2510.838365
2489.453768
2460.751525
2432.010713
2399.272110
2335.758899
2273.184918
2218.229263
2132.512017
2037.450295
1921.098230
1805.897344
1694.206464
1555.529124
1440.446073
1295.437846
1139.066477
1001.752634
857.307406
732.502140
619.977398
491.675995
387.495238
290.250422
212.354197
150.414967
88.787333
44.836521
15.590728
-0.551431
-8.356761
-3.446978
12.377673
39.381457
75.122497
118.384546
163.474530
224.685709
293.937174
374.027970
461.740097
552.345024
647.096144
785.643377
920.531655
1067.309027
1188.122251
1324.402721
1438.986200
1572.874770
1699.721344
1833.856146
1939.675670
2053.054217
2167.359904
2265.967607
2328.144265
2381.269643
2410.449553
2420.217032
2447.128386
2471.677505
2471.592258
2469.287259
2473.985935
2441.933340
2429.362784
2392.354692
2351.052367
2288.588112
2238.199467
2153.876109
2080.342868
1981.219884
1847.607893
1735.031438
1617.547749
1498.555498
1353.813144
1201.553405
1047.329451
902.807469
769.322112
641.550760
531.169102
409.211775
304.148979
220.251076
145.729174
88.219721
39.084019
5.303547
-13.655008
-20.734196
-15.919463
-0.565120
24.196640
60.812026
103.373112
156.719342
209.196991
276.627129
346.483680
431.127000
521.878176
614.511122
726.339540
848.610428
990.377583
1138.049987
1261.945382
1403.297880
1518.115632
1646.287444
1771.361907
1884.329116
2013.713095
2122.488517
2216.822564
2308.499036
2378.283153
2412.304818
2448.789179
2463.371523
2485.315209
2500.457297
2512.655797
2505.987137
2505.987137
2484.512940
2433.782775
2391.089155
2351.175492
2302.389940
2256.814229
2206.827687
2105.682283
2020.017878
1902.114468
1781.436572
1680.393093
1547.812805
1426.111695
1274.714386
1131.261372
991.629473
844.489906
731.098879
613.852701
495.094857
379.761580
283.615494
210.767959
141.612625
85.030628
44.512178
13.752950
-1.624670
-7.556936
-1.733964
13.807584
40.482297
77.915882
121.294309
167.721389
231.408384
295.444544
376.826326
476.512036
558.504982
656.686690
794.633998
934.493842
1070.371607
1203.861824
1335.588605
1448.953380
1580.638396
1707.803421
1822.957392
1944.055808
2057.650645
2190.556039
2272.975748
2340.203249
2366.742815
2417.769896
2442.251202
2454.536445
2471.768955
2478.931389
2481.482863
2478.811286
2446.651875
2426.873682
2385.394576
2351.052367
2288.588112
2226.670278
2142.435125
2063.869561
1966.029192
1847.181944
1712.420253
1603.941650
1478.479826
1342.614861
1189.316015
1047.781449
892.491343
756.676583
644.816711
520.958456
401.860668
294.827899
211.225466
144.912868
83.105922
36.602496
3.392264
-15.398532
-21.630699
-17.618462
-0.583548
26.379854
58.880870
103.273273
160.572011
205.456097
275.213073
358.472077
439.757118
535.722100
628.409141
731.996388
864.953687
995.198169
1135.070972
1268.867943
1397.628937
1525.367870
1654.497108
1771.669510
1906.322667
2011.954395
2135.916835
2219.791398
2313.160409
2373.977376
2407.349927
2438.651202
2475.320739
2492.810984
2509.848683
2493.413750
2508.085170
2491.461886
2487.091850
2460.848462
2434.542754
2389.652667
2338.069243
2284.800331
2204.568908
2134.745013
2028.705267
1908.327594
1799.701724
1670.447647
1553.577394
1422.348868
1282.956254
1134.383375
991.125392
848.283115
723.062296
606.654453
485.737881
375.140882
270.094297
197.290589
129.907116
77.668314
37.631823
13.039681
-1.567127
-6.474925
0.866243
16.079457
42.109867
81.396528
122.637051
172.763613
232.723205
305.302269
385.257384
476.312794
567.232223
653.946437
799.668929
935.914046
1084.348027
1211.254428
1335.284100
1455.772270
1584.726304
1714.157583
1833.750937
1952.830619
2048.357241
2190.556039
2275.438554
2320.942716
2373.997164
2400.685311
2449.628981
2459.475151
2454.495633
2476.484911
2459.322484
2454.196365
2451.415504
2426.789091
2382.835694
2329.245189
2281.519871
2212.755958
2133.548368
2060.067824
1956.852865
1836.614848
1696.211739
1587.778440
1471.954376
1323.259106
1175.274650
1030.572249
880.208754
755.929500
633.200589
516.920017
400.591992
295.270513
210.785315
136.093892
80.733004
34.517491
0.474735
-16.918669
-21.429832
-16.643226
3.424456
29.392624
63.682860
109.880078
163.616851
217.764772
282.337322
358.068150
444.773360
538.145055
630.592770
736.913902
870.314394
1005.808395
1152.704893
1275.465993
1407.259349
1534.024899
1655.995910
1782.354682
1902.087884
2022.985638
2125.550125
2226.785045
2320.769223
2380.753721
2402.597142
2451.450441
2475.664316
2490.312289
2517.514058
2503.097155
2513.202619
2515.934728
2479.571806
2463.104059
2417.892326
2384.994476
2328.877921
2277.758729
2209.182975
2112.440137
2022.186896
1914.724220
1791.601141
1686.080770
1547.812805
1417.228408
1272.435166
1118.260315
971.464450
845.639093
720.454224
600.200680
474.562078
371.368709
278.237743
203.607230
134.418191
80.116786
38.528647
12.715179
-1.988488
-7.804127
-0.717062
16.407609
41.813424
83.579752
122.612134
170.674449
232.723205
305.705550
383.758006
479.277394
559.776361
668.319233
802.070627
937.334249
1085.547437
1209.128023
1344.615991
1452.298981
1582.547380
1715.765210
1857.755459
2020.223247
2147.275621
2261.583952
2369.129280
2407.783949
2420.093685
2439.720335
2476.580336
2471.743307
2491.343188
2493.797072
2491.093092
2488.417539
2449.145914
2434.002324
2404.471775
2350.702019
2293.097483
2212.477864
2144.815608
2060.067824
1958.363662
1834.375074
1701.064506
1585.667032
1460.779931
1316.603706
1172.167888
1018.869835
875.207567
745.312309
628.843703
507.496999
394.869275
291.311122
205.906028
134.413723
75.965552
31.441022
-1.821766
-16.459261
-21.446104
-15.505575
4.860697
30.010116
66.789435
111.914895
167.929582
217.089157
287.797050
365.269572
452.255072
543.120412
640.845233
740.709615
894.724672
1029.205225
1153.791147
1276.681167
1408.911067
1531.948122
1657.154031
1777.957627
1914.232717
2024.471614
2130.026032
2226.517013
2325.677541
2373.342326
2424.506500
2443.815538
2471.010805
2487.646648
2495.615753
2498.109451
2505.449690
2498.901407
2474.977731
2443.915389
2432.369727
2380.116096
2350.019694
2270.854990
2204.568908
2119.110998
2022.194621
1916.797132
1791.601141
1658.728989
1534.785593
1404.140544
1255.588788
1109.961296
968.614334
832.532526
715.063070
596.930947
471.055463
363.305557
274.060923
200.476493
135.147297
79.146413
39.244414
12.721479
-1.757208
-7.063554
-0.723702
15.458152
43.954480
81.848156
127.836619
175.758637
241.068546
310.360963
391.162084
484.454979
569.607668
675.553044
810.978015
943.443008
1089.008549
1219.690262
1340.819371
1462.300965
1594.435943
1726.757961
1850.922200
1968.379533
2066.843785
2190.556039
2280.237403
2347.446956
2369.134792
2400.702126
2449.574864
2452.021343
2459.393223
2469.188403
2476.429944
2464.110149
2436.965011
2419.406385
2385.215517
2331.921050
2276.530843
2207.945618
2131.023763
2044.042940
1926.542135
1831.213778
1734.693898
1639.098998
1504.697861
1374.837780
1214.344328
1054.234555
884.279705
754.771914
637.505862
511.535437
388.823868
285.625316
204.930170
133.228798
76.418090
33.082473
-0.896820
-16.795164
-19.897661
-15.611778
3.442480
32.739706
64.112548
110.298052
170.914124
217.613917
286.649933
362.634104
454.354368
546.590894
640.157473
753.306436
885.589567
1035.083937
1170.786145
1285.912876
1418.226581
1545.387871
1668.196586
1788.950402
1921.321483
2024.185117
2140.129687
2233.251996
2316.336046
2380.753721
2419.546922
2448.231477
2470.502634
2472.998675
2510.154758
2505.152990
2505.591162
2503.745604
2480.006121
2458.398991
2425.250647
2382.594229
2338.128674
2266.285859
2204.568908
2114.663757
2004.780672
1899.877067
1773.228023
1654.722399
1530.840517
1386.258758
1251.780482
1097.082122
962.416873
827.487786
707.668865
584.925313
460.320086
360.164588
264.833283
194.142301
127.954898
73.339415
35.045299
10.927361
-3.445292
-7.281128
0.368757
20.924625
51.270092
88.489045
132.952698
180.449316
250.080126
316.018545
402.202988
493.482092
576.405107
687.492260
828.291669
963.114058
1101.820110
1230.134474
1357.020379
1473.730370
1606.503783
1739.280280
1865.529249
1972.595609
2095.914799
2197.580146
2301.716444
2340.131468
2390.966081
2417.776141
2437.306909
2459.444214
2466.774978
2471.677505
2478.983887
2461.616110
2448.914059
2424.205532
2387.391300
2334.268489
2276.530843
2205.942637
2131.177759
2044.384945
1941.195798
1811.119585
1697.688908
1568.501529
1450.593179
1296.927882
1156.678528
1005.804697
863.763402
735.944275
607.011334
496.473200
375.457405
279.344708
198.357245
125.571557
74.275527
26.139778
-3.073240
-16.533379
-21.770689
-14.620861
6.321104
32.110405
68.677476
117.262205
170.245007
228.819698
289.728575
355.109829
431.425763
523.423524
612.068721
725.265238
870.275724
1014.296741
1155.255349
1277.524955
1425.213958
1541.993407
1672.481403
1798.180856
1910.277692
2046.641925
2150.661818
2258.937938
2330.120095
2375.594073
2417.260016
2436.354921
2473.337557
2487.298073
2505.449690
2498.109451
2505.727939
2501.494388
2474.977731
2446.360172
2429.856436
2377.940718
2333.389123
2266.242837
2195.377857
2105.771068
2002.635362
1899.752694
1771.115383
1656.509916
1509.942959
1389.658140
1246.438598
1090.523698
952.000578
817.107118
701.136329
578.761406
456.841598
356.224318
259.402300
191.086570
123.577945
71.082817
32.901214
9.834945
-4.474098
-6.998175
1.255578
19.232855
52.027778
89.572583
129.459665
181.007983
252.569196
325.238023
405.810187
498.136156
585.425404
701.642527
833.415281
973.037602
1107.232831
1232.113676
1360.687082
1477.410097
1618.611376
1745.225139
1861.576367
1974.751452
2087.014954
2218.710829
2285.082495
2325.761312
2390.975763
2405.576649
2449.597739
2452.046686
2471.743307
2479.074375
2483.934279
2464.162647
2444.297394
2422.060023
2387.048063
2341.194703
2281.013051
2202.988685
2126.277607
2050.703878
1938.906652
1811.332561
1682.761856
1564.313273
1439.507815
1291.112067
1143.776133
1000.156494
864.680905
727.051010
615.243013
488.429939
377.301562
278.075798
193.134077
125.816873
69.482643
24.659561
-3.951308
-18.297111
-22.472230
-13.205134
3.658761
34.276916
71.840090
117.262205
171.123895
227.457205
297.772136
375.904919
463.259127
562.000058
653.299321
764.108154
902.328566
1045.905113
1178.211450
1299.907767
1437.280078
1560.382784
1670.021746
1797.556003
1927.282147
2060.381003
2157.559363
2261.892716
2320.529614
2383.633486
2419.351540
2439.027594
2443.815538
2440.547661
2445.540053
2468.684054
2466.032476
2471.764736
2452.538258
2426.427938
2398.591290
2370.754635
2316.877122
2264.001298
2186.312954
2105.771068
2013.386023
1885.150145
1769.104238
1638.932903
1513.522821
1380.698899
1241.096720
1082.894384
942.512198
812.295981
699.569778
569.237135
452.918650
347.544791
254.686232
187.406324
123.827994
71.611055
32.901214
9.167667
-5.167939
-7.832729
2.338707
22.119237
51.519226
92.146389
133.414944
188.787288
254.645108
323.180565
410.051858
501.787207
593.275938
691.319990
841.141918
974.489897
1105.490148
1249.477247
1358.933619
1492.738250
1620.547515
1753.871777
1865.529249
1992.562077
2102.891047
2218.554455
2313.673364
2354.660955
2381.261387
2422.647738
2454.495633
2466.805563
2474.128920
2481.603632
2476.484911
2459.122071
2441.663797
2419.406385
2375.420228
2331.921050
2262.324274
2198.612626
2126.277607
2039.722721
1927.668955
1810.217814
1673.404174
1571.946926
1439.507815
1294.098306
1148.367718
990.697027
849.108541
720.438504
601.119518
491.583059
371.389463
276.541301
191.017508
123.125357
70.387656
24.581330
-4.296589
-17.126219
-20.257249
-12.828347
6.920593
34.836539
70.915036
121.931243
172.370691
226.347656
297.772136
376.661267
460.213425
562.188146
657.609743
772.624471
912.341684
1045.505845
1181.186730
1299.907767
1448.693461
1560.382784
1689.323718
1804.207976
1938.372534
2056.247843
2143.482469
2259.459653
2330.120095
2359.413253
2410.022600
2439.027594
2461.388349
2490.778580
2505.152990
2505.727939
2510.838365
2501.263317
2474.977731
2448.804652
2408.547810
2363.795475
2312.526678
2247.922779
2188.742556
2096.890786
1987.456203
1880.948449
1756.906472
1636.936640
1500.675859
1385.821115
1236.466128
1085.801541
956.233652
802.900826
693.445865
569.237135
453.147696
349.676054
252.051749
174.791574
113.781942
62.608023
28.775238
6.282907
-4.411019
-4.502610
5.288483
25.877203
55.317670
93.708392
137.665864
189.006262
256.173382
321.029874
406.218404
501.787207
590.419973
702.030981
846.516628
989.024105
1127.188579
1251.466325
1366.433732
1479.249955
1626.746155
1757.821517
1867.851345
1988.225706
2091.729210
2214.102913
2301.716444
2354.669871
2400.680759
2412.886157
2452.021343
2456.969924
2474.128920
2478.931389
2471.486967
2456.628032
2444.297394
2414.607537
2385.215517
2334.268489
2276.530843
2196.212393
2117.117695
2039.549250
1929.955632
1794.434629
1668.621857
1563.803146
1426.444129
1282.022754
1145.620933
985.815210
850.525652
724.300099
602.834429
485.796893
368.665873
275.097910
190.435746
121.126721
65.971714
25.015807
-4.752031
-17.366750
-18.601733
-12.335982
8.458349
36.587428
76.069960
117.968604
175.385704
231.301232
302.000565
380.583180
466.574907
562.563788
661.920165
773.744700
914.010399
1049.063803
1181.924102
1305.687811
1448.021723
1560.704459
1677.970946
1805.410798
1942.078283
2051.851625
2155.448249
2265.989881
2326.133626
2386.099060
2417.260016
2444.173179
2473.337557
2490.778580
2490.778580
2493.121746
2501.013495
2494.177588
2470.369600
2449.074064
2408.285438
2363.795475
2319.541122
2247.922779
2172.858718
2096.885961
1981.028420
1876.633850
1769.051147
1631.101156
1504.346549
1375.139039
1229.660994
1060.949817
935.352276
801.443657
680.343928
559.995825
443.946727
339.040837
250.663985
184.462285
119.443178
67.948850
29.707788
6.777308
-5.313758
-6.978013
3.646697
24.158091
57.944784
93.252146
142.192297
193.089729
261.509329
333.487576
410.752089
504.840679
589.163969
705.706537
847.860305
983.420212
1127.689889
1272.813446
1402.830767
1562.199720
1713.447677
1832.668085
1944.862004
2040.096194
2149.301852
2261.239391
2325.761312
2364.314577
2410.451172
2422.647738
2452.067092
2476.620491
2476.580336
