963.642537
1575.095894
1801.227339
1834.842859
1824.831580
1720.091943
1601.709072
1493.061315
1377.113016
1233.246628
1105.118877
972.269537
826.536723
696.441812
589.757942
478.793483
363.138823
260.674792
189.137484
126.268172
72.447364
36.635602
8.009256
-6.521507
-5.082786
-3.382477
7.535385
29.969179
58.627883
95.447871
143.090979
199.217774
269.002053
332.996681
434.484503
547.711080
646.904200
763.243868
905.940656
1042.487442
1172.367340
1300.806982
1430.022926
1549.397161
1686.064660
1796.348597
1919.069445
2050.407600
2164.811974
2299.334709
2393.577269
2356.713159
2366.586483
2381.115811
2388.502931
2400.506987
2412.837320
2415.125583
2405.093015
2395.035555
2367.867723
2343.529009
2307.244587
2266.188236
2192.751193
2150.017013
2063.655767
1994.283529
1898.980820
1773.872967
1646.912407
1522.425835
1380.239085
1249.600080
1109.373456
961.999313
822.667904
688.654033
572.564634
462.865790
349.264853
252.756825
174.235342
108.690094
57.691198
17.540577
-5.752656
-16.482588
-14.167263
-10.687089
4.613871
30.851452
61.726984
102.499212
154.470818
215.878663
274.407922
354.830324
442.761823
533.040569
637.942061
751.452499
880.413587
1035.802222
1162.937681
1280.278612
1423.678532
1558.914437
1679.209270
1807.891502
1923.416749
2056.491997
2176.678652
2272.884804
2357.772950
2392.110127
2447.246344
2479.138253
2508.155953
2525.407896
2535.408621
2540.502286
2521.016516
2511.474612
2492.232313
2468.184827
2427.539541
2387.160483
2328.375603
2272.486011
2199.187128
2106.760902
2003.635347
1896.031005
1768.920546
1632.528919
1501.481121
1348.450782
1201.953592
1063.853221
907.401551
766.966508
653.968468
530.496750
422.545720
311.065517
229.665759
156.029770
99.027469
51.744112
17.494216
-1.387205
-11.337317
-10.793429
3.726421
27.422073
61.017932
99.476117
147.214114
209.218373
271.182487
345.876743
435.073468
537.350250
628.287356
731.193902
877.055215
1026.480141
1170.446724
1297.551939
1426.937870
1554.233845
1687.425761
1808.514852
1914.232510
2054.593679
2176.154136
2296.739735
2381.322957
2427.897019
2474.805850
2517.140795
2534.648605
2552.164631
2574.711699
2572.267123
2574.579126
2539.110940
2524.128764
2518.349850
2513.826949
2497.644745
2434.406575
2339.373059
2253.909969
2152.543534
2029.456944
1917.545324
1775.342908
1645.523681
1505.365355
1344.355748
1206.203817
1059.475267
896.617236
775.062924
635.683870
526.101263
397.968843
292.489074
210.676016
143.657767
83.305108
35.914439
4.998383
-12.340236
-16.644105
-11.355032
4.880569
34.253348
66.392228
112.534536
164.783468
221.816723
284.484593
363.064068
454.735531
555.312239
654.258586
769.107198
907.939537
1070.567131
1175.922351
1317.189629
1442.885225
1578.685316
1710.909081
1822.234976
1953.748801
2071.595676
2187.894384
2298.668618
2367.873378
2406.484747
2447.616387
2483.744204
2500.832850
2533.009938
2530.453423
2545.170252
2526.053928
2521.237812
2497.068445
2460.891406
2425.140370
2389.527915
2323.690736
2267.944422
2203.682625
2104.502844
2003.488178
1908.595869
1765.103221
1634.561956
1492.190507
1340.233968
1202.391388
1055.077680
903.652152
763.886100
656.182427
529.218445
408.659331
307.869328
231.430711
160.527730
97.638427
52.856889
19.427670
-1.696683
-10.043727
-8.714846
4.164023
30.998547
63.601678
104.441004
151.941966
218.258627
274.779491
347.022431
447.490564
542.837836
632.963041
743.739090
893.744871
1035.244545
1170.624408
1307.338331
1428.753312
1566.676688
1710.208780
1821.371828
1953.902708
2072.572643
2206.883283
2323.086528
2410.653956
2445.126530
2492.198155
2527.067406
2544.631080
2574.711699
2579.835501
2584.640488
2586.971343
2549.003842
2528.597454
2503.230129
2455.835385
2413.349372
2347.215713
2265.554869
2185.151887
2123.096923
1997.037698
1885.236694
1748.953269
1610.330184
1479.505858
1314.821738
1191.325939
1029.191488
877.341756
743.718457
622.979153
506.594428
381.872774
279.007445
200.880022
138.055342
80.247168
36.395926
1.028230
-15.592925
-19.955947
-13.187294
6.704454
33.540340
68.664637
120.661531
176.930121
238.627108
298.083650
377.416978
472.175968
564.943557
664.628223
788.162276
927.305473
1076.948903
1198.189228
1325.280471
1464.550806
1598.026770
1719.205011
1840.793737
1976.826802
2091.392016
2206.067583
2300.693064
2374.358750
2420.761406
2462.126648
2483.744204
2515.683767
2535.241412
2547.490018
2545.318402
2530.682833
2516.329798
2504.312937
2470.507727
2434.703263
2389.524008
2335.382286
2251.897525
2192.307504
2098.073054
1996.868726
1896.031005
1752.789650
1617.337181
1486.662797
1343.599731
1192.738415
1052.373706
899.644092
763.932705
655.069031
523.687817
410.107249
302.319592
227.900806
154.099616
94.311257
52.918162
18.293229
-1.931516
-10.599862
-6.694760
7.337383
29.760967
67.031006
102.440486
156.305615
219.755511
279.848908
360.834506
448.409907
548.593455
635.092543
758.234249
902.944230
1053.110108
1194.843826
1321.410047
1457.404294
1576.151229
1716.352838
1836.257454
1956.227549
2079.431868
2208.993711
2335.279687
2403.225609
2445.144312
2497.101609
2517.083186
2547.168107
2567.153274
2567.209758
2577.212139
2569.445371
2543.968869
2531.053110
2496.139437
2458.372404
2401.327214
2318.449238
2260.635091
2175.828085
2089.871504
1987.044242
1853.429641
1716.868503
1594.047130
1452.099414
1297.670013
1166.349224
1014.927783
865.471931
734.363512
620.844316
489.428476
373.371622
271.521755
191.306466
124.772477
66.908961
26.827335
-1.199752
-16.406182
-18.015161
-7.601768
11.028117
41.621787
79.374804
129.843194
185.269975
243.125706
309.477503
389.853059
486.321884
582.360966
683.345295
802.791890
940.192817
1089.768920
1216.013890
1343.911428
1488.381122
1601.362602
1724.854095
1849.597223
1983.182672
2095.827352
2193.474230
2280.832860
2347.415783
2398.369696
2424.784317
2458.899902
2486.214771
2515.488739
2535.241412
2537.960141
2533.333580
2511.474612
2492.232313
2463.181791
2415.552475
2382.430309
2319.056471
2258.731253
2165.324289
2078.241061
1994.662242
1873.059580
1751.066303
1613.577652
1472.226011
1328.109654
1194.515968
1044.183079
881.158125
759.542284
641.824796
519.796912
405.011348
296.419184
223.166739
149.938872
90.323435
48.692371
16.949860
-2.166349
-9.724960
-5.070566
10.326307
33.681418
70.784766
107.235861
162.211298
222.764425
284.433769
367.209498
462.210348
559.096317
646.391789
763.366119
919.647798
1058.080525
1200.438111
1328.818976
1465.169036
1600.790223
1734.954727
1847.205741
1969.411435
2095.347610
2234.949172
2342.457798
2413.172478
2452.549901
2492.118889
2524.579097
2552.066893
2554.613865
2579.835501
2582.066138
2571.854803
2546.439453
2516.221968
2507.973600
2441.020964
2388.894859
2323.413803
2251.322687
2170.992905
2084.486794
1977.917778
1847.916577
1709.719573
1574.419214
1431.645103
1273.545370
1139.125944
989.149909
840.471800
716.522383
598.031999
472.541087
356.647576
262.269434
183.018616
112.729066
59.486129
20.923850
-5.598844
-16.400866
-15.851997
-5.414833
14.856610
46.141447
84.152893
136.839115
191.433585
255.925021
317.511890
402.335442
490.850022
593.918189
696.964877
825.393212
961.859162
1110.591227
1221.870931
1365.073755
1501.089357
1631.574152
1747.480709
1861.658715
1999.328788
2115.521350
2223.664766
2339.340077
2389.054969
2423.213221
2471.515117
2502.973221
2527.976131
2547.402035
2540.363511
2552.542577
2540.723879
2513.875639
2501.909567
2480.238899
2427.499987
2377.698573
2337.695024
2256.445862
2174.154326
2067.194082
1977.398191
1874.893083
1728.664151
1582.723488
1437.872715
1288.837985
1149.670575
999.856561
861.989509
732.379519
624.808792
504.190115
385.059574
293.208932
215.584789
145.517421
88.089380
46.699757
14.207766
-1.737435
-8.810247
-5.577623
8.386761
38.916868
71.394980
113.182359
164.532794
222.375592
289.038414
371.924259
467.727298
563.842029
654.442625
788.823735
932.016456
1078.602228
1203.740553
1343.551208
1471.095943
1606.075138
1741.028078
1860.001191
1980.536792
2116.263180
2232.562884
2349.684244
2403.380598
2447.610226
2494.626049
2524.496297
2541.996641
2572.149798
2569.518963
2571.854803
2559.340284
2546.343467
2518.349850
2485.845601
2436.092977
2371.775122
2311.324063
2227.702013
2156.682917
2076.867594
1966.708853
1820.719310
1697.884207
1548.042740
1418.138725
1267.373500
1124.283912
975.167548
821.803600
697.000621
575.225515
452.522420
334.244280
249.829472
174.669816
108.977182
54.649761
16.929419
-7.529575
-17.631339
-16.999878
-4.412832
16.599327
50.817784
88.766849
140.941018
199.631048
259.895708
325.676824
411.089673
513.917840
605.553781
706.313705
837.542231
985.906291
1113.838254
1244.225333
1374.207090
1513.254170
1647.290976
1766.407164
1884.129641
2018.337096
2135.523954
2242.847100
2348.003799
2381.706859
2435.592794
2481.031731
2505.455508
2530.181822
2544.817392
2530.367782
2557.511531
2548.026664
2516.329798
2497.102825
2468.184827
2434.697307
2375.349404
2309.734405
2242.600951
2151.863796
2066.946621
1964.499706
1846.055938
1720.228837
1586.176706
1457.237091
1303.666988
1164.117615
1012.471923
866.797418
739.939690
622.749662
492.207287
381.505347
280.693043
210.953277
144.323148
82.722149
48.334631
12.791739
-2.628547
-10.897310
-4.984500
12.715886
39.318073
77.352927
119.485560
168.706150
233.936618
291.497401
376.253783
491.081202
598.844460
709.069717
846.358290
991.672178
1136.450345
1259.481508
1386.616290
1509.974826
1636.829788
1758.146846
1881.845649
2009.616589
2130.110738
2256.251779
2349.727284
2418.087331
2450.076140
2489.698459
2524.496297
2539.601085
2557.053155
2564.596341
2574.426657
2566.711095
2548.708111
2508.457695
2475.783552
2416.429903
2373.807108
2308.686074
2225.088903
2149.437617
2050.744952
1936.049983
1809.452480
1672.711075
1547.172221
1393.437716
1244.457973
1111.216268
953.332651
810.681726
680.347121
564.358637
443.009445
329.737262
240.686032
166.434546
102.463135
49.549624
11.595737
-9.118983
-18.631806
-17.188765
-1.044591
23.293278
52.842397
98.134279
151.961112
209.697539
264.600444
335.381125
420.401124
515.790039
619.386354
721.971535
844.097012
1000.566501
1139.984351
1255.158061
1393.345012
1534.509870
1662.277063
1790.705367
1897.753636
2031.647299
2153.701061
2261.245609
2338.990352
2391.504136
2444.915634
2469.168000
2500.723771
2532.466739
2520.448318
2552.380364
2552.616806
2533.153400
2518.829754
2506.789454
2480.238899
2403.545582
2375.349404
2321.378287
2231.203962
2151.787217
2058.343152
1960.119552
1840.035521
1714.533972
1578.741795
1438.477422
1289.349953
1148.238370
993.822470
851.252984
721.267923
609.334992
485.070629
367.165328
273.467994
200.746153
135.887181
77.815194
41.705743
10.999236
-3.845010
-9.279990
-2.334885
16.497928
44.153199
79.461982
125.179119
175.357349
235.948032
305.848603
387.567263
489.441429
581.200843
673.483819
803.657493
963.356115
1114.994196
1228.118417
1372.708487
1509.749073
1628.087499
1768.574742
1888.303224
2009.616589
2134.465324
2258.536738
2366.796478
2408.260556
2459.939184
2499.611266
2512.080252
2557.053155
2582.066138
2622.112559
2656.935943
2656.453597
2610.519171
2559.930158
2511.935447
2452.091623
2383.544239
2310.482723
2217.942096
2146.817040
2056.998853
1920.579631
1796.462944
1652.044909
1523.349387
1372.811271
1223.988672
1087.590869
936.164793
799.332181
667.641150
541.365355
427.329259
310.627368
228.204666
154.421017
91.411939
43.745333
7.986979
-11.447285
-19.249947
-17.208929
0.159666
27.254733
59.242431
103.452891
156.304437
211.672647
278.836956
349.272641
430.554562
530.410610
632.287340
738.466648
866.218146
1017.770410
1159.299806
1272.740803
1413.810817
1539.241747
1675.235657
1792.632928
1919.614465
2042.695834
2155.620028
2275.296472
2360.035687
2408.649827
2454.373643
2486.100696
2502.973221
2505.455508
2554.693106
2530.181822
2550.273293
2533.278103
2504.119471
2499.469471
2468.120763
2420.358628
2372.989004
2307.391193
2242.600951
2147.252367
2058.150652
1938.994442
1825.114108
1688.742126
1556.997978
1424.432878
1282.749477
1135.127915
981.621259
844.748730
713.238945
594.999121
473.452329
362.900967
269.459934
196.848875
131.844261
74.517895
38.135687
9.516692
-5.297244
-8.477584
0.750142
17.149162
46.322576
83.815035
127.685974
183.626260
246.914448
311.360619
401.511931
495.759929
593.326063
694.123967
823.628550
972.308989
1122.011009
1248.395527
1378.333293
1511.378573
1646.447619
1770.624074
1910.125700
2025.266101
2146.172236
2275.298541
2371.626680
2422.987559
2457.473576
2512.080252
2512.043983
2551.949259
2559.546440
2551.811719
2571.854803
2546.697870
2526.242457
2511.012131
2465.736742
2418.818679
2354.714801
2282.299179
2204.035113
2126.148645
2031.356307
1912.919161
1773.622444
1634.762858
1499.390503
1350.026821
1214.756378
1069.295677
909.655080
770.288406
652.396157
531.983589
408.180060
295.763204
217.112015
144.503739
85.769978
38.817212
5.414852
-15.322547
-24.673392
-22.346388
-6.203068
21.918909
56.344603
103.644862
156.792246
218.643936
281.512309
355.578911
445.820290
546.111207
640.413467
746.594426
883.890706
1034.764184
1163.108431
1294.223701
1432.994937
1570.434978
1689.035086
1813.478367
1936.422251
2060.259913
2182.933238
2281.720116
2376.448816
2427.846514
2463.561322
2490.562401
2525.407896
2530.181822
2545.088992
2562.258414
2540.363511
2525.943280
2509.023101
2489.892714
2456.185939
2398.991396
2365.919526
2291.147615
2215.239591
2138.332969
2027.645156
1942.910961
1818.861349
1688.366800
1546.123339
1400.534583
1265.093780
1112.937021
975.120452
820.579703
703.609719
584.231497
461.060393
351.526826
264.252405
190.529404
127.126019
72.479865
34.981966
7.057323
-5.458371
-9.150662
1.944119
21.211122
51.329449
86.423855
132.092848
185.575060
251.225492
320.703404
402.664224
512.735270
601.982240
698.476685
847.891582
997.592283
1142.334768
1271.492913
1399.254720
1525.416864
1679.545202
1781.187098
1905.601192
2045.747967
2159.929857
2299.201421
2403.297384
2445.137536
2477.231264
2509.524381
2529.462961
2542.094061
2564.596341
2582.066138
2558.995526
2541.310675
2523.685533
2493.254426
2443.550526
2391.258752
2342.698668
2265.881505
2196.745025
2116.741276
2007.246043
1896.219188
1750.162979
1636.105900
1486.319441
1329.388951
1199.821271
1038.525221
896.806581
752.818774
634.060675
512.649735
392.950234
288.340956
207.634533
136.931258
78.278077
31.391892
0.913773
-15.370827
-19.667348
-13.373030
6.848636
34.239661
68.088380
115.040559
168.786546
225.893653
288.399520
363.064068
449.613071
553.360351
650.004417
762.339796
903.227359
1056.779734
1177.428018
1302.533837
1453.143571
1590.276179
1697.522611
1806.392008
1903.920919
2036.172980
2158.944462
2269.156163
2349.454284
2424.103321
2451.481475
2481.031731
2520.020452
2542.604669
2554.783735
2535.241412
2550.134519
2535.743982
2499.428362
2484.967504
2456.158891
2403.705162
2358.859715
2291.088717
2226.598796
2133.857503
2025.433984
1925.871932
1798.367504
1668.776392
1530.785174
1384.025938
1245.008649
1101.911980
957.651106
811.211076
694.015223
574.852476
449.349987
345.266042
252.270427
184.308444
117.340769
68.165341
29.583044
5.189498
-6.298510
-8.119341
4.033283
22.973980
57.526891
90.841022
141.615813
194.965875
256.254794
327.935372
407.827849
517.681721
606.901965
711.758918
862.327512
1003.330470
1145.217374
1271.086980
1418.106557
1542.951574
1672.690519
1804.738296
1923.150332
2043.337484
2176.290301
2299.155883
2396.043931
2430.363289
2479.728472
2502.120915
2529.408966
2554.613865
2559.546440
2556.925567
2564.139242
2549.003842
2523.473652
2493.486516
2443.288869
2386.677022
2335.221974
2265.384220
2182.545963
2111.717771
1998.528320
1875.818433
1742.320073
1613.512088
1478.305217
1315.141706
1182.860472
1025.280266
880.121432
744.938130
622.862604
498.136212
372.929699
274.681750
195.607302
125.968330
73.456632
26.270311
-1.777806
-17.354566
-19.463688
-13.047205
10.685320
35.503953
73.474992
117.197568
178.874408
237.897623
299.372442
378.979781
466.458633
564.843960
663.262866
770.097061
906.527495
1061.043454
1199.390989
1327.789020
1466.821077
1581.142492
1718.413072
1839.793986
1950.809767
2084.201731
2198.923392
2300.277709
2383.986004
2424.621022
2473.606273
2507.937487
2517.647552
2547.490018
2551.892651
2554.950635
2560.183382
2521.016516
2513.926427
2492.296084
2441.833202
2391.861269
2351.780561
2291.088717
2210.576312
2113.706448
2016.727090
1911.335269
1806.156850
1649.284190
1499.745053
1347.493699
1200.510223
1063.507093
913.065748
782.494992
678.217167
547.578391
438.550172
329.348584
240.722353
174.761716
107.791139
64.269142
29.865190
4.619043
-7.476711
-5.744651
4.511260
23.386988
58.077387
98.205720
144.803405
200.038915
269.927704
337.047733
425.984541
529.135133
612.026723
727.351617
879.657632
1029.407044
1165.925341
1285.220231
1429.284680
1564.756736
1687.425761
1813.143185
1927.443076
2068.315089
2192.753809
2306.475497
2391.147243
2445.074615
2469.739640
2499.640379
2527.025851
2557.053155
2551.883131
2556.778383
2559.261407
2543.776589
2513.566567
2493.254426
2450.892470
2391.103044
2325.896082
2243.965427
2175.270805
2085.110979
1969.041839
1850.442610
1720.750024
1597.481804
1450.042617
1298.039507
1167.564353
1011.750168
859.733837
725.408312
613.998029
489.529897
371.718889
265.107854
191.402867
120.279438
65.359143
23.787433
-3.368101
-17.510405
-20.194914
-10.831004
9.129588
42.653732
77.332216
127.880523
184.913792
241.989228
304.071113
385.230994
475.732848
575.291470
675.504509
800.896626
934.466172
1089.427520
1211.048365
1335.915026
1478.003237
1607.606737
1730.503178
1849.125607
1987.734421
2092.837037
2207.804801
2328.670376
2388.719308
2423.075709
2463.980587
2483.381192
2515.384040
2522.393352
2545.003352
2555.027208
2545.170252
2540.723879
2504.119471
2477.751440
2437.000970
2408.498036
2337.746393
2281.852894
2174.412748
2115.957465
2018.869498
1885.932837
1775.797628
1634.708079
1502.553909
1365.892897
1219.401715
1076.130704
927.644414
782.957848
673.681959
551.215465
432.779773
321.262477
235.372966
167.263903
104.398016
61.557861
24.667836
2.644856
-7.584039
-6.810275
5.376507
26.911513
61.603394
107.827872
168.706626
232.101182
296.219209
374.925133
461.372561
556.013926
635.352306
751.992099
894.544748
1051.309562
1181.560872
1312.560719
1444.539439
1576.622638
1714.534231
1827.910833
1956.300749
2075.156896
2204.170617
2320.708754
2398.502743
2415.630986
2477.199970
2489.717311
2536.851190
2554.501207
2559.546440
2566.620086
2564.045744
2528.488721
2520.795554
2485.598582
2428.511778
2364.411837
2325.253039
2222.646436
2159.286075
2078.376438
1963.889991
1843.622800
1699.537246
1569.620691
1434.223172
1279.072334
1142.511317
995.477950
843.774242
714.183770
595.420549
471.344017
348.525825
256.887516
178.050668
112.384480
56.980257
18.918094
-7.071945
-19.099499
-18.385666
-8.536614
16.116464
43.513686
81.852417
132.200668
187.379310
250.804356
316.705416
396.936877
485.010962
598.000100
693.731185
816.672289
951.121403
1091.947661
1220.896172
1342.415827
1495.596018
1612.182622
1737.226753
1874.234006
1978.390288
2122.538971
2223.438195
2326.433422
2379.257388
2430.018617
2478.556476
2495.650118
2525.212868
2530.181822
2554.950635
2549.976994
2533.009938
2530.870045
2484.714169
2489.833630
2434.479431
2391.893783
2337.745321
2261.074467
2199.139185
2100.419677
1999.231754
1896.234424
1755.235507
1629.181978
1489.226879
1349.736648
1199.503280
1060.997621
902.144858
773.156010
658.177019
535.321212
422.673209
312.073189
234.135339
162.943775
98.592482
58.064824
22.221955
0.564307
-7.303206
-4.069912
6.772969
33.173010
66.878675
105.679661
153.132062
216.662499
275.836771
356.811679
445.553792
550.444924
636.202978
758.234249
907.758909
1058.830847
1186.637479
1310.544402
1446.254566
1580.587973
1722.984266
1834.268879
1942.849508
2086.441903
2204.306782
2330.494280
2383.857163
2432.825662
2454.993785
2504.485170
2509.563139
2536.851190
2549.397310
2571.768770
2618.567106
2622.499093
2612.096160
2563.150883
2503.449950
2441.101452
2352.907719
2259.090237
2181.124472
2081.422638
1976.946282
1832.782132
1697.058483
1559.871311
1411.876501
1263.473891
1132.180404
969.540416
825.071208
693.956952
575.436418
455.571379
333.385219
248.872205
173.795894
107.027103
53.332900
14.485743
-9.204250
-20.054279
-17.906885
-6.938867
17.745575
47.764660
90.974570
141.418341
197.063985
261.130367
327.810080
408.811667
497.568291
602.120667
702.682556
829.982418
974.352353
1116.398238
1235.506626
1373.915145
1514.433532
1651.232030
1759.146082
1864.584396
2012.139543
2136.373419
2242.427064
2330.907331
2396.081176
2424.942925
2470.993812
2510.063794
2527.595144
2547.211395
2552.292072
2556.996774
2547.860547
2543.187109
2513.820467
2475.359789
2439.466546
2375.345497
2330.718032
2263.364547
2176.540804
2087.079219
1984.141379
1873.336453
1751.179608
1607.810862
1476.642435
1332.314315
1185.948815
1047.502811
893.634702
759.923536
642.400583
518.914454
400.212549
304.651833
225.103197
153.501989
95.060481
54.483049
20.201777
0.268090
-8.286107
-4.115642
9.950070
36.108434
68.901224
110.764818
156.473921
222.174440
283.927982
365.084273
462.280661
558.043904
644.799924
777.995823
920.232879
1062.084331
1200.438111
1339.759261
1470.840331
1600.378538
1735.256160
1842.919421
1971.811957
2104.934153
2225.627170
2337.672391
2388.722911
2445.098444
2477.122147
2519.437188
2529.555406
2556.992004
2546.845362
2546.774258
2554.132629
2526.035553
2495.806374
2448.609635
2413.779467
2359.070870
2296.108722
2215.502116
2144.810413
2052.902316
1941.045988
1807.704893
1671.866341
1545.055708
1390.004062
1253.724868
1112.369194
954.701221
807.818692
677.323358
555.984366
438.351244
320.912888
247.333849
174.176607
108.047956
52.061497
10.552913
-11.367339
-21.686766
-21.353216
-4.712468
17.969174
51.788846
94.844368
145.930081
209.834957
262.636041
332.834331
412.859309
513.030176
610.703050
717.871241
842.505442
986.915860
1126.530165
1247.339788
1378.875132
1527.249586
1654.913706
1775.986382
1892.305541
2024.062751
2151.560205
2239.118758
2342.923115
2408.034452
2442.044553
2478.556476
2504.952638
2522.830593
2539.620605
2534.955749
2549.976994
2547.860547
2535.796809
2501.909567
2482.534743
2429.895546
2384.784751
2326.045965
2242.746866
2169.868522
2080.423317
1975.371688
1871.108079
1733.041458
1597.774593
1456.040612
1314.523491
1171.748469
1032.743410
869.861019
742.930629
633.463636
508.579731
392.686033
295.711087
219.578852
150.799147
91.364763
49.013243
16.436864
-0.564216
-7.788806
-3.826474
11.201300
39.873355
70.953700
112.103842
168.310265
228.475506
291.404136
375.138811
474.489043
565.718379
661.500119
785.827997
941.389987
1080.156410
1227.449051
1346.792121
1484.586720
1620.167813
1741.351905
1868.799305
1987.163286
2127.781681
2254.000514
2335.313085
2400.934562
2454.993785
2474.700274
2516.959140
2524.334920
2539.454645
2551.811719
2564.311617
2558.995526
2521.229877
2505.787053
2480.494677
2423.457646
2352.215105
2291.847203
2198.994177
2137.362130
2034.187611
1924.484576
1794.474786
1668.343685
1529.661613
1385.044830
1238.660805
1096.050357
939.241817
798.105445
670.171153
550.716939
430.683291
305.652820
228.204666
152.649743
90.809769
41.504126
6.049951
-12.793813
-20.046879
-16.899522
-1.099892
24.784966
59.284910
100.870865
149.261312
213.510222
275.422871
347.053236
437.547592
524.214922
632.326031
730.321159
857.262636
1018.118840
1142.581838
1272.740803
1406.218061
1539.807371
1670.743298
1760.220763
1869.638431
1981.164687
2110.996376
2212.324234
2326.022755
2375.874855
2420.015855
2470.705029
2502.596146
2524.999090
2549.891045
2554.598092
2547.402035
2547.796001
2518.617833
2504.271524
2475.281653
2420.313606
2372.990567
2305.089685
2238.053889
2169.696330
2060.568388
1960.375331
1848.182730
1712.591044
1580.732642
1444.970101
1315.860094
1157.657169
1008.533659
865.266684
737.438526
621.049714
494.772038
380.137396
284.982435
210.326933
141.930709
84.591182
45.422638
15.123974
-1.835416
-7.566761
-1.111247
13.760636
41.700244
75.077840
118.222518
165.153011
233.934216
297.544605
381.665586
478.476348
573.246850
670.789134
806.128038
952.058119
1103.603018
1239.106334
1359.720324
1506.204597
1630.405917
1771.064161
1892.797599
1996.147248
2134.662254
2253.797557
2366.796478
2413.182490
2447.554405
2477.199970
2519.486207
2531.945985
2554.501207
2544.140937
2556.778383
2541.406968
2525.808439
2503.230129
2473.110733
2411.395668
2356.732150
2291.327531
2198.808605
2130.334751
2031.356307
1896.219188
1782.972615
1655.826903
1513.751788
1359.397185
1219.166290
1074.047329
916.101555
771.100459
649.417181
531.722715
410.038534
304.749061
218.935294
146.565860
88.558288
36.967887
5.518415
-12.970172
-20.155827
-18.314584
0.597740
26.080547
62.767109
106.936515
161.485072
219.742651
280.656481
356.299947
439.236967
535.137976
640.072088
741.267394
866.745696
1023.997487
1152.826270
1273.391244
1428.751025
1551.569766
1687.960592
1811.779439
1926.964331
2048.249117
2173.662256
2281.505264
2364.178630
2413.259681
2461.372813
2505.336745
2514.918981
2537.235986
2554.393379
2552.380364
2554.950635
2537.885912
2528.346651
2504.271524
2482.637582
2420.284212
2375.345497
2305.083143
2228.998839
2136.216633
2025.821884
1924.552624
1815.272480
1687.032842
1550.067530
1414.029138
1267.587337
1129.354320
992.802295
840.846145
718.096103
608.580910
482.096609
371.738062
277.586007
203.180111
133.509049
77.740501
41.116860
11.824600
-3.601165
-7.559015
-0.924689
16.654096
47.122951
82.435364
126.100756
179.609436
244.830964
306.063574
399.555394
497.571591
585.459998
691.492334
815.039615
980.582205
1116.575747
1248.124981
1374.767103
1515.953985
1642.277472
1766.789512
1899.418715
2023.246981
2148.452971
2263.392178
2361.945326
2410.730070
2442.621142
2489.426224
2524.496297
2529.408966
2559.261407
2554.368643
2556.697018
2536.556504
2518.571684
2483.742601
2458.110755
2398.953367
2337.714205
2257.997101
2196.561662
2116.528060
2029.224091
1887.036525
1762.730546
1639.297516
1491.959181
1349.386901
1207.646614
1065.307501
895.108084
763.922389
638.990758
519.675486
391.714542
290.504207
207.705192
135.482884
81.185834
31.780052
0.484257
-16.045855
-20.796198
-14.927615
3.790152
30.079864
64.334060
110.885719
167.545203
225.727850
286.063317
369.492223
442.679357
555.558547
650.019670
761.166965
886.437941
1047.340436
1172.745294
1287.307976
1434.595833
1568.089449
1695.945570
1812.973665
1949.017358
2050.324344
2173.662256
2290.774682
2365.270291
2420.015855
2463.705867
2485.597827
2520.134527
2551.999384
2551.999384
2549.976994
2557.358693
2538.154384
2518.677692
2484.829506
2463.401525
2415.577182
2361.200582
2298.118650
2219.865079
2142.853756
2041.065899
1941.004790
1821.172557
1686.569999
1549.798490
1401.109949
1257.092605
1119.417244
974.137785
835.435555
708.706784
592.056028
474.249558
357.860644
267.053666
199.615267
129.210052
76.537172
39.921474
9.949746
-4.585284
-7.339189
2.123956
19.780460
46.822726
87.685088
130.715035
200.046239
271.213937
345.115538
436.545479
530.836613
614.907515
720.526857
854.062396
1009.627141
1140.405539
1260.705866
1401.183159
1529.533306
1667.391704
1791.960941
1907.735123
2039.062519
2169.403310
2284.826668
2366.796478
2418.051424
2467.310302
2497.159535
2521.966743
2536.912650
2561.825796
2544.219822
2551.568231
2541.406968
2511.012131
2493.254426
2443.792568
2394.205969
2333.046138
2262.921847
2182.164857
2110.365452
2005.121291
1883.426903
1748.202192
1614.072601
1478.612951
1330.056012
1181.305472
1033.864576
885.711488
751.237223
624.572817
501.828633
384.540449
277.666651
199.758533
130.210706
73.393483
29.215071
-1.740303
-17.870228
-20.219560
-12.875531
5.657685
34.389462
72.397632
116.733824
175.984736
235.418901
301.002733
371.787205
462.219155
564.843960
654.652548
765.498340
905.239814
1061.401041
1179.422622
1312.775652
1457.683500
1581.432082
1705.813581
1836.391721
1950.081111
2068.626448
2194.380242
2290.331200
2383.810989
2407.869118
2461.372813
2487.944944
2532.131862
2532.568785
2554.598092
2547.211395
2550.206403
2545.447801
2513.695450
2489.603432
2456.126855
2408.432211
2358.853465
2295.769679
2210.733161
2127.083347
2032.122467
1928.308412
1808.600363
1672.735951
1538.376389
1402.113416
1238.502133
1109.704030
959.650806
815.692904
702.360097
576.881131
453.747480
343.208954
254.105121
185.918124
118.893049
70.736007
34.720328
7.784246
-4.617968
-7.447466
2.161884
22.400790
52.081809
89.496764
133.279432
192.964721
254.160066
322.281314
411.621858
513.515270
606.296135
716.946519
858.832118
1004.100487
1148.935702
1278.356569
1406.607098
1547.198184
1669.082383
1791.578854
1912.267096
2050.262922
2153.014447
2296.831111
2374.111803
2400.920381
2440.143840
2484.597406
2526.871948
2611.665891
2646.500671
2656.282965
2641.042016
2615.455669
2574.605292
2526.966341
2469.673705
2412.706046
2339.716624
2248.147600
2177.101537
2093.398597
1982.593705
1866.645723
1721.270728
1603.625857
1456.424058
1308.203248
1173.045273
1019.930974
869.897857
728.479609
615.318711
484.208917
374.010526
266.342055
190.492548
118.735222
66.332985
23.891942
-4.734270
-18.510353
-19.467170
-13.108382
9.084167
39.166017
74.603894
124.397182
180.914186
244.519136
305.899926
376.763078
472.853085
575.563728
674.065298
780.256046
927.922289
1074.830626
1202.762468
1322.743796
1467.413722
1600.507379
1728.349050
1844.214480
1956.635427
2097.043743
2216.471353
2323.995973
2374.179047
2432.332919
2461.230612
2490.562401
2517.154375
2537.235986
2566.698239
2549.891045
2555.098785
2523.415198
2508.907461
2501.870498
2453.798976
2410.867028
2361.209176
2279.588896
2208.321392
2124.920911
2016.727090
1909.258493
1784.164170
1657.045705
1525.173085
1375.411983
1234.932963
1090.761712
944.285095
803.151108
687.738853
561.097619
442.112929
337.531158
247.758404
178.452221
119.063304
68.120221
30.946917
5.585045
-5.878609
-6.244452
4.101069
25.145580
56.757114
95.177914
145.104561
199.217774
263.160165
339.220330
423.188142
531.820852
615.029446
723.399691
880.378087
1020.175485
1157.495723
1293.186200
1412.031030
1552.825365
1695.742885
1802.307138
1929.838629
2056.890388
2185.669887
2308.779313
2376.550043
2403.384502
2450.034196
2482.199362
2516.907626
2524.393900
2539.110940
2559.177862
2536.637561
2518.956251
2508.102238
2475.904732
2443.288869
2383.865609
2322.760808
2236.036235
2172.845755
2071.042341
1964.611208
1843.365060
1708.064046
1579.399936
1434.223172
1290.830646
1159.696470
1002.859567
849.247347
711.085360
597.252549
471.721836
353.244376
262.181498
191.907122
129.569184
65.398431
20.193942
-7.448742
-20.764859
-23.279718
-13.905573
8.873890
36.541486
76.320854
128.641718
187.774469
246.464528
308.222549
391.472471
483.976060
578.912633
676.292609
806.936569
938.392500
1095.168906
1221.550622
1352.096032
1478.003237
1608.286102
1741.011560
1856.476752
1981.140260
2101.486109
2219.317426
2323.365759
2381.175088
2432.181649
2461.230612
2502.726628
2520.243915
2532.466739
2554.598092
2559.924276
2562.480793
2538.154384
2521.320334
2484.967504
2456.185939
2384.731142
2342.430179
2270.314487
2192.559673
2106.953394
1995.103482
1911.072202
1773.705994
1633.585866
1497.252825
1345.249408
1226.010034
1079.493617
934.555704
794.072322
678.419576
554.764687
435.878132
326.068685
238.939225
168.814414
103.541067
63.717787
27.058342
3.582730
-6.461523
-6.047001
5.436873
28.180498
60.127044
98.740395
146.207126
201.069943
271.971463
342.388030
436.595447
541.093153
629.147122
748.135727
894.915028
1042.812409
1172.755985
1307.338331
1425.257815
1580.693511
1704.265852
1830.412962
1958.396315
2075.156896
2216.266804
2316.068018
2381.432854
2427.905536
2467.242424
2487.140837
2514.432066
2536.912650
2559.261407
2544.140937
2549.003842
2521.128608
2496.139437
2473.239069
2428.511778
2376.321733
2304.359575
2226.989306
2160.926259
2081.422638
1961.552028
1839.076260
1699.259596
1568.742714
1422.237391
1263.808783
1129.849672
984.484282
832.660487
694.302214
586.812058
464.740665
341.484899
250.864864
175.702747
110.889982
54.399388
15.945980
-9.090285
-19.407691
-19.019655
-8.412623
15.886276
43.768891
90.271372
132.956569
191.551755
258.908888
317.395406
400.118738
497.032169
596.919871
698.206873
815.278798
965.243675
1084.069251
1201.151659
1312.673647
1450.751247
1588.812530
1716.401059
1844.544373
1975.355435
2109.908897
2222.730633
2330.699805
2396.081176
2429.869690
2471.263844
2497.477959
2524.885015
2537.342712
2554.693106
2552.199409
2540.286939
2518.733168
2506.624419
2475.069730
2422.613366
2389.502424
2326.049383
2277.229759
2192.537792
2098.073054
1999.488323
1894.174056
1751.491648
1623.868899
1480.237894
1349.567077
1194.551962
1061.583895
915.855729
770.880970
668.645552
535.796486
423.111244
315.567700
233.779976
167.263903
100.764110
57.580512
23.030027
1.422487
-7.203674
-5.002644
9.186853
28.939969
63.695416
107.188377
150.635730
212.872361
275.636848
350.308797
441.745641
550.257467
631.336342
758.599537
904.749259
1057.797049
1181.560872
1316.180188
1446.254566
1588.638859
1722.808018
1838.809355
1956.300749
2082.008370
2209.160782
2318.484166
2376.563899
2432.769850
2467.310302
2504.528904
2524.393900
2536.785062
2549.397310
2554.216482
2546.439453
2531.159356
2505.540336
2473.239069
2433.150745
2366.599816
2287.070703
2212.876566
2160.294610
2052.689102
1944.618421
1815.962298
1682.811291
1564.479828
1404.364089
1263.473891
1111.659402
965.779903
823.959581
684.825938
570.181638
448.211688
334.648601
243.386036
165.113074
100.684756
49.473434
11.803198
-10.541405
-20.853795
-19.533798
-5.491512
17.566278
51.007128
92.076799
141.420081
197.690079
259.596271
328.521165
407.668155
500.673432
606.533261
705.275665
828.049457
989.269574
1114.595708
1244.225333
1377.221805
1516.178270
1635.949255
1771.640621
1892.305541
2015.346487
2133.172930
2234.533121
2347.415783
2393.627321
2441.746402
2478.151582
2507.444301
2534.741979
2537.342712
2557.187113
2557.187113
2557.511531
2528.212572
2509.073586
2484.926394
2434.522887
2377.655404
2328.386050
2245.019470
