272.221905
451.751727
617.687577
826.198196
1019.511457
1156.367721
1335.499484
1500.245254
1633.466438
1763.670953
1892.900743
2019.544750
2155.055756
2283.050227
2390.469563
2471.127008
2535.337985
2557.702096
2595.109487
2600.023576
2619.912316
2632.342739
2619.533555
2614.021584
2573.501989
2562.911097
2505.458387
2468.073369
2397.115495
2340.504131
2263.699724
2192.443481
2087.183217
1975.247594
1846.458071
1707.988308
1582.360660
1426.070809
1272.720839
1122.052353
968.103623
822.678850
691.237118
564.763537
443.101681
323.280658
229.878617
154.711911
88.411392
32.807550
-2.828391
-24.477065
-32.418673
-30.168485
-15.930502
11.165831
47.539409
90.524994
147.967777
201.850374
274.928504
343.244271
423.998293
515.595871
625.191447
717.041314
840.320016
982.850175
1133.132508
1242.487063
1371.337631
1526.048091
1652.486363
1769.100675
1901.671843
2020.051044
2154.832560
2275.927999
2367.472437
2425.863334
2476.470329
2515.374330
2534.979309
2552.356373
2574.448812
2581.997559
2589.758260
2558.056734
2521.664216
2497.602806
2452.134798
2397.613361
2345.984862
2304.176440
2228.452753
2138.278068
2061.004988
1944.439805
1838.818733
1718.763983
1581.261786
1428.508630
1277.443151
1122.303746
979.807510
845.561362
723.546280
615.488817
495.278163
375.470694
285.763355
208.939377
139.745893
82.491893
44.339166
13.587883
-1.136611
-6.358706
2.023734
22.101892
53.366681
90.230784
136.587949
193.333053
253.134466
317.600192
409.685777
503.195237
594.915989
685.715888
821.099467
973.580585
1126.416628
1267.447554
1391.720476
1526.496310
1670.879890
1790.200569
1920.545324
2045.389597
2186.947749
2318.309170
2405.159536
2461.305006
2510.570608
2545.329464
2580.250639
2590.349467
2600.391046
2605.286386
2609.967791
2599.722579
2544.836661
2534.159776
2486.836477
2432.399873
2379.079125
2297.692194
2239.868948
2149.463108
2053.694081
1954.511815
1823.952001
1672.202209
1541.228987
1380.816093
1232.060223
1088.101250
925.140485
789.156064
656.572802
544.627029
412.301190
299.294353
213.047252
136.949424
80.135362
27.355155
-3.987184
-20.870949
-25.985979
-21.290213
-0.392506
26.201462
63.336813
114.625047
169.383420
223.539147
292.172474
364.655848
442.477112
538.893165
642.693170
738.778276
871.872399
1018.590266
1150.551956
1271.609020
1416.552613
1545.570037
1674.287284
1813.132441
1934.957499
2064.357064
2192.345095
2285.139174
2379.884154
2433.213163
2476.979244
2527.871889
2545.010582
2567.075180
2577.252024
2579.856613
2570.230979
2545.910330
2526.462816
2490.446069
2449.690290
2392.897681
2357.652677
2299.511813
2214.680731
2129.422147
2034.468447
1929.268402
1828.214241
1684.664557
1560.042325
1419.836165
1274.425779
1127.237558
989.682501
851.849655
714.103622
613.420036
480.991291
367.788241
274.565601
201.238349
135.492389
77.102381
39.141013
9.895415
-3.637155
-6.893983
2.233744
24.830967
56.536485
96.263282
147.432852
217.429016
282.246978
363.572481
446.059308
541.125846
617.594137
719.104761
858.935563
1013.027031
1149.419518
1283.262373
1418.226983
1545.469146
1692.863457
1813.327238
1944.300676
2070.310255
2209.944244
2351.865766
2417.082096
2468.637590
2525.442029
2555.273680
2580.336629
2590.325295
2592.794969
2605.329758
2605.126660
2589.817399
2549.313434
2529.396951
2465.106155
2413.586822
2359.836306
2285.322917
2219.135087
2128.791023
2041.985447
1924.251846
1770.695969
1650.144153
1507.626180
1360.783027
1210.036191
1061.330082
904.034899
762.580398
643.369353
517.677015
395.367029
283.447534
202.972390
126.558680
70.926315
23.794836
-5.966451
-20.875471
-23.757135
-15.719744
5.392464
35.282516
72.912699
121.613727
183.199654
240.445203
303.273027
379.524961
463.288204
563.072430
649.815577
757.392363
892.425492
1056.877051
1170.689502
1307.896159
1443.301255
1573.661404
1698.885089
1823.297563
1953.986084
2080.284125
2207.865908
2320.588277
2396.985135
2445.185270
2483.996184
2545.010582
2547.178778
2572.134749
2591.945915
2574.619595
2575.071339
2560.320346
2516.897496
2485.641114
2442.630398
2395.260161
2339.008187
2269.595264
2203.336765
2120.392770
2019.527420
1918.380554
1797.727081
1672.412457
1539.099492
1392.795916
1250.261877
1102.804130
961.335660
824.744628
708.947781
584.160194
458.256861
345.733934
258.275767
184.967040
119.841634
69.381563
30.123190
5.914455
-7.018563
-7.730327
5.019264
31.159848
61.094996
101.523161
152.656893
209.898603
274.981960
343.092700
437.109697
532.742640
619.765719
734.060146
875.296239
1023.226549
1179.986209
1297.156525
1436.020373
1569.142668
1705.212437
1827.794892
1948.133269
2088.612631
2228.562780
2361.457892
2426.805966
2480.947933
2513.040339
2540.361157
2575.306737
2587.824758
2585.300057
2592.794969
2602.199028
2614.478723
2625.437550
2616.667576
2541.553661
2474.997910
2410.897891
2322.020922
2227.708963
2121.463568
2028.599842
1905.947429
1761.875566
1635.953859
1499.941689
1335.941219
1187.861588
1031.324670
881.795864
750.060509
628.853501
510.750249
377.422074
271.175324
195.048943
120.799762
66.925990
19.644958
-6.860756
-20.491467
-21.847270
-11.800027
11.452065
42.003998
83.363261
131.850471
187.729181
250.419783
310.454963
390.715894
472.147203
586.584218
671.182976
772.898923
925.716483
1063.874308
1199.852182
1324.695758
1469.665660
1589.700990
1719.603593
1857.357077
1979.886293
2123.019090
2230.580814
2347.076463
2409.199947
2457.458083
2496.199997
2540.050478
2552.541076
2566.980663
2589.528054
2577.252024
2558.095879
2550.869538
2500.024709
2480.856434
2418.889746
2385.837262
2329.670828
2260.294135
2189.791285
2107.046504
1997.874764
1903.686577
1787.238590
1648.982806
1508.538171
1370.956818
1229.701435
1078.230640
939.890133
802.471241
691.566810
562.607022
435.667069
335.453393
243.955721
175.743696
111.540095
61.944583
25.219664
2.049089
-7.433863
-4.652632
8.694970
34.424094
66.069524
108.739033
156.647406
219.331727
277.147171
352.978047
447.755049
540.266829
624.521832
744.639192
894.543156
1053.626907
1191.254834
1309.233212
1462.681994
1586.745577
1723.564602
1849.101667
1968.089655
2106.434512
2245.123372
2371.003136
2431.926839
2483.401890
2527.927694
2557.816601
2590.325295
2587.824758
2602.865281
2597.827526
2582.453698
2577.299906
2542.154444
2499.566831
2440.418926
2382.192181
2319.274055
2259.947948
2170.766065
2099.146210
1987.222021
1866.225667
1733.659310
1610.979355
1458.606604
1310.585895
1168.437596
1018.951613
861.067087
726.432157
610.944547
483.351745
358.844377
261.724593
188.795569
126.896683
67.971052
19.660442
-8.764272
-22.667222
-25.707356
-12.014573
11.452065
44.205782
83.642068
139.804214
194.368642
259.979745
320.348297
403.077277
492.075374
589.956070
687.025632
810.244486
950.120557
1098.468564
1210.575646
1358.740552
1499.976657
1620.742879
1752.017089
1865.218907
2010.707149
2120.064483
2256.410412
2349.320322
2400.048190
2467.396861
2513.137145
2552.541076
2577.023536
2569.954658
2589.458748
2594.557463
2553.143030
2538.560501
2497.630049
2473.638846
2428.354345
2378.738529
2329.623536
2244.350244
2176.054070
2091.355730
1986.945469
1896.777167
1750.634031
1629.329985
1482.744502
1350.576004
1204.549675
1060.354000
916.594125
777.791536
664.093750
537.628290
418.193253
314.832516
232.578925
160.450725
97.321641
51.348730
19.101157
-0.901543
-9.029692
-4.771674
11.280897
39.606206
76.223875
119.682248
165.117963
235.455347
291.093417
376.821369
461.500281
563.958246
646.811914
771.510255
920.982934
1067.623108
1221.628638
1341.976442
1485.456911
1622.379109
1743.877371
1878.968586
2009.902356
2136.065209
2275.264054
2388.027272
2448.924512
2500.669238
2535.384714
2562.780021
2575.306737
2592.852443
2590.325295
2602.742159
2567.474702
2552.127168
2534.558359
2472.971216
2437.921054
2379.480387
2307.459217
2222.659400
2152.549846
2079.275228
1969.428649
1851.412724
1707.567915
1577.770223
1435.705333
1274.039112
1136.254293
975.704848
834.291990
705.063443
585.044106
451.573173
337.819349
241.016293
170.087000
107.446831
49.474867
10.904017
-10.512241
-22.182421
-18.203922
-2.818594
21.684326
56.479991
103.498641
155.026486
210.159239
274.421997
345.130963
423.907376
516.196367
617.283734
709.469360
830.592175
981.586643
1127.212921
1251.275785
1371.096268
1524.518008
1651.982760
1780.648462
1900.924913
2000.704906
2111.390586
2226.092740
2327.037412
2394.194945
2445.326495
2488.405919
2534.863911
2542.318140
2572.215655
2592.012592
2584.692334
2553.143030
2536.156561
2502.487776
2466.500371
2418.883086
2369.384105
2311.061676
2242.050705
2158.347757
2065.077360
1973.639198
1855.785921
1736.484945
1604.206321
1475.021874
1333.095363
1177.545267
1044.478133
893.795302
757.032349
653.251402
520.933645
401.320799
297.476655
219.626912
153.899576
87.689131
47.073656
15.328304
-2.463096
-8.950997
-1.925487
16.786837
44.841016
80.701974
129.448841
178.978911
242.506915
302.888621
382.196479
485.933334
566.575958
657.905315
791.971002
938.890056
1102.752921
1231.683207
1358.245051
1504.863907
1636.276635
1760.426728
1883.254887
2018.877765
2159.146189
2296.664239
2383.010485
2441.679986
2495.741807
2535.380595
2550.325200
2577.805145
2592.794969
2585.271006
2600.023576
2582.453698
2552.282549
2514.947987
2474.927625
2428.053471
2360.361459
2304.876481
2215.458562
2138.812917
2051.352353
1956.079899
1811.075788
1675.961270
1557.642878
1398.405807
1248.752619
1098.255246
946.249350
806.422543
682.894443
563.230872
438.384491
318.865958
234.233494
152.295494
92.516710
39.935273
6.025930
-13.561320
-21.754194
-15.632007
1.392028
30.906543
64.144210
108.859882
158.393646
219.880269
282.671648
355.426912
440.187818
538.369309
629.771526
725.729618
852.436872
1006.033739
1145.325013
1270.009965
1408.779979
1548.992143
1671.658448
1811.199463
1936.964717
2056.267284
2189.777327
2304.048147
2382.144254
2442.874131
2483.996184
2517.970242
2549.970993
2557.127133
2582.073825
2582.433370
2589.804374
2553.143030
2533.752621
2521.823632
2464.083704
2414.153193
2364.697457
2311.061676
2237.451626
2135.919640
2032.698252
1923.190828
1802.678002
1679.565223
1555.160751
1424.749396
1288.731577
1143.491240
1008.786819
865.362208
730.884473
622.812642
496.165800
382.332481
287.571334
212.382621
139.946794
80.860778
42.421919
12.082489
-4.105583
-7.798286
-1.181480
20.609790
49.165758
89.553995
133.138016
187.685825
249.891481
318.982325
401.426026
499.765428
591.818713
678.975230
812.023597
969.900713
1117.865661
1247.087637
1376.851576
1512.543297
1648.293552
1788.166256
1900.563522
2036.676543
2189.135537
2311.063113
2392.857647
2466.118904
2493.217707
2535.368996
2550.325200
2567.811825
2587.798154
2577.725930
2590.224131
2564.811698
2552.207146
2512.178161
2452.803602
2398.925457
2334.206828
2286.076882
2208.411182
2126.970097
2047.467319
1918.322736
1788.336775
1661.933930
1533.736940
1371.181000
1226.229135
1087.727382
924.602460
785.151473
662.552385
546.912905
417.931091
305.155533
223.764685
147.197293
87.625451
34.046714
3.327265
-14.597847
-20.439455
-13.973106
4.579462
31.967712
73.129356
113.635668
174.111421
227.924149
292.792749
364.743767
449.157827
543.251037
645.905106
747.963616
877.192053
1034.229703
1153.367336
1291.059280
1416.042366
1570.356579
1701.262887
1827.420731
1954.875191
2082.805780
2196.862673
2309.290699
2392.747082
2445.463080
2496.532581
2525.396631
2567.250912
2564.588323
2586.895625
2596.982284
2574.965516
2555.641194
2521.732920
2500.086156
2452.168405
2390.547702
2357.652677
2292.574342
2210.100212
2135.723564
2043.169237
1945.961184
1814.108111
1694.234567
1556.237242
1423.307061
1275.884808
1126.093707
980.386958
844.063633
724.329427
605.780475
473.025363
364.565573
267.903143
198.319240
128.435493
71.675637
35.352601
7.072952
-6.433329
-8.155875
0.875433
24.398192
55.220910
93.678608
140.446496
200.696422
273.579703
357.382490
449.838867
551.889060
632.699296
730.366590
876.597073
1029.010550
1172.707792
1290.043151
1417.952950
1559.433845
1690.895016
1815.486506
1928.725219
2066.095998
2210.030165
2313.397522
2407.564690
2456.346460
2505.627243
2540.361701
2562.808537
2575.234842
2595.293067
2605.238127
2582.388360
2562.345009
2539.534815
2512.178161
2450.512343
2386.900802
2342.991569
2276.348895
2182.706474
2113.313680
2009.518556
1906.931270
1773.609737
1633.042013
1495.738855
1339.449490
1201.388919
1049.141951
887.701163
762.140281
642.305710
522.501443
394.309647
283.287979
207.184415
133.090083
75.013909
28.311851
-3.001581
-16.693419
-21.137155
-10.794451
8.559607
42.849508
81.010625
127.978187
187.823723
241.625188
303.912807
385.223903
471.514144
569.788837
663.650980
773.228027
898.594831
1058.278745
1192.286908
1315.487113
1452.063338
1583.385414
1720.443294
1841.764702
1967.254593
2102.338115
2221.267849
2325.437323
2403.985234
2459.052107
2496.199997
2530.014565
2567.075180
2572.049512
2581.997559
2594.432772
2575.020901
2550.732130
2519.328980
2488.033446
2447.402285
2402.337120
2345.911377
2281.070879
2210.193623
2122.638949
2017.332281
1924.561092
1803.691856
1672.412457
1542.883921
1398.278990
1251.697705
1102.427425
966.297043
815.993929
700.156284
576.778828
454.187818
343.396498
256.437505
184.358274
119.085998
67.700243
28.376919
3.735446
-7.102362
-7.730327
5.135094
29.183565
63.778699
99.721743
152.893914
208.224865
270.111906
343.909585
432.241766
528.386484
613.334912
722.129596
866.323633
1018.176266
1171.232742
1290.043151
1434.227587
1557.007351
1709.418740
1832.142437
1941.654070
2081.968054
2214.591634
2342.155460
2414.822183
2453.884650
2513.040339
2542.849270
2567.761887
2632.692531
2672.740287
2689.960908
2679.281956
2640.973936
2607.823751
2547.922578
2485.865862
2410.298340
2333.433596
2259.646189
2166.651691
2096.784972
1991.632475
1866.225667
1729.541363
1621.061701
1462.952866
1317.475318
1183.589091
1020.681555
884.229492
738.782506
618.779387
498.462516
366.571724
270.078564
191.582099
120.262158
63.485943
19.454230
-5.710843
-19.692567
-20.553092
-9.586402
17.708313
46.973864
84.619230
143.412285
197.554436
259.618184
324.253297
393.069602
489.366701
593.677731
675.893885
795.838203
931.236703
1085.016277
1215.789058
1337.454278
1495.701257
1619.695742
1738.376560
1871.355980
2001.631131
2135.957331
2241.440508
2361.465534
2423.413594
2457.041978
2515.610390
2547.178778
2564.588323
2589.528054
2582.073825
2599.466821
2584.752051
2555.641194
2526.623128
2485.641114
2445.019524
2395.257540
2341.318435
2278.726963
2189.838268
2113.654233
2014.920185
1905.637231
1783.508957
1637.652055
1519.793794
1367.718468
1230.925614
1076.941169
932.183683
800.383971
694.814492
557.792530
433.102167
330.324136
246.217313
174.136629
107.464138
59.977093
25.219664
2.130290
-8.201217
-5.811212
8.137868
32.960995
68.922324
110.798485
156.674179
220.159564
281.626163
357.771297
446.806415
541.520913
625.665645
743.385590
894.741270
1054.013181
1179.805164
1307.699553
1449.699890
1578.606739
1713.507156
1847.035630
1970.334039
2108.938559
2245.196800
2371.239181
2422.163391
2476.040020
2522.956355
2540.347824
2570.252975
2565.290091
2587.689663
2597.598135
2574.828337
2554.741614
2517.038042
2477.437695
2420.931841
2353.104268
2311.926832
2234.252229
2159.516726
2072.427892
1971.724023
1853.189210
1723.252477
1578.522805
1440.582665
1290.475556
1149.145345
996.848768
844.351698
711.516820
600.450164
465.684833
352.799565
256.170546
186.410393
124.252392
64.371695
19.711256
-8.094194
-20.801944
-21.109885
-11.168138
16.547602
49.153174
93.074843
144.592739
201.127195
266.393817
330.300831
410.976286
505.302621
601.148892
701.573834
818.548855
965.457505
1108.908599
1228.093081
1366.955429
1507.200167
1639.718813
1764.156640
1890.539115
2018.930901
2141.028198
2264.549517
2363.359968
2435.517342
2468.620877
2510.663899
2544.802678
2581.741230
2579.427476
2594.289829
2582.274473
2560.375731
2548.394574
2499.995147
2483.248774
2430.737172
2378.771611
2325.039873
2258.062766
2191.908669
2095.974256
1987.020021
1892.931284
1762.624781
1621.696715
1489.871682
1354.849161
1207.342247
1059.094689
911.653441
772.854479
669.308403
542.641142
419.051696
312.686839
234.126002
159.611183
94.431587
51.948112
17.975139
-1.202058
-9.341663
-3.924366
12.012807
38.797916
75.964883
119.979084
168.465695
231.719698
293.015901
370.840047
464.297144
563.066050
643.321919
767.490527
913.379092
1080.056934
1214.558673
1338.517737
1481.942611
1614.152442
1748.396474
1868.332667
1996.839853
2120.576598
2263.961721
2388.027272
2419.748471
2480.959531
2522.965037
2535.384940
2567.800162
2582.775348
2592.565260
2590.021033
2577.224817
2544.904745
2500.028306
2481.910955
2421.043834
2353.342298
2305.285063
2231.542877
2134.406820
2067.744443
1949.420417
1824.187361
1684.566976
1565.198353
1414.984760
1260.891589
1129.570301
968.797203
818.148266
694.496123
574.391482
450.714345
328.274297
241.016293
168.269833
101.710267
46.987605
9.541055
-10.915107
-20.198114
-17.138614
-1.579702
26.011615
57.535249
104.632697
157.895983
210.016949
279.083365
349.154281
433.923764
526.762952
623.513624
719.855263
841.141532
990.719451
1121.510635
1222.434478
1357.044859
1495.389100
1625.161062
1755.846970
1905.883174
2024.630957
2160.000576
2273.292945
2379.884154
2444.734060
2485.789120
2527.409681
2559.512513
2574.448812
2576.937990
2591.945915
2599.466821
2555.388082
2550.810114
2519.374484
2483.262097
2421.247586
2378.771611
2311.125510
2242.116555
2167.200776
2076.203848
1984.836482
1863.803433
1742.701479
1602.345817
1465.536174
1315.905262
1172.489269
1032.659483
893.567594
758.036472
639.835032
515.269308
395.474289
296.342566
221.097355
151.261347
87.689131
46.857885
15.616385
-2.441137
-9.550744
-1.907982
15.637714
44.761256
84.326565
125.037317
176.928633
242.286983
304.091805
386.314349
485.718307
577.074476
665.943806
806.589064
935.417862
1105.654857
1223.106411
1351.442594
1506.710367
1638.472762
1760.936016
1898.774477
2009.902356
2152.470423
2294.427660
2380.634600
2444.156663
2480.947933
2525.442029
2555.316290
2570.252975
2605.126660
2597.653705
2579.911911
2562.274791
2541.785137
2514.510902
2443.414877
2399.268165
2343.526481
2287.925172
2219.480482
2124.952083
2042.803380
1927.647642
1794.272687
1669.762650
1538.163711
1385.610759
1238.574784
1096.442942
945.537747
798.037323
668.454856
552.986549
427.452076
315.485751
224.867429
150.213531
90.135526
40.388652
5.362745
-13.465796
-20.026201
-15.858558
3.112692
31.304481
65.661962
113.635668
166.895785
230.736015
287.189232
362.116651
445.517713
538.971107
636.720106
738.862884
866.317711
1025.944434
1160.276761
1283.533052
1423.838193
1556.065161
1699.144620
1818.678799
1943.454402
2066.662975
2191.928386
2309.091476
2403.814153
2452.266874
2488.674143
2537.230731
2542.318140
2576.848113
2591.717426
2601.831924
2589.458748
2570.134435
2541.051705
2519.328980
2468.849824
2421.260612
2376.399850
2318.050775
2239.751165
2151.501918
2060.771221
1939.983942
1810.732950
1664.141799
1540.209734
1404.748486
1275.516802
1137.150221
993.117452
858.596570
728.480831
619.311373
491.849796
373.407266
280.455762
205.587181
135.722743
77.553172
39.496269
10.507494
-5.183643
-9.292380
-0.051981
20.989111
50.873846
89.127769
134.265880
194.029870
257.595391
320.349697
403.876213
494.934672
582.945771
679.786433
820.713003
977.521136
1115.744876
1256.600937
1382.120139
1522.240436
1660.354377
1787.936139
1898.465768
2032.320019
2159.232116
2313.554429
2390.412916
2446.588662
2495.731514
2522.965037
2565.290091
2557.781310
2585.300057
2585.198884
2584.932587
2559.737883
2537.090387
2492.498102
2455.303913
2403.644129
2326.621286
2269.354658
2203.615497
2115.497347
2031.742425
1899.420586
1779.277789
1649.344700
1507.250736
1361.302179
1210.165970
1069.261620
915.903117
770.491595
648.294675
533.205813
409.715700
293.021242
216.750563
140.901997
81.443671
31.991278
-0.000000
-14.597847
-19.023440
-13.923155
6.544189
34.488018
76.153961
125.692862
178.801129
235.687367
299.519077
375.713282
457.260290
564.868380
667.130267
762.470738
895.456087
1044.655493
1177.992779
1303.673960
1441.607239
1571.341867
1709.487763
1833.490525
1973.788080
2091.187294
2220.827940
2341.838550
2413.275896
2454.429828
2510.155283
2534.743565
2564.283274
2581.741230
2586.814719
2594.289829
2592.012592
2567.718895
2528.944740
2497.630049
2459.303963
2397.591054
2367.045717
2297.253193
2219.261250
2144.988185
2043.379234
1941.899482
1824.214358
1702.316478
1556.237242
1427.112695
1274.425779
1132.783403
986.647630
845.128069
714.863787
598.410525
473.025363
360.621569
260.604640
195.010084
124.242022
71.970671
33.771469
6.443419
-6.875350
-9.402702
1.471572
26.471963
64.427390
110.871902
165.103279
225.646393
286.811621
358.954800
440.860633
534.674234
609.493359
709.597972
852.215134
1011.179780
1143.077893
1269.132991
1402.957177
1543.860126
1680.416377
1809.121457
1937.625519
2059.321345
2189.047177
2325.555228
2402.784185
2461.289833
2485.855838
2540.333720
2555.292971
2562.780021
2580.086268
2587.643851
2569.885506
2559.737883
2529.494311
2492.313454
2433.268018
2389.002291
2331.519432
2229.991741
2180.318399
2099.335989
2004.694121
1879.965660
1746.041938
1629.043617
1478.418719
1329.948325
1198.838367
1043.771690
884.229492
757.464575
625.974497
513.359060
382.697069
277.922676
201.262462
128.195664
70.221953
24.993486
-3.921817
-17.432683
-21.071778
-11.370935
12.089941
44.124771
78.971410
135.013267
186.172675
247.240771
313.009971
395.337282
476.654148
576.155267
676.095919
779.824991
916.136398
1061.082132
1199.523063
1332.783029
1471.922559
1599.770369
1743.196855
1865.218907
2001.406675
2117.512954
2243.612447
2353.217630
2420.470580
2466.147631
2510.663899
2549.439480
2566.668654
2581.831416
2596.705369
2584.484725
2594.557463
2562.931599
2533.855828
2490.400564
2447.291587
2402.337120
2346.011207
2278.757427
2221.621720
2120.446710
2027.992692
1920.540893
1807.545014
1680.445647
1526.102008
1394.515123
1256.730164
1108.650122
960.517469
818.982919
696.883231
578.592684
447.380108
346.468143
249.570978
183.890478
115.515534
63.257290
28.385795
4.293060
-7.305286
-7.253832
3.779432
30.116673
63.275278
101.523161
150.182526
209.898603
271.263858
347.815197
437.315112
529.633248
614.657311
726.220569
871.399305
1020.260677
1151.004925
1297.763387
1411.686374
1559.304018
1699.277824
1823.692094
1939.750111
2068.112472
2209.853443
2339.993137
2407.564690
2453.934521
2490.814385
2527.927694
2562.623512
2629.949015
2674.606427
2687.036851
2671.215237
2625.758521
2582.963903
2523.039397
2482.998218
2388.586399
2325.903633
2247.676259
2170.593374
2082.824360
1991.018961
1865.748264
1727.363105
1606.739939
1473.492586
1309.986510
1166.574058
1018.590844
866.006285
731.426993
616.293668
486.886010
363.001217
259.294576
187.242660
115.618574
60.571746
17.474432
-7.574107
-19.341831
-19.320766
-6.094688
16.967141
50.171234
90.102192
143.044647
203.739237
260.330531
322.751624
405.209872
499.312028
600.793732
693.242115
804.253412
953.396183
1098.917931
1227.147714
1345.015784
1506.373119
1622.041056
1752.629740
1889.823425
2010.271877
2151.479870
2264.329414
2365.027337
2427.674848
2493.484048
2527.409681
2552.152801
2574.259160
2599.120909
2591.631880
2611.669508
2584.627668
2567.810799
2531.444928
2485.641114
2437.844591
2381.128609
2339.018071
2285.697798
2198.943626
2118.146591
2023.579214
1905.930749
1781.420538
1651.511461
1508.693938
1367.876558
1221.167269
1076.341404
923.357120
789.624848
680.280674
546.915023
429.655730
321.236580
238.317520
168.507472
102.779930
56.358979
21.785535
0.292727
-8.620116
-6.629933
8.946998
34.502815
72.404531
111.779966
166.145589
222.675675
285.061162
362.381096
458.111703
547.600237
635.618161
754.030509
902.061602
1055.134243
1190.378536
1325.964510
1453.466509
1582.940428
1711.012606
1843.011433
1968.089655
2102.264704
2252.188351
2359.089326
2424.677739
2471.116707
2498.216052
2525.432497
2565.053833
2570.151811
2592.565260
2580.033128
2562.345009
2536.905738
2507.133631
2452.803602
2411.101149
2372.191472
2290.940879
2227.029433
2143.386834
2071.858294
1964.837903
1825.958969
1705.175224
1573.314176
1433.973039
1268.579952
1142.619170
983.657251
853.364281
745.395525
618.847947
488.185391
369.720462
264.903674
184.981517
115.651593
56.117303
16.398938
-9.965930
-20.069809
-17.210649
-4.395121
23.567713
53.580262
99.772118
152.038565
205.693538
269.896383
336.057709
422.611645
506.441094
607.649339
702.701766
832.155935
974.830880
1118.605166
1251.936273
1377.696010
1519.665555
1655.394304
1773.682325
1900.447596
2040.205965
2159.546746
2269.773210
2374.808345
2435.052212
2481.129729
2522.171766
2554.533541
2579.339610
2579.339610
2584.484725
2592.012592
2565.197531
2548.277446
2509.667715
2478.409607
2428.357026
2383.487576
2331.962516
2264.982265
2183.208258
2096.034885
1991.387098
1895.187057
1763.108860
1625.715791
1492.258255
1349.442642
1194.344687
1060.354000
904.046759
773.405493
655.289984
534.131297
409.154831
306.389496
226.960165
154.653985
92.357488
49.849199
17.661936
-1.502572
-8.649091
-3.527412
12.914646
38.366385
77.053865
118.320811
173.182921
236.767077
292.795975
376.821369
469.973913
561.210659
639.651068
774.665281
930.629706
1069.751430
1212.398634
1338.674389
1477.995177
1616.478392
1738.371270
1875.213791
1983.801459
2122.573020
2261.575547
2371.187414
2422.263049
2466.223974
2515.522664
2547.777398
2565.246946
2567.668042
2584.995477
2582.388360
2557.200984
2544.516453
2504.800898
2472.417554
2411.101149
2352.423210
2283.501465
2206.013340
2131.531817
2040.856116
1933.404054
1811.075788
1677.606015
1548.284578
1400.688686
1249.069290
1117.751441
953.736077
815.030032
683.654826
564.829343
440.499252
319.992690
235.110967
158.896447
96.129847
42.836449
6.559805
-11.494302
-19.488470
-15.489801
-1.199547
30.105303
62.223232
104.891402
162.626103
219.719304
286.736368
353.583300
441.258461
537.298666
630.107585
722.463430
857.528983
1008.077207
1146.138074
1270.362445
1382.432856
1509.108262
1628.433665
1764.960002
1894.427306
2041.041341
2155.961986
2289.529452
2381.567763
2444.241089
2486.071579
2537.108065
2557.023027
2571.864500
2589.223299
2581.646713
2592.012592
2577.438761
2540.964441
2514.495876
2461.639197
2445.019524
2378.782669
2315.770989
2255.791371
2178.335050
2069.710107
1969.948194
1863.905828
1744.773657
1583.622844
1473.091216
1318.082503
1174.603879
1032.659483
879.850880
746.216729
640.458316
511.418033
389.680114
291.185094
217.004885
144.681268
86.744465
45.500287
13.377873
-3.090961
-9.249079
-1.130554
16.428943
46.239745
82.383266
129.904647
182.792936
242.051576
307.026824
388.695973
483.747845
577.262818
662.395261
796.873261
943.764677
1099.655303
1224.750373
1355.229007
1497.203795
1628.422109
1765.200611
1876.998228
2016.709258
2152.391823
2289.854524
2385.693404
2446.608714
2480.959531
2530.342241
2555.249817
2567.668042
2580.033128
2580.033128
2567.474702
2549.672678
2541.979545
2497.343346
2457.590590
2398.925457
2333.968509
2280.916296
2198.819820
2113.488820
2038.139449
1922.657818
1783.926577
1663.052708
1532.477160
1372.874046
1238.886773
1093.156968
940.140964
797.582665
666.223865
546.719301
422.463650
307.839286
228.847383
152.362109
91.008111
38.696323
4.431616
-13.811073
-20.461554
-14.132881
2.707480
32.947057
65.899008
112.583486
165.274896
230.307479
289.354965
362.473577
448.648987
544.214248
640.633615
740.849966
873.707968
1037.348285
1164.739364
1286.999643
1432.310118
1555.789647
1692.790080
1819.660982
1960.952524
2073.799058
2203.123588
2322.808936
2396.642365
2452.118689
2507.809343
2534.863911
2559.406087
2581.741230
2599.120909
2591.945915
2587.043208
2562.931599
2550.810114
2514.557324
2464.065443
2418.856140
2367.045717
2285.741947
2201.327951
2118.465391
2032.874335
1927.600550
1822.899459
1693.270309
1564.126913
1426.251971
1286.758827
1143.491240
1001.455091
858.596570
729.041124
611.139680
482.724984
367.220047
275.686105
201.374329
133.699335
74.593126
37.009911
8.361774
-5.689944
-8.462432
1.436254
21.667771
50.836439
88.856503
138.554961
196.012563
258.980313
321.020580
410.786309
508.473189
597.582016
688.758114
836.488715
975.216649
1132.523534
1251.268149
1386.694467
1510.549938
1656.711034
1777.563710
1907.194763
2032.415695
2168.424127
2313.554429
2400.191535
2451.477591
2505.599498
2527.908946
2550.282589
2567.668042
2580.086268
2582.620736
2574.959321
2549.672678
2524.430254
2477.632103
2428.286921
2396.187117
2317.097461
2264.792420
2180.318399
2097.524831
2014.143459
1900.337404
1770.695969
1637.045057
1503.138179
1353.399119
1196.719237
1056.303336
905.451865
769.676190
641.064209
522.910970
397.032902
289.976863
206.735955
135.936415
76.707413
29.716287
-0.435757
-16.144792
-21.431913
-12.085208
8.559607
36.494993
78.971410
122.200121
183.828314
246.275722
306.690363
384.543784
466.164628
569.427260
663.650980
758.449088
906.413569
1061.781905
1187.981673
1313.295171
1458.848682
1577.225756
1716.169902
1839.317296
1966.566744
2105.372982
2218.667602
2355.857315
2415.556876
2478.936614
2507.531839
2534.863911
2564.283274
2589.043236
2586.814719
2594.363775
2579.662925
2567.810799
2526.250864
2495.210466
2452.059430
2399.941634
2371.734685
2304.176440
2228.452753
2153.640762
2052.215469
1931.342587
1820.429046
1686.706575
1557.921103
1411.005907
1258.714515
1117.698207
959.127719
826.241443
708.083178
589.775763
464.035119
350.307747
263.120375
188.455122
121.871636
68.240382
30.804053
4.843306
-7.501633
-9.872837
3.750581
26.563274
70.219639
111.960812
169.335787
231.149841
293.411443
359.991519
441.298072
548.671424
622.762481
724.979166
864.970006
1017.294801
1147.834110
1282.949301
1416.162604
1547.616473
1686.833177
1813.435114
1922.576681
2063.974380
2193.579362
2320.650899
2400.280137
2456.416611
2495.741807
2527.927694
2557.781310
2562.731996
2580.134836
2572.676520
2562.345009
2552.127168
2517.132961
2477.632103
2428.053471
2379.604568
2314.653264
2241.192792
2168.202851
2081.794798
1995.434564
1873.211294
1749.687364
1613.615507
1469.048501
1324.978554
1187.340559
1036.659107
873.885005
741.880124
628.097036
495.205058
376.010974
274.078893
197.676008
123.796069
67.382940
23.900911
-5.453727
-17.654192
-18.567674
-8.844011
14.146310
44.888487
82.932468
134.626292
187.935964
249.618085
318.259069
396.051138
479.677993
590.968002
677.325219
793.102437
930.280120
1085.769240
1214.259764
1343.391368
1483.959310
1621.774567
1738.909544
1862.530800
2012.323175
2124.287719
2248.405512
2345.895642
2425.384589
2456.421703
2512.637809
2554.307077
2574.259160
2584.235356
2591.631880
2604.256745
2587.043208
2552.921797
2533.825965
2490.336499
2452.134798
2392.889895
2346.011207
2278.783243
2203.425815
2126.963071
2032.406170
1916.320290
1801.922477
1676.761852
1524.287676
1389.036682
1246.674325
1093.026021
957.526504
816.656338
695.488816
564.667159
446.536735
333.598088
249.934793
176.234692
111.367608
61.915914
26.347593
2.759825
-8.319909
-7.587341
7.241759
31.275981
66.069524
106.717665
155.111647
213.570299
274.111772
350.498108
438.977689
528.596783
622.234208
719.902705
876.862624
1031.829543
1169.632696
1308.470153
1432.275707
1566.985582
1705.085313
1828.029880
1948.463936
2088.612631
2219.329531
2378.657857
2490.714753
2559.577631
2597.161274
2612.199131
2627.176214
2605.063770
2594.920483
2587.537264
2576.969940
2547.053361
2532.026339
2484.433224
2413.586822
2364.778376
2305.017460
2229.130396
2154.760077
2067.744443
1966.276046
1847.387219
1706.613107
1589.328973
1437.727448
1293.425645
1150.986925
997.211033
854.859319
715.700174
598.001042
474.484079
358.102663
254.087857
180.152003
112.880051
60.127693
16.382281
-8.770018
-19.573027
-19.480441
-6.168118
18.801578
51.575302
93.428400
149.446999
201.274238
265.537507
333.898880
413.427437
505.521963
604.564824
698.823775
812.349886
958.071358
1103.908625
1232.715766
1363.094754
1511.573487
1639.185834
1752.629740
1889.823425
2022.813400
2135.304281
2275.927999
2359.715182
2429.965108
2469.071780
2527.282375
2549.439480
2566.881197
2593.749330
2584.235356
2591.874289
2584.692334
2555.553931
2528.862116
2485.620523
2437.844591
2385.838155
2339.015449
2274.160972
2207.908004
2113.869449
2004.306174
1905.837635
1788.959256
1641.675771
1503.306848
1367.216144
1214.963997
1076.545904
926.717825
791.777111
677.537606
546.915023
427.052666
319.931863
234.688278
167.734502
99.672630
56.642415
20.963439
-0.307834
-7.962555
-5.114422
10.478322
36.347228
68.389558
112.697795
165.097353
223.769075
285.501252
360.703405
453.662027
552.249488
632.731508
762.598417
896.883659
1055.332151
1195.758185
1327.994735
1451.509748
1588.648145
1721.816507
1842.903563
1972.578702
2095.161817
2249.728750
2354.229444
2412.523768
2468.667638
2508.092263
2537.814126
2552.739747
2577.602808
2572.635271
2579.844133
2559.737883
2532.026339
2504.800898
2459.983786
2399.044768
2359.836306
2283.644883
2210.954877
2140.670431
2047.467319
1948.770306
1813.297968
1686.718405
1551.919731
1420.726927
1253.795365
1125.068962
971.225954
824.732773
714.524270
604.473476
481.276594
358.927575
258.362844
182.558123
108.646022
51.628728
11.745303
-11.854306
-19.693161
-19.249846
-3.665030
23.686122
56.904177
101.386552
158.339512
213.843472
279.357893
346.226059
431.174941
522.293839
619.358638
716.579794
835.859893
986.627875
1127.666928
1260.660355
1388.763153
1527.206592
1664.831511
1783.986333
1917.552176
2048.214258
2173.689598
2298.990898
2386.074041
2441.943870
2492.928724
2534.743565
2564.056500
2574.448812
2591.631880
2606.533673
2599.407104
2582.331871
2553.143030
2519.328980
2483.148176
2435.502098
2383.474549
2336.683429
2255.869126
2187.337438
2096.034885
1993.353680
1889.141649
1757.206725
1620.327256
1483.170257
1344.219943
1197.304634
1048.228949
897.127998
766.683272
654.742065
528.411158
408.311461
308.102015
225.164469
152.479722
90.776777
48.888317
16.577690
-1.715256
-8.323021
-3.178229
12.296259
41.095326
78.359863
121.724234
176.622112
237.867796
302.432908
380.690045
478.031979
563.958246
650.881417
787.216012
933.251077
