158.229519
165.545100
133.061182
112.626736
67.755519
52.569115
35.186617
42.126869
8.331612
10.532003
-1.117667
3.381929
-9.780434
-3.146793
-13.289101
-2.905822
-21.533265
-9.777010
-7.503677
-14.711140
-2.129755
-7.188978
-2.986480
-0.528626
-6.150072
-3.634260
-4.373041
-0.822135
-0.662669
-1.400259
0.685936
-0.257521
0.113454
-0.084335
1.016174
1.819183
-1.815178
0.931047
2.580199
-3.795268
2.319510
-0.535850
2.874176
5.639468
3.340599
-2.160715
8.467227
0.816880
0.866313
0.908331
2.876068
3.007998
-3.183606
3.219085
5.546655
-3.474767
-3.578205
6.019381
1.198749
3.686493
-6.262817
8.677246
51.075065
66.368333
81.237458
96.338305
95.753254
55.946929
35.897102
15.927235
6.063503
-1.231288
3.531947
-1.196256
-5.766374
-10.105472
1.061573
-5.301754
-1.039264
2.894915
-4.658925
0.856426
-7.396200
0.742730
-9.123620
-5.715765
-0.590343
-2.590413
0.433774
-1.871207
-2.126606
-0.731731
0.882422
-0.317978
0.045725
-0.011618
-0.223252
-0.393349
0.969327
1.244568
0.302500
1.759148
-1.187135
2.243812
1.487472
0.552551
0.603780
0.661109
3.434528
-0.708708
0.795283
-2.505386
-6.213733
-6.504482
-6.753696
1.033135
1.075827
-1.054929
-5.546320
-17.156609
8.247961
-10.817267
-6.067768
-8.572957
-11.063114
8.691310
35.981600
80.920975
95.946407
100.832479
83.569355
70.761340
28.378814
13.509243
-13.384570
-8.415122
-10.667621
-10.528664
-21.829433
-12.325829
-5.439660
-9.491831
-15.355343
-16.678351
-12.176525
-15.141921
-4.189367
-0.766798
29.899312
32.810835
33.615649
26.152186
20.030585
12.931214
12.304382
7.360850
4.907364
2.818062
0.744491
0.046351
0.102329
-0.362785
1.182469
-0.586151
-1.234742
3.309031
-0.363288
0.392992
3.189904
-0.517686
1.669853
0.604318
7.243720
2.088259
5.310616
4.122173
0.856426
4.594900
-0.983473
-3.034195
5.206292
9.653042
-1.136573
-1.172902
-1.202744
1.175269
-3.704630
3.660107
-8.719975
16.091602
51.075065
86.063719
113.168271
113.168271
86.063719
75.695765
40.727502
25.667438
15.828614
1.174033
-1.214421
-8.212792
-5.747280
-5.626352
1.062809
-9.499601
-1.040561
-4.868958
-6.504389
-7.956345
0.805757
-5.374352
-0.716197
-0.656514
-0.591641
2.603146
-2.253087
-1.883937
0.300305
-0.731731
-0.547841
0.343017
-0.049303
0.036016
-0.355533
1.431008
-0.556359
0.720326
0.297621
-1.020581
0.402520
-3.090252
-4.393179
2.698558
-4.095415
3.207155
-4.751678
-0.702898
-0.756342
-7.535744
2.694018
-0.905054
4.828683
-2.994414
-7.293660
-16.157887
-9.962147
-5.688533
-5.866300
-13.266932
-13.462995
-15.977826
-6.168503
11.155326
38.608912
68.541851
98.155208
98.249317
90.876572
58.240414
40.783340
6.163003
-1.188537
-1.175757
-13.031656
-3.501161
-14.942512
1.155111
-5.463362
-11.698428
-5.125605
-10.848821
-8.465687
-11.604785
-5.881448
-10.167707
-5.067349
-8.607011
-5.504835
-2.773160
-3.372694
-2.068019
-1.730262
-1.451761
-0.694562
-1.496460
-0.102240
-0.788431
0.098621
0.682194
0.674423
2.113331
0.727498
2.129548
5.368615
1.221292
5.999423
-1.559239
5.059604
5.548509
3.309084
7.716438
9.862065
5.743595
-11.499391
-46.924677
-56.450303
-54.924967
-63.464857
-46.434668
-40.943970
-53.670465
-36.548846
-42.281477
-33.069035
-25.940036
-23.568708
13.667133
48.483571
83.568436
105.919888
106.027530
103.216921
71.018609
45.574031
23.292095
10.937840
-1.237775
1.160439
1.141901
8.032196
-3.398145
-1.121004
7.360637
-9.168087
-10.752905
-0.954929
-9.733474
-5.774759
-2.333112
2.084490
-5.807217
-6.479673
-2.647695
-0.461895
-0.389237
-0.315282
0.237278
0.176723
-0.356288
0.049433
-0.010456
0.341059
-0.386262
0.191502
0.734732
-0.282321
-0.331117
-0.381076
-2.204307
-0.476344
3.764282
-5.280366
3.183221
-3.389418
-0.701737
3.877307
-0.817918
0.912379
4.691063
-6.753696
7.085216
-5.220414
-9.673544
1.135595
-5.694458
5.887762
-15.622420
-10.977602
-1.201317
-16.085993
1.269769
38.608912
78.431921
103.618150
103.519278
96.129861
58.520416
35.877907
11.058603
-1.189699
-3.607472
-1.166463
-10.571420
-10.346951
-10.143860
3.320701
-11.724569
-13.320006
-0.965469
-6.595861
-11.697499
-9.332600
-10.275875
-5.108885
-10.040718
-3.057586
-2.796862
-1.470629
-0.412445
-1.063106
-0.290454
-2.627245
-1.571283
-0.568853
0.154870
-0.006487
0.207318
0.128526
0.565413
0.234807
1.481209
2.438819
1.998056
2.256480
2.502298
0.542527
1.809322
3.277569
3.454053
6.787828
0.800814
2.604670
6.441662
2.834604
-1.022397
-5.225379
1.046743
3.283165
-1.163820
1.141901
3.569641
3.637491
-8.648791
3.682724
13.667133
43.551893
96.045779
100.934080
113.398756
105.919888
90.407506
48.187337
20.837345
23.027685
-13.308466
-53.383886
-66.672921
-81.422456
-72.979013
-66.711536
-56.219732
-37.707849
-38.113299
-28.963978
-11.548886
-7.510515
-2.340774
-10.734051
-5.830080
-5.315661
-8.012474
-3.238848
-1.164641
-0.969257
-0.758549
1.316609
-0.375443
0.173393
-0.011851
0.187285
-0.592556
-1.229455
-1.161409
-0.276512
2.342220
-1.931731
-3.015488
-0.467050
-5.790395
-0.563481
-1.867522
-4.701835
3.560181
-0.747047
-7.428854
4.445739
2.794864
-2.849123
-10.979530
1.066069
-3.199948
-7.709016
-3.380676
-8.182522
-1.172272
-3.625190
-11.009669
-3.674802
-1.209450
28.707843
68.345268
88.472409
103.123789
90.702646
60.892706
38.202502
3.709677
-1.193185
-3.586210
-5.937406
-10.539353
-3.433831
-12.456538
-9.876635
-13.876294
-13.397268
-8.936003
-10.404412
-8.112950
-4.224921
-7.140251
-9.565062
-6.039284
-6.796852
-10.688739
-2.470956
-5.531975
-1.795443
-3.293859
-0.719368
-0.174272
-0.568853
-0.272576
0.017673
0.327757
1.125620
-0.190726
2.613857
3.829768
1.739633
5.210458
3.145723
3.508011
-0.566989
4.250260
1.960099
-0.716197
-0.775880
2.431276
2.597131
6.379808
-0.978283
10.900338
3.098464
-1.101542
3.286935
1.111006
10.494414
-3.631840
-3.693137
1.197514
-3.742940
1.211108
28.580254
81.072843
98.441021
108.192596
98.340979
78.018833
53.187050
20.923361
15.795740
1.181448
-8.337363
10.505784
3.403787
1.096176
3.256779
-7.429774
3.041922
2.917532
-0.958821
-0.912113
-2.532327
-0.797937
0.700712
-4.573538
1.771628
-1.616705
-0.480059
1.960238
0.972511
-1.304753
0.976968
0.910139
0.667368
0.011308
-0.534450
-0.557002
1.212935
7.629670
16.162379
19.014564
22.704001
20.272144
21.447411
19.444414
18.916863
14.395050
7.404483
3.572148
3.841406
0.844073
2.658002
0.942873
-2.849123
3.025368
-7.252124
-1.050281
-12.116695
-10.229372
1.195363
-10.774511
-1.189699
-11.052425
-8.614493
1.270988
33.598930
70.829250
101.025460
106.012786
105.709024
65.797832
38.387234
3.709677
11.026362
-8.448350
-13.110081
-10.614176
-8.074530
-19.266022
-9.930080
-11.724569
-7.235510
-16.900729
-4.722667
-15.424947
-7.664012
-10.414947
-5.167034
-6.124796
-9.327346
-3.954194
-3.488994
-3.858729
-3.238767
-1.511017
-1.238441
-3.072860
0.367366
-0.278501
0.012606
0.056848
0.117403
-0.563165
1.159755
1.468603
0.342323
3.615627
0.441189
-4.504023
4.945905
1.813091
1.956329
2.080720
5.231089
0.797107
7.799749
4.563384
12.311144
6.918822
-3.126141
1.039328
7.669908
-5.709092
12.805117
-13.238642
3.629952
-16.151942
3.694032
13.639326
46.089257
81.155151
103.322030
120.631937
103.427139
80.990536
40.769274
23.268058
-1.252047
1.181448
3.535717
3.490484
1.119657
-12.428683
-1.123599
1.036856
1.004725
-6.958184
-10.403785
-0.914708
-9.272635
-2.359930
-0.742146
-1.980655
1.782936
-5.976939
-0.480059
0.385577
-0.330852
0.257051
-0.612969
0.936648
-0.214539
0.003707
-0.152378
0.761222
-0.847354
0.666301
-1.362878
-1.635453
-0.368296
0.439113
2.381432
-2.577616
0.584264
-3.087214
-3.330162
-2.094318
-3.774579
-0.802815
-7.888481
-6.404797
0.975807
-4.941913
-5.149307
-20.292785
-7.692402
-12.469609
24.486743
46.845000
72.048301
67.689992
57.960412
75.579504
80.920975
130.699890
140.655488
128.456216
115.876966
80.920975
43.294742
3.716880
6.139069
-8.456658
3.619636
-8.224058
-8.082837
-14.679821
-1.075841
-18.255213
-9.320807
-14.945154
-4.752295
-6.330033
-11.125759
-8.835907
-8.143151
-2.030532
-8.112533
-6.300159
-3.555451
-7.358690
-1.825071
-3.971278
-2.679528
-1.656795
-0.598481
-0.302203
-0.033229
0.055612
0.598787
0.175487
1.172361
0.859428
2.429982
1.985450
3.136886
-0.509901
1.639698
4.206078
4.541858
4.815783
5.186908
5.672904
2.589592
4.563384
8.504682
4.928959
7.236929
7.466673
5.477322
5.615988
3.482945
5.962654
-1.246857
6.139139
3.701571
6.189563
31.068246
78.736798
88.649219
113.513999
98.240937
75.927487
45.808225
18.439201
13.389063
-6.071877
-1.223503
-8.257282
-1.180687
1.103591
-7.723406
-5.327213
-3.110816
-12.868759
-4.735300
-0.919898
-5.917126
-5.525617
-2.187532
-1.992148
-7.869741
3.817281
3.348957
-1.214444
0.987588
-1.877464
-0.616800
0.418406
-0.210708
0.070690
0.050010
-0.539226
0.170766
-0.662669
2.428809
-0.312528
-0.363648
1.271375
-3.248088
-3.588680
-2.808713
-1.832085
-4.660300
-4.892899
5.295091
0.833095
2.625587
-0.893436
-6.612475
1.018498
-9.256673
-1.039825
-5.451511
-7.875159
-15.127942
-10.678310
-13.384570
-3.653540
-1.200156
6.216855
23.607239
56.031362
98.343425
106.012786
90.876572
78.206757
43.211323
15.991208
-1.189699
-13.306144
-13.123152
-5.854448
-17.388455
-21.626053
-12.142837
-18.234997
-13.489983
-12.995505
-6.645703
-15.465380
-16.383374
-5.623927
-3.727174
17.195185
33.340936
26.058605
28.242388
20.944149
13.888867
9.716884
8.337578
5.149261
2.704058
1.502254
0.162191
-0.338121
0.331709
0.505102
1.590534
0.829273
1.006435
1.157212
2.187147
3.410812
3.790772
2.975024
0.633978
2.046795
0.719250
2.389813
4.292355
4.487748
0.919453
0.960235
5.105444
1.038092
-7.687814
7.864306
-5.842750
-3.616516
6.044593
-1.261129
-3.742940
11.165238
31.131521
73.362254
110.906006
108.412947
105.596962
73.212840
58.137391
15.976545
6.050897
-1.235180
-3.605022
5.823988
-5.817291
-3.424963
7.705253
1.038092
-9.362423
-3.003547
-6.646756
-0.918600
-5.934921
-0.810911
-3.666039
-2.007473
-1.835075
-3.861703
-1.455801
-2.023959
-2.995061
-1.904158
0.621954
-0.987671
0.222396
0.026386
-0.225171
-0.104563
0.167107
0.666301
-1.356952
-1.599900
-0.364810
-1.254465
-2.340594
-1.527328
0.579385
0.628176
-1.977376
0.718438
0.767228
0.833095
-2.590434
-6.379875
-2.820774
-2.944803
-7.210588
-1.040987
5.516785
-1.101401
1.192924
-8.332051
1.247813
-6.097396
-1.201317
6.204888
21.145605
61.009470
101.025460
95.946407
103.420405
78.431921
43.253032
13.548629
1.251472
-3.611015
-20.337480
-8.265594
-8.091144
-7.958230
-1.082812
-5.350776
-13.536340
-10.979530
-10.535120
-10.064569
-14.717381
-13.706572
-9.750492
-4.834749
-9.452186
-2.879820
-3.605294
-3.106866
-4.143465
-2.843274
-0.768980
-2.534201
-0.913784
-0.498428
-0.035437
0.397946
1.223507
1.192900
1.134543
0.855658
3.013022
3.513298
1.311758
2.445571
5.950695
1.782936
-5.841512
-33.658883
-43.590102
-47.253764
-43.822220
-39.022562
-38.663588
-30.575271
-33.885079
-22.371283
-16.443652
-12.414718
8.102886
-13.238642
-8.559812
-3.727616
-8.693281
1.214815
28.551150
78.497477
113.398756
120.877624
103.637356
85.714221
58.256403
13.500291
23.195946
13.277835
3.539486
-5.900032
-8.123813
-3.428794
5.502534
-5.359036
5.149565
-2.992054
-2.873291
-8.139249
-7.670557
-5.570106
-3.666039
-5.978690
0.594431
0.533876
-0.490439
-4.482705
-1.007567
-0.278953
-1.056532
0.429714
-0.079145
0.063030
0.048790
-0.515523
-0.817727
-0.214936
-0.807960
-1.611751
-0.365972
0.435454
-3.297930
0.530595
-0.558833
-0.600659
-4.643685
4.935393
-3.744951
0.830656
-2.586890
-0.887627
-0.923643
4.978270
-9.267362
-1.038663
-12.038270
-3.348783
-12.744097
-3.547229
-10.924157
-11.009669
-8.606186
3.749295
21.186152
53.645091
91.137462
96.129861
95.946407
71.100886
40.901325
20.942866
1.251472
-10.892090
-1.168786
-10.614176
-12.809451
-14.849798
-12.208191
-9.737678
-13.598150
-5.018945
-14.552799
-15.667541
-7.802969
-8.966616
-5.283334
-3.472375
-3.193874
-5.248299
-6.829980
-3.148402
-3.463236
-1.629528
-1.345101
-1.881264
-0.139418
-1.050766
-0.203091
0.038311
-0.496443
1.696226
0.208854
1.873295
0.318843
3.354119
2.977833
0.467141
0.516574
4.047025
0.615440
-0.692843
-2.183701
5.478506
4.229325
4.468839
-0.956227
-1.002935
-5.123544
7.369474
-5.473600
5.571867
5.729443
5.899624
-8.479730
1.198749
11.074279
11.119758
26.092571
75.464043
103.006703
115.538486
110.567878
95.363220
60.612714
35.566761
10.949210
-18.213629
-63.138050
-68.936662
-72.570463
-64.216930
-60.570808
-47.965650
-44.200136
-36.676042
-29.474876
-22.665042
-12.751443
-5.579004
-9.569077
1.982715
-4.288804
-2.787717
5.338941
-2.093970
0.329965
-0.282846
0.637032
0.147063
-0.229863
0.100848
-0.039502
-0.509598
0.482618
0.223216
-0.260247
-0.311367
-1.848773
-2.949031
-1.382037
-0.503066
-3.929272
-3.051661
-5.953772
-3.478301
2.258221
-5.648848
-4.331581
-2.714463
2.856091
-0.964307
-5.119680
-1.040987
-5.451511
-7.866851
-1.135094
3.598027
-8.514808
-6.109247
-11.073803
-1.209450
26.064110
46.031673
88.726154
86.227573
103.519278
83.649173
43.461581
11.133832
11.026362
1.245373
-15.637872
-5.907778
-5.807044
1.170968
-10.004903
-16.229225
-13.644507
-19.162898
0.989224
-11.975643
-0.849287
-12.305676
-6.840959
-7.672600
-8.282509
-5.291055
-6.876337
-2.251711
-2.716431
-3.568347
0.269567
-2.261260
-0.711067
-0.408863
-0.203091
0.189091
0.491635
0.806786
1.065210
1.367755
0.972511
-0.391832
-1.317883
0.470849
2.653570
0.572187
1.903557
3.391023
5.072036
2.348349
4.235628
-0.918600
4.639021
-1.001638
7.060203
3.147466
-3.287045
1.089997
8.049869
-1.214421
3.599797
3.648799
-8.693281
1.212343
18.666845
55.946929
103.532248
113.398756
107.862069
88.289588
65.630161
28.231005
18.230527
-3.650995
-3.620347
-1.202744
-3.493922
-3.424963
-1.128788
-3.237241
-5.206285
0.972594
-4.786218
-0.927682
-0.871892
-10.377499
-3.710592
-2.030459
3.038054
-2.781353
2.426662
-0.426864
-0.352909
2.501377
-1.094720
-6.028194
-4.859960
-0.988429
2.376820
4.962493
8.020827
7.980587
7.241149
6.710069
6.284887
1.271375
-1.378494
-1.527328
-2.820564
0.626956
-0.645969
-3.507929
-2.225434
2.452709
-2.572716
-2.700288
-4.704891
-6.853382
-3.058200
-3.175142
-7.625945
-7.850237
-5.765565
-10.667621
-6.044066
-3.653540
-13.580633
-1.207126
8.741500
51.248984
93.544316
96.313315
98.437534
85.980973
51.004708
25.963959
3.709677
-6.049992
-1.176919
-15.421538
-10.485908
-12.600318
-7.792087
-7.601023
-1.025883
-15.177000
-4.823402
-10.156065
-11.403903
-7.418165
-6.894404
-2.097862
-7.123624
-0.579746
-4.788672
-5.980095
-3.591504
-4.342136
-1.918947
-1.528512
-0.425242
-0.598113
-0.309049
-0.107270
0.841372
0.154478
0.633263
1.336240
0.317607
1.111979
2.086299
2.338419
2.615752
0.564772
1.884710
0.662402
0.705656
0.767447
-2.555313
0.865077
-6.557777
8.720710
9.073177
-1.075593
9.721261
1.088761
3.426403
1.155495
-6.084607
-6.167347
-8.666587
3.682724
30.973333
65.831481
93.170288
110.680588
95.558237
100.216052
50.607915
28.143692
15.845051
1.177740
1.164146
-10.608460
3.430173
3.381170
-1.131383
-9.693937
-3.137634
-3.015040
2.838374
-6.388716
-4.302504
-4.028824
-3.736050
-3.411453
0.605554
-2.806811
1.477613
-1.279572
-2.500319
0.284240
0.218741
0.482486
0.453817
0.132363
-0.034854
-0.656263
-0.446504
1.035145
-1.810954
-3.411497
0.369587
-1.226115
-0.446137
0.513518
-0.539082
-5.408634
-3.264981
-4.834749
2.240213
-3.981973
-7.696079
-6.321725
-8.412242
-8.775668
-9.149783
-11.646144
-7.592716
-14.525296
-8.066223
8.331612
57.120406
65.166375
67.952102
80.843538
83.409720
111.106129
136.586535
149.114548
136.326865
115.876966
75.797522
38.165556
15.944677
10.961881
8.457088
-8.273901
-10.475219
-5.700384
-7.800394
-18.518023
-13.706317
-13.211839
-12.624646
-10.221419
-16.744938
-17.410800
-5.374713
-6.349265
-9.719700
-2.945001
-5.855749
-6.041905
-6.711773
-0.326470
-1.943868
-2.827797
-2.628104
-0.444417
-0.077961
0.086697
0.987148
-0.151803
1.413808
1.298422
2.235584
2.580199
0.411529
2.357328
2.596843
5.196042
0.617912
7.382754
-2.199025
5.443160
-2.547651
4.424718
4.626415
-0.995150
0.984952
5.225201
1.054158
1.083818
-17.319125
3.516869
-1.241667
-3.704630
1.207400
-1.272806
18.590964
66.032801
93.455212
110.567878
108.192596
88.199680
67.690178
33.214525
8.500520
8.438666
-3.620347
1.145609
-5.817291
-3.436456
-1.135276
-1.102839
1.014612
-7.047163
-0.980878
-0.938062
-0.882271
0.784748
-0.764203
0.664873
0.606790
0.551178
0.491858
0.422652
0.346031
-0.881143
0.222448
0.493794
0.290245
-0.035031
0.030494
-0.265776
-0.439417
0.619480
-0.249790
-1.522868
1.087692
2.064307
0.465948
-0.491448
0.564748
-0.585555
1.962887
-3.454599
2.225806
-0.774931
2.578766
-4.503422
0.964829
-2.919997
-9.149783
-1.030530
-7.592716
-5.581873
5.803993
-8.273901
-3.614559
6.151036
-13.554491
1.270988
21.125331
43.545001
86.063173
100.928970
103.519278
78.506975
63.315924
21.044235
-3.646452
-3.618103
-6.008513
-13.044727
-15.189751
-14.880703
-14.556201
-9.801812
-24.296746
-13.180934
-12.624646
19.629454
41.720297
47.332682
37.831710
29.166486
26.723731
15.079313
9.285414
10.015028
5.289042
2.367315
2.525531
1.530808
0.471813
-0.656263
-0.309981
0.159053
0.263859
0.444792
1.440317
0.776501
2.209075
2.580199
2.079996
-0.480059
-2.628601
1.703778
0.615440
4.674402
6.412621
8.550648
2.502895
4.424718
-2.815825
8.686600
5.029808
5.212595
11.859679
7.758271
8.005687
5.861806
3.584719
8.544701
1.199985
1.209872
8.677246
50.971254
85.976344
107.862069
110.680588
85.626847
75.618524
35.530056
15.828614
6.031987
1.165382
3.501792
-5.817291
3.384940
-7.794590
-1.104137
-5.257202
-3.038026
-8.699394
2.736599
-2.624272
-0.832968
-0.766798
-0.704520
-1.888710
-2.832270
1.500229
-1.306390
-1.813926
-0.299713
2.057951
0.493794
-0.103797
-0.037626
-0.063786
-0.244514
0.145151
0.201260
2.278352
-1.493240
-1.045387
0.414718
-0.439166
-1.470629
1.656749
-2.962778
-4.510771
4.809917
-5.083963
2.369871
-5.939597
-4.467869
-0.910863
-2.902278
-3.008589
-1.029369
-9.737678
-3.313346
-3.419656
-10.603487
-6.020364
-10.977602
-8.572957
-8.639414
8.708040
46.075764
73.454122
105.911532
98.625751
91.050499
55.924125
25.913884
-8.556343
6.127102
-8.423429
-10.656932
-5.818895
-10.336262
-14.602559
-7.625945
-11.659215
-5.107829
-12.748265
-15.950568
-9.829293
-14.292841
-7.011983
-5.034120
-9.862375
-6.626930
-7.139029
-7.187228
-2.038391
-3.829765
-2.597427
-0.227716
-1.777638
-0.515523
-0.768215
0.106036
0.693564
1.529384
1.369626
1.235391
0.912200
2.500673
2.029572
4.138642
5.575300
0.556121
-17.868391
-33.480693
-40.162670
-40.569556
-47.097231
-36.065228
-41.292664
-47.072755
-29.008561
-30.258614
-24.703401
-14.403111
-8.017038
-3.547557
5.994169
1.188863
1.196278
-1.262427
21.052384
53.132611
88.289588
108.192596
107.862069
98.040854
67.899099
38.100292
13.389063
10.869620
1.164146
1.149316
-3.528401
-1.161225
-7.803487
-5.409953
-1.069105
-9.065203
-10.571363
-0.939360
-2.624272
-4.079741
-3.786967
-0.704520
-1.900203
-3.968478
1.496460
-5.708449
1.074285
-0.303605
-1.619424
0.164365
0.485332
-0.178210
-0.023236
-0.081327
-0.711067
-0.595339
-1.777726
-0.914271
-1.777667
0.417157
3.195458
1.509082
-4.916940
0.615978
1.966489
0.708680
-5.133806
0.811139
-2.530191
2.722831
6.566582
-10.705042
1.039234
-5.250042
1.111200
-7.792087
-8.032994
-3.522423
-6.026290
-10.998980
-8.614493
1.270988
1.270988
46.119856
81.075847
101.314931
116.209309
88.641572
70.965068
26.039072
11.112338
-3.635821
-6.026290
-20.256615
-10.560731
-3.426744
-12.378113
-12.025199
-13.814484
-11.240947
-14.695474
-4.669337
-9.750868
-9.214963
-8.587561
-7.920947
-1.966745
-5.451390
-3.862815
-2.399850
-5.361998
-5.243288
0.298841
-3.044131
-1.146384
-0.311844
-0.201469
-0.038311
0.693564
-0.969875
0.572952
2.711181
1.506421
1.783754
2.871797
1.372069
-1.551577
0.552413
4.338623
-0.682463
2.095798
3.813325
0.809465
6.158901
-0.943252
-4.849864
4.979384
3.106003
5.351262
3.290704
10.267016
5.849200
8.385648
1.195042
-1.255939
3.682724
18.590964
60.674754
85.888970
83.144231
50.919349
18.571993
-8.666587
-25.780241
-52.211752
-51.939248
-37.059744
-36.430946
-24.368719
-17.090741
-12.233175
-1.105434
-13.660682
-19.158613
-4.849864
-4.646195
-2.635766
-4.117929
2.250344
-2.107080
-6.982406
-4.021866
-2.577684
-3.087583
-1.833020
0.900892
1.178664
-0.878322
0.733413
-0.042816
-0.100734
-0.075518
0.403382
-1.304219
0.254930
-1.469538
-1.031212
-3.612882
-4.008375
-0.483315
-3.796358
0.607440
-3.211651
-0.668044
3.649934
0.801381
2.567961
8.103194
-6.504482
-0.944556
-9.085649
-5.238191
-3.221210
-9.994214
-3.409025
-12.992444
-3.596841
-3.639365
-3.671258
-6.162577
13.693042
36.188987
76.160884
98.625751
103.519278
86.063173
68.345268
25.963959
-1.197832
6.139069
-10.881401
-5.943332
-3.497617
-12.626459
-7.866851
-14.247152
-13.814484
-0.999161
-14.766811
-8.433620
-2.661308
-7.567811
-5.482705
-7.934017
-4.660300
-6.705356
-4.991763
-5.345985
-2.062093
-1.753964
-2.640183
-1.661426
-0.506747
-0.539226
-0.395493
-0.106775
-0.222201
-0.425247
0.572952
1.235391
0.297834
-1.084188
-1.237431
1.360761
1.511538
2.792237
1.839477
-0.679868
3.504478
2.276730
2.453893
0.856426
4.575990
-4.818041
0.973829
1.017083
-5.416318
3.290704
-1.167712
3.490484
-3.631840
3.626183
-3.723785
13.555905
6.164351
45.948741
85.976344
110.793297
112.937785
97.740729
75.464043
40.643958
15.795740
13.263932
-6.040054
-5.957313
1.134486
-1.169010
-5.588164
9.744001
-3.175944
-3.053351
-2.938419
-4.652560
-2.639597
0.798342
-0.774582
-2.114742
-3.182326
4.020516
-3.657051
2.218662
-0.384048
-0.316580
0.234807
1.254754
-3.012500
-2.578964
0.929236
4.428335
7.273562
8.454097
9.038786
13.351014
9.397402
11.579093
10.337017
4.438487
3.806108
-2.921299
5.760361
-2.034075
-2.136842
0.794063
-7.567811
2.708425
-4.633784
-0.944556
-3.001502
-3.125530
1.106321
-5.516692
1.170968
-12.927089
-8.406815
-8.539729
-6.138875
-8.664336
-3.703151
36.154422
83.569355
93.723007
98.625751
85.980973
73.243249
30.993054
13.548629
-3.632277
1.236835
-5.931481
-10.539353
-14.957965
-7.883466
-12.103625
-1.042149
-11.319372
-6.911532
-12.284692
-2.668395
-12.715865
-5.499320
-6.541667
-5.985839
-4.253250
0.570847
-0.475183
-2.932417
-0.347383
-2.060168
-1.636504
-0.859206
-0.780870
-0.145291
0.056849
0.211088
-0.136233
1.325445
0.238514
2.076530
-1.084188
-1.225937
1.353222
4.547958
0.548706
5.514399
1.978946
2.095798
3.781810
0.804521
6.105883
4.569687
4.758778
-1.021099
9.323315
11.762355
-1.130086
3.388709
1.143137
-3.635671
-3.689306
-8.630995
-1.266319
11.131128
45.995579
78.337929
113.168271
107.862069
97.740729
77.859286
38.257245
23.147872
13.263932
1.170325
1.149316
-5.855479
3.384940
-3.378990
-5.467235
-3.172113
-1.036669
2.872299
-2.804332
-2.654921
-2.482523
-2.302464
-2.114742
-4.466763
-6.367954
0.505452
-1.367686
1.859390
-2.171096
-0.727900
0.913937
-0.112879
0.220606
-0.042524
-0.067385
-0.657737
-0.563446
-0.237010
0.303720
-1.041844
0.411059
-4.040442
-2.465031
-1.608833
-4.120336
-0.627380
0.700141
-7.960159
-8.574490
-4.177516
-4.432315
0.951412
-10.626616
-3.008589
3.180238
40.211576
61.464872
65.464426
62.766838
51.903035
45.414390
43.127903
16.177333
31.112258
63.498215
93.723007
113.927526
103.717022
98.625751
65.987269
35.947035
16.022229
-10.966913
-1.180405
-3.547229
-15.344276
-10.379018
-5.611501
-14.293510
-22.406725
-17.527430
-14.838148
-6.612475
-8.112950
-7.631945
-13.504410
-6.605801
-7.385041
-6.770710
-0.546053
-3.447459
-5.547427
-1.795443
-1.511017
-0.722912
-0.173111
-0.822406
-0.373821
0.004943
0.203549
1.102880
3.096571
0.708651
1.455997
1.044130
2.004359
3.119214
-0.515091
3.852627
4.241424
1.952560
3.454053
-3.774238
-0.831671
11.242754
0.887322
0.925632
4.954172
-3.129972
5.326050
-1.128788
3.373631
5.817685
-3.624178
-1.245560
-1.257237
3.678955
8.650737
36.007216
80.825921
110.680588
110.342460
95.460729
80.332076
40.769274
23.195946
13.277835
-3.624178
-1.213123
-8.194997
-8.025936
-3.378990
1.057865
3.132389
-5.104450
-0.996448
-4.684383
-4.429797
-7.476220
-3.869708
-2.141560
-0.661704
-1.758454
-0.538445
-3.194358
2.659726
0.307720
0.742576
0.939150
-0.124556
0.388797
-0.008133
0.190886
-0.365000
-0.531553
-0.705193
-0.850484
0.347631
0.400081
0.453750
-3.364387
1.606326
-5.237610
-0.616924
-2.019901
-6.434777
-2.299852
-2.487667
-0.863229
-2.746356
-0.934100
-0.978249
-5.196712
-9.662855
1.133156
-5.676682
-12.861735
-5.996662
-10.966913
-1.202479
-16.085993
-3.692520
28.680424
71.168795
93.454971
96.129861
93.544316
58.464416
33.438016
11.155326
13.469858
-1.183890
-13.136223
3.576417
-12.691814
-14.695273
-14.308962
-22.481664
-11.371656
5.002204
39.230633
46.423576
45.464913
39.291266
38.038165
26.629152
22.064469
15.415601
7.622101
5.661291
0.376905
2.141458
-0.751261
0.561854
-0.382718
-0.308129
-0.003544
0.289939
0.350556
1.219409
0.227392
0.279296
1.682906
-0.403509
-0.455408
-1.482618
2.710297
6.576352
-0.664299
0.671052
2.227728
2.408660
-0.884866
4.519263
2.804449
2.936379
-3.103154
9.539343
-3.325355
3.351015
3.464098
8.341467
1.186391
-3.716123
-3.727616
13.528098
35.897102
60.860873
102.796485
110.342460
97.840770
82.720025
42.975926
18.249497
-1.244262
-1.229990
-3.570543
-5.855479
-5.734551
-10.105472
-1.111922
-5.295390
-1.044454
-0.997745
-2.819656
-2.666414
2.457662
-10.031032
2.103337
-5.830080
0.573422
-1.601381
1.372069
-1.160810
-0.325662
-2.252011
-0.578489
-1.120290
-0.058386
-0.021262
0.064647
-0.118505
-0.177758
-0.705193
0.292742
0.345192
-2.716431
1.318196
2.423317
-0.520493
-1.732862
1.905261
6.115010
3.578132
0.787964
0.850172
0.907500
4.643195
-2.866841
-4.995243
-5.214489
-11.816065
3.360319
-7.974844
-1.145550
-3.589753
-6.091471
-13.541420
-6.162577
-6.192205
36.119858
71.032977
103.717022
101.218441
100.928970
61.126235
38.461126
18.500592
6.151036
-1.182728
-17.976987
-10.624865
-17.352786
-12.482680
-18.801050
-3.192861
-13.505435
-8.968070
-10.456695
-13.643249
-12.894208
-8.796695
-11.128611
-3.383492
-10.613496
-5.141409
-7.597417
-0.425225
-4.836615
-0.907183
-2.276757
-0.552815
-0.872249
-0.666614
-0.016614
0.739655
0.116167
0.863513
0.686035
-8.999662
-17.451326
-20.165977
-23.576017
-22.300320
-25.792798
-15.088895
-24.294360
-11.753082
-2.256491
-4.060647
-4.347057
-2.758359
-6.611164
-4.970793
3.057000
1.036856
1.068988
-3.409639
-1.191066
-1.222205
10.880990
-3.716123
1.206164
8.659573
30.973333
78.178381
105.381678
122.869176
102.481159
75.464043
55.491149
20.794337
8.447502
8.359139
1.154260
-1.197554
-5.753645
1.092468
-1.119706
-9.545327
3.023075
-10.794800
-0.956227
2.642364
0.806993
-11.609523
-2.153053
-3.258701
-4.137539
0.521518
0.449840
0.374455
0.312663
-0.762380
0.557874
0.373173
0.154546
-0.064134
0.682683
-1.333229
-1.592661
-0.227716
-3.176221
1.008456
-5.083854
0.446432
-1.438736
-2.648723
0.594022
-4.427700
0.695262
-0.699413
-0.748209
0.850172
-7.952615
-8.337419
-2.863298
-0.979411
3.151425
7.570390
-7.717323
-7.925001
5.899729
-10.795889
-3.649996
-3.667714
-21.085478
8.749866
31.261263
63.741270
96.221588
101.411422
96.221588
75.797522
43.461581
18.500592
-8.531422
-8.489886
-8.373586
-8.257286
-15.112489
-3.387763
-7.750552
-7.526259
-9.363563
-11.018742
-10.482837
-6.354954
-9.489451
-13.706572
-6.734069
-4.801521
-6.940631
-2.879820
-2.565765
-4.888505
-4.156536
-0.931989
-1.273994
-1.763685
-0.386262
-0.784252
0.059835
0.139469
0.573575
1.489456
2.012472
1.943986
2.323947
-1.168472
3.022014
1.447458
2.672479
2.949812
8.382755
0.664873
5.133890
8.800911
0.835417
11.702983
0.915746
4.872232
-1.052238
9.516603
-3.306200
1.096176
1.129543
1.164146
10.869620
8.562374
13.486388
8.624228
43.197452
90.407506
117.783017
110.342460
55.776012
13.542002
-23.424115
-54.866772
-61.725988
-51.557742
-53.326852
-43.054484
-26.395015
-23.516480
-22.930566
-18.028580
-13.248222
-2.946081
-8.425038
0.865077
2.487818
-5.463331
0.700712
-4.591334
0.579601
-3.772724
0.454783
-0.404807
-1.635715
2.308089
0.192789
0.392020
-0.195384
-0.011851
0.169277
0.118317
-1.187919
-1.603276
-0.839853
-0.321823
-3.452547
-3.901485
-1.410387
-2.607244
-2.862043
-5.611725
-3.365715
-2.112036
0.779426
-2.445143
2.658002
-8.273285
2.877701
-0.973601
-3.093637
-1.049119
-7.700709
-7.925001
-1.140903
-13.175436
-10.966913
-15.993278
-1.207126
-1.212935
16.254884
58.744418
98.531642
103.914767
101.314931
78.582030
38.608912
13.561757
8.624389
-15.746039
-10.721066
-12.992444
-12.757168
-10.218683
-3.302715
-18.356294
-11.450081
-7.019524
-6.695546
-11.929286
-7.792280
-5.632234
-5.233491
-4.809828
-4.411086
-5.205543
-6.644550
2.225861
-3.399102
-2.811207
0.777952
-0.584708
0.396179
-0.343682
-0.041479
0.147007
0.327940
1.184064
1.572861
2.501377
0.332437
-0.399617
0.430067
1.458766
-0.551420
4.161897
5.821387
0.667345
2.205111
3.983507
5.982175
2.691366
0.915746
0.956528
7.113221
3.151236
7.599217
3.339707
12.679985
-5.976407
1.182684
-3.696968
-1.259832
8.615392
30.941695
58.256403
88.379496
112.937785
105.274035
90.315064
48.088593
30.467129
6.038290
-3.650995
3.535717
-10.551302
5.691625
-1.149548
-3.310031
-3.210424
3.053231
-10.836694
0.915746
-2.704725
4.172597
0.764975
5.010182
-0.673381
-0.612400
3.728918
0.460962
-12.143649
-17.773943
-17.320084
-11.663904
-5.722582
-3.097519
0.048855
1.810370
2.920499
6.047917
3.024525
1.965792
-0.326470
-0.376428
-3.901485
-0.469373
-2.613170
0.589143
-1.863979
-4.685221
-6.381332
3.811488
-4.106410
0.901402
-6.429718
-2.842036
-4.953764
-9.320807
-3.189317
-12.116695
-5.647054
3.525994
-3.561404
-1.190861
-3.664171
-3.681889
-3.706695
21.186152
