172.784137
162.682166
157.111731
112.349567
69.548583
49.529836
27.551109
34.198586
15.095007
1.109899
-1.159335
-7.708166
-5.348407
0.996152
-12.865407
-8.520189
-9.897066
-11.027492
-8.694252
-6.593513
-3.344990
-5.469619
-4.934431
-3.416592
-4.588996
-4.602510
-2.033289
-2.549442
-1.509229
-1.189740
-0.143690
0.125583
0.696414
1.004359
1.004825
1.742074
0.927219
0.372658
0.424778
0.475595
4.589481
2.836405
3.135308
4.701824
2.180113
2.356362
2.517284
4.458116
-4.592242
6.808312
5.087721
-3.126794
1.116670
3.379367
3.498143
-1.145828
-5.980595
3.716538
-1.196073
1.278242
11.256786
28.678335
76.305353
88.987674
110.750425
106.097163
68.386240
48.207120
20.905557
6.117985
-8.361279
-1.150730
-5.792131
-5.697898
1.160972
1.131003
3.229940
-0.993868
6.888305
-0.910535
-2.638819
0.861282
-0.751222
-2.128322
-0.628673
-1.737942
0.538139
1.379334
-1.144864
0.325750
-0.750731
-0.182597
0.125088
-0.288978
0.041229
-0.068412
-0.649918
-0.563982
1.201535
-0.299301
-1.705289
-1.973604
-2.206143
-1.458450
-1.598547
0.560694
1.865214
-6.090437
5.014110
-0.802617
0.805424
-8.006409
6.443173
-8.723560
-5.068167
-1.079929
-5.437845
-1.144675
-10.382642
-5.885037
5.936994
-6.099688
-6.153351
-6.177201
8.566115
38.358019
72.828719
97.623077
110.090607
90.292255
77.843382
33.148044
10.939079
-10.939238
-6.028138
-3.588649
-10.521791
-8.066491
-1.156892
-3.319231
-1.094588
-13.421415
-6.949849
-10.341584
-4.501725
-12.755732
-7.128701
-9.513914
-4.674898
-10.335015
-6.040217
-9.270590
-3.757018
-3.882997
-4.346926
-1.616632
4.379250
5.376613
2.673761
-0.903388
-4.084738
-6.709689
-8.474095
-8.753086
-8.353079
-9.819129
-9.640465
-6.049918
0.526412
0.585047
1.873595
2.030686
0.738800
-2.300990
4.178291
2.678206
4.648906
-0.939947
-0.980387
-1.019603
5.456581
-1.087005
1.193547
1.214395
8.470393
-6.087391
3.747190
1.279545
3.770179
48.651198
78.566975
103.811482
108.152684
91.031779
85.958652
48.404488
13.596168
6.130704
3.655234
-8.255551
1.205274
1.181820
-3.329491
-1.056368
-13.788568
-9.195759
-2.927850
-2.777704
-6.193866
-10.771806
-2.304743
-2.120814
3.243422
-1.722927
-4.637565
-1.355069
-3.435653
-0.934660
-0.240195
-0.898346
0.348665
0.254386
0.117013
-0.351790
-1.166709
-1.324971
0.232091
-1.460825
-0.355497
-2.791606
-2.229994
-1.480003
-1.623693
-0.603489
0.615845
-2.061946
0.707762
-3.947208
-0.862477
9.712037
0.896192
8.685352
-7.099846
-3.168357
-1.114134
-5.592872
-3.488066
-1.209422
-10.842904
1.178837
-6.141426
-3.728746
6.131360
28.422291
73.178185
102.862865
100.671121
95.424222
72.758826
43.063588
10.970971
-1.249736
-6.040063
-10.671644
-5.873111
-17.245180
-5.640572
-18.651473
-7.491504
-9.301563
-2.992337
-8.552300
-9.936288
-7.663889
-8.720400
-10.938575
-6.047622
-4.266574
-3.849916
-6.316868
-7.085138
-2.441614
-1.454862
-0.693303
-1.149975
-0.542592
-0.129321
0.057237
0.387939
0.712281
0.601543
0.256691
0.938713
5.415500
1.252895
1.406154
4.669397
1.727999
4.364074
6.027975
2.176282
5.466203
9.161726
-2.623804
6.479451
4.839695
5.094081
-15.706859
-48.663264
-67.904425
-61.003214
-67.266568
-68.490906
-50.031691
-38.211231
-38.328684
-16.133116
21.228505
68.594946
101.003808
98.610633
90.939455
78.248245
50.884930
20.927086
8.577050
-5.980595
-3.520927
10.548956
-3.404564
-5.591102
5.513818
1.093216
-5.101095
-0.949750
-0.908084
0.914705
0.859979
2.333373
-4.969190
-9.651202
-0.564948
-7.777734
-0.439949
0.396112
2.177593
0.254085
-0.176470
-0.106617
0.054726
-0.017103
0.371062
0.125237
-0.971896
-0.740002
-1.484675
-1.041750
-2.003417
-0.458114
-1.480003
-0.550959
-2.951462
3.156973
-3.434429
0.708911
-3.935283
-0.862477
-4.471912
-2.819909
-2.924084
-3.067774
-9.472823
-7.616501
-5.610759
5.707289
-1.210644
-1.236298
-8.541481
-6.153351
-8.633146
6.137250
38.321313
75.515678
103.157883
97.997471
97.810274
70.358858
40.483607
15.848220
-1.250958
-1.237520
-17.850899
-10.543199
-12.655693
-10.200678
-14.317205
-20.278006
-7.266509
-6.933183
-10.406954
-4.525575
-12.737917
-2.396025
-8.092845
-7.386846
-4.291573
-1.663208
-0.499650
-5.529190
-1.077672
-4.453817
-1.641631
-1.552044
-1.420909
0.041363
0.091333
0.387939
0.674123
0.992106
1.246492
4.522418
0.371355
1.237569
3.217505
2.543861
5.103229
5.571310
0.684074
-0.694850
0.796132
5.830617
2.659049
4.629827
-0.935045
5.068643
3.176299
5.443862
-7.779778
-3.415825
3.570942
-1.166661
6.156143
8.657044
-8.652029
16.160279
46.158423
70.943836
108.262706
113.238453
90.847131
80.731216
43.266770
20.862497
20.647197
15.633135
-3.513420
3.524964
1.179214
5.641011
1.127094
11.685732
5.164037
-16.582713
-42.068710
-59.432492
-50.716359
-47.324991
-36.405630
-30.401422
-21.638762
-11.992506
-4.978351
-4.201784
-3.425217
-2.717986
-0.910910
-0.341583
0.053423
0.021116
-0.357753
0.380081
0.549007
-1.691630
0.855183
-1.711252
-2.749940
-0.453228
-5.360366
0.512438
1.720924
-1.903888
-0.702442
-6.561402
-2.370879
-4.215523
-6.216532
-6.483193
-1.000522
-5.074130
5.188980
-5.443808
-10.061530
-3.491658
-15.274775
-6.028138
-13.400915
-13.492433
3.660043
1.198370
38.394725
70.628949
92.944572
98.091069
88.069695
77.694114
38.101075
15.802105
15.709875
-15.676336
-5.962550
-10.532495
-8.083158
-5.664422
-9.868862
-7.508170
-11.361361
-6.949849
-8.530893
-2.719327
-10.981158
-3.959133
-10.992021
-2.026024
-7.969448
-11.665597
-1.476411
-2.974935
-3.189719
-0.890876
-0.238220
-1.183308
-0.330486
-0.129321
0.057237
0.542176
0.705921
2.586304
0.754802
1.532676
2.542007
2.060527
-0.448527
-1.531491
-0.545341
1.877426
0.684074
3.605923
2.352530
0.854767
2.678206
8.345548
8.722297
-2.999169
1.081489
3.291243
-3.314476
5.800003
8.310406
1.237849
1.254788
1.267818
6.232459
11.199703
41.172254
75.919583
110.750425
108.262706
98.210995
78.407610
40.671172
18.431702
8.532610
-10.805867
1.219607
-3.464623
-7.991233
7.883776
-3.246911
-3.153069
-0.992642
-4.881221
0.965522
-4.403778
2.524947
-0.749996
-7.821142
0.665832
-1.734188
0.538139
-0.444851
-1.922334
1.589913
1.265571
0.563228
1.061746
0.708351
-0.009773
-0.201166
0.653776
-1.333304
-2.194270
-1.460825
9.142084
17.802156
24.171501
23.738679
22.918170
21.514516
13.222229
8.777239
3.616383
-0.803838
-4.203598
2.628897
-2.805540
-0.999300
-3.060590
1.016833
-1.112913
-3.373115
-12.668767
-12.904101
-6.016213
-8.549814
-1.261953
-13.570878
6.131360
35.812375
73.108292
88.237927
98.184667
93.122286
72.898612
45.439009
13.391430
1.176539
-3.635348
-5.980437
-3.534765
-10.371939
-7.916495
-9.900973
-9.644083
-17.581638
-12.896296
-16.128276
-8.134854
-5.958204
-8.707326
-11.009836
-11.303923
-5.480323
-4.955839
-0.499650
-3.789129
-3.896071
0.286092
-2.087232
-1.509229
-0.974042
-0.244465
0.131786
0.381579
0.148542
-0.193627
1.750963
2.150929
2.515342
3.733234
1.406154
1.555582
5.103229
-1.846798
3.351537
6.484639
0.798738
2.524947
-7.914475
6.506115
0.994188
7.101620
-1.014701
5.443862
1.155760
5.780924
5.933555
-1.171563
3.705043
-1.198524
1.275636
3.770179
43.621053
78.646658
108.482753
108.482753
103.706516
73.431864
45.830726
8.665932
6.092546
-1.167887
-1.148279
-5.792131
3.475154
-7.859074
3.306569
3.222277
-5.082249
-0.953427
-8.424721
-4.403778
-2.469904
-3.850950
-0.689948
-0.626223
-1.707913
-2.569394
-2.236441
0.393506
-2.800681
-0.716948
0.185026
-0.334075
-0.050245
-0.059625
0.070087
-0.391554
-0.589128
-0.250436
-1.490637
-1.741064
-1.210585
-0.460558
-4.420651
1.587192
1.745559
-4.499902
-3.428466
-5.141555
-5.516547
-2.543307
-0.915007
0.897341
-10.694584
-1.044501
-9.472823
-12.001990
-1.153227
-10.404050
-8.224821
-10.810793
-10.960645
-13.505507
-1.268061
-6.201052
35.846711
73.038399
87.817346
113.212135
152.599468
152.745217
114.819735
84.524980
62.042490
42.027410
36.779651
24.505860
12.598346
3.346828
3.248288
-3.229425
-7.241509
-10.929917
-2.859424
-11.691612
-4.257260
-11.918415
-9.575693
-7.399920
-4.291573
-4.998654
-5.373440
-4.667441
-3.909145
-2.675939
-0.704079
-1.183308
-0.984745
-0.226577
-0.041290
0.684997
1.506037
0.605374
0.259297
0.927219
1.080478
2.870868
6.878635
3.581918
1.712673
0.631955
7.293124
0.737497
5.403986
0.852161
4.407239
8.322715
2.923421
1.039793
9.475793
5.450222
-5.547127
3.501975
-3.505913
-3.573479
-3.637291
1.270424
3.754853
8.719261
38.601021
75.919583
110.637874
105.774679
100.798932
80.649005
45.737099
20.927086
10.971370
6.041669
8.337071
-8.105771
-7.947180
-14.542758
-1.057593
-9.490567
-3.025445
-2.916589
-4.655064
-0.861516
-5.788578
0.797435
0.734891
-4.537470
-4.070507
-1.538998
1.375502
-0.371322
0.324447
-1.744503
-1.295161
0.597807
-0.165161
-0.009773
-0.208350
-0.133159
0.178089
-2.183566
0.278049
-1.711252
-2.758273
2.185144
-4.356428
-0.547294
1.717405
0.614696
4.724993
-3.666968
-8.641956
2.488126
2.621858
-12.015950
-4.865441
-3.053405
-7.374840
-3.283308
-3.358746
-3.480882
-12.930249
-1.233855
-10.992756
-1.261953
-13.597026
6.143140
33.435732
80.392926
98.091069
112.888672
97.903872
70.628949
40.639915
10.981602
-1.249736
-3.646125
-17.797453
-3.534765
-17.245180
-7.933161
-14.301761
-7.483171
-15.552730
-18.969747
-8.584411
-15.421781
-9.361029
-11.954045
0.713507
-7.465290
-9.263940
-5.041469
-5.438810
7.180306
16.979404
13.484867
14.597289
6.660298
4.526459
1.545117
-0.145188
-0.734965
-0.916305
-1.312782
0.251479
0.307508
1.076647
-0.392155
2.276755
-0.488968
1.674358
3.078072
4.621830
2.149462
2.329541
2.494295
13.168216
-0.890927
0.988976
11.072162
-9.365841
1.112761
3.371704
-3.408318
-1.144602
1.239152
-3.626030
6.194301
6.226099
11.188286
38.404878
75.688121
95.920258
112.893214
110.525323
77.929515
50.418096
30.567663
13.373052
3.632245
3.586267
-5.798413
-1.107838
5.628292
-3.231896
-9.490567
-3.025445
2.957904
0.960310
-0.855388
-7.449585
-0.747545
-3.555690
-3.197608
-1.722927
-1.542752
-5.885964
1.933334
-0.942167
1.240132
0.185026
0.115967
-0.582426
0.010341
-0.491656
0.908653
-0.197905
-0.740002
1.448909
-0.355497
-2.766607
-1.343498
-2.450608
-1.623693
-1.767383
1.875772
-0.699999
2.160833
-7.075182
-0.863698
0.859425
0.898490
-4.877366
-5.074130
-5.282819
-7.608168
-5.628647
-5.801561
-5.926774
-1.237520
1.179986
-1.266839
-6.201052
3.681159
35.846711
70.831518
100.671121
107.821858
100.479184
75.660206
43.105035
8.533074
-3.689232
-6.063913
-15.460111
-10.586014
-10.382642
-5.676347
-9.922381
-7.508170
-11.374435
-8.948339
-6.674855
-6.341529
-11.073826
-3.971058
-9.529359
-4.741564
-3.058788
-5.009357
-3.441592
-2.983269
-2.516612
-2.083288
-1.641631
-1.869591
-1.202814
-0.147282
0.010424
0.662164
0.140724
0.204571
1.252851
3.318860
0.370052
2.888644
5.061958
-2.537983
7.363552
-1.839290
6.005141
3.605923
5.430651
10.822939
13.263225
10.179695
2.923421
3.038365
-28.195902
-61.576997
-65.453188
-67.913273
-64.765982
-49.151216
-47.441686
-43.102317
-30.839704
-23.548929
21.120856
60.992035
98.410814
115.726480
102.971753
73.207986
50.625578
25.762393
10.971370
1.237849
5.965353
-3.457115
10.309207
-5.572256
-1.057593
1.090610
1.048914
2.954073
2.831465
-7.937153
-2.454890
-8.486771
-6.349722
-5.760105
-4.035264
-1.538998
-4.978351
-1.129850
0.319235
0.248873
0.544070
0.113361
0.319973
0.014937
0.520410
-0.141710
0.188430
0.240133
-3.845722
0.335498
0.382605
1.326766
-4.431355
0.520481
-0.609598
-5.758620
-2.087092
-2.223597
-3.947208
-9.308733
-0.922337
2.769667
-2.942046
-1.042058
3.125114
-7.608168
-3.369522
-10.446865
-10.628829
-3.638940
-11.003460
-6.165276
-11.142609
-3.753892
33.435732
78.440455
98.559061
113.427778
93.300000
78.291187
33.339836
18.292311
3.614293
-6.046025
-5.986400
-8.233154
-5.771748
-10.211382
-5.539209
-9.676195
-9.344378
-8.959043
-10.511547
-4.555388
-11.104715
-8.785771
-3.696781
-6.069029
-7.954003
-0.571727
-2.492346
-5.544635
-3.974515
-3.320812
-1.204435
-2.270366
-0.344855
-0.366659
0.035553
-0.067402
1.232995
-0.563048
-0.735716
0.908061
1.076647
0.415657
2.295834
-0.488968
3.893003
1.858269
4.612942
4.977356
8.464486
7.432219
-2.605036
2.785488
4.826976
3.046028
5.265792
-1.046564
-3.291954
5.793643
5.908117
-8.387711
3.697380
-6.099955
3.731864
11.154036
45.971168
73.357238
100.798932
113.008293
103.181685
87.730532
45.596657
30.694238
3.670560
6.035310
1.220910
-5.779566
-44.485818
-63.809614
-64.185870
-56.047958
-49.834540
-43.887897
-32.536723
-27.444747
-12.433020
-8.514506
-6.361061
-5.794122
-4.035264
-5.685582
-0.442400
-3.435653
2.222034
0.261903
0.559396
-0.112745
0.364414
-0.066665
-0.073298
-0.661843
-0.959970
-0.736409
2.040338
-3.082681
0.383754
-2.241919
-0.503315
-1.616509
-1.770975
-3.178039
-6.143955
-2.209228
-3.935283
-5.883206
-0.916229
-6.533191
-1.000522
-1.039614
3.118075
-5.449770
-7.858163
5.730848
-8.241488
-8.441483
-13.427063
-6.165276
-11.142609
3.670601
35.915383
80.931959
105.946465
100.863058
98.184667
83.026586
45.701916
11.013494
1.177688
3.575581
-8.358152
-22.308062
-5.801561
-12.433434
-12.132731
-5.372257
-13.467749
-8.969747
-8.573708
-13.575235
-7.706704
-8.772697
-6.657736
-11.525965
-4.308240
-7.228104
0.473373
-1.282430
-2.491613
-0.305410
-1.641631
-1.191641
-0.341263
-0.143690
0.034483
0.506624
-0.133578
1.723909
2.237657
0.312720
3.918485
2.853091
2.308554
2.543861
2.817326
5.537060
5.970892
3.593203
3.860309
4.140133
7.923133
6.479451
0.994188
3.038365
3.160973
3.268254
-7.788589
8.070427
-3.490898
1.235243
6.130704
-6.093673
-3.671074
13.693782
36.076293
80.977849
110.862976
105.882173
102.866787
70.799641
53.202176
18.412700
8.541498
3.639908
-3.498405
-8.105771
-1.104161
-5.565974
1.127094
-7.365679
-7.083739
1.005915
-10.275650
-4.391214
-2.477412
-2.304743
-3.549408
-1.921871
-5.215843
0.536836
-3.154202
-0.371322
2.204258
-1.218735
1.655410
0.578728
0.490915
0.035193
-0.357753
-1.177413
-0.936120
-2.215677
-2.643827
-1.030973
5.925928
22.714680
26.973049
32.663241
28.439982
25.930326
31.954682
26.947918
14.883886
14.199709
2.639454
8.302644
2.871726
-1.042058
-11.596694
1.051302
-7.866496
-3.484474
-3.567096
-13.244026
-18.314096
-3.714377
-20.952629
6.137250
31.015271
68.279603
103.059544
100.767089
95.241766
70.628949
40.678992
10.970971
6.048902
-6.046025
-8.374818
-5.879074
-14.996771
-3.416221
-14.286316
-3.240202
-11.413657
-8.959043
-16.188833
-11.768836
-4.281111
-8.759622
-6.636328
-6.079733
-1.853596
-0.574170
-5.412662
1.256380
-1.776840
-5.086765
-2.627887
-1.199974
-1.281258
-0.244465
0.057237
0.241383
1.244411
-0.188725
-0.240195
0.919556
1.812501
6.156569
-3.233498
1.551750
-1.685391
3.090791
2.011528
0.733588
3.879388
4.159212
0.905584
8.311298
0.991582
3.042197
3.157141
1.108852
10.058041
1.189638
3.567110
3.643740
3.708875
-3.652305
-1.203426
16.226172
43.488197
71.160128
117.853790
105.882173
110.525323
80.731216
55.447017
25.762393
13.359107
-1.165436
1.222213
-10.431687
-1.107838
-1.088230
-7.594755
5.335748
-5.063403
-0.949750
-0.904407
-4.410060
-4.108518
2.329541
-4.960379
-1.903103
1.750987
-6.689341
-1.332547
0.390900
-1.520277
0.727982
-1.215866
0.333339
-0.157653
0.082458
0.070087
-0.141710
0.577161
-1.246173
-0.883691
-0.354275
1.189514
-2.259806
2.426629
-0.554624
-0.608376
-5.747916
-3.458279
-3.696781
-2.370879
0.816913
-0.919894
2.766148
-2.952822
-5.109905
-11.596694
-3.279716
-14.502541
5.724959
-12.943323
-6.051988
-18.314096
-20.892072
-16.139676
8.632199
80.777949
148.058450
181.103239
175.938925
163.613553
132.871009
97.529479
57.618633
23.090258
18.026177
-8.399818
-1.204536
-8.108157
-5.700197
-3.351561
-7.508170
-9.355082
-10.942991
-4.776002
-6.341529
-9.426400
-3.994908
-8.105919
-4.758230
-4.308240
-8.355361
0.480267
-2.991602
-2.533278
-4.471632
-0.714856
-0.864570
-0.341263
-0.383325
0.006515
-0.221466
0.942142
0.966667
2.191991
-0.889616
3.890596
2.844203
0.467777
1.544087
2.810966
8.006010
4.648495
3.574124
0.796132
0.852161
11.432450
4.629827
6.746095
1.035884
-1.009799
1.111458
1.144033
5.755485
5.908117
1.233940
6.130704
6.175222
3.747190
8.719261
31.105604
83.468096
93.050600
105.559690
105.129711
80.649005
43.133914
13.484610
3.670560
1.235243
-3.509666
-1.124995
-5.672770
-1.089456
-11.939722
3.210782
1.048914
-0.947299
-2.766443
-6.141003
-2.466151
-6.916662
-3.536843
-3.203890
-5.215843
-1.538998
-2.242723
-1.909770
-1.564252
-0.731963
0.188935
0.348665
-0.361235
0.011490
-0.211942
0.127535
0.936490
0.721451
1.454799
-1.723177
3.518790
-2.218068
5.278564
-2.677185
-2.927612
-3.184002
-6.133252
-3.643118
-5.491547
-0.861255
-2.686996
-0.954100
-8.744968
2.998420
-3.182726
-1.116578
-5.598834
-10.436161
1.136325
-8.449816
-1.254623
-15.985229
1.196072
3.674120
31.015271
88.069695
98.278265
105.946465
93.211143
68.084147
40.639915
15.909707
-1.253401
-8.499815
-8.358152
-5.885037
-19.680938
-16.995766
-7.741498
-22.508619
-9.355082
-4.996617
-14.305661
-15.421781
-16.308118
-10.409705
-6.689847
-14.357657
-6.785439
-12.938821
-6.502204
14.184893
17.202085
17.488430
12.686390
7.429475
4.600864
1.470405
0.020113
-0.458152
-0.628214
1.306556
-1.665207
0.302296
1.053658
1.996931
-2.217594
2.492984
-1.636593
3.046273
3.268861
4.941803
2.310384
2.486632
-0.841908
4.598028
12.453793
3.026871
-3.081750
5.399344
1.142730
3.463660
1.203971
8.417064
6.105266
3.716538
-8.599166
11.176870
38.444106
85.784117
93.430011
120.088903
110.187669
83.044400
45.643471
25.682634
6.098906
-3.550957
3.570942
1.194850
-3.389549
-5.578538
-1.052691
-7.383300
5.119520
-0.947299
-12.132628
-2.627558
-0.803918
-3.825822
-0.686271
1.954056
-7.509113
-3.585923
1.352513
-2.634376
1.551755
-1.206170
-0.521758
0.114664
-0.047794
0.016085
0.225233
0.130982
-0.959970
-0.747186
0.284943
-1.758952
1.185995
3.122461
-1.497965
2.685783
-2.969350
-0.657242
0.664101
-5.149888
-2.396025
-2.554084
2.642974
-0.962651
-8.787783
-1.044501
-9.558453
-7.624834
3.322193
-12.747212
-5.926774
-13.309397
-15.892561
-18.474434
-1.274169
-1.280277
43.436613
71.034086
110.723311
111.039664
98.746257
85.342437
38.431432
15.940450
-1.258288
-13.322471
1.152411
-5.896962
-8.108157
-1.167887
-18.792772
-9.708306
-7.308175
-14.964826
-6.716521
-11.815170
-2.590006
-12.007491
-2.234374
-4.741564
-6.785439
-1.691946
-4.442058
-6.360051
-0.372600
-5.066580
-3.119823
-0.882457
-0.816649
-0.366659
0.055779
0.072968
1.779113
0.199359
2.214824
0.908061
2.488678
6.932636
-3.180634
2.543861
2.817326
5.559893
-0.642154
2.153293
-14.532231
-37.009094
-49.909777
-53.823692
-52.674479
-47.086577
-34.302093
-33.395676
-16.596283
-14.919853
1.213092
-5.955466
-1.175240
-11.021304
6.200661
1.279545
43.443912
73.282612
100.184305
115.373656
105.452195
87.999920
62.963964
23.240422
10.914287
-5.942902
3.570942
1.194850
-1.106612
5.634652
-5.408920
-7.392111
-13.231123
-2.905328
0.961613
-9.707091
2.509621
-3.832104
-0.687497
-1.918117
2.919080
-1.542752
-2.267852
1.157108
-0.305146
-0.728209
0.188935
-0.111519
-0.150146
0.031673
0.470847
-0.673768
0.181536
1.718179
-3.799388
-0.356718
-1.991492
-2.235956
-1.476411
-1.630878
-0.602268
-3.195927
-0.702442
-0.748864
0.758316
-5.908205
-6.233198
4.599992
-8.766375
-1.042058
-1.081150
-5.461695
-12.341916
-5.813486
-20.044278
-6.063913
-13.466285
-1.264396
-11.164016
6.154920
48.266831
75.804733
95.789133
118.302963
95.880360
87.901462
50.598127
25.773405
-6.129501
3.579100
-15.537334
-12.930249
-5.801561
-7.916495
-7.741498
-13.961978
-5.199343
-11.008361
-12.371178
-8.177669
-6.008203
-11.971861
-0.758638
-2.054762
-6.798513
-1.695538
-5.478033
-2.140555
-2.516612
-2.697346
-0.240663
-0.175916
-1.027560
-0.244465
-0.008578
0.515512
0.406137
1.350997
0.739476
2.088712
1.780703
-2.837020
0.467777
-2.519137
-0.541664
1.858269
3.332458
-0.687497
5.395098
0.852161
0.901675
2.785488
-2.849023
-2.976648
5.240353
5.399344
-1.075975
1.187032
-1.138475
8.417064
1.257394
-6.118802
-3.659813
16.193226
36.002893
80.813427
103.496583
120.456897
110.862976
85.347778
58.088127
25.842153
15.781394
13.219659
-1.140926
3.521132
-14.805085
-32.374451
-68.698858
-72.716325
-66.035081
-59.811390
-41.841311
-36.151263
-23.987857
-20.695179
-6.338384
-5.748767
-6.392813
-4.648904
-2.249005
0.392203
-2.800681
0.724150
-0.172793
0.113361
0.149428
-0.108331
0.071236
-0.402331
0.577161
-1.733296
0.883337
-1.052527
-2.009379
-2.247881
-3.458258
-4.891616
-2.975312
-7.033846
-2.072723
2.171391
-3.953170
4.187701
-4.483837
-2.809133
-6.841518
-7.116512
-9.537046
-7.633168
-10.093641
-3.495251
-13.008693
-10.864311
1.182284
-16.047008
-11.153313
-6.254715
45.877187
68.605365
103.256222
113.104314
98.278265
70.966564
45.658098
13.456437
-6.129501
-1.241185
-10.757274
-8.266487
1.119091
-3.423406
-7.758165
-7.549836
-13.560417
-3.021075
-6.716521
-9.988584
-9.439474
-10.409705
-5.174888
-6.143955
-5.544545
-9.567964
-3.483258
-2.146518
-1.830503
-0.898060
-1.683297
-0.178359
-0.578367
-0.262352
-0.003676
0.214563
0.140724
1.712493
0.248873
-2.088117
1.767983
-0.398282
3.217505
2.537501
-0.540439
-0.591909
-3.254147
-4.951569
3.847589
7.455052
-2.586268
4.617107
6.746095
3.046028
7.332712
3.268254
1.142730
5.774564
-5.842388
-3.565971
-6.030852
1.263909
-1.196073
6.232459
40.963470
90.754807
110.637874
120.088903
103.181685
87.910124
45.549843
25.656047
1.248273
6.003511
-8.229120
-1.124995
-1.105387
1.154457
-3.231896
-5.270713
3.080512
1.003309
-0.905633
-2.631311
-4.114800
2.341036
-4.960379
-3.210172
1.758650
-2.600805
-2.261569
-1.909770
-0.303920
-0.240195
0.186329
0.808820
-0.051470
-0.108331
-0.758296
-0.136824
2.856510
10.979773
17.333515
19.716686
21.891171
17.413010
20.054728
17.701809
19.225806
17.165381
14.340650
2.171391
0.759465
0.815764
4.417406
0.899639
-2.938453
-3.071366
-3.189910
-1.121464
-12.302694
-12.721064
-3.567096
-3.642533
-6.123539
-11.089090
-8.674812
3.681159
35.949719
90.724689
103.256222
98.559061
103.551240
73.248078
43.187930
3.645966
8.458729
-10.896423
-10.746570
-10.564606
-3.498843
1.094963
-5.545171
-9.665491
-7.274842
-8.991154
-6.683188
-11.768836
-7.717407
-8.824993
-8.145142
-7.491438
-6.811587
0.540013
0.475671
-0.434903
0.350434
-3.294664
-1.192510
-1.224973
-0.116056
-0.244465
0.038158
0.074271
1.436313
0.947588
0.251479
3.904165
-1.062284
1.229906
4.132816
4.555231
-3.876673
0.631955
2.003865
0.733588
5.430651
2.505789
4.388160
0.942068
-4.755578
5.055923
1.074974
3.264423
-1.080877
1.181820
-8.202688
-1.160534
-6.055980
-1.194847
-1.196073
23.577239
48.404488
85.958652
100.798932
110.637874
103.286651
75.688121
45.737099
23.264480
10.948537
-3.558464
-3.513420
-5.767002
-7.955990
-3.314476
-1.057593
-3.126794
-5.057120
1.004612
0.957704
-2.612543
-4.102236
-0.742644
0.724467
-3.203890
-5.159150
-1.527737
-4.013932
-0.365194
0.315326
-0.236518
0.909430
-1.020491
0.052120
0.182019
-0.549988
0.133280
-0.971896
-1.252135
-0.908837
1.038185
-2.051117
0.438904
-1.505149
-0.557067
-5.330470
-0.659685
-3.458279
0.711209
-2.378064
-0.863698
-4.465950
-2.823502
-6.808185
-1.043279
-7.408172
-11.988916
-5.616722
-12.773360
-10.618125
-3.646125
-13.479359
-18.474434
-18.581325
35.812375
98.278265
155.821778
183.775739
173.607703
168.290838
140.457464
95.241766
55.271964
20.676064
6.007673
3.540388
-3.563503
3.431291
-5.700197
-3.344377
-7.558169
-3.150396
-3.024667
-2.884570
-8.220484
-11.135604
-2.413986
-6.689847
-8.896128
-9.299570
-1.702722
-3.483258
-1.300391
-2.566611
-0.916022
-0.740002
-0.894382
-1.113191
-0.165243
0.008888
0.462183
0.128997
0.188935
1.688746
0.300993
3.139570
5.238500
0.458656
3.484149
3.866339
0.621531
3.281580
2.126473
8.436597
-0.791663
4.394519
-2.702631
2.900432
1.029369
1.073671
3.256760
-1.073524
3.467492
1.206577
3.628414
-3.596000
1.261303
3.724201
3.751021
40.879956
80.813427
98.310905
120.579562
109.962567
73.058734
57.909760
18.336693
6.079827
3.628414
1.211789
-5.773284
-10.238927
-3.303215
-1.050240
1.086701
-15.252685
1.005915
2.827634
-4.391214
0.856070
-0.745094
2.157125
-1.910610
0.594168
-0.503674
-4.036609
0.390900
-0.927153
-1.718071
-0.175244
0.348665
-0.150146
-0.039515
0.767082
-0.139267
0.960050
0.240133
-0.304188
-1.034565
1.178956
-0.455671
-2.432720
0.520481
-4.108244
-1.918257
-6.154659
-3.666968
2.329758
0.815764
-0.917451
-6.549858
-10.720732
2.998420
-1.083593
1.047855
-1.150784
-5.789636
-1.210644
-8.441483
-11.024868
-3.725154
-13.636248
3.681159
38.504844
78.440455
115.591076
115.701268
95.880360
75.949261
40.913453
15.909707
13.430435
-10.896423
-3.606610
-15.321109
-8.116490
-12.498805
-12.171953
-11.845101
-15.623991
-15.018272
-18.247949
-15.522709
-7.770926
13.656661
33.578917
36.287817
31.897210
24.344189
13.617229
16.951126
12.191974
7.023899
4.243822
1.263853
-0.128272
-0.424991
0.001149
0.195406
0.130300
1.288780
1.635417
1.462720
-1.024748
2.009650
-0.428920
3.493037
-0.530635
4.230752
4.559613
4.906251
8.311094
4.095616
6.097261
6.417234
8.585297
-0.968133
7.288271
-3.194359
1.137518
3.467492
-3.479637
1.230031
1.249576
-6.062262
-3.652305
1.275636
45.737099
73.282612
105.022217
115.138439
110.075118
77.849833
47.911068
13.456721
3.666729
1.230031
-5.842388
3.513469
-3.385796
1.151851
-1.050240
-1.023279
-3.014184
-4.856092
-4.629935
-4.391214
-4.121082
-8.417435
-0.683820
-5.737428
-2.858372
-2.537983
-1.328793
-1.122343
-0.299018
0.247570
0.528745
0.546930
-0.430874
-0.013438
-0.222719
-0.139267
0.188430
1.726440
0.886857
0.337795
-1.221362
-2.271731
0.480267
0.527374
-2.957425
0.621590
-8.988796
0.711209
-3.971058
2.498683
-6.274864
2.776706
-4.895253
-3.078551
-5.306669
-3.286901
3.322193
-3.509620
-13.021767
-1.241185
-13.492433
1.193774
-3.753892
-6.248752
31.015271
81.085968
96.062816
108.646499
96.062816
83.423462
40.835299
23.337573
1.183433
-13.348619
-6.010250
-3.563503
5.766188
-7.966494
-7.766498
-1.109248
-13.560417
-11.034510
-8.637930
-10.014733
-7.760222
-7.203627
-5.216553
-4.774896
-3.100526
-7.320772
-2.498308
-5.590969
-4.756957
-3.984724
-1.691630
-2.301255
-0.348447
-0.262352
0.035553
0.362500
1.164495
0.941228
2.180574
-0.289214
3.848762
2.016010
2.257676
-1.493954
6.135707
0.628046
7.321014
3.567765
9.982802
-5.735714
-33.844692
-48.548112
-60.181155
-54.620238
-50.825040
-52.496509
-29.798330
-49.214938
-31.537134
-17.845263
-15.706834
-3.633537
-13.492857
11.119786
43.399626
70.583349
112.663054
110.187669
105.237206
77.849833
45.690285
18.298690
6.067108
-1.161759
-3.487144
5.819081
-12.480546
-5.553409
-5.390074
-1.020828
-7.092550
-6.775367
-6.493427
-7.925814
-9.069197
2.341036
-7.821142
-5.782783
-1.726681
-2.575676
-1.336301
-0.367645
-2.176223
0.250176
-0.176470
-0.107843
0.260746
0.058899
-0.233496
-0.941646
2.119226
0.728489
-2.686642
-2.441614
-1.199809
-2.229994
-2.462533
-0.555846
-1.785344
1.886330
-0.707329
-0.754973
2.336797
-0.868585
-2.694181
-0.960208
-4.871403
-1.046944
-13.745753
-9.783232
3.318674
-5.807523
-13.008693
-6.063913
-13.466285
-1.268061
-3.753892
1.206412
31.104056
83.502837
95.971588
105.946465
98.371864
75.804733
48.128266
11.013494
1.179986
-3.646125
-8.399818
-10.618125
-12.760286
-19.398340
-9.986603
-5.402070
-11.452880
-7.008181
-2.888162
-4.561351
-7.728111
-13.564708
-5.183221
-4.766563
-5.576656
-5.052172
-7.446782
-0.439790
-6.947303
0.890376
-2.204974
-1.258306
0.571318
-0.399991
0.045666
-0.206451
0.402306
0.578554
1.221053
-2.061685
3.208070
2.035089
3.199729
-0.488968
2.804606
0.629349
5.948058
2.145630
3.841230
4.133774
-0.844359
0.942068
-0.927692
-2.954126
7.306047
-3.190606
-1.073524
-1.109063
3.544121
3.624582
-6.037134
6.181582
6.194301
8.701484
45.971168
80.731216
125.294809
113.008293
112.663054
94.849068
50.521837
18.298690
8.497057
-20.293980
-62.275509
-70.679181
-78.732424
-59.195215
-53.239384
-43.143270
-43.674184
-28.272711
-17.673687
-16.738444
-7.415569
-8.375833
-4.916326
-0.618870
-5.193166
-1.538998
-3.118960
-0.366420
-0.919645
2.203407
0.524913
-0.552828
0.052120
-0.053884
-0.240680
-0.142932
0.187281
-1.264061
-1.514488
-0.362827
2.020227
0.435457
-2.504271
0.527374
-5.319766
-4.524902
-0.709772
-0.757416
0.766359
-4.257260
0.869766
-0.962651
-10.746880
-3.078551
-3.200687
-1.120243
-1.156892
-8.141490
-8.283153
-8.458150
1.184582
-11.121201
-1.275391
3.691717
45.921004
83.661588
103.747918
118.978337
98.839856
78.365821
38.468138
8.566115
3.628370
-6.081801
-10.789385
-3.549134
-3.506027
-16.995766
1.071983
-13.977423
-5.211268
-5.020467
-10.524621
-8.209780
-4.328811
-8.811919
-2.263112
-7.543735
-6.863883
-1.702722
-1.508741
-0.443455
-2.591610
-2.133287
-2.204974
-0.918233
-1.091783
-0.298127
0.034250
0.605081
1.164495
1.655410
0.244964
2.070936
0.357022
5.172607
2.264036
-2.468880
-1.625332
3.033554
0.668438
3.529607
-0.742644
4.108335
4.388160
6.426122
-2.841516
12.980938
1.068459
7.554915
-9.921441
3.459829
1.203971
-5.911491
-10.873900
-3.629783
-8.563923
16.110859
43.399626
75.765275
115.373656
112.663054
97.711448
80.155739
52.984580
13.428831
15.715501
1.230031
1.209183
5.831801
-7.894316
1.146639
-9.740021
-5.245585
-5.057120
-0.947299
-4.636217
6.203918
-7.381552
2.325710
-0.683820
0.664529
0.591562
0.534230
-0.437498
-0.367645
0.319235
0.250176
-0.885781
0.559649
0.267105
0.012639
-1.140177
0.941694
3.687247
14.677573
15.758204
20.758282
20.539870
22.171578
20.248963
20.024713
17.099293
15.921962
10.290534
10.946999
5.476697
0.815764
6.203619
-4.692527
-4.889291
-5.121830
1.021429
-1.121464
-3.394668
-1.191098
1.143219
-10.907126
3.617812
-8.649812
-11.185424
-1.281499
48.451584
78.515089
101.342901
