184.779847
171.982944
147.233231
96.848994
56.666759
46.581092
29.248660
35.929010
7.267719
2.525058
-11.086577
-6.392011
0.207965
-18.505009
-9.795275
-13.184889
-5.269277
-8.399274
-9.468185
-5.778550
-10.688407
-3.581730
-4.361694
-3.898669
-1.638980
-5.794242
-1.151349
-2.885275
-0.677264
-1.670632
-0.098557
0.019206
0.366247
0.732494
1.076767
-0.046779
4.110619
1.334831
5.573721
-0.088415
2.900677
2.107881
-0.117560
3.801645
-0.136908
1.373920
6.361821
5.032236
7.129967
1.724805
3.802829
3.975685
6.255501
-2.441647
4.374214
2.132652
-0.233160
-2.682490
-7.650665
-2.718478
12.210583
37.265939
74.623374
112.169629
111.716419
121.668054
89.324776
59.227997
34.274125
2.205563
4.604688
4.537467
-9.583480
-4.809869
-6.978594
-4.598213
4.071716
-4.323061
-0.192014
-5.876711
-0.174625
-3.524062
-3.312407
2.760892
-2.777977
-0.115601
-1.173762
0.854428
-3.318551
-0.064658
-0.051432
-0.440161
0.248354
0.127595
-0.010583
-0.096414
0.021418
0.380060
-0.404941
-1.029442
-1.237136
-3.687770
1.781303
-3.676417
-1.950521
-2.158216
-6.037705
2.781419
-2.704542
3.199379
-1.482639
-8.527241
-5.310604
-1.724747
-7.788077
2.277758
2.350647
-4.208069
-8.927118
-6.757072
-9.325320
-9.473488
-9.538311
-4.686669
-2.228244
32.443188
67.251779
97.034529
114.407902
82.143154
77.179465
52.210538
17.412197
7.554313
-16.689940
-11.656610
-13.838117
-15.936518
-22.439628
-8.621522
-12.689609
-10.202442
-17.850151
-11.274984
-14.401223
-11.858211
1.757128
25.638310
29.083722
28.936218
25.166685
21.424842
15.009770
10.603237
6.845917
3.553166
1.535981
-0.231395
0.352731
-0.020664
0.482553
-0.268526
1.378723
-0.046044
1.684737
-1.449839
4.736547
3.496047
3.860424
5.356821
4.667962
5.061882
-0.135929
2.866526
-0.158216
-0.167033
1.642780
3.601164
5.764730
3.951677
1.938982
-0.214302
8.922306
-2.582831
9.345771
2.207842
-5.169683
2.237462
-2.732319
42.011084
79.614331
109.117576
121.791449
111.829721
96.886819
69.350789
26.878373
12.012640
7.039270
2.157715
-4.899822
4.393420
6.555824
-9.045895
-2.355829
-2.281085
-2.181426
-2.084535
-7.371112
-1.863071
-3.328281
-6.047827
-1.467203
-1.334324
0.982022
-1.054725
-0.079598
0.615188
-0.597954
1.208616
0.547377
0.302498
-0.002939
-0.167059
-0.188544
-0.957424
-0.826262
-1.556675
-3.117736
0.072316
-2.431444
-1.778948
-1.950521
-2.122095
-8.451432
-3.829696
-4.098326
-4.380732
0.157759
-3.277959
-1.636903
-3.584986
-9.713842
-16.407643
-1.932573
-13.011752
-8.890076
-13.740074
-6.929271
-11.900911
-9.566093
-17.001137
-7.170349
27.462659
49.831028
87.356980
99.801947
96.941762
82.143154
57.105187
17.395357
7.539615
-9.427185
-11.738044
-13.880136
-20.596328
-13.375913
-10.853910
-8.417791
-12.339455
-7.843640
-15.245044
-14.438726
-13.707414
-11.186682
-8.879925
-2.623271
-6.177306
-9.038267
-2.975591
-6.125650
-3.711037
-1.196500
-1.963225
-1.509461
-1.512669
-0.982725
-0.022575
0.314973
0.205063
1.010842
-0.045310
2.795939
1.992384
2.300032
5.228075
3.870272
3.149725
9.412279
3.757696
6.779533
10.311384
4.680638
-15.677919
-51.045642
-56.653622
-57.487951
-47.615085
-42.901116
-33.141964
-41.006335
-32.974151
-16.869360
-9.955654
-2.707404
-5.190848
-2.726783
22.195085
59.469252
97.083145
114.435824
119.301172
99.176033
79.372831
29.403795
14.492642
7.039270
9.335923
2.121260
-0.224099
-0.219935
4.206159
-6.666003
1.877463
-6.204932
-0.185402
-3.815088
-0.165563
-6.554397
2.823313
-2.836182
-9.949947
0.995693
-6.015392
-5.945464
-1.449839
-1.727065
-1.344141
-0.334965
0.157215
0.036456
-0.287075
0.019346
-0.605023
0.041685
-1.002351
-1.196500
-3.617970
-1.580283
-0.837734
-8.044433
-3.237333
-1.101267
-2.483303
0.136110
-5.861894
-7.945574
-5.014423
3.801439
-1.709749
-5.751433
-5.985623
2.342837
-10.795743
-6.591762
-16.051169
-14.076222
2.652612
-7.115245
-12.063777
5.179709
27.488990
64.770088
104.480216
106.962215
101.900705
79.585305
52.160479
32.194581
5.115025
-11.877644
0.231687
-4.488005
-9.056765
-13.459950
-10.923710
-14.986551
-18.674004
-3.855892
-9.516075
-10.896817
-3.327625
-14.575863
-5.917457
-8.235640
-8.779007
-4.519122
-6.162724
-2.644970
-3.037443
-5.081681
-1.522235
-0.763051
-1.092739
-0.427052
-0.174500
0.786263
0.846930
0.643408
2.214483
1.075548
2.599877
2.263407
-0.084741
2.820103
4.214953
-0.114866
3.713746
6.717676
4.299741
3.034581
-0.165074
8.796073
5.435107
5.713455
7.996592
6.189577
-0.213567
8.813978
4.446237
4.547070
9.473795
-0.239283
2.242019
4.724727
17.278536
64.641459
89.958927
114.551650
104.358270
99.276720
74.170654
36.852291
21.858115
-2.665880
-52.913400
-65.650367
-69.563965
-68.121045
-66.905953
-51.926168
-37.764186
-40.467010
-23.198508
-11.123091
-15.700874
-8.205473
-3.137791
-11.032795
1.111895
-3.430686
-0.096007
-3.504638
-0.068822
2.274893
-1.829855
-0.030859
0.512746
-0.353847
-0.192862
0.017043
-0.272103
-1.212278
-1.529123
-0.561346
-2.824451
-3.222653
0.088898
-4.944171
1.215672
0.116995
1.429131
-4.050111
0.144401
-7.864140
-6.639776
0.175032
-9.213608
-5.723881
-8.019590
4.463208
-4.171948
-6.557322
-11.377410
-9.232715
-11.842744
-11.982344
-9.603135
-9.640177
7.679238
39.951027
79.889938
112.032907
109.757798
94.823713
69.667110
29.736616
2.681247
-2.189679
-9.343841
-6.860391
-9.056765
-15.723595
-10.946976
-17.157707
-6.116494
-14.003826
-7.612128
-10.938835
-10.364582
-3.142507
-2.921267
-6.980006
-3.774593
-5.735238
-4.148702
-3.583812
-2.314349
-0.595627
-2.675669
-0.794657
-0.819665
-0.489044
-0.072242
0.072911
0.600645
0.293923
0.394176
1.041937
0.594682
2.993798
5.079127
0.863542
5.183621
-0.112417
4.963402
3.962794
1.328351
-0.154297
3.207437
6.982246
7.267839
-4.106115
1.845564
-0.205240
1.977716
-2.474867
4.427031
-4.984484
2.182778
-7.611591
-2.715709
-2.724014
22.150155
64.445378
94.587512
111.943024
111.716419
104.464003
69.350789
44.315620
9.601820
4.614291
4.575879
-7.283371
-4.862783
-9.294011
-2.438879
-2.377976
1.895691
-2.217414
-0.186871
3.485927
-3.629890
-3.397069
-3.148374
1.237212
-7.661548
-1.220823
2.908002
-2.703912
1.358839
1.706712
1.792340
0.944918
0.549371
0.265897
-0.250033
-0.884134
0.028788
8.201853
16.380345
20.417992
25.399313
20.183126
24.025616
21.324726
14.419195
12.146654
2.726687
2.915763
4.622240
3.363577
-3.255384
7.368822
-1.692609
-1.771883
-1.844729
-8.325186
-8.547438
2.470392
-4.420279
-9.204933
-2.185393
-11.993977
-9.593874
-7.170349
0.240438
42.514159
82.378746
109.548536
102.095730
92.510949
67.187484
42.149057
7.583707
-2.185393
-11.819477
-4.497035
-11.423944
-11.226177
-15.461535
-6.336908
-16.726420
-3.896528
-7.658430
-5.427699
-12.234922
-13.144866
-7.573307
-2.718088
-3.781481
-4.648769
-5.258271
-4.641704
-3.148569
-1.286802
-3.832626
-2.163802
0.029940
-0.537260
-0.121908
0.110436
0.336109
-0.029880
2.053654
-0.573040
0.578732
5.882675
-0.082537
0.852149
0.934174
1.032149
1.127845
-1.475508
8.519827
2.967359
-0.162624
10.411466
7.228447
-4.084949
3.865249
14.561347
-2.389049
2.032399
9.079875
-9.697200
9.414707
2.212399
-0.239283
-0.240753
19.642151
47.077250
91.905955
99.478092
119.180300
99.276720
69.139568
46.791066
12.037383
9.473795
-9.841934
-4.942153
2.096196
-11.600842
-2.444415
-6.712892
-8.611692
-0.196178
-7.950050
-3.894459
-5.423454
1.474173
-9.246165
-5.727344
-2.656275
3.310874
-7.234842
-0.085476
-2.289729
-0.058290
-0.512137
-0.382026
-0.224233
0.077468
0.049460
-0.141408
-0.254963
-0.749506
-0.948170
-1.728874
-0.627765
-2.314349
1.875841
0.094886
-0.976999
-1.056274
-2.420091
-3.995007
-4.270525
-6.148969
-6.602734
-6.991675
-1.675468
-9.562609
-11.989300
2.308996
-10.644510
-6.502218
25.698519
52.063581
67.800432
66.287365
56.831170
52.210538
62.049894
87.107151
122.319260
134.648042
127.544720
102.388268
89.417543
39.683668
5.139904
2.670834
-11.819477
-13.978179
-9.121589
-8.936379
-8.751169
-17.270216
-1.917576
-12.143368
-13.594358
-3.575956
-8.771541
-9.958402
-10.859107
-5.648903
-5.185878
-7.143158
-5.362971
-3.769022
-1.580283
-1.322923
-3.417511
-0.415653
-1.268688
-0.796403
-0.167059
0.109874
0.767027
0.246075
1.142691
0.950707
0.549112
0.649365
2.373281
0.827086
3.978600
-1.237433
3.581897
1.196199
5.564131
1.392148
6.460301
-1.926742
3.505133
7.523887
3.836440
1.895691
6.284801
2.016450
-2.538538
6.856146
2.175943
-0.236344
-5.164391
-0.240508
14.626695
42.096386
71.690160
109.117576
114.204173
103.829606
96.494168
41.584576
31.645984
2.189614
4.566276
2.132652
2.091639
-0.221649
-6.916076
-2.386281
-2.306000
-2.225719
-6.017377
-3.889168
-0.170707
-8.372670
-3.195996
-4.352830
-3.930832
-1.256811
-4.217972
0.813415
-2.320988
0.558226
-1.508252
-0.390331
-0.246379
0.374225
-0.139600
-0.592672
-0.514721
1.168420
-0.447791
-0.539921
0.765327
-1.530617
-1.706706
-3.824585
0.104328
-3.416420
-1.150545
-2.605210
-8.655826
-1.416221
-1.516920
1.944555
-9.120541
-1.752600
8.311797
-6.130269
-1.958284
0.217178
-9.038244
-4.483490
-9.399404
0.236753
-12.087044
-4.686669
2.722897
44.915024
82.300215
104.779873
107.473506
109.862429
77.179465
37.433515
14.987606
7.539615
-11.854377
-16.427881
-18.526573
-8.982681
-22.369137
-15.232232
-16.913936
-26.604644
-19.619989
-14.945019
-14.194955
-13.388637
-7.712907
14.758064
30.799535
32.918653
29.896823
20.523797
17.670489
11.572812
6.477291
0.980214
0.701574
0.234284
0.008521
-0.068788
0.132152
0.820394
0.739439
1.940060
1.176380
0.651644
2.387931
0.831643
4.985679
-2.370540
-0.119519
1.198477
1.294173
6.017140
9.741200
1.588097
3.505133
9.414644
7.848872
8.154161
4.110128
-0.216016
6.694998
-2.585599
6.987995
-7.580332
4.676712
-0.240753
12.161097
44.586663
79.453331
99.578779
111.943024
106.740292
84.006771
49.216292
21.880579
4.647902
-2.643733
-4.973902
-2.549611
-7.088001
-2.466562
1.973159
-2.322610
-2.225719
-0.189810
-9.478737
3.356285
-3.471148
-3.211871
1.278224
-2.693315
-1.265116
-0.100416
-0.985517
-0.073720
-1.938064
-0.542588
0.330379
0.432140
0.201665
-0.023568
-0.433940
0.547328
1.175768
-0.925595
0.056885
-0.621337
0.076922
-1.702191
0.095346
-3.120238
-1.058416
-2.420091
-2.591665
-1.315521
-1.414078
3.532751
-6.936112
-3.539835
0.188159
-3.846861
-4.000375
-4.104222
-2.011848
-4.375128
-2.116832
-4.582822
-9.556832
-4.682154
2.712485
0.240899
37.505158
74.983116
90.017086
107.268990
95.004502
82.221684
49.783343
24.844339
12.432584
-4.614428
-16.460638
-13.866129
-4.384158
-13.375913
-8.621522
-14.806385
-12.241411
-5.785872
-13.119374
-8.864608
-10.070452
-4.614922
-10.203958
-5.259962
-8.516947
-7.747146
-2.886048
-5.084247
-3.571437
-2.370687
-0.441364
-0.690810
-1.198234
-0.737043
0.004557
0.123038
0.717844
1.447659
1.391739
-0.057066
4.125860
5.521468
5.332339
4.849593
7.541942
-6.147675
-27.255772
-39.276786
-44.125490
-42.605116
-38.137793
-36.511588
-34.430709
-30.094427
-35.461639
-17.386868
-13.430786
-4.793995
-4.931571
-2.635428
-7.517814
7.134494
4.710322
4.710322
32.069233
74.547920
89.324776
118.938554
106.523780
81.611825
61.517456
29.163519
14.299010
-0.233650
-2.593904
-0.225323
-4.788703
-0.217241
-2.400122
-2.328146
-6.361227
-2.150975
-3.936790
-1.943352
-5.142122
2.948153
-7.240880
-1.409068
1.048098
0.941010
0.829365
-1.619164
0.576454
-0.049718
0.715431
-1.286124
-0.010286
-0.022575
0.268688
0.024182
1.139026
0.046291
0.055734
-2.648502
-0.707039
-2.562315
0.093734
-2.036308
-2.203367
-3.650610
-2.582635
-2.754208
-4.518491
-1.506207
-5.138406
-3.521775
-5.593010
-1.812591
-12.381473
4.532868
-10.912076
-13.586006
-11.517010
-6.963711
-11.970711
-14.524420
-7.163461
5.204588
32.536415
67.573250
100.087368
120.056323
100.277648
89.845788
54.685110
7.635147
5.124977
2.660422
-9.343841
-18.582828
-13.656036
-2.046128
-6.419563
-12.717622
-10.190809
-9.830175
-9.411375
-10.770761
-1.559771
0.155686
-10.318609
-8.095579
-2.370425
-6.736978
-6.022662
-5.224309
-2.926317
-3.711641
-2.955306
0.786161
-0.990873
-0.371949
-0.074084
0.336947
0.935562
1.707255
2.710854
-0.055841
-0.066127
-0.872017
0.792909
-1.082408
4.195257
-1.312178
2.453593
2.631250
1.353414
-3.402360
1.551641
5.251984
7.366319
11.737104
-4.328353
4.081319
4.206159
11.146641
9.148811
-0.231446
11.926040
-0.237324
-5.169683
4.710322
36.927500
69.280382
96.886819
116.100491
104.041072
91.254140
63.922495
31.711100
11.901297
-48.479275
-59.337274
-51.407960
-41.371648
-33.827660
-15.526258
-19.304729
-16.590055
-17.927459
-15.200740
-9.092899
-6.885219
-11.085068
-0.139602
-2.740937
-2.476368
-4.404059
-1.032579
0.713162
-2.070915
-0.573040
-0.431856
0.499361
0.113924
-0.000000
-0.316845
-0.668130
-0.663719
-1.336261
-1.632443
-1.914848
-2.231694
-4.257804
1.995258
1.145387
-3.306213
-2.370425
0.129201
0.138874
-7.515140
1.806588
-1.579054
-1.658328
-1.724747
-9.806909
-1.885438
-4.099707
-8.667824
-8.936379
-6.784624
-4.564762
-9.501269
0.238135
-12.121944
2.720294
32.536415
64.893931
110.071691
97.776667
107.575765
90.017086
54.737541
19.980690
5.124977
-4.618943
-11.738044
-4.483490
-6.736408
0.221093
0.216026
-6.281804
-14.478810
-9.876709
-11.373027
-12.677148
-11.989241
-4.704465
-7.387173
-15.030377
-6.165672
-5.584005
-3.982013
-0.794883
-2.963359
0.060801
-3.537809
-1.129623
-0.750786
-0.413277
-0.027781
0.403769
0.659245
-0.387563
1.340464
2.795939
2.649117
4.662073
-0.085721
-0.094783
2.059866
3.428073
2.458395
4.006744
5.839876
6.292885
8.363074
5.244659
-2.065157
5.728105
5.991803
1.929868
6.380025
2.057462
-7.259926
-0.232181
-0.235855
2.205563
7.141819
4.715124
31.971560
71.836020
84.348958
111.603116
113.740870
96.199679
56.750335
29.253622
16.843089
-2.649270
2.144044
-2.560684
-2.508086
-2.469330
-9.014881
-6.611300
-2.267244
-2.175889
-5.853267
-9.182928
-5.228085
-6.471692
-1.594545
1.203034
-2.529282
2.040660
-1.054725
1.541298
1.272411
-1.687991
-5.798044
-7.589440
-4.472595
-0.151886
2.572920
5.203015
7.497575
8.115621
9.330398
7.893407
9.213758
6.129632
3.888560
3.211318
-1.015565
1.356242
-1.204109
1.556685
0.148086
0.159371
3.662119
2.012237
-1.714034
-11.779207
2.282965
-14.806385
-13.081783
-8.927118
-11.470477
-2.153255
-9.510530
-4.664094
-4.700215
-7.191013
25.059960
67.508956
102.095730
97.776667
102.485781
92.246883
57.269597
27.409998
7.591055
-2.193964
-4.573792
-9.241975
-11.377410
-11.202910
-8.686345
-4.117767
-8.186279
-13.971069
-7.547304
-10.868804
-12.005620
-4.732017
-13.498517
-2.654876
-7.507319
-5.642172
-4.037576
-5.308346
-4.566018
-1.852857
-2.536069
-1.565024
-0.510206
-0.279936
-0.075767
0.384073
0.837082
-0.370953
0.835470
1.611487
3.241310
-0.074700
0.786074
1.843796
0.970630
2.237523
-1.409068
-0.132990
10.224295
3.044184
6.657262
3.433110
-7.681257
-4.132571
-4.312479
-4.481803
6.387350
4.316595
4.451039
2.155437
2.189614
-0.238059
-0.240263
-2.724014
27.098462
64.380018
96.494168
104.146805
106.415524
89.324776
56.634754
39.044015
9.542732
4.590284
2.153158
2.114424
-9.438746
2.041513
-0.213812
10.540442
-6.423745
-8.198166
-2.090072
-1.990413
-6.988600
-8.102584
-6.016813
-8.184626
-7.430778
0.988858
-1.060262
-0.080578
-0.750211
-0.611796
0.389619
-0.937773
0.292895
0.102549
0.340249
-0.585475
-0.916096
0.041915
-0.482072
-1.839081
-2.142150
-3.259695
0.089819
0.099261
-4.361694
0.118377
-3.815921
-8.291665
-2.876116
-9.622253
-11.923726
-1.649758
-9.271775
-7.741775
-8.075153
-8.334447
-13.025758
-20.279462
2.553693
40.729214
63.407811
61.752150
64.522401
54.894833
82.457277
117.448338
140.158382
157.348285
139.759071
112.246915
82.143154
37.290229
14.929739
9.944993
-11.772944
-4.497035
-11.435577
-11.202910
-10.970243
-19.349986
-4.004890
-7.926985
2.131982
-7.250969
-12.136650
-9.720297
-1.381940
-4.098326
-7.577349
-2.225942
-3.085799
-4.548637
-3.908803
-4.520533
-1.033957
-1.226054
-1.419268
-1.368866
-0.081272
0.144047
0.952599
-0.031349
2.517221
-1.127065
-1.349303
2.182833
0.763289
-2.000143
0.952402
-4.734880
4.933858
2.573632
-0.142541
4.592739
1.526578
8.758959
1.688349
7.642064
1.852400
4.057311
6.343400
2.043791
9.089723
-0.229977
-7.494370
-10.007345
-0.239528
2.230626
19.542444
52.005371
91.719722
106.523780
111.376511
98.873974
66.661598
31.711100
21.745791
-2.646502
2.148601
-4.910405
-4.831034
-0.219200
-0.213567
-6.697263
-4.365392
1.806830
-15.507207
1.638223
1.547084
-3.365321
-1.627765
-2.836182
-2.571613
-2.322918
-1.079640
1.603718
-5.032155
-1.766139
-3.115996
-1.292271
-0.188245
-0.004408
-0.220414
-0.370238
-0.600508
-0.812717
-1.536011
-0.572059
-0.659903
0.080607
-3.593073
1.111546
-3.216669
-3.505963
0.126668
0.135189
-2.849025
-4.676913
-8.445808
1.988808
-5.462139
0.192074
-1.864012
-6.199149
-10.807376
-13.417931
-4.424794
-9.269757
-9.445706
-14.482402
-2.228244
5.184685
30.138462
70.200447
87.690086
117.783586
109.967060
97.312830
72.353855
32.381036
7.605752
0.236753
-4.578307
-13.992185
-13.782092
-13.529981
-13.249857
-19.413360
-10.376943
-24.316954
21.748952
41.262878
51.641874
43.469027
37.393101
30.235057
25.012415
15.631153
14.170588
11.538725
7.446842
4.195372
-2.213259
-0.830778
-0.916096
0.373178
0.006909
0.047848
0.527396
0.273417
3.210544
0.469366
0.576454
3.612452
2.431881
0.843035
1.968636
4.451305
8.569597
1.203034
5.623220
4.512165
-0.162869
-0.171686
1.672400
5.625556
3.855646
-0.204505
1.964045
2.023285
-0.224588
-4.952736
-0.233160
2.205563
-0.238549
2.232905
22.060297
61.705967
89.143589
99.075347
98.873974
89.324776
68.928347
43.909055
14.373484
2.175943
-2.613282
-0.227527
-7.150520
-2.488708
6.445949
-8.839132
1.884298
-6.228376
-4.042618
-11.184629
-8.745646
1.453667
-9.046165
-1.486581
-0.119274
-0.106539
-5.028746
-0.082292
0.640251
-0.631174
0.835470
-0.666714
-0.017389
-0.005633
-0.199750
0.208252
-0.272103
1.308042
-0.997836
0.060801
-0.664188
0.916310
-0.833449
-1.918916
-4.352433
-1.088412
0.126898
2.920739
-5.852634
-6.278616
-1.551201
-1.632617
0.183092
-1.780453
0.199674
0.207044
-4.190009
2.491217
-4.447369
-11.656610
-11.900911
-9.575353
-4.695699
-2.241100
15.190141
45.172663
95.185291
100.182508
110.176321
82.771400
87.440257
52.360712
19.903841
2.676041
-9.436446
-9.269757
-9.112328
-8.973421
-13.277869
-12.955727
-14.658976
0.199214
-3.743014
-1.688324
-10.490637
-9.888371
-6.065625
-8.487752
-3.822808
-7.073127
-4.232047
-3.713459
-4.001870
-1.983728
-2.222519
-2.187069
-1.834811
-0.977201
-0.420186
0.222685
1.201834
1.162066
2.427853
1.494288
2.471853
1.402053
5.730482
1.766971
6.091974
-10.260659
-21.225214
-37.220781
-41.996306
-45.300212
-36.855382
-33.731004
-33.517428
-29.218260
-28.456657
-23.268799
-32.761022
-15.884418
-4.862783
-2.585599
-5.058564
-2.674185
-0.238059
-2.715709
12.123983
44.360794
81.694848
113.740870
109.006797
91.533489
76.417216
44.089750
14.462852
2.187335
-2.618819
-4.926279
-7.150520
-7.048927
-4.661710
-2.377976
-0.203281
-2.214646
-4.042618
-5.681342
-5.368751
1.465059
-0.146215
-2.899679
-1.375849
-0.109233
-4.114590
2.512455
2.094934
-1.828657
0.414682
-1.070624
0.369719
-0.158742
0.005758
0.017043
-0.555357
0.039612
-1.474020
0.669010
0.780946
-0.743462
-0.822736
5.079461
-0.989855
0.115383
-3.747041
-1.244817
-2.812905
1.738906
-1.542631
0.174571
-1.692609
-3.711409
0.198062
-1.917576
-4.167433
-8.806732
2.548486
-13.978179
-11.912544
-11.947444
0.240208
-4.727305
22.599547
47.623276
87.606809
107.575765
105.179414
92.510949
70.000446
37.433515
15.016540
-4.646033
2.657819
-11.668244
2.564105
-6.667529
-6.564210
-8.575219
-8.352968
-10.144276
-3.783650
-7.371355
-8.783175
-8.248041
-6.111928
-2.754208
-7.857473
-9.525809
-0.987712
-0.867730
-4.874155
-4.089808
-1.687546
-2.759220
0.701574
-0.192829
-0.077132
0.102549
0.141265
0.252911
0.348607
-0.049228
1.181182
3.550595
3.210455
3.604375
1.954232
-1.237433
4.815682
-4.094942
-5.882417
4.482865
4.819812
5.120135
5.361858
9.451758
-2.209109
-0.202791
8.449601
-0.216996
2.091639
9.237443
4.580680
4.643101
9.572276
-0.239528
22.037832
49.366954
76.651147
54.438167
37.002709
14.626695
12.099240
-24.866415
-29.547573
-36.570443
-38.464573
-23.694432
-16.403751
-9.314688
-2.441647
-8.880485
-2.303232
-16.344882
-7.939712
-5.712601
-0.169237
-5.079604
1.373920
-7.112268
-1.389690
-1.251275
-4.217972
-1.867859
0.681264
1.166777
0.432910
-0.746085
0.615295
0.263698
0.003224
-0.592672
0.852432
-0.740476
-0.952685
-1.749538
-1.327438
0.077843
0.976182
0.095807
-0.972714
1.288560
-2.433637
-3.967455
-4.270525
0.153153
0.163977
7.320215
2.043475
-5.675665
-3.887497
4.438329
-4.167433
-11.051677
-16.002033
-6.846616
-11.842744
-9.566093
-2.221817
-2.230387
12.638182
52.560944
75.125941
107.882540
112.567926
99.897088
77.400821
39.836445
15.031006
-7.087694
0.235141
-14.090228
-6.819064
-15.952897
-11.086577
-6.405787
-8.343707
-8.065892
-11.779207
-7.389876
-1.626190
1.863857
-1.422648
-5.722987
-3.871024
-3.519739
-6.512879
-6.780800
-5.014216
-4.201857
0.057576
-1.842839
-0.978088
-1.058634
-0.282406
0.098480
0.417522
0.518568
-0.420783
1.920364
1.152372
-0.069801
4.811021
-1.002127
1.920621
1.013921
1.098225
-4.094942
2.708075
-0.148664
-0.159441
3.332277
1.658729
5.566956
3.822035
-2.294927
6.284801
10.899213
2.077969
-4.936862
-0.232916
9.523035
-10.090050
2.228348
-0.239773
44.541490
81.694848
108.896018
113.856696
108.896018
84.006771
51.636164
24.313069
9.463947
9.375315
2.132652
-4.889239
2.059741
-0.216996
-2.394586
-2.317073
7.937504
3.701996
1.672400
3.346682
-1.804936
2.919344
1.271389
1.152908
-5.864727
0.925061
-0.087435
1.435664
1.185983
2.889592
-2.880785
-5.509437
-3.183348
1.142373
4.713224
7.466714
8.159461
10.957994
10.060603
10.567356
13.792762
10.005571
5.031085
-4.232047
0.115152
-2.433637
4.247464
-1.326234
1.723287
-4.904216
-10.504643
-5.393260
2.124172
-7.917724
-4.009405
-1.966854
0.217408
7.157491
-6.839728
2.647406
-7.108357
-12.098678
-7.184125
-4.736335
42.514159
75.197353
105.079529
117.783586
89.931437
77.474606
44.915024
22.362111
2.686453
-11.866011
-6.936159
-13.908148
-9.028984
0.219941
-15.297747
0.209117
-12.297436
-11.779207
-3.625622
-12.513361
-13.501146
-9.398154
-5.760029
-5.297004
-9.750828
-6.610922
-3.889408
-1.634465
0.070704
-1.756426
-1.889141
-1.416856
-0.907529
-0.398201
0.019206
0.264085
1.237141
1.447659
0.917096
1.137968
2.757446
2.358632
-0.088415
2.908002
3.215650
1.093668
1.182528
4.079993
4.431590
-0.158706
3.303468
-0.177319
5.523007
-4.196068
3.951677
6.240851
-6.845743
8.932154
-2.574526
6.958695
-9.955654
-7.595962
-10.110727
9.660908
46.886461
74.095200
101.661265
94.396233
108.896018
91.533489
63.987855
29.343726
9.483643
14.194746
-0.230221
-2.544074
-7.080187
-2.455488
-8.932176
4.033304
-6.337783
-4.095532
-3.905042
-12.571434
-3.465857
-3.217162
-8.646165
-0.124173
-2.439328
-1.143311
-1.910190
-0.074455
-1.333429
1.930212
-1.499034
-0.262989
-0.312591
0.026032
-0.527848
-0.239965
-0.338522
-0.916564
-2.287343
-2.685544
0.874659
-1.702191
-1.873765
-0.968429
-2.216912
-1.135548
-3.933016
-7.107973
-10.744456
-3.183142
-12.202165
-14.644993
0.186777
-3.851377
27.533203
50.309560
67.056330
62.494005
49.807751
48.305102
41.824521
29.794023
15.146741
30.081056
62.585834
102.680806
102.875831
117.895335
105.279300
85.029670
49.974083
17.530074
7.576358
7.532267
-9.371622
-11.598444
-6.722633
-8.880816
-10.865543
-14.921036
-6.054502
-5.834088
-9.423008
-12.595254
-10.182501
-6.269356
-7.340640
-1.229819
-4.898803
-6.736978
-0.921293
-5.210303
-2.972619
-1.811529
-2.477902
-0.342807
-0.229252
-0.122125
0.019903
-0.121806
0.681220
-0.035023
2.263968
1.085151
2.658965
-0.866480
1.675742
-1.071335
-0.105314
3.442723
2.453593
5.396715
5.830028
4.680638
3.260254
-0.175605
3.591561
5.728105
1.868349
-0.207934
4.182152
-4.783412
-2.566221
-0.230711
2.194171
-0.237814
7.119844
2.235183
31.971560
66.933133
101.558055
103.829606
89.234182
81.528802
56.461382
19.362973
2.185057
11.789955
-9.717876
2.107589
-7.064557
4.268580
-13.323093
-0.206954
1.854678
3.740409
-3.942082
-1.951657
4.856437
-7.961110
-3.021381
-2.762103
-1.287263
-2.217090
0.840757
-1.650912
-1.349303
-1.594214
-0.426319
-0.282367
0.225673
0.000461
-0.107127
0.022800
0.395679
-0.422081
5.137242
1.408125
-3.028182
0.084983
-2.796505
0.102025
-2.198852
0.120910
0.130813
-1.298381
-4.470275
-3.156052
-3.345686
-1.662613
4.025346
-1.819019
-3.977799
-6.281804
-2.009705
-2.073981
-9.149370
-6.963711
-9.529051
-9.603135
-7.191013
-9.714261
32.598567
62.585834
90.102735
105.279300
97.776667
87.606809
54.842402
15.074407
-9.584614
-7.046366
-18.920356
-13.950167
-18.357808
-18.020280
-24.317650
-17.026445
-12.367467
22.354552
40.847362
46.269451
47.063386
39.222733
30.280098
30.567037
14.034130
16.189170
12.399824
8.180734
8.425744
5.720038
0.564884
-0.735961
0.288950
-0.122125
-0.068879
-0.010286
0.436941
0.988867
0.873882
3.366225
0.610631
-3.235846
-4.514297
-1.065798
2.064667
1.077718
2.448791
-1.517032
2.842519
6.302733
10.083781
10.664678
-2.078999
7.701152
8.075377
-0.208179
4.201358
-0.221160
-0.227038
-0.231446
2.185057
2.210120
-2.715709
2.235183
39.324907
71.763090
98.974661
104.146805
106.307268
79.372831
56.576963
34.098720
16.808253
-5.047981
-4.979193
-7.228667
-11.652287
-9.211306
-6.783225
1.923032
-4.312479
3.754814
-0.183687
-3.751592
-6.916233
-1.727424
-4.477866
-1.456130
-4.910629
-0.104334
-3.907827
-2.492913
-0.064903
-1.127065
0.359999
-0.307282
-0.157794
0.025063
-0.289294
0.021649
-0.991864
-1.322485
-0.507783
-1.250681
0.073007
2.652828
-0.850589
-4.028316
0.109855
2.592343
4.100493
1.559288
-5.963760
0.158450
-1.572626
0.178026
-5.517242
-9.795275
0.202438
-6.240477
0.214874
-6.639977
-9.121589
-14.146253
-4.637003
-4.686669
-7.191013
-7.197901
30.081056
62.526285
92.775014
100.087368
107.780281
97.498365
64.832010
34.753197
2.686453
-2.191821
0.233069
-6.846616
-13.796098
-2.065411
0.217638
-4.149373
-8.214060
-16.051363
-5.661889
-10.924829
-8.585408
-9.692284
-5.954499
-11.100942
-4.972886
-4.500601
-1.991157
-1.729282
-3.055964
-3.210803
-0.482072
-0.372802
-1.419268
-0.767801
-0.076757
0.153650
1.206479
0.287088
-1.336327
-11.445295
-16.923516
-19.820927
-22.257387
-18.118368
-21.146295
-15.234865
-17.856552
-5.582610
-7.510966
-14.438376
-11.980469
-3.741009
-0.180014
-0.189810
3.884455
4.033304
1.973159
-2.483172
-2.555148
-0.230466
2.185057
-0.237814
7.127169
7.185769
22.037832
74.095200
94.013675
118.696809
118.817682
98.571915
66.457948
36.626665
24.163143
2.173664
-0.231201
4.441435
-4.804577
-4.725207
-0.212832
1.934425
-4.317770
-2.178658
-11.569245
-0.174625
-5.259344
-3.322990
-0.142052
-2.799142
-1.320483
-5.556057
-1.049188
-0.079108
-0.065883
-1.137648
1.215940
0.547377
-0.014695
-0.022146
-0.092129
-0.406359
-1.305730
0.043297
0.052970
-1.873521
-2.204142
-2.479660
-0.850589
-2.996255
-1.021993
-2.347850
-2.523938
-4.132766
-1.373370
-4.745793
-6.806465
0.177104
5.893540
-9.795275
4.358718
-8.399270
-4.208069
-13.501968
-6.777736
-4.542186
2.673438
-12.075411
-2.230387
-2.241100
32.598567
72.491935
97.869434
125.167352
107.473506
87.606809
57.488811
37.397693
7.613101
-2.198249
-2.178966
-9.251236
-9.112328
-15.789110
-17.701503
-1.964712
-6.123381
-5.916743
-13.479707
-10.952842
-12.136650
-3.119931
-2.925782
1.548876
-1.167686
-4.593206
-3.065135
-3.583812
-1.489982
-3.879715
-1.020412
-1.620587
-1.396001
-0.980433
-0.166689
0.144047
0.186835
1.260547
1.674163
-0.052167
1.238800
2.212133
-0.935688
2.768828
5.158878
-1.276190
3.699096
-4.204349
2.799305
1.435439
-1.860302
-0.173401
5.427782
1.768096
7.947352
4.028502
-4.582339
-2.480403
-0.226548
-2.604977
9.463947
2.205563
9.591972
-0.240018
44.360794
84.177865
116.218840
98.773288
49.366954
29.463864
-2.704636
-19.838601
-41.458193
-43.609187
-50.146362
-32.867438
-41.645632
-27.288771
-28.883454
-25.915175
-21.019254
-8.177489
-9.710239
-7.433141
-5.274973
-3.349447
-3.106043
-6.855043
2.333554
-3.391613
-3.039948
-1.746157
-0.067352
-2.295073
0.385062
-0.030125
0.302498
-0.003674
0.007830
0.213459
-0.280673
-1.260494
-0.482072
-2.472552
2.270703
-0.762745
1.940525
-6.022662
-1.013423
-2.329789
-3.829696
0.136801
-2.867086
-3.083810
-8.457441
-3.467593
-5.510355
-1.793308
-6.020062
-4.068101
-4.194524
4.771702
-11.447210
4.995608
7.532267
2.699469
2.709882
-4.713760
12.686557
65.203540
87.773362
118.007084
107.473506
99.897088
72.560975
29.880133
10.032485
-7.067030
5.040390
-14.006191
-18.414063
-8.954900
-11.005143
-4.158403
-14.691734
-12.087343
-7.676951
-11.036879
-6.926851
-16.400901
-1.392653
-6.968373
-3.767705
-4.630248
-7.386814
-3.657896
-3.943704
1.403149
-0.492785
-0.826262
-1.185344
-0.694537
-0.212991
0.197773
0.927856
0.275695
2.078397
0.480758
2.521093
-0.824956
2.475831
1.800582
1.987842
2.194309
7.432506
2.564029
4.226492
-4.876420
4.878412
-9.054316
-2.037474
-2.137133
1.836450
10.391985
1.970880
4.268580
2.098475
2.130373
6.995320
-2.690795
2.219234
-15.046172
14.641590
64.249297
96.690493
116.337189
126.130411
108.785238
73.793387
48.965188
24.138155
16.686328
-2.624355
-2.574526
-0.223854
-9.283673
-6.845743
4.090922
-0.202056
1.809109
1.724805
1.645058
-1.876912
4.658663
-0.144746
1.223541
-1.350934
3.186350
-4.042223
-20.186754
-21.813710
-17.576515
-12.834400
-7.296417
-3.735719
-0.798509
1.651915
2.809691
2.256513
3.064816
-0.486357
0.695042
0.814787
-1.593829
1.023039
-4.000534
-2.122095
1.338020
0.127589
-5.472953
-2.876116
0.156838
-5.007535
1.986205
-1.709749
-3.765590
-10.097742
2.348044
-4.199039
-4.320947
-11.458844
-4.524126
-7.067030
-9.584614
-9.640177
-12.180111
22.664302
