137.970945
137.711845
141.695721
135.898142
141.820781
133.177588
130.975235
130.942950
128.041898
131.317298
129.838453
122.710879
111.954244
105.065199
103.588159
92.881288
85.194630
78.823771
67.597734
61.581182
52.929893
45.331479
37.663137
29.237078
21.951383
17.604719
10.180622
4.693364
0.228865
-1.713552
-0.216910
4.197892
3.666862
4.528575
4.640891
6.801265
7.646271
11.166943
7.113892
6.615775
5.937612
12.861796
9.651127
14.395142
21.432586
26.382155
29.849693
38.526988
39.868724
47.300934
53.190215
59.252454
63.414076
62.764184
73.609094
85.009703
86.979039
93.362502
91.583770
97.060246
97.326895
99.909816
100.000975
102.591033
109.586112
117.048363
113.722337
108.382971
110.125417
99.133958
109.844248
91.549499
99.553677
99.259150
92.551880
87.174347
84.277879
75.261608
71.970537
65.070168
59.914655
53.261697
47.856854
41.656254
36.963992
35.021350
29.434678
22.808927
19.615677
12.489896
11.356836
6.236142
3.347339
1.990776
0.176643
-0.385123
-1.124070
-1.686105
-0.025316
2.219206
2.602773
7.621915
5.147701
11.478197
18.127436
15.106964
20.011363
29.676220
31.912100
37.981266
49.263870
50.020710
51.703166
60.263574
66.370921
77.338505
69.238609
84.440449
91.203662
91.625739
103.622568
107.867068
108.579397
114.372521
116.970437
124.561279
127.055427
127.055427
134.287723
121.614080
125.403824
129.959162
131.289672
115.576414
113.688999
116.581030
112.206840
107.249583
103.918851
108.499273
96.480215
94.185741
84.688862
69.743977
71.843537
62.482737
54.380237
47.481051
41.617807
38.669252
33.211010
25.404042
19.419059
15.692893
10.482995
7.419541
2.390907
-0.549324
-2.429265
-3.071453
-6.439480
-3.814422
-3.489806
-4.071441
-4.666602
-3.437400
-0.902002
1.105759
4.578643
9.937197
12.015568
18.273538
22.511788
29.216290
34.780391
39.854834
48.505681
48.811103
52.597236
62.997390
58.556649
60.095993
73.098426
75.287002
81.611679
93.016073
127.945264
161.229353
184.208318
171.614180
179.725536
169.593575
159.334352
156.990334
153.088284
145.284284
131.630634
127.867581
121.420612
107.433545
110.786402
96.810072
98.641202
89.297729
82.042732
77.061569
83.016744
72.106446
64.782144
64.084490
47.565044
46.657389
38.167800
32.563310
31.259291
22.580837
17.682588
15.111529
11.021402
8.625445
4.008948
1.350260
0.103049
-0.715270
-1.182615
0.323430
-0.025968
0.539778
1.990478
3.032002
7.808087
13.432505
11.581512
19.893096
20.195969
31.081796
35.098017
33.319434
40.809068
41.123606
48.423250
52.411215
64.652291
73.475426
73.809385
89.446188
96.352974
94.163619
99.270752
107.765306
118.685098
114.266128
119.351244
122.180781
116.970437
127.055427
122.067441
124.098656
128.587275
122.710787
119.120595
113.383053
123.414915
109.795670
123.919462
108.026754
109.063404
107.590111
88.939450
91.315210
77.898271
77.440413
76.602990
69.419501
57.071663
46.861651
42.949577
39.695870
30.402851
25.742560
20.493915
13.400934
10.874204
7.104805
2.861494
0.371919
-1.443387
-3.332815
-4.389074
-3.144647
-2.180909
-2.629656
-0.723749
1.745524
3.784765
9.274452
7.932873
14.651468
17.114728
26.367557
32.676948
38.596248
39.405411
43.140204
42.711058
48.411946
64.271171
60.438442
64.912620
75.643873
71.171678
89.118751
91.630359
95.104820
101.002647
106.706648
109.485850
112.073632
112.073632
107.196578
112.176170
113.827151
113.617524
102.984305
111.940513
112.978978
102.101311
105.203611
101.164123
96.908058
96.251297
95.565073
77.600001
74.828573
69.910631
59.204740
61.459718
54.407786
54.983994
65.728161
73.195843
71.003334
57.662098
46.439392
35.767752
28.173557
20.006250
12.864054
8.198525
2.515326
0.034264
-1.117806
-1.683065
-0.369351
-0.026360
1.111788
1.305338
7.760077
7.766664
12.529188
12.888770
18.682195
17.823901
24.308332
30.797439
36.660579
46.171784
46.560817
55.819910
56.234540
76.795996
69.422458
84.320931
89.631185
89.371169
101.434760
99.175938
105.313148
116.209476
111.883004
122.180781
127.409342
122.067441
114.904486
117.079145
119.351244
108.782920
127.624976
117.019731
106.238885
121.392790
110.013087
107.512790
106.099578
100.435032
96.924062
95.663554
85.581324
78.092531
75.976624
69.836480
65.854150
57.534156
50.084345
41.188624
35.931843
32.777970
28.061715
17.039980
15.348999
9.829286
7.870280
3.825850
0.392369
-1.326324
-2.241463
-3.536530
-3.867202
-2.722693
-0.605630
-2.907879
0.047065
6.535788
10.229934
8.965478
14.541719
19.530775
26.237454
28.015530
36.939293
37.646253
39.503469
50.059469
52.214551
58.454686
58.550108
73.318754
75.876385
75.754985
86.776887
81.921694
90.403132
98.633596
96.349182
111.663481
104.611380
107.000606
107.196578
101.750122
106.608662
110.740643
110.535567
114.371136
115.489082
113.957977
111.989413
98.769790
103.345829
98.436127
105.942243
85.852158
84.561834
73.684015
66.115723
64.782144
60.451787
48.747994
43.771513
40.123887
36.841023
26.743352
23.066882
19.864796
17.055932
9.801099
7.285772
4.643377
1.713226
0.041220
-0.866043
-0.514281
0.338727
0.452364
1.717810
3.411613
3.114194
9.579456
13.593953
17.205342
20.050043
22.895540
31.081796
33.632097
43.114464
28.956814
3.483901
-0.104786
-0.109876
7.972703
14.600399
30.416874
31.191827
55.169868
56.833281
65.202047
73.710017
79.150975
104.511895
104.706155
110.004057
109.902295
107.302064
122.067441
119.462269
108.681158
120.253997
124.106136
118.213872
108.840083
121.730891
105.648291
103.307644
105.473193
99.794480
91.692025
92.293588
78.578181
81.709857
75.351903
64.473841
59.259045
51.855118
43.615462
40.036331
31.438471
24.196268
20.594426
14.094085
12.042101
6.910901
4.037977
0.965493
-1.054258
-3.011587
-3.122879
-2.907613
-2.091160
-3.093970
-0.693682
2.503999
4.602800
6.119592
9.933969
10.778974
14.291802
17.768416
26.545321
28.723188
42.766737
42.921218
48.090595
54.144484
58.124059
66.824510
66.860384
68.910016
80.258512
89.291966
91.457144
95.460352
103.271436
109.385588
99.271706
112.176170
109.586112
114.456030
124.282782
118.988752
120.906689
114.906582
111.835700
110.682754
109.215370
105.101073
108.159970
100.897030
98.231052
82.305666
87.305439
84.365862
75.023521
73.159179
59.435976
58.525908
55.861608
40.630238
36.236615
38.065563
27.585046
23.126180
17.956836
14.376941
9.801099
6.365864
3.800200
1.283243
-0.139595
-1.304107
-2.327870
-2.947690
-0.506329
1.147797
2.058645
5.483190
9.655483
11.644146
11.860279
17.683413
21.619518
31.188058
29.373072
36.819973
46.171784
46.741053
56.027934
62.211186
62.843228
69.651323
77.991771
85.143387
91.666156
98.975484
91.821300
105.512039
101.356671
116.861728
111.778927
114.798093
125.139558
111.987082
122.180781
126.819484
125.875711
127.985838
126.903251
96.661082
50.003401
42.092889
43.605036
44.937105
54.816750
52.852820
57.074083
53.035158
54.357821
63.924952
60.512292
61.053765
56.364259
48.849874
42.402118
38.679795
31.964846
26.630234
19.283534
15.286604
12.294871
6.353487
3.421723
0.509560
-0.942620
-2.391928
-2.890224
-3.785787
-3.729330
-3.787387
-0.693682
3.387827
2.796132
7.146009
5.638430
14.541719
19.599304
20.695768
25.308193
27.326637
34.323955
47.023233
52.420544
52.399272
60.740154
65.093461
62.554448
75.876385
75.830213
89.465180
86.814928
88.045764
108.683756
111.560944
106.902620
107.294564
116.941274
97.149129
114.560843
117.048363
108.382971
117.676375
106.879044
108.279739
111.693909
103.269621
98.867776
105.589832
103.019694
89.202019
85.852158
84.561834
80.936356
73.439482
64.089287
62.040340
47.054376
44.836118
41.300384
37.764650
30.575280
22.888989
19.568306
15.000528
12.544910
6.443497
3.836740
1.900100
-0.153621
-0.915064
-1.276288
-0.757136
-1.450927
3.454740
2.017745
4.652200
7.870220
11.616488
14.950120
16.435445
23.020198
21.598980
32.267808
38.480290
42.571069
46.801131
46.672217
58.385545
64.948183
67.019423
76.145789
82.899349
82.985908
91.896288
99.081124
88.479458
113.840556
102.020372
114.691700
117.187854
119.795342
122.067441
119.573293
124.445623
121.274059
115.448516
124.224108
112.948219
116.287089
114.246964
114.499226
111.954799
100.647818
99.359646
94.051450
84.230629
82.630244
78.356266
70.710650
64.379027
56.364259
48.026950
43.948404
39.003475
30.597558
24.397345
20.509856
16.823444
10.978526
9.253508
4.409896
1.222019
-1.041114
-2.356550
-4.220416
-4.458020
3.170059
13.081925
22.757974
27.901428
28.129422
33.869234
32.695714
35.978965
33.503313
32.793124
38.306442
39.858599
48.014920
44.705496
50.121043
57.935710
60.534951
65.022784
75.631281
80.332528
87.213395
86.945549
91.716966
102.984305
98.542437
108.984541
104.419960
107.098592
114.875283
111.971094
111.868557
114.351217
115.763294
105.334845
119.008801
110.577941
109.529809
107.538358
99.063748
105.375654
96.050773
91.224875
91.668643
88.079826
75.205838
73.252613
64.435715
61.862574
51.457992
43.698560
43.878908
34.405740
29.624094
23.644325
20.011473
15.000528
10.041583
8.657647
3.998073
1.262111
-0.227855
-1.138032
-2.841984
-1.512311
-1.953793
-0.626185
2.758026
4.707256
6.935019
8.698664
10.707524
21.233432
17.759322
21.672823
30.991439
41.514226
42.744357
46.680974
56.027934
58.385545
62.843228
71.529862
71.711110
82.899349
85.038135
84.817091
96.568584
98.141061
113.414983
108.782920
114.266128
124.676935
112.091159
114.691700
116.970437
121.954101
121.274059
115.122390
114.470139
113.165636
118.547178
109.686961
110.136218
107.471632
100.328639
97.456027
91.796102
88.049323
82.426721
72.912329
67.154015
59.486144
56.274076
45.197440
44.031640
38.044454
33.092387
27.311253
21.640428
16.306881
9.858196
7.491510
3.407322
0.849191
-0.747154
-2.665526
-2.987102
-2.475328
-2.073210
-0.594892
0.769224
0.872588
7.352059
9.068353
11.168250
15.599362
19.462245
19.417283
34.053411
40.371800
36.083112
44.876563
48.505681
56.338679
58.851437
60.901318
63.083450
69.334077
73.609094
77.936608
79.742089
88.538098
101.282950
139.179976
187.037459
194.868641
192.196656
189.529222
180.053503
166.491395
158.459690
152.240932
146.377755
132.562267
123.325019
111.989413
112.533650
105.161476
107.174905
97.161850
85.565027
88.284901
80.838370
76.918934
69.421801
64.936947
54.225013
46.269869
36.170490
34.405740
30.301676
22.533201
17.052941
13.402066
11.281176
6.410325
4.380137
1.247949
-0.453261
-1.561811
-1.108402
-1.568670
-0.521005
0.570373
-0.039670
6.364766
5.312868
10.821237
14.057869
15.346757
23.103304
33.906673
29.511624
35.367550
35.938429
45.112626
54.022693
56.569669
68.935922
73.880027
71.711110
87.296964
82.486494
97.184834
103.920906
100.598155
111.154464
111.362619
107.003727
114.585307
114.691700
109.495250
111.987082
121.840760
116.426893
110.425924
114.470139
105.424794
111.535007
109.469544
100.743771
107.471632
103.918851
97.136848
87.114558
86.191893
72.957897
65.617957
65.472723
56.516982
55.444249
45.197440
45.342265
36.771016
29.608822
23.619093
17.502081
15.139775
8.598176
6.838486
3.365769
0.742663
-0.793311
-1.855624
-3.009731
-3.254009
-2.037310
0.653840
0.041166
4.154027
4.568279
5.074587
7.772288
15.539936
16.817598
28.607726
32.375778
35.287088
41.114585
50.313506
57.743059
56.272554
60.671753
60.901318
67.355123
82.560323
73.609094
92.260564
91.890180
95.727001
96.349182
104.324250
111.971094
107.294564
109.786635
114.665657
119.426210
119.426210
113.617524
119.901925
112.150139
108.279739
104.472762
100.435550
98.965762
105.696921
91.499066
99.378665
83.250100
74.395537
72.972950
69.150981
62.236484
50.556097
46.762566
43.333798
37.141783
34.063735
33.326175
42.311759
41.810604
33.328510
24.492024
16.098408
8.969708
3.626245
-0.765494
-3.621007
-6.904812
-6.517147
-3.015352
-3.056066
1.381858
3.995479
7.994487
8.001945
16.333798
13.102060
20.675947
23.071283
34.110278
45.038052
41.086304
50.279549
52.544394
58.454887
68.857318
67.315315
71.787399
78.249711
91.758654
89.976087
108.760688
100.692969
103.831985
114.159735
122.067441
109.291727
119.795342
112.091159
124.676935
117.079145
115.774642
112.883018
116.464609
120.166359
113.800023
109.795670
107.621498
100.330434
95.960986
97.030455
97.479435
82.074862
82.019676
78.152743
62.195899
61.324314
56.724990
45.433253
45.085611
41.406899
31.586417
23.619093
17.559844
16.371591
10.010643
7.438378
3.282664
0.871821
-0.722249
-2.415463
-3.669436
-2.448275
-3.124594
-2.450157
-1.411093
4.961831
6.407320
14.139109
13.252170
16.730213
23.381250
25.977248
31.147441
35.136503
41.059839
46.667446
44.563611
56.470929
62.761122
63.202593
65.049422
78.104456
85.258924
87.282874
106.477997
93.362502
98.998230
109.485850
109.385588
119.644940
112.176170
109.586112
119.535575
114.141590
115.870384
108.082185
111.730886
105.976688
113.629883
109.766306
105.546907
98.657579
98.025976
92.942658
87.207453
76.528271
73.061834
74.654050
67.183882
58.272914
55.428572
44.459976
41.929647
33.995334
33.025261
21.725502
17.245132
13.694823
9.107216
6.892177
4.206666
1.039957
-0.502542
-1.249970
-2.058895
-1.181975
-0.028839
1.188307
2.821953
3.205520
3.543424
12.948826
16.368404
17.925651
20.639025
30.286006
28.119546
24.189248
5.078446
-3.709492
-0.105961
-0.109876
20.286729
31.664037
37.000373
44.844737
55.280762
78.119337
87.147688
90.855633
113.840556
104.511895
109.495250
119.906366
114.478914
116.970437
126.819484
126.701512
120.594018
122.363819
111.180730
124.858365
111.100173
114.586985
107.404081
98.301498
106.426487
100.810167
95.011303
91.750045
81.917915
78.050982
70.225000
59.222542
58.089148
45.276045
41.660249
36.024789
30.239273
26.011507
17.617607
15.259932
11.033974
5.858931
4.116051
0.839532
-1.102562
-2.017316
-2.747749
-2.013893
-1.554184
0.034882
1.474102
2.497044
5.444232
9.006524
8.818804
13.058882
18.073748
23.056850
25.230560
28.928647
41.114585
48.396978
44.727851
54.591432
58.785312
67.335177
69.888515
80.742806
75.980670
92.082798
94.393756
95.460352
101.282950
98.998230
96.971363
117.048363
112.176170
117.369631
107.000606
116.620007
118.660657
107.781400
109.407654
113.086067
111.372642
109.659217
105.756533
93.987535
95.950512
86.707175
87.501411
76.261622
73.150716
71.194860
67.183882
61.418159
52.597702
47.309441
40.924242
34.773054
25.913181
21.383369
18.133096
13.904706
11.442008
6.721992
2.763316
1.183591
-0.409655
-1.715432
-2.182783
-1.181975
-1.514626
-0.034450
3.537545
3.168990
6.238937
7.854783
15.305306
13.076718
16.695593
24.599201
29.696360
30.663904
39.476537
50.473679
46.614455
60.693517
65.170102
67.537233
78.574420
78.249711
96.547234
92.437385
101.500865
107.867068
108.782920
104.511895
112.195236
127.173398
111.987082
116.861728
119.573293
118.907146
128.466988
124.813966
121.438573
120.628982
130.288273
121.730891
113.920947
118.434482
95.045133
48.296329
28.414915
23.232976
26.057768
29.976973
26.694124
26.406417
27.198312
30.444220
28.000182
29.949265
28.284834
21.207701
18.780685
12.449784
9.807381
6.860085
3.333987
0.941685
-0.883706
-2.256023
-3.750979
-1.669338
-2.109110
-2.477082
1.525578
0.046808
5.568277
7.129950
6.712255
13.335660
16.966163
19.449272
29.942174
32.361282
38.098008
41.609175
48.861468
52.953436
59.182063
63.681400
63.347951
78.423576
74.119762
80.449119
94.660405
88.456042
93.968752
104.515670
107.196578
107.588521
112.278707
102.404164
119.426210
111.971094
108.583494
117.785740
107.179830
113.300245
109.320183
102.467526
101.364647
100.794492
99.782180
96.742597
91.053417
80.260198
71.104465
72.878875
67.183882
57.851258
56.885126
46.830762
38.306901
33.790131
32.724348
22.843866
17.962030
13.694823
10.340171
7.923059
3.739356
1.278913
-0.574462
-1.723285
-1.428506
-1.238596
-0.029100
-0.034972
3.583338
1.575408
10.842056
9.009331
15.305306
18.029468
23.186409
24.682306
29.788728
35.469181
42.859883
43.082399
50.664174
60.478545
65.170102
75.910881
78.574420
85.231254
96.547234
94.718611
104.020352
107.663545
108.782920
109.291727
116.861728
119.573293
116.970437
119.462269
117.079145
109.189966
121.160719
114.796265
114.252722
110.542371
111.535007
114.360304
102.516055
107.027534
99.796674
87.902663
93.200305
81.783472
73.138262
68.989853
71.899344
62.344086
53.555204
50.347947
36.542972
37.808641
28.083757
25.796536
16.578684
13.176556
10.466861
8.086770
3.377855
0.823974
-1.020249
-2.890707
-4.315613
-3.745080
-3.681923
4.448190
19.153221
29.039859
33.314613
36.432730
41.153665
43.489520
42.955408
47.122413
51.936671
50.180627
49.924533
50.568905
52.484394
66.343397
61.355764
65.305492
72.144022
76.263905
78.744032
85.419981
89.559819
103.271436
89.112488
97.060246
99.818657
114.665657
112.381245
109.686374
106.902620
121.799814
118.770022
112.779019
107.280091
110.787568
108.796117
109.766306
107.517435
96.418128
91.499066
92.742135
89.232973
68.610656
74.750045
67.380359
58.717957
60.795978
50.580414
45.494829
33.003537
32.599728
30.461761
22.843866
18.500944
14.015092
11.223023
5.783621
3.015277
1.096464
-0.588880
-1.982249
-1.192941
-4.455003
-0.029100
0.587855
1.426869
0.773609
6.319336
10.085797
14.417558
14.382319
25.955450
23.463651
34.216541
42.175089
46.358967
54.155714
48.843799
68.296542
65.170102
69.651323
74.045198
82.899349
80.758233
97.279649
96.846079
112.883018
108.681158
104.414765
117.079145
119.573293
111.987082
112.091159
114.478914
114.159735
108.782920
117.685878
116.686658
114.910268
115.720387
118.797414
104.690754
107.027534
94.943372
100.144021
72.664692
83.335616
83.886234
70.391467
70.127870
63.241253
55.823162
53.949435
40.127706
36.236997
29.809331
21.387937
19.772574
11.785477
10.257714
5.401852
2.982003
0.519083
-1.047171
-1.645082
-3.236027
-2.115150
0.030393
-1.882439
3.774296
0.046936
3.738610
8.213772
11.259793
18.331517
16.995876
25.107107
28.622677
39.088966
33.046182
43.742415
52.931341
53.199731
61.560967
61.694821
72.369707
78.742695
78.589024
94.804935
87.635485
93.362502
89.358655
97.060246
97.326895
95.094645
124.738448
155.065439
184.545387
196.645301
175.775823
184.133681
178.063106
163.863016
159.471593
149.858842
135.607625
132.516470
109.017986
103.267486
89.533758
80.073329
76.803123
65.525404
65.951193
58.104252
53.719025
44.234291
35.575363
37.899440
28.499965
22.720719
18.133096
10.724967
10.861412
5.036884
2.946748
0.891392
-0.391782
-1.324595
-1.164761
-1.224441
-1.033325
1.197310
2.119996
2.406297
7.118972
11.023977
12.063019
21.607406
23.269514
23.345941
37.256906
37.138761
44.698385
46.921288
54.424847
62.802970
65.244074
75.994116
75.983949
78.492471
87.603671
101.931989
89.829016
105.710931
101.356671
109.189966
119.351244
116.970437
122.067441
116.970437
124.561279
116.209476
115.557225
117.241780
114.035305
107.823993
108.733689
109.034710
100.642009
97.792690
97.624426
94.085801
94.902594
85.479563
79.656120
75.976624
59.846407
60.693034
51.606081
48.764323
41.424436
34.108753
28.846065
23.101415
17.963464
13.070293
11.535067
5.692721
2.732179
0.812269
-0.651318
-2.474377
-3.077620
-2.955020
-2.091160
-1.225306
-2.157101
3.332440
3.710916
9.088963
12.228549
13.260175
20.791477
17.916981
28.405839
30.834430
41.278824
48.827994
52.484394
58.688122
61.082160
57.140452
69.961468
76.186401
85.511918
85.255870
94.571522
93.275894
94.315180
114.560843
109.786635
110.087421
114.665657
117.155453
117.262541
106.804634
116.405829
110.330492
111.940513
110.577941
108.691303
104.895998
98.671804
98.256532
89.510209
84.048221
89.634020
72.187575
71.104465
71.012543
62.152153
51.681901
53.972019
38.749373
37.953516
43.463791
50.078740
49.996072
37.913522
27.843160
21.532903
12.144243
6.643632
1.838235
-0.829455
-2.510367
-2.957530
-3.246190
0.485144
-1.280941
-0.040583
4.858659
4.441965
11.976046
14.387584
16.726052
23.269514
30.235190
34.322803
37.510680
43.090933
41.495525
58.472148
56.569669
73.580283
71.608466
78.158242
78.573391
87.340069
96.995205
96.661082
100.503341
113.840556
108.884681
119.018171
129.549575
114.372521
127.055427
121.954101
128.707563
115.883351
117.019731
116.020512
119.703736
123.174340
111.690560
114.267914
113.606663
105.859786
85.712283
86.517883
81.492082
75.946392
77.236891
66.229029
61.604096
50.170445
50.863107
43.282520
32.867872
30.698742
22.842575
18.219137
13.920798
10.094942
6.050114
2.991795
0.484477
-1.258308
-2.241463
-2.567052
-2.115150
-0.508987
-1.247424
-0.708716
4.234576
6.503671
13.430308
10.140068
15.866779
24.936424
27.796927
28.796148
37.673881
36.658142
47.438319
49.157958
57.198306
57.400815
65.800230
72.444936
76.728929
83.696811
85.666148
92.323216
91.330776
106.804634
99.818657
102.310729
107.784493
107.392550
112.381245
104.707091
114.351217
114.036777
112.988645
109.715266
110.787568
104.573023
110.087573
98.573818
111.979812
102.484249
105.372661
89.132711
83.973919
72.528535
76.135046
63.656251
59.499108
55.082144
46.591422
39.321409
32.467478
29.480863
25.171595
15.510256
14.069838
7.724433
6.040499
3.599519
0.617915
-0.614483
-1.971467
-2.332033
-1.266907
-0.029492
1.224317
4.390686
6.493533
7.302925
12.031363
15.466755
18.098679
23.394172
24.848517
35.652488
42.355324
46.421362
50.667809
59.918027
60.693517
63.129856
25.196716
19.509861
17.751442
29.854237
23.579581
28.902929
51.361398
56.691070
67.136270
79.742757
86.989078
106.904281
111.883004
114.478914
116.644311
116.318185
116.908707
118.440553
107.719916
122.813478
100.042518
93.392255
102.243714
95.045133
93.669492
88.634166
84.970756
79.656120
68.448756
64.390529
62.861995
51.356374
49.732876
41.997518
33.822125
29.594359
20.159163
18.281531
12.698375
8.972482
6.453562
2.939172
0.549316
-0.834501
-2.710032
-2.585129
-2.193906
-2.677690
2.010155
1.534938
0.891819
11.221817
10.367249
9.038816
18.400046
14.467933
21.004149
31.770390
31.224739
36.849819
49.259010
49.513745
59.577336
59.578814
68.356512
70.472136
79.301154
81.534989
94.987252
92.929466
98.633596
101.843557
102.217295
102.217295
110.087421
107.490535
112.483782
117.476720
112.176170
116.620007
108.382971
114.692404
127.746837
121.188228
107.433545
103.357933
100.589417
95.850250
88.340626
79.194761
80.260198
68.982987
74.079788
66.910406
56.126097
50.660194
44.159063
39.248456
35.746735
26.291997
20.984212
17.733940
14.483668
11.803619
6.122682
3.015277
0.927679
-0.586299
-1.455189
-1.183548
-2.049086
-1.542937
-0.657983
-0.041105
0.775794
3.579954
9.030042
14.237714
16.855211
22.011887
26.189343
34.429066
35.723258
39.742193
46.861210
50.851357
62.581051
65.392020
69.956476
71.863687
87.477330
83.152379
99.364004
106.544170
97.863565
115.992059
108.681158
114.266128
124.561279
116.970437
126.819484
124.214312
117.907927
125.167881
107.256499
116.353585
114.799243
110.339213
106.712222
113.689635
117.698864
103.141680
81.074350
46.330471
30.829314
22.126644
21.075628
24.742936
22.943450
30.021440
24.873295
26.474847
27.495019
20.885148
21.267780
16.924455
12.144891
10.534950
5.702872
2.158138
0.548925
-1.060447
-2.824188
-3.213397
-2.624118
2.224704
0.677878
1.544297
2.545732
5.595843
11.322730
12.379519
14.569156
16.995876
25.024923
27.038423
37.673881
38.148203
43.578175
52.867492
53.261305
63.609245
63.749801
70.180326
74.476102
88.166073
92.882744
97.266217
96.260299
94.055359
104.419960
102.404164
100.000975
112.483782
112.381245
119.644940
121.911454
113.512711
108.182447
102.314333
108.177202
108.900930
109.766306
91.432067
96.124171
97.820901
86.146568
87.109468
78.031754
70.498216
67.293751
58.239278
56.126097
48.749996
40.992625
37.670809
30.839370
24.177462
23.049716
17.505851
10.272957
10.336706
5.115653
2.591104
0.876969
-0.566239
-1.225533
-1.837261
-2.095922
-1.585403
1.867777
1.413366
4.052721
7.339715
7.075083
13.331303
19.420622
23.601936
26.277079
34.535329
37.563811
46.483756
48.917134
54.558899
60.908488
67.362670
75.827645
76.226709
80.738546
94.530029
92.798116
101.500865
108.172352
108.375874
114.266128
124.445623
121.954101
116.753020
112.091159
114.372521
121.160719
120.140657
111.712695
123.634250
112.513385
110.774047
113.906943
109.025974
104.468949
103.141680
95.966524
94.141634
86.904473
81.307346
73.624550
73.894822
61.604096
57.071663
47.361065
39.593687
37.494224
30.550797
25.151623
18.343925
15.099421
9.117982
5.746740
3.346493
0.519083
-0.837294
-2.473471
-3.236027
-2.583539
-2.171934
-2.530932
-1.464174
-1.618997
6.519729
23.716705
43.908207
52.618430
55.129145
66.821808
67.879913
73.519482
69.645164
76.376836
77.270295
80.820804
82.042732
82.927847
76.748199
81.317196
90.482903
95.169569
102.218622
103.462856
101.563254
102.030426
107.392550
114.770470
112.278707
114.875283
117.048363
109.485850
111.458406
110.740643
117.129552
110.473128
109.215370
107.433545
107.838703
100.794492
91.116225
96.847410
78.839229
77.849437
72.439652
68.617683
71.431723
52.702698
51.777145
46.352083
37.529455
33.174521
28.933655
20.642078
17.505851
13.796106
8.586803
5.984742
3.651485
1.095445
-0.629154
-1.455189
-0.638090
-1.295218
0.493886
1.888228
1.440373
5.724386
7.321320
11.125347
13.275986
21.898275
22.286545
29.196942
34.535329
38.979314
39.901587
48.979528
50.913751
61.195116
63.559798
74.203707
78.990598
81.071489
92.313646
99.558264
99.460381
97.771066
103.929115
109.189966
104.609025
109.495250
111.883004
119.462269
126.819484
126.347597
127.264114
117.352805
120.975950
117.307151
115.607047
106.605828
106.860538
102.030928
103.363729
98.272560
88.125359
79.264899
71.695337
71.869370
64.390529
56.806159
51.439610
48.336566
39.669976
33.463840
28.499358
20.043638
18.636435
12.751506
8.875482
6.207988
2.249358
0.331900
-1.301031
-2.241463
-3.258656
-3.049834
-0.506839
0.036805
3.046275
0.884607
8.429447
8.268774
13.636291
11.108733
18.457615
25.271474
25.696355
29.462841
41.771542
43.742415
49.039362
59.166929
55.354813
65.870907
76.987539
76.728929
86.186568
85.912315
94.927054
96.349182
96.526948
102.310729
99.909816
122.804579
155.065439
177.392896
185.050991
179.233587
173.142834
160.044931
160.851528
152.111292
142.004190
135.557645
112.087088
105.054386
104.333887
84.139380
95.095102
81.640904
72.528535
68.795449
61.477503
59.152680
48.827500
39.604222
38.591884
33.106120
26.045702
25.585052
19.346437
13.275058
10.336706
5.854639
2.809690
0.631056
-0.937280
-1.323575
-0.642852
-1.700175
1.030767
2.520580
1.435871
4.109963
4.545001
12.169654
18.912174
16.919790
23.560383
24.973175
30.158201
40.838190
45.118934
47.161602
54.894027
63.098861
63.631455
67.907098
80.931666
85.406989
85.465892
92.707933
96.938578
100.598155
108.884681
105.810377
109.393488
104.511895
116.861728
114.585307
121.387399
116.535602
115.883351
114.578848
116.353585
119.703736
118.084555
109.143419
101.787515
101.818142
103.252704
95.434559
90.026790
81.006431
86.640741
71.584926
70.507103
53.569088
55.642796
43.026666
42.949577
32.798531
25.456876
20.043638
17.362679
14.849844
9.451673
6.402746
3.026909
0.329716
-1.451367
-2.341083
-2.675519
-3.948616
0.030650
-3.217729
1.539617
1.745524
7.443730
8.268774
9.093819
11.088123
21.120340
23.833175
28.752780
31.138004
41.826289
45.617853
49.157958
53.446026
63.609245
74.434584
83.575895
72.587759
86.017905
83.449705
89.897144
103.654277
94.228573
114.560843
99.909816
107.490535
112.586320
117.262541
109.786635
116.727096
113.827151
112.988645
114.585315
108.279739
106.741675
107.223918
105.232467
102.612137
93.282579
87.862074
90.745804
69.829399
66.629226
65.103748
66.545772
47.706934
52.875712
39.467420
39.795816
31.806226
26.045702
21.228648
15.108696
11.410889
8.456700
11.469054
7.110641
2.055558
-2.852255
-6.846721
-9.637016
-9.984299
-11.117418
-12.818837
-11.861069
-8.336973
-1.909508
1.985014
13.358961
10.914752
20.934396
25.014728
25.621680
40.780427
43.437509
49.104317
55.028078
61.123459
65.613939
74.284627
65.597062
78.654311
85.636995
97.564092
99.365567
107.867068
108.579397
109.495250
117.079145
122.067441
121.954101
116.861728
121.614080
121.160719
122.826442
131.914266
120.975950
119.472424
110.339213
111.357486
113.573980
106.472412
100.881566
95.434559
95.925093
84.563710
73.536421
75.081611
60.228216
59.430475
43.639140
42.721512
38.830803
34.249440
29.021103
21.807218
17.122365
12.752834
9.351104
5.680641
2.534715
0.221528
-1.384473
-2.465609
-2.417744
-2.272661
-1.083754
1.385188
2.337066
2.608332
5.761237
9.439331
10.284337
11.108733
15.803830
22.472335
27.243882
34.597619
45.540786
43.742415
51.290945
63.395741
65.876127
72.621218
79.347859
77.193952
88.685716
83.768824
102.410043
98.724754
106.804634
114.770470
107.588521
115.189723
97.860193
109.786635
117.476720
106.902620
125.835906
108.382971
117.020187
118.115676
101.807353
112.098778
105.546907
102.716950
91.307646
86.053134
86.717524
79.793025
70.671430
68.617683
69.868534
60.084914
58.957142
44.874798
34.980236
30.711671
27.838713
24.003451
17.163717
14.824474
9.392151
5.854639
2.672632
0.788084
-0.566239
-1.290894
-1.592433
-0.447624
1.030767
1.242321
0.697122
4.087066
8.222309
11.201374
15.595913
15.886291
27.353946
29.196942
28.733701
42.355324
45.179012
54.294397
60.583783
68.943902
73.829990
63.586158
28.295583
24.632887
20.690394
26.026723
38.767400
41.630325
64.283967
66.949087
74.680799
82.238911
94.281584
109.597011
113.734162
108.579397
115.339808
111.819088
116.131536
114.577194
110.121796
118.325528
112.995701
112.780862
100.772857
95.221773
90.026790
80.617912
78.562216
69.651478
64.029798
62.861995
47.869985
47.028122
42.866341
33.535497
29.021103
23.190883
16.924455
14.238598
10.202267
5.308058
2.511160
0.242239
-0.950441
-3.046315
-2.747830
-3.561332
-1.627874
-0.622811
-2.230790
2.552688
8.408837
7.274476
9.057150
17.242036
14.467933
25.148199
33.379678
41.113090
38.298788
47.201127
53.122890
57.198306
61.766170
68.356512
72.670621
75.002701
83.860923
88.547844
92.583038
93.795537
104.419960
114.351217
115.189723
112.278707
114.875283
107.588521
114.560843
114.456030
111.048255
120.236846
114.585315
103.571099
106.741675
107.223918
103.050320
102.716950
90.924804
100.506124
95.309280
89.300859
77.908201
67.120537
59.818604
57.513933
48.749996
42.239510
38.810741
32.832516
25.799407
21.287946
16.423935
12.548751
8.809207
5.588489
2.672632
0.713114
-0.721917
-1.677744
-0.969644
-1.728355
-0.552804
-0.036147
0.694937
4.941242
9.187747
8.075526
16.818275
12.158221
19.655927
19.406095
30.250569
32.790693
43.437509
49.041922
52.932653
68.862982
63.774770
65.637853
85.222759
76.403325
96.935754
88.032436
94.241041
107.867068
108.274113
111.362619
116.426893
106.904281
127.055427
121.500740
