1.864051
-12.236843
1.695196
0.128013
0.100846
3.685413
10.572166
10.189783
8.657484
7.962629
5.797195
6.262009
3.698980
1.657943
0.139001
-1.554650
-2.816520
-3.900632
-3.287117
-3.967210
-0.719114
-2.363869
-0.076137
2.792196
3.084712
13.874254
9.955652
7.992173
17.546851
27.076092
28.736965
40.869012
42.386556
48.192104
54.212527
64.812470
72.883971
82.029687
84.390254
96.152144
100.512805
96.809960
102.523060
110.169509
115.397027
125.701723
122.776853
130.035828
130.035828
126.866667
126.273832
125.206729
143.818244
127.075341
123.147313
119.041246
120.056645
112.875763
108.963053
103.259140
97.013094
92.453137
86.020375
76.235085
73.865661
65.853691
52.142464
54.213947
40.524172
35.848306
30.393129
22.461585
17.213898
12.160543
8.129801
3.331408
0.054613
-2.351716
-3.933390
-4.837371
-5.431032
-3.915026
-5.889403
-1.456407
1.780412
1.033653
4.209736
9.016637
15.855964
19.842392
12.664146
-11.641172
-17.412793
-15.123659
-10.617334
-9.171525
7.882661
18.253116
29.364707
49.611206
62.036340
72.865910
75.082926
77.152140
95.512350
86.950920
104.296630
109.963563
105.265929
115.482386
122.547053
102.670491
117.662468
114.739393
111.315238
111.003721
104.790060
105.902120
101.912302
109.746007
100.825316
100.308320
93.477496
88.497047
89.047132
80.243850
79.684108
72.389794
62.011461
51.589627
53.726183
42.788400
40.768760
34.724768
30.214128
21.930201
15.871688
15.138277
8.186064
5.520943
2.803431
0.836479
-0.469420
-1.117296
-0.587011
-2.364450
0.449228
0.553216
1.348452
5.524460
6.171611
7.859726
15.155600
17.811615
21.591349
27.331602
26.672559
35.482048
39.456127
46.575673
46.542079
64.119893
59.033943
67.127729
71.712049
78.302623
89.763017
94.622164
94.117857
102.331607
103.001693
108.618969
111.503032
109.020147
109.321030
116.361348
108.518674
113.146709
114.861294
107.315140
110.944595
107.297306
114.954500
103.912209
106.396702
94.776018
100.182192
90.265071
85.072993
81.250589
73.445661
74.819714
61.767621
54.630254
51.694296
41.515206
37.797426
32.774060
28.967699
20.800550
15.673690
11.436379
8.912490
4.253842
1.120124
-0.989318
-1.757419
-2.967071
-4.108253
-2.521887
-2.431580
-0.662640
-1.553207
1.891086
6.058189
9.901059
11.966298
16.760297
20.467896
26.120278
29.674288
38.763739
37.397378
44.381529
55.737036
63.702246
62.157335
66.084455
77.011363
81.616158
86.354803
90.963870
99.831676
101.156457
109.252810
107.469351
122.320951
115.057819
120.050538
114.420967
124.812550
121.642647
135.749362
110.796043
70.676169
53.159982
52.295178
56.087158
57.144107
64.713914
78.208559
75.798306
85.007569
73.332493
77.931682
67.367649
61.926045
64.346483
49.458999
47.955726
35.840522
35.011158
29.866010
20.415503
18.685733
15.621513
10.631996
4.769737
4.322554
0.994766
-0.448457
-2.349212
-1.682932
-2.392268
-3.513815
0.546977
-1.455596
2.293590
6.108474
5.791625
12.922100
15.304575
16.454630
17.634173
26.590741
35.482048
32.697098
41.130658
48.410293
48.761078
60.734396
65.306683
75.751010
73.516125
80.615022
84.728797
93.940108
100.170164
95.628719
98.633123
101.478357
109.020147
116.682788
111.708189
109.120441
110.990139
110.477245
116.762460
118.529373
109.581381
119.655017
108.968224
104.547978
108.475044
98.570812
95.424935
87.456824
81.936661
68.839138
66.744580
64.722290
55.641926
48.400909
45.194160
36.297078
27.659453
30.858569
23.760738
17.021147
11.796461
7.857097
4.638641
1.910441
-0.586262
-2.369346
-2.462468
-3.060590
-3.453498
-3.552723
-0.633283
3.258543
0.078825
8.833503
9.628937
10.549966
17.845955
21.639131
31.539894
27.869962
35.211817
42.328884
40.442283
47.899358
59.454842
63.936531
70.411840
70.353293
77.014727
88.507758
90.700715
107.019017
101.156457
103.715050
109.252810
117.554023
114.739393
112.561304
117.228689
119.164556
119.386052
121.190444
120.512139
116.395863
113.107792
109.007730
116.622448
107.468669
102.533074
104.213613
85.826853
91.066664
87.432304
79.783341
76.111719
67.027313
62.503431
58.164198
42.714499
46.929287
36.958595
28.806401
26.634255
18.625650
13.718854
9.576848
7.382340
4.210112
1.222759
-0.508251
0.985521
4.789494
11.291727
12.842339
15.623860
17.410607
20.417544
19.467583
20.393963
27.026268
22.503551
25.512527
31.188132
32.579426
33.671532
37.734082
48.311844
52.210933
56.590704
60.802714
65.236081
67.424738
73.666465
85.401925
84.974863
89.448611
97.630383
100.917703
99.271230
101.758683
111.605611
106.733282
118.951072
111.503032
113.461296
107.616023
107.315140
113.575533
109.581381
110.896865
108.968224
97.716329
95.266070
92.619790
83.136237
88.158886
72.908874
78.408288
70.829276
61.652159
59.012518
51.426628
40.524449
37.025935
32.406235
27.327062
22.187254
17.786142
13.768261
8.023855
4.924001
1.853380
-0.000000
-1.432221
-2.880093
-2.578188
-1.855205
-0.522144
1.443577
2.404767
6.171471
8.749773
7.444949
14.004204
16.308130
22.787169
24.164632
23.143665
34.823273
29.989331
43.937714
49.508179
55.632172
61.464388
63.889702
65.899248
74.526817
81.375071
90.700715
104.095429
103.521190
99.063784
104.587420
104.878209
112.249787
119.939790
107.072419
124.466490
121.868748
123.543662
127.637094
116.506611
112.890902
120.598032
113.955193
105.186622
109.207060
92.782865
96.482986
91.378180
83.653428
80.180273
74.442204
67.027313
56.848729
53.811598
50.964328
42.000896
38.232591
28.806401
23.207518
19.152441
11.890096
7.158551
5.372729
3.371851
0.890924
-0.579258
-1.330313
-1.158221
-1.199575
-2.557424
-1.841701
2.706386
3.081528
4.295777
8.731100
8.546322
16.426510
21.591349
16.105017
22.034637
33.767054
32.394747
39.335528
50.217273
54.378420
58.835842
56.671145
71.486539
87.274538
128.469568
158.635472
159.275388
161.232458
165.359905
158.529721
164.243335
139.452055
134.340308
126.748268
123.916842
121.545672
120.316810
122.092860
114.004120
109.895969
108.637618
106.854955
107.146729
99.911641
101.575099
98.253551
84.622209
86.473833
73.473472
62.582838
60.615977
53.663610
50.607616
44.732965
42.241365
33.964736
26.677531
22.312365
18.041141
11.560441
8.453704
5.683564
2.317497
0.147443
-1.682579
-1.607389
-2.419040
-1.819182
-1.086805
1.395458
0.837961
0.935807
5.805764
6.310613
11.524823
16.247841
18.722029
29.626495
27.453371
37.966132
41.940545
42.060518
57.029528
59.039074
69.870649
76.629427
76.688126
87.860560
83.444626
95.278495
97.217302
106.179322
99.156108
114.314825
107.370118
117.228689
115.057819
112.249787
119.164556
121.755698
123.543662
122.159419
119.494682
120.198408
115.990107
118.833183
107.360224
112.123659
100.091811
105.317799
95.539755
84.050360
84.420978
72.768302
68.983215
64.630365
55.437961
52.392260
40.692557
36.063453
28.873392
23.934772
18.805898
16.220308
10.005013
8.155106
3.581403
1.148652
-0.547077
-1.682278
-2.254142
-1.220744
-2.036227
1.173895
-2.187461
3.090460
5.292114
5.818626
9.748711
15.334063
21.707223
17.663661
29.423538
35.281867
45.976157
43.144463
50.217273
52.491495
60.802714
60.948914
69.460071
66.882986
78.228279
87.340962
91.352567
92.911189
105.459147
106.439251
104.341864
109.421325
107.321344
111.810768
109.421325
111.195296
117.966196
112.622396
109.143722
117.188796
108.742481
104.630260
98.206381
108.921903
92.913821
89.973510
80.583808
73.601594
68.372124
66.674386
54.498150
55.610962
48.486042
62.594308
66.788850
64.998730
56.925204
42.974122
31.844307
22.878629
14.328942
8.744660
3.343273
0.475123
-1.575580
-2.735391
-2.307637
-3.039715
-1.047205
-0.595538
-0.681513
6.818366
7.563542
11.364545
16.958121
17.261905
27.732342
19.695444
24.195809
35.863911
46.976507
52.588429
54.866145
59.039074
65.475858
69.878416
74.188498
89.646724
89.931044
85.273094
104.095429
110.484527
108.542058
114.314825
104.587420
112.457465
109.658954
124.927904
114.739393
109.354346
121.303494
124.951327
114.192238
117.911971
111.481122
111.744459
114.200023
107.203801
106.832994
97.013696
89.453277
82.584320
78.804052
78.284309
69.172469
63.426673
60.088260
44.502721
45.867981
37.644425
25.835579
24.786903
17.796143
15.022718
10.102149
7.630619
3.162273
1.222759
-0.516977
-0.825350
-3.090111
-1.213688
-2.045567
-0.054500
1.335360
4.725102
4.363074
9.733642
9.667302
10.522095
16.366164
20.161523
29.287108
33.432727
39.194482
42.816783
51.955935
52.368564
58.637742
54.446784
69.241414
73.365786
75.620882
89.707355
91.525748
88.009679
95.984216
103.576052
106.733282
104.246137
116.897082
109.020147
111.503032
116.254201
105.557158
117.090752
108.938565
110.420282
106.374098
100.264598
100.896291
100.527113
91.227336
86.060374
82.696451
81.750414
76.155488
73.996569
59.794088
57.496657
51.509859
43.297841
38.483649
32.724157
31.496172
20.596862
16.165520
12.768296
8.731560
4.905369
2.652878
0.476591
-0.738740
-2.031303
-0.299866
-2.545438
-0.494883
1.366587
2.298047
6.799736
8.456719
12.389405
15.769334
22.037683
25.102250
22.306090
4.603209
-9.582825
-6.709359
-1.637728
7.656634
15.760485
20.470502
29.721626
39.367884
62.877292
69.225393
85.605543
91.928771
98.417515
98.786812
109.049738
109.862026
119.496800
119.718295
109.455882
117.011800
116.578021
125.304297
124.833670
124.010074
108.511589
113.848665
114.520447
111.920279
100.619837
108.893759
94.908701
97.790244
91.961081
77.026525
73.430692
69.172469
65.103501
58.441170
49.967913
42.079402
38.389604
33.679223
24.920886
20.118146
16.220308
10.847466
7.630619
3.542047
1.216259
-0.551442
-1.293360
-2.007894
-2.752758
-2.045567
-0.053684
2.751045
3.903213
5.265114
7.751316
15.092055
11.703007
16.484118
18.936557
27.816289
27.153342
32.308361
44.607567
44.509794
56.062436
60.461126
60.684780
64.765138
77.744457
87.023062
84.646774
93.940108
88.173724
100.730818
101.665241
101.852126
99.453546
99.818179
109.120441
119.498225
111.605611
110.990139
105.067106
104.479044
100.704257
106.476676
97.928189
105.177154
96.246174
88.863644
91.051624
83.163662
80.080066
76.529258
67.020746
63.730322
57.665269
51.919969
46.566937
40.973029
35.349564
27.932168
21.423626
19.379883
12.461255
9.265641
5.330243
2.761900
0.613019
-0.905172
-1.352753
-2.422967
-0.805204
-1.541708
0.056186
3.023099
4.172609
11.136544
9.189355
11.129819
21.954365
21.009225
32.010660
31.423512
37.062176
43.045864
39.679221
56.405876
50.649751
69.007079
73.859797
73.952979
82.852778
80.486168
96.898233
99.074659
100.588693
106.377788
119.164556
114.420967
132.287967
132.165705
124.351136
124.351136
129.196570
123.312954
125.186640
133.719465
122.715851
133.304817
105.188746
50.565571
40.617658
41.675889
38.118109
47.112034
47.210852
53.044629
55.774421
60.838114
57.181178
50.087050
47.273502
39.758478
35.297548
29.007376
28.652437
20.247523
15.741678
10.199285
8.029252
3.915959
1.251009
-0.514896
-1.798343
-3.064783
-3.508565
-2.045567
0.542817
1.339724
2.286941
4.318209
3.840745
8.546322
9.305192
18.867371
24.218029
24.565470
28.431638
39.299140
38.985212
46.200695
52.245633
56.035910
60.684780
64.696821
73.215446
78.073372
79.854808
94.028982
87.927657
100.824260
104.054684
101.665241
107.027313
102.132453
111.810768
116.897082
111.297875
113.251571
107.816612
106.913962
108.323093
113.917264
97.928189
98.794443
94.194857
91.227336
86.807913
87.327231
78.213696
74.658528
71.012202
63.643732
58.086798
52.248057
43.824030
39.139621
34.171281
29.444910
21.778714
17.039332
12.861617
9.140852
7.306599
2.758587
0.678237
-0.921708
-1.871537
-2.100746
-0.800804
0.046307
1.304032
1.506132
6.594813
9.201270
7.134743
13.391694
13.305456
22.275540
24.745527
28.179583
33.949049
39.295478
46.864539
50.594883
52.716001
64.958555
63.196755
67.230014
80.286363
87.191984
87.123540
96.755681
95.512350
113.571832
114.208683
121.981799
114.739393
117.228689
116.903355
124.697197
124.351136
125.892580
122.505480
114.409128
124.997981
111.698011
119.186153
114.661438
109.546212
111.185503
107.891117
100.276048
94.135570
86.717932
71.551195
74.425938
61.934493
57.163377
55.640783
46.124227
37.720628
33.453244
25.054869
20.570966
13.379019
11.816582
7.333772
4.220343
1.458070
-0.151120
1.404303
5.905334
8.581969
10.859809
12.561153
13.217057
17.315640
13.043688
16.492855
17.043830
16.299419
22.745311
22.711472
31.978884
29.846360
38.775849
38.935167
49.602618
44.218074
56.227159
62.374020
71.110690
73.290616
68.454292
80.009716
88.858469
87.845635
100.917703
98.815439
104.533317
102.132453
104.629043
109.722209
101.852126
114.300197
108.418380
105.263127
112.202946
100.991437
113.917264
95.778375
101.197174
96.344184
87.238353
93.273907
81.495390
84.680951
75.205477
72.885008
72.135625
53.675443
49.725302
42.783906
40.291046
33.339016
28.526469
20.938246
16.379002
13.448574
9.277283
5.972690
3.234330
0.734519
-0.513014
-2.084639
-2.037087
-1.594036
-0.455041
1.913853
4.389382
5.746978
8.226462
9.021896
15.412415
16.840092
20.935118
24.787186
23.677063
36.902655
41.052915
44.894814
57.922345
62.298136
60.840736
65.225286
80.119491
78.304314
84.817329
96.614352
103.797729
105.087759
103.618120
106.774720
117.011800
117.011800
122.320951
119.386052
124.466490
121.981799
120.625190
125.186640
114.409128
112.565569
120.951002
118.833183
109.750999
105.733554
100.516378
110.003021
93.935581
88.470692
82.853432
71.366547
78.014296
63.795969
58.902790
54.655881
38.734226
40.000656
33.453244
24.387592
20.025842
15.311616
12.797624
7.356130
3.660115
1.408026
-0.353991
-1.544008
-2.719298
-2.639409
-1.998865
-2.409846
2.001074
1.496825
3.429875
5.697123
9.545188
10.338925
16.159744
22.672847
25.813473
28.227094
30.272536
45.865497
46.030003
47.964514
58.043441
58.203397
71.035520
68.695570
75.245032
89.187814
76.748641
87.845635
85.877724
116.682788
161.751313
179.359097
177.350683
176.864791
177.188719
166.429701
162.888440
149.696989
129.069019
123.027218
109.476519
111.947513
114.910927
112.288951
102.753713
99.539311
83.724316
84.484930
80.858547
69.677431
69.334199
55.497582
55.504261
44.350219
40.666896
34.736095
28.049830
19.623405
19.423082
12.961707
7.956740
7.116395
3.031040
1.123869
-0.302380
-1.643301
-2.807306
-1.126117
0.045072
0.055157
1.491697
5.714325
2.739158
11.058085
14.198021
19.008346
21.921336
30.064640
30.840695
39.925761
40.831007
46.624207
46.454866
48.592714
70.789039
73.213321
71.478686
84.648153
93.870164
98.771622
106.003656
110.276849
113.465690
111.315238
106.873953
122.434002
122.207901
122.434002
119.829042
116.794911
124.005076
120.059936
133.846334
111.024426
121.068658
119.421466
112.372482
109.998415
109.585881
97.862831
96.298868
98.742647
83.158041
77.600215
74.933619
68.669244
58.243629
52.104666
46.209642
39.096161
34.778312
29.185860
22.382184
17.336537
10.937221
7.356130
5.188821
1.850599
-0.269074
-1.883518
-2.887481
-3.779364
-2.920792
-2.941037
2.688522
0.711278
5.982201
12.355716
9.504484
14.980200
18.731144
21.186680
25.690747
31.242613
40.359188
38.835076
53.421096
55.798302
56.035910
56.179422
68.658329
66.609715
84.137336
84.482730
88.689857
97.721541
93.344140
101.291472
94.556402
104.341864
104.629043
106.929303
104.246137
114.300197
110.682403
117.856766
107.014256
110.734870
104.406599
98.215369
101.397763
92.414452
98.475539
89.025627
71.524901
79.125278
67.750228
69.766305
62.807931
55.497582
51.670162
41.796277
57.045236
63.085453
61.631753
47.659290
36.707657
27.285931
19.622887
13.421467
6.405249
1.472718
-0.733649
-2.210455
-2.852953
-1.888588
-1.963276
0.054951
0.772731
5.681672
4.489071
8.959098
15.282627
17.757377
20.638692
24.370595
30.743559
41.036513
40.664576
50.133643
48.066193
60.070269
68.457535
72.970893
73.560447
91.315230
89.030834
98.674692
98.790777
105.385458
101.156457
109.151274
116.794911
116.903355
119.939790
129.076610
119.386052
124.351136
125.892580
127.637094
119.381631
123.068821
114.291656
105.292585
112.598584
108.311279
107.511298
99.877542
92.312730
88.678370
85.251688
81.201974
71.825095
64.165266
59.733708
53.562534
45.379249
41.140528
33.758057
24.646346
21.705288
15.600515
10.587829
7.819452
4.759666
1.791343
-0.257448
-2.027402
-2.786166
-1.150181
-1.495941
-0.052663
1.309177
2.280293
5.982201
9.552551
9.463780
14.950712
14.989636
22.672847
28.559478
32.859594
35.199885
38.785031
45.973105
57.455149
56.035910
62.305703
68.512557
70.917785
77.453742
89.101224
86.451260
92.824599
100.824260
98.997755
99.544704
112.118504
112.118504
102.132453
104.916223
104.341864
106.145220
105.655168
114.218413
106.211900
114.245556
107.588993
105.806329
101.552899
96.383037
87.462009
83.911201
84.680951
79.548705
71.741467
63.229461
55.896272
56.456752
47.842743
38.407390
34.158828
30.333039
23.418337
18.491657
14.417896
11.355411
5.705504
3.785245
1.506373
-0.266767
-1.184157
-1.606212
-0.717203
0.044043
-0.543113
4.995953
5.583712
11.545312
12.811378
10.804522
17.792127
21.724555
27.065005
33.499528
39.521304
49.171856
42.772699
22.412295
2.102430
6.175557
14.742958
17.306726
35.608227
45.756051
51.837341
70.006253
85.981207
101.156457
99.340757
104.490489
101.818847
124.697197
114.420967
124.581843
104.296630
125.892580
123.082247
116.949602
125.237900
107.161684
110.071341
108.119337
108.089783
107.285197
104.458927
92.520407
92.611749
81.668768
83.002965
71.631235
62.654661
56.841454
53.472513
47.806470
41.389864
32.004064
25.791777
22.382184
15.889413
12.149444
7.916588
4.811556
2.136993
-0.257245
-1.712003
-2.304442
-2.623217
-2.429552
-4.145330
2.014370
1.496825
4.262129
7.660974
11.513290
16.140555
17.443238
21.259362
21.387561
37.191619
36.833268
45.806316
51.382188
49.653100
57.779307
66.544643
70.659670
70.699128
79.658167
84.154642
93.673485
92.824599
95.984216
96.606336
96.961833
102.506222
111.810768
102.132453
104.533317
109.020147
118.841641
112.727259
116.653029
118.194229
109.266794
112.385235
101.498057
99.291578
103.503740
93.975968
90.164776
77.231744
77.930893
72.014942
69.988295
60.699668
51.989114
49.131219
42.677012
34.227146
31.700217
27.111099
18.548555
13.562250
10.859809
7.737288
3.706760
1.776748
-0.182589
-1.532728
-1.782451
-1.843352
-0.431974
-0.534726
0.061743
3.211454
8.017137
13.692714
16.193616
14.059887
22.870866
24.328936
29.008134
39.347965
32.136155
51.516563
48.186359
61.559131
64.145649
66.658267
81.402576
79.787690
88.580728
89.209504
91.139307
104.790060
113.359548
106.576254
114.314825
121.868748
121.868748
121.868748
126.716176
119.386052
122.851540
120.286037
123.657104
125.357860
107.265523
58.646379
48.470888
38.568956
48.530739
45.022558
53.653888
57.813776
59.282696
70.846578
68.504499
56.647393
49.760748
48.404834
45.296137
40.485512
35.327856
26.817044
25.070882
15.947193
13.787262
9.591428
4.249232
2.041298
-0.055226
-1.769954
-3.092650
-3.280197
-1.942822
-0.622071
-2.102785
4.576599
4.206048
4.699558
8.383707
12.684555
22.458949
18.587057
27.168394
27.777097
41.592005
42.270651
49.295291
53.485926
53.843734
64.035850
68.512557
72.538917
77.143927
88.754864
81.326429
90.123058
93.517320
91.471954
99.453546
102.132453
107.125323
112.221083
109.321030
109.421325
110.990139
112.832121
109.759195
103.694961
99.938446
93.619424
99.284495
106.289555
88.149935
91.933718
80.520093
79.581069
76.025900
66.854617
66.922329
61.132619
53.888499
48.081957
40.014249
37.810441
31.016216
24.734850
20.467995
14.442826
10.555190
7.213230
4.336336
1.815373
-0.148663
-0.775882
-1.814280
-1.072493
-1.400944
0.629726
0.750151
2.411882
7.060548
8.686976
12.862708
16.353384
25.260671
25.629792
27.300345
34.388658
33.727160
44.201458
57.206370
52.029757
61.931803
70.812725
79.094508
77.415410
77.328752
93.708985
98.506895
107.019017
110.899882
108.643594
113.996400
114.314825
116.903355
114.527109
124.235783
121.755698
123.543662
120.512139
116.838854
123.068821
109.538440
117.199216
117.421303
104.019061
105.321090
104.458927
94.996999
91.069749
90.117522
72.751409
72.503605
64.626886
61.791549
58.351832
44.849220
43.049278
34.443887
27.994607
23.075131
17.343252
12.942649
9.880326
5.042881
2.498308
-0.059794
-1.947714
-3.228888
-3.641094
-3.824651
-0.619583
12.068105
20.713857
28.188698
32.143303
34.352627
37.660101
37.233123
38.365460
35.276393
44.638641
41.364415
43.754106
52.958862
51.446582
63.556330
63.894647
70.659670
72.764427
76.989020
86.497903
88.268328
94.828851
103.097419
96.250839
96.961833
109.321030
104.820496
107.027313
102.225895
104.533317
113.461296
115.611321
109.554037
115.996445
116.518507
108.008443
106.645230
94.864942
90.639048
87.648894
94.795760
81.762028
74.210019
79.834441
63.819603
63.011860
54.216587
44.387391
41.644104
37.025935
31.221169
24.926099
18.946837
16.452398
11.160080
8.071615
4.171495
1.736888
-0.027429
-1.149152
-2.419304
-0.699603
-1.828188
0.622199
1.433954
1.616807
6.089838
9.665981
14.860813
14.059887
20.268158
17.483763
31.590764
35.892351
45.167319
49.486757
55.297161
57.445296
67.672471
62.157335
74.506272
68.303976
76.936220
86.269388
103.202332
96.940329
105.782390
106.377788
106.973186
117.445579
114.314825
119.496800
119.386052
114.102541
126.480863
120.286037
124.127731
113.650015
120.951002
119.892092
108.119337
115.068171
99.373771
98.181256
99.562208
93.696196
76.629022
80.111958
70.875759
67.947897
60.472301
52.718694
48.332780
40.970368
33.550835
30.024096
20.187801
18.757656
12.070465
8.648035
5.439619
2.249593
0.041659
-1.241110
-2.608864
-3.875304
-1.432434
-2.269739
-1.374465
0.694640
4.149968
6.534647
9.199201
12.460270
14.690387
15.696950
21.149165
33.630375
31.401308
43.697209
41.758607
51.323651
51.665264
55.564767
70.283821
72.538917
74.643673
76.898769
81.248975
87.271481
90.966118
96.250839
114.195334
154.275556
174.849835
182.352690
174.530474
176.540862
165.512733
159.972197
141.662659
130.523122
121.631825
105.656047
115.708919
99.492167
88.605726
94.577735
91.067427
83.952123
74.654391
74.566969
67.455574
55.379426
50.063128
47.169329
38.052935
36.218733
32.335633
26.347364
19.288221
18.168640
10.368728
8.094884
3.653866
1.680849
0.029489
-1.281461
-1.607389
-1.987347
-0.421490
1.198169
3.387315
4.697901
6.122491
9.619510
13.745855
12.641460
22.662570
27.975182
34.062824
32.394872
39.776946
47.475594
51.362726
61.115728
65.687236
66.140963
83.269485
78.956569
90.292992
86.525633
95.463143
101.776451
98.509840
105.881623
109.252810
116.794911
106.973186
119.386052
124.351136
116.794911
113.571832
120.512139
111.979703
122.833508
121.774598
107.946311
117.538960
101.969742
107.850451
94.225472
95.315425
84.038269
78.635188
78.294846
74.127059
65.088507
62.359312
54.192681
44.930029
37.615363
38.778517
28.066204
20.187801
16.236091
11.547671
9.305424
5.633891
2.637103
0.060289
-1.353034
-3.282461
-2.845393
-3.254732
-0.607141
-0.724091
2.207164
5.887496
4.677126
6.196634
10.176107
17.189056
19.548504
29.516322
22.851996
37.938584
43.526517
45.688618
51.200720
59.504679
57.629651
68.148129
65.858221
72.083957
83.662510
85.877106
99.796395
98.450806
93.950271
104.437590
97.050708
107.027313
99.727021
114.719647
111.810768
116.361348
101.011145
114.647000
106.713373
95.624904
96.432471
104.527681
97.520308
97.586571
85.870981
89.091417
80.219176
69.226626
69.358679
67.633323
53.746452
54.708720
47.401690
40.961763
38.862819
30.705574
23.790877
30.993772
34.321724
28.813595
19.949814
11.533870
5.108817
0.291543
-2.588055
-3.365158
-3.469191
-2.681557
-0.515853
0.727571
3.126695
5.244821
4.852416
14.731024
12.718075
21.212926
19.981393
29.820767
27.786644
38.604218
43.970339
55.089277
53.497449
61.359023
68.201944
72.147333
85.429991
88.040602
90.651213
88.148523
102.261101
105.683157
106.377788
119.164556
112.145948
116.686466
121.868748
114.314825
121.755698
118.389322
120.399088
114.517572
125.837699
107.265523
113.073431
110.858477
101.762064
110.393356
100.636655
93.143440
89.924436
88.416202
73.120706
72.988255
65.273155
60.933921
50.199755
43.885048
42.304098
35.205920
28.638984
24.128344
17.842339
12.123639
8.050104
4.762085
2.149092
0.148213
-1.129200
-1.884611
-2.771486
-2.336555
-1.164477
-0.726579
2.207164
5.022109
7.389949
9.239905
15.854600
13.407251
20.823272
23.831596
33.330104
37.938584
36.537194
43.581369
49.061287
59.231408
61.485891
65.800896
70.188928
69.895801
79.002817
85.713061
82.488235
95.717594
111.297875
101.758683
109.722209
109.521619
104.820496
112.015926
106.831293
109.120441
105.655168
107.515729
121.294867
112.289772
108.847344
102.200119
95.822207
104.360914
94.577735
93.654341
90.064087
82.524723
71.543791
65.895075
63.811729
58.015374
45.043362
44.812703
36.501141
31.904346
25.818594
20.535907
16.614043
10.641589
9.939610
4.750869
2.077454
0.190431
-0.892672
-1.361197
-0.664403
-0.862404
1.174110
4.052816
5.355139
7.786880
10.394089
12.556453
17.201373
19.823519
25.190173
26.728840
36.781193
34.531865
17.473119
1.987022
-1.723704
4.128631
10.454965
27.732865
30.857278
51.897681
69.779750
81.175563
87.350898
95.872434
98.786812
109.252810
111.938271
106.973186
116.794911
119.496800
111.626754
124.120429
115.602019
117.171097
120.429115
119.390933
117.199216
115.699620
106.709556
110.278002
100.853544
95.421567
92.131168
84.478009
84.276668
75.218622
70.554671
61.303218
57.817207
46.459707
44.824048
30.209563
30.557519
21.647872
18.694997
14.660663
9.874890
4.915778
2.725638
0.354205
-1.448144
-3.343120
-1.732073
-3.157576
-0.049601
1.252446
0.688400
0.765351
4.621045
7.181798
8.979962
14.772000
15.696950
25.240749
27.245282
36.082590
36.441672
41.653949
53.039678
59.094773
63.400434
69.983142
69.824500
81.201848
76.673260
88.099716
92.391649
90.881812
98.724281
99.727021
104.437590
102.225895
117.111375
111.913347
107.223334
103.958958
105.655168
107.716318
111.468908
112.932652
112.932388
102.400708
107.146729
93.429045
92.815811
87.494003
72.261442
75.365385
73.382314
68.166569
57.491030
55.200852
46.605315
41.180420
40.430853
32.971050
25.946093
21.267046
15.227763
13.427788
8.322268
5.355932
2.549247
0.306510
-1.155827
-1.480071
-0.638003
-0.858004
1.145238
2.034803
3.809264
5.959225
8.519516
10.409518
17.097122
18.521882
25.146211
22.417250
32.103464
37.966132
45.302387
51.298037
49.508179
65.306219
69.870649
76.380091
79.039681
79.031598
92.601096
97.465997
101.582591
112.828838
108.542058
116.578021
119.275304
114.314825
121.981799
129.196570
126.598520
131.187605
120.059936
122.044065
125.477820
124.278223
122.718747
120.319554
111.241974
115.041328
100.961989
70.498700
36.368426
27.060957
27.452696
26.271188
31.300879
30.627407
31.336410
32.241064
32.253458
24.885364
25.203863
23.906667
18.630309
13.037074
8.790812
6.155366
2.960958
0.259373
-1.447536
-2.212311
-2.380326
-3.584456
-1.714687
-0.058378
2.180572
4.172400
6.439942
8.112682
8.943826
14.608774
20.714250
23.638471
30.060214
35.882409
43.412722
47.167486
50.770462
64.871591
61.349255
65.518489
70.188928
65.109024
76.598090
85.466995
94.473354
98.450806
101.011145
99.453546
99.453546
99.818179
99.544704
104.629043
112.118504
113.880747
115.932761
102.905966
106.813667
112.718359
101.538733
102.501003
102.578686
97.887455
94.978914
87.781183
84.813662
73.515004
75.688277
61.079235
62.604651
57.075127
48.098774
46.670557
35.866770
32.382569
28.078557
20.831813
16.001681
13.712275
8.458699
4.066912
2.398492
0.380862
-0.820823
-1.448241
-0.297769
-2.171311
-1.029605
0.712518
2.305162
5.942898
6.628617
12.472929
17.062372
18.556633
25.102250
28.221629
35.041570
39.388607
41.774115
45.357052
58.781514
59.108368
65.623659
80.700830
80.973643
78.546742
92.416447
90.174405
108.926944
103.133470
98.879136
116.361132
114.314825
114.208683
119.275304
114.420967
121.642647
116.578021
112.828838
112.510413
113.866905
121.421628
124.829958
115.699620
115.538798
108.641806
109.655967
97.817093
94.021530
90.334411
81.025783
68.325988
72.496753
62.927075
52.701200
48.088777
41.940081
35.434530
30.225312
21.585487
19.427573
13.148028
10.152275
6.699906
3.007223
0.444640
-1.378606
-2.568004
-2.568244
-3.141383
-5.507731
-0.701696
14.167302
22.619286
33.711070
37.937677
34.877299
42.261090
41.544849
37.555390
32.979788
40.681646
44.918597
56.269650
58.317103
65.021931
61.349255
69.907972
70.116042
76.369390
78.847909
92.606994
92.045288
95.539845
103.671778
106.635272
99.635862
104.533317
109.722209
107.223334
116.897082
118.732211
111.092718
105.459147
102.140154
103.498940
96.899683
107.169543
98.304391
100.321955
95.179503
85.406278
92.908234
77.484431
68.372124
68.344317
59.465999
55.857028
48.408589
41.690620
37.065955
29.196089
28.488463
19.333088
15.489408
14.558597
8.077090
5.957471
2.580196
0.476591
-1.005067
-1.639602
-1.571938
-0.394229
-1.025205
0.710009
3.051353
4.184330
8.414854
11.339006
13.475218
20.858721
23.579071
29.286518
30.349818
35.965653
43.508102
45.414831
51.031584
62.815440
63.292154
76.463203
78.707232
94.603634
89.931044
94.909199
106.815945
108.237449
115.818908
114.102541
111.938271
116.578021
114.314825
119.164556
126.480863
121.416545
120.625190
127.157255
121.121237
117.120615
113.294927
108.878450
95.863724
102.108507
103.549126
95.739993
92.768020
84.884154
81.228855
72.011285
70.951603
63.210957
55.542997
48.515854
43.135220
39.395172
28.688001
21.959801
19.018440
13.258982
11.967386
4.919510
2.874480
0.472273
-1.275211
-3.307438
-2.623674
-1.765353
-3.226780
-1.326740
0.669683
4.049022
7.227334
7.968136
8.799279
13.158045
20.641568
20.672372
28.334605
30.839799
44.800234
45.005849
48.824562
52.675891
53.085615
63.262150
74.123231
67.019621
83.334421
85.220929
79.905564
90.797506
84.037310
97.050708
97.228456
99.635862
99.818179
127.329682
164.845510
179.194848
180.021240
169.358151
165.504384
151.307296
158.788301
132.716959
114.226933
109.480477
102.003686
102.554161
89.262126
75.632008
74.476212
63.403059
69.976057
60.612255
46.063762
37.837192
39.614517
32.655840
29.440959
21.881700
15.541737
14.617778
9.458543
5.911994
2.616537
0.435271
-0.697699
-1.197853
-0.945134
-2.092148
0.582057
3.234944
3.762381
5.910245
9.340683
14.406552
18.044960
17.099669
25.014326
22.454303
28.663164
37.540741
44.881808
50.909906
53.044629
59.108368
69.635130
73.940606
84.799843
91.977620
96.736093
99.837852
103.896963
105.484691
111.003721
109.049738
116.903355
119.275304
119.496800
119.164556
121.868748
124.235783
117.946331
119.946885
120.890529
124.278223
110.613564
109.095339
106.492667
106.760811
101.178878
100.226694
84.522919
84.884154
81.127319
