129.680868
131.503523
129.037021
131.867733
132.354525
132.142997
133.681811
131.721000
124.118728
118.088601
111.029395
103.875745
97.966007
89.168662
78.088533
70.006257
57.942515
46.609910
29.323049
15.977914
8.115773
3.230377
-2.741176
-8.831676
-12.912928
-17.923074
-22.617707
-28.745644
-28.497923
-33.525715
-36.826709
-37.185283
-31.486707
-25.264731
-23.599466
-22.693664
-19.018892
-19.688834
-11.631403
-6.946524
-5.901095
3.726493
3.911920
7.085913
15.525171
23.430099
30.023768
33.111720
45.723430
45.383540
55.221760
59.305833
63.079470
71.559016
75.527872
84.335079
86.441431
92.063465
102.985463
95.651924
110.711268
103.458742
105.943697
108.528162
125.824874
118.044500
112.569173
113.763955
111.116668
104.956852
110.265157
104.216748
104.372893
102.297885
97.214844
85.915220
78.612003
77.673232
74.519447
65.380328
63.828387
56.628454
48.299258
44.515445
43.385588
31.914579
27.550330
25.518217
17.134602
14.510383
10.087380
7.632487
4.083838
1.493357
0.019623
-0.713206
-0.869572
-0.582093
1.551856
1.358670
5.057425
5.753245
8.156126
11.964096
13.245963
19.339017
18.299750
27.629724
29.928291
37.296176
48.477200
43.662522
62.169928
57.084962
59.452230
76.302408
74.560175
83.219843
92.317924
92.841622
99.558992
111.274845
111.797262
114.902253
110.456974
115.329399
121.194834
117.707304
130.011388
127.292090
124.118010
123.770016
121.566051
124.825405
127.589078
117.236488
110.284508
114.091626
108.482199
100.506706
99.609609
85.642758
85.103725
78.107905
67.847762
65.673686
55.531942
54.435537
44.345651
36.965444
31.058595
22.797622
17.407486
10.758702
5.681442
1.888360
-1.424106
-5.102830
-7.614029
-8.015244
-10.466874
-8.237818
-10.062781
-5.814200
-6.501180
-2.251844
1.690725
-0.413077
4.342154
7.284705
13.291648
12.559027
18.035214
24.550095
59.719888
93.361366
102.795369
106.575507
111.916579
111.289772
112.109954
113.276922
100.095901
97.779397
100.145791
111.220418
119.970084
120.412370
120.633513
113.814178
103.837365
113.502927
105.846767
113.087925
112.361673
113.763955
110.805417
106.956624
105.637425
108.780819
106.660335
92.951953
92.567457
93.866107
80.286369
75.362122
74.249122
69.038028
63.828387
61.396414
51.180821
44.441252
43.543068
36.678491
30.249710
25.583315
20.284309
12.542274
10.554287
5.588639
3.471126
1.480897
-0.019876
-1.073303
-1.387510
-0.945126
-1.697338
-0.942615
2.281228
4.987177
6.415123
11.964096
15.387674
16.777528
19.714920
22.090962
35.917756
38.948316
43.292381
49.037637
52.789188
61.189009
61.616496
66.101468
80.724109
85.623626
83.421732
81.288004
102.160538
91.567645
109.435171
107.468290
107.568168
120.415088
110.150433
120.303695
124.929998
104.990200
126.463981
125.517572
112.339378
118.129488
116.537753
107.320413
100.749840
102.408235
105.964083
100.030295
91.516014
84.400981
80.415947
72.595454
66.690234
59.964815
58.251997
48.959450
38.863106
37.866320
30.156504
24.774241
17.764574
14.127732
9.202436
4.682204
1.506916
-1.004912
-3.159399
-3.890925
-5.502011
-4.750555
-5.730490
-4.489364
1.301413
2.320833
1.560954
7.025492
8.709681
7.003047
15.602311
24.813746
23.562696
28.902603
32.405880
39.148668
50.014445
55.853649
66.476398
66.308957
72.872027
79.069200
85.817524
85.868940
90.266688
94.158735
92.491269
90.283153
103.080119
110.914222
100.788715
110.812745
98.398108
113.087925
112.465423
106.444898
122.486428
157.133297
184.098750
171.264474
158.952597
159.772170
138.311295
129.619776
116.883090
104.624468
94.627672
79.659345
71.630733
66.069718
59.678745
47.086355
39.627153
36.246979
30.451824
24.187231
19.172928
13.524979
10.087380
7.409315
3.802728
1.741436
-0.000000
-1.093179
-1.387510
-0.230929
-0.290476
-0.364548
1.615126
8.023718
5.485894
9.062363
14.409252
20.600340
22.120365
26.362436
24.088950
37.511450
39.879461
49.226728
49.249859
51.557498
69.731969
63.784613
79.150137
89.807769
90.121653
99.916324
92.339204
106.269759
104.404752
109.843892
120.192303
105.087774
128.120198
112.842097
120.192303
122.336217
111.483812
120.744482
119.721223
120.174074
119.014092
110.180145
119.398214
105.598397
104.040418
100.587256
90.482644
90.762258
72.169855
68.180566
62.295827
65.619578
59.032594
49.041395
42.045893
37.061564
33.993628
24.056600
19.023481
14.879966
9.837826
6.076124
2.469346
-0.501195
-2.419233
-3.495753
-3.984468
-4.974691
-6.643515
-3.662491
-1.061665
2.284944
4.464231
9.026800
9.811740
15.680244
16.828979
23.444252
28.212178
43.475026
41.102731
42.983248
53.640334
58.074054
60.027821
64.282420
70.779558
81.371440
88.625152
83.767984
90.608931
96.595945
104.877475
110.711268
108.032147
118.477691
115.672391
120.633513
115.884439
107.734538
119.748941
103.908182
103.326606
116.431796
109.629012
106.240400
108.730898
101.571632
100.935029
97.966351
88.389938
88.602833
75.845587
70.104147
64.997634
57.468059
50.550903
42.791572
37.886930
35.815467
28.968384
22.203299
19.056375
10.943704
8.356742
5.322514
3.192196
1.216451
-0.137431
-0.510037
-0.928101
-1.346164
-7.559332
-15.110722
-19.912414
-19.399432
-15.347802
-10.355930
-7.131163
1.627179
0.474518
5.956903
15.283272
29.443388
33.098015
48.974606
47.265231
53.197642
67.626127
72.423100
80.982288
90.179644
90.574982
97.653557
104.871473
110.856912
114.261534
109.946073
117.598214
122.790998
110.048253
120.080911
117.598214
119.746734
106.968902
118.632811
119.721223
118.584270
116.765143
112.172057
100.954200
93.964277
101.889362
94.661981
92.904238
83.497668
79.502564
75.507460
65.914812
61.545283
55.487376
48.021378
40.129521
34.216201
30.662301
25.121698
18.097284
13.602921
9.256771
5.206960
2.559056
-0.167065
-2.330057
-3.982430
-3.344561
-3.977089
-4.205660
-2.282890
-0.285460
3.120407
1.546123
7.928933
8.709681
11.977811
20.755074
23.444252
28.085096
33.773719
39.363274
44.578276
53.770529
51.830951
66.253821
68.331208
72.642629
79.636294
86.502011
93.171835
90.437809
99.402986
94.949247
105.555979
101.065861
116.202512
108.528162
113.191676
113.191676
113.087925
102.512185
111.635420
105.948883
114.470676
112.304722
103.709364
102.085734
90.441936
98.874122
89.465720
83.959656
79.171338
73.888689
77.676006
64.821965
59.036981
49.396988
45.267828
43.149369
33.550904
28.838189
22.261576
19.497157
14.614304
8.698842
6.777700
3.856958
0.991014
-0.221790
-1.212435
-2.003347
-0.969360
-0.303548
-0.373262
3.038826
1.866125
6.466036
9.170248
12.227407
19.489808
21.073119
27.582814
30.069020
34.448824
45.181129
47.367312
56.720747
57.084962
67.856670
72.502251
72.236999
87.945678
92.410893
97.558285
101.867814
108.413367
99.476514
75.114775
48.175009
38.155627
45.645712
50.521583
68.009782
70.363806
65.038963
69.318476
90.793107
98.796818
102.174778
107.533986
105.398257
102.835381
99.525000
92.064509
92.690665
83.597545
80.001952
74.351796
69.668218
57.315838
52.926788
45.940049
42.883461
35.811108
32.214428
23.469765
19.614501
13.244673
10.574792
6.512031
3.175288
0.375276
-1.607478
-3.169123
-3.131532
-1.493837
-2.404150
-0.887315
-0.277903
2.213166
6.992035
7.824833
11.867999
10.439691
20.399679
14.671844
33.806106
31.735077
35.368590
47.955740
47.728352
47.994451
58.066963
68.627978
68.394597
83.935185
79.527122
88.641032
95.514647
96.866270
110.000930
105.459050
98.217892
105.943697
115.566367
115.884439
120.301799
120.412370
116.961524
113.657931
112.915762
111.643472
103.071993
108.038649
108.514302
92.667986
94.242920
91.465234
80.106152
80.836016
75.753205
71.596017
64.646296
57.551346
54.587817
46.613917
40.212285
33.550904
29.575997
22.706316
18.706717
14.184472
10.377348
5.823250
3.554451
1.609704
-0.502256
-1.371443
-2.108786
-1.823600
0.684298
-0.376167
3.808541
2.684710
9.169963
9.256556
14.655564
14.812690
22.400370
26.273222
28.726580
36.112280
43.759775
42.086017
51.369761
55.794513
61.756375
70.315802
74.639326
74.619283
95.176491
88.383432
97.152297
106.669269
106.869024
104.892625
112.424163
112.633130
117.925482
117.489125
117.489125
107.468290
119.078380
122.726033
114.325537
115.402434
109.456143
116.346135
116.881584
105.052950
106.532560
90.788732
87.093261
83.597545
81.642112
83.126011
69.863367
66.818110
55.940704
54.019090
40.841880
40.362054
18.511693
5.922957
-2.408046
-1.989982
-1.908915
-0.763371
-0.493315
-0.008714
-0.133876
-0.750749
-1.757995
-1.055888
-0.200661
0.408670
1.985868
0.520517
7.044085
7.755433
11.819657
14.094969
17.727535
24.372791
29.280184
27.036517
44.056941
42.553416
47.786629
53.777323
60.095193
60.215181
72.719095
86.429287
84.286486
90.821018
100.335102
106.444898
102.606840
102.985463
110.609791
105.846767
100.973480
118.369394
115.778415
115.354318
114.824197
118.753798
108.072870
111.537447
109.841061
105.721648
97.220062
90.257172
89.733657
89.078003
91.819095
78.801810
73.618365
64.547457
64.558461
55.494264
50.157205
44.961964
37.608349
34.265385
28.447604
25.264235
19.133856
16.925348
8.938092
7.229716
3.403198
1.097768
-0.690602
-1.574712
-1.301048
-1.454861
-0.318072
0.848278
1.696974
5.148526
3.914249
8.364914
9.232244
9.983930
22.560372
23.880394
31.889768
39.677896
40.256190
47.610222
55.123512
63.512425
63.789722
68.208766
72.621238
79.091821
81.291079
88.383432
80.613417
103.819305
109.435171
117.489125
107.368412
120.415088
117.380036
112.633130
117.380036
121.995130
121.199263
112.873310
119.152746
113.671001
114.288511
118.537801
114.838159
103.048954
101.562094
96.641765
88.794737
89.273498
81.539931
73.766349
73.161141
58.584586
55.578042
47.322569
32.460646
34.812561
22.953691
22.801271
16.219112
13.188551
10.101869
5.722965
2.665134
0.263885
-1.572533
-2.585025
-3.238046
-2.881882
-0.205699
-1.562284
-1.799320
1.375568
2.452427
8.909060
8.640281
13.004040
19.327378
17.489502
26.657740
50.005176
77.426854
100.810568
100.966270
105.478047
109.624005
105.058980
106.038075
99.954720
102.593119
96.077236
98.386785
99.587750
105.362121
100.788715
110.914222
110.914222
113.606677
108.627366
110.914222
112.984175
107.436929
104.198970
108.072870
106.550717
109.947085
103.607887
106.024190
88.125779
89.733657
89.174932
77.997161
75.098618
73.708473
70.014039
64.470626
61.994413
50.157205
44.732566
40.138093
35.312037
29.239141
22.464115
19.012755
15.151858
11.014457
5.330927
2.789297
1.097768
-0.533647
-0.920684
-1.832419
0.144566
-1.822757
-0.991436
2.374339
5.148526
5.705917
10.244568
13.559308
14.641774
21.110817
25.086105
31.791343
33.024322
41.922756
41.978380
49.432041
57.693688
62.036132
63.784613
83.414554
83.564082
90.302985
90.748673
97.059328
106.169881
111.588295
106.968902
115.329399
112.424163
120.303695
112.737613
115.009040
122.222521
116.398233
122.610035
116.739141
110.524008
113.285980
104.169972
107.234735
102.515022
92.786284
96.534979
86.793628
85.422785
76.217410
67.244148
66.565593
55.614488
55.487376
42.341616
36.228542
37.957558
28.325404
24.338866
18.750615
14.149466
9.272768
6.790701
2.299571
0.231642
-1.337505
-1.864855
-2.854370
-2.838437
-1.876872
-0.241801
0.480367
3.070877
6.166150
6.844578
10.839153
13.052382
18.037457
27.450172
29.726528
40.378062
42.730182
46.562825
55.716059
60.312649
64.654829
66.956225
77.853997
79.717308
75.305294
86.368662
88.534125
97.226702
97.497027
108.131350
103.269431
113.710428
108.726569
115.884439
118.585989
115.248294
112.257922
106.444898
108.072870
104.560040
105.028564
106.032899
88.010310
94.602971
118.251479
147.424224
148.998418
139.088107
129.188564
112.414097
102.855045
85.086411
74.074745
50.138653
43.180209
37.544770
29.037027
24.792635
19.073305
14.392735
11.121915
6.099930
3.365385
0.960758
-0.510118
-1.860640
-1.061881
-1.866257
0.190488
0.231306
1.729713
4.364984
8.415051
10.435609
10.292255
13.667466
18.696851
26.808500
28.949612
31.358362
38.585018
43.830886
55.123512
57.626052
59.722775
70.546346
74.797628
76.776401
88.451238
93.113619
97.338234
96.377583
109.128630
111.901746
112.424163
115.115826
112.215196
127.410391
112.528647
114.261534
116.289143
112.659737
121.566051
120.058076
106.468608
104.587906
102.811688
95.782611
97.169583
96.214619
86.593873
87.661592
79.902074
72.120724
68.214582
55.363218
57.361691
44.720275
43.553515
36.041652
27.663211
23.605038
18.341841
14.453103
9.530345
5.722965
2.944028
0.353948
-1.085711
-2.404074
-1.450437
-2.766028
-0.750326
-2.183300
-0.277903
6.367436
8.912192
11.873623
14.186887
15.450496
21.780467
25.967064
29.458721
33.726812
35.650037
46.096614
51.892604
59.685844
56.290282
66.668551
77.367916
79.798322
86.758693
100.709516
93.543892
96.866270
109.899453
110.812745
115.778415
110.812745
118.694287
110.914222
123.227074
110.508315
117.069821
113.763955
120.067405
126.008742
112.304722
107.932625
101.781304
94.506042
98.459120
90.969218
81.758032
82.583741
73.348041
71.503635
59.139873
56.885050
58.662543
43.179982
40.909270
31.702479
27.666434
22.221915
16.548550
13.069636
7.562662
5.407303
3.138505
0.634670
-0.516776
-0.677263
-1.078604
-0.675979
1.769115
-8.506958
-16.521206
-20.023390
-21.332807
-17.743358
-10.601584
-3.174653
0.482171
11.602946
18.544348
21.767823
40.471464
43.999251
43.969662
51.678952
64.006449
62.090042
74.797628
74.696131
83.756759
93.385617
97.617140
103.526582
111.797262
106.769147
115.009040
119.969519
122.449912
115.329399
124.813999
121.995130
106.169881
115.307340
114.107358
114.956865
111.271038
104.796873
104.971110
106.936618
101.343916
91.962328
86.693751
85.320605
76.312682
75.407583
64.191278
60.201990
48.994425
45.940049
38.688906
36.041652
25.905487
19.586401
17.793106
11.712600
10.633216
5.040083
2.194479
0.424738
-1.034010
-2.378223
-1.460372
-3.267346
-1.298312
-0.240122
-0.278743
1.364444
9.837629
13.977480
10.751564
17.730624
20.399679
25.755261
29.369453
35.214128
42.450167
49.882237
50.074996
62.065760
60.499420
64.839580
75.590136
73.153715
82.228727
89.068836
93.631727
96.866270
100.234424
100.603952
105.652909
111.117176
113.295426
113.606677
115.672391
112.776674
119.527798
111.324169
113.021786
111.431423
105.231517
103.404934
101.578350
101.364131
91.695093
92.952816
81.480886
78.432282
73.167824
64.131022
67.346447
58.181372
52.304262
42.957404
33.422355
34.808607
27.601337
20.329038
17.832571
11.773894
9.240865
4.868913
2.843161
0.746330
-0.621013
-1.649707
-2.994171
-2.809709
0.722140
0.233007
3.209885
1.931603
5.852598
9.515481
13.701738
16.256592
17.488152
26.897713
33.484995
41.189107
43.993472
51.155859
49.917860
57.896597
64.223175
74.693306
66.302427
85.888715
92.968705
97.939372
111.912232
103.526582
102.131330
112.528647
109.946073
124.929998
100.127295
68.009782
55.482062
50.287035
42.520701
59.320419
61.053358
62.913507
69.056572
74.619644
77.726213
80.322732
93.085916
83.764803
76.698976
85.116244
79.702319
68.724561
64.644606
57.143719
54.166443
42.267071
41.079332
33.881517
28.745040
21.193836
19.682137
12.593514
7.699277
6.200788
2.400040
0.414677
-1.034010
-2.045082
-3.088926
-3.233834
-1.823247
0.405802
1.955960
3.013092
7.967133
5.761190
13.010741
11.780736
19.094518
26.009425
29.458721
40.098047
42.730182
47.955740
55.783430
52.375902
62.680582
71.113311
71.150520
86.868459
82.390754
91.699365
100.903037
99.310604
110.203884
103.080119
105.749838
113.502927
113.502927
111.015699
113.295426
115.354318
114.612149
108.884685
117.869226
111.431423
104.927086
105.929148
106.130214
94.506042
102.233035
86.610018
89.299648
88.084081
73.077716
72.790277
63.767949
51.843898
55.160154
42.957404
38.044944
33.638579
24.359525
21.676963
17.541189
13.944712
7.736758
6.895005
2.262430
0.557860
-0.731908
-1.885219
-1.802467
-1.108705
-0.875017
0.873505
3.209885
5.280540
8.652399
9.558635
16.082601
13.903111
24.113119
27.076139
29.351070
35.285438
38.791079
49.920062
42.448671
67.674045
64.223175
70.546346
73.005478
72.756017
79.309231
88.555552
97.431203
106.269759
97.102908
110.048253
107.668045
110.048253
107.468290
122.449912
114.795467
111.901746
118.855596
112.659737
109.394144
110.310435
108.388278
109.416521
102.393754
102.408235
101.343916
100.141687
90.378161
83.297913
77.962053
72.025453
71.312601
58.584586
57.082785
48.193497
39.807197
33.809275
5.984612
2.676951
-1.775140
-0.342762
-0.267238
-0.454408
0.054425
0.004252
-0.417249
-0.735428
-0.797304
-1.509159
-0.203180
-0.236764
1.955960
3.874615
3.359804
10.852814
9.674375
16.673800
23.049926
18.998215
28.254538
35.361673
39.157453
48.137390
42.553500
60.243004
66.624783
71.189777
75.432657
80.041362
82.309741
96.169617
83.936547
96.866270
102.606840
98.127784
113.295426
101.065861
108.627366
118.477691
110.711268
110.508315
109.392069
115.986844
98.663931
109.041660
102.873587
105.721648
99.004667
103.267561
91.695093
88.787215
89.604079
76.411718
74.829385
65.710726
70.467582
57.924690
50.714466
47.723475
36.842254
33.359999
27.275849
23.239805
18.104503
12.098709
8.090880
5.180423
2.494928
0.476003
-0.597489
-1.511297
-1.763564
-0.691001
-0.863751
1.495083
2.490728
5.221867
7.709599
11.625201
13.758710
15.069063
21.412400
25.678357
32.332682
38.426363
38.997141
48.035313
49.796405
55.859846
70.523478
64.204249
81.326527
81.495327
88.539601
105.143595
90.018569
103.819305
104.599902
107.168657
115.009040
107.468290
120.080911
112.528647
122.563607
119.412557
113.514029
122.262040
114.434626
112.361930
118.202105
104.587906
113.678178
104.289326
98.991067
102.212136
84.304398
82.998280
72.169855
75.307705
64.553941
53.841086
57.925232
45.695687
36.915683
33.592549
24.473111
22.928676
17.185832
12.964065
10.399519
4.680077
2.587176
0.085458
-1.428699
-3.299808
-2.930487
-2.441660
-1.341409
-2.229265
1.242089
1.382983
3.417589
7.894233
8.674981
15.594088
19.294113
23.482066
29.994335
32.404594
39.569095
41.215664
52.583668
48.722488
73.155213
103.384358
133.168868
152.695318
152.955014
151.476910
144.666177
151.479977
144.372967
150.814432
130.915066
121.075799
116.202512
118.477691
118.477691
115.778415
119.527798
114.188052
127.325073
114.254081
109.416964
106.032899
99.203073
103.055512
98.147869
92.546908
89.502602
80.173426
71.146059
69.293173
64.967982
59.112713
46.296063
42.512250
40.374009
35.463971
25.067773
20.571561
17.424637
13.002433
8.175601
5.464521
2.886252
0.430776
-0.979284
-2.018293
-1.187300
-2.450836
-0.341310
2.837579
1.762452
4.488638
8.630822
11.703749
13.844168
20.130672
21.487796
19.954339
33.948634
33.305779
42.483971
47.974586
53.507853
60.217711
58.211840
73.056308
73.236021
84.080441
88.804689
100.501771
100.130623
103.819305
114.261534
107.468290
109.843892
117.489125
112.424163
122.563607
117.489125
121.767740
120.744482
120.062309
121.218057
115.291042
113.285980
111.503703
106.580200
106.602441
107.298280
93.617147
87.977294
82.998280
75.359964
73.668774
62.472553
56.971599
56.524973
44.087068
39.499806
32.311942
25.937262
23.063948
16.534067
12.003083
10.341095
5.659450
2.453616
0.035395
-1.535554
-2.381250
-1.172088
-3.367879
-1.352184
0.420142
1.238382
5.623409
7.130834
13.124306
13.248742
13.173238
20.719535
22.176655
30.083603
42.366926
41.263918
48.197940
54.226211
60.451939
65.014422
75.828659
67.277159
78.267287
89.679168
96.539145
88.783986
99.772514
115.354318
103.174775
111.117176
108.825772
106.234484
113.606677
106.234484
115.566367
112.050422
116.311737
112.809738
111.537447
102.476775
108.038649
99.004667
85.375271
89.071067
98.659211
123.313949
135.861540
125.928735
117.942910
101.313620
93.052780
77.509373
64.434670
56.423105
40.384717
34.230974
26.115728
20.266722
13.608695
8.302003
4.764477
2.609118
0.332657
-1.255640
-1.389584
-1.867303
-1.145056
-0.345667
-2.357878
0.276377
4.525734
8.673976
11.782298
9.444258
18.971629
21.676285
24.400403
32.775595
33.540327
39.151687
44.448223
53.638519
62.055913
68.164062
71.084281
81.756826
77.330458
88.804689
95.943704
102.453262
108.719908
111.588295
107.368412
112.528647
115.009040
122.449912
125.045996
112.424163
109.537351
115.852787
119.721223
116.516357
117.106230
113.397372
110.835349
106.907468
101.767516
94.414657
93.617147
85.994607
75.343153
80.926849
68.361898
68.692473
56.627360
50.756596
50.410100
41.378626
37.631742
28.045647
20.586563
17.837598
12.324422
8.963676
4.211985
1.946716
0.160003
-0.821025
-2.868653
-1.500110
-1.547462
-1.869212
-0.902882
1.985868
3.046112
9.861800
9.941364
10.882947
17.996750
21.856093
28.989109
32.951768
32.270690
41.210189
48.500691
54.161114
54.405563
64.870585
67.387736
76.062574
78.267287
82.714808
87.201533
98.386785
99.680132
100.142042
100.696333
113.502927
111.117176
108.528162
116.096488
115.672391
117.719608
112.050422
111.220418
110.597916
103.964821
102.278369
108.038649
103.335388
102.843464
97.732868
94.205354
81.018977
74.044602
79.759271
68.662416
64.967982
58.849209
47.408874
42.512250
36.424383
34.161339
24.946672
21.374212
16.464841
12.297807
7.184529
4.764477
2.487766
0.344621
-0.814915
-1.374314
-0.537028
-1.151114
0.201543
2.847641
6.990966
6.160554
8.717130
-2.708148
-16.476250
-16.825571
-19.205445
-14.860636
-8.610344
-1.037000
7.627251
11.602520
36.755748
44.097163
58.211840
68.656036
72.928630
81.914110
84.259300
91.013761
97.431203
106.070004
96.830911
107.268535
100.034327
124.929998
112.424163
112.424163
114.795467
124.002012
113.407243
110.334494
106.778481
114.511295
110.834681
115.418150
113.330184
105.934087
105.054521
93.303696
87.875114
84.809703
75.074149
72.985752
67.166593
57.877683
51.894070
45.044055
39.192414
31.822368
24.960031
21.178208
17.003651
12.270603
7.149328
5.085140
2.111082
0.037698
-1.603071
-2.279414
-1.179748
-1.115148
-1.899854
1.770533
1.260628
3.112152
8.222238
10.160337
12.158052
16.983722
19.360644
22.212194
30.172872
37.562340
46.744736
44.858290
54.551699
56.830111
73.236226
67.531574
73.866084
87.483302
76.047219
94.613566
96.415729
100.049660
100.696333
101.065861
113.502927
111.421606
116.096488
116.308536
113.502927
115.142270
117.178119
116.095142
120.067405
111.113351
116.682046
103.303457
100.868012
105.157074
95.489738
88.205639
91.300343
76.051285
72.446959
65.282922
58.248724
54.117034
51.388105
42.215480
36.076158
32.663548
30.892234
24.236492
16.841873
12.572600
7.709634
4.025151
1.639565
0.193369
-1.042415
-1.244869
-2.921770
-0.721044
-3.151075
-1.081567
2.529525
5.412553
8.738707
10.674410
15.117399
19.077813
18.961585
31.527411
31.241759
38.749274
44.460866
55.531780
52.252186
60.217711
66.792409
71.161129
77.707104
79.661999
95.843394
93.748279
100.035351
100.797525
104.112029
110.048253
119.969519
114.795467
75.394532
55.482062
48.041190
47.684338
47.327486
54.142662
65.992809
77.005088
84.678084
90.302985
90.551519
90.412903
98.136776
88.791180
85.894730
76.885119
78.803421
67.545907
57.017791
62.212461
51.808010
40.022091
36.626715
30.774476
28.607848
21.115178
16.882196
12.109148
9.256771
4.951320
2.364144
0.030789
-1.611086
-3.161376
-1.916703
-2.478285
-0.211576
0.424443
5.080667
2.255036
10.079340
11.191209
12.133881
13.269922
18.161426
23.708946
33.345222
35.951854
43.178204
52.208189
48.719051
58.882509
67.440899
71.495640
80.705143
78.346026
90.030507
87.451394
96.505837
102.133561
103.080119
103.364086
114.125429
113.710428
111.218653
118.694287
108.230553
117.719608
116.744928
106.544101
117.316368
113.387699
109.629012
100.790323
103.231638
100.949130
99.662738
92.141001
88.995218
81.614449
74.367476
66.754327
64.787765
57.154642
54.193973
43.356180
39.456418
35.709587
26.364485
18.482797
14.065979
13.216675
7.497831
4.499784
2.230985
0.213237
-1.205319
-1.496475
-2.229443
-1.175348
-0.912572
-1.085322
2.576080
3.733127
9.862486
9.731251
12.986711
17.902649
21.600890
26.016787
34.309242
33.540327
37.450793
48.278222
56.002783
55.925179
68.855693
66.534920
77.544196
86.242166
90.937644
98.320459
99.654264
106.169881
106.968902
104.795051
110.150433
114.902253
115.115826
122.449912
117.161858
124.118010
113.620816
119.834918
111.378300
107.095508
115.400799
103.543072
106.362022
105.934087
98.136776
91.144886
83.816525
82.498892
75.169421
72.790603
65.171062
56.455240
57.163058
46.568758
42.213406
34.965782
27.416194
25.590341
19.005775
12.627336
10.323645
1.384924
-0.948954
0.075627
2.193172
4.574948
6.565897
8.097539
9.941533
12.623467
13.509261
9.064154
10.030997
11.118696
15.496097
19.404573
19.360644
27.896517
36.482032
34.336615
41.532563
50.447652
52.583668
58.882509
63.098453
65.466386
76.141314
73.969831
87.614301
94.343241
89.033848
104.586687
105.362121
103.458742
105.943697
118.585989
106.234484
113.710428
116.096488
115.354318
114.400100
113.869980
110.079164
109.041660
106.862902
112.340651
98.607855
102.737440
110.466458
90.076391
88.995218
77.785608
74.275094
67.017831
61.261562
55.802318
48.424931
43.432646
41.102136
30.400529
29.270874
19.320987
16.725320
14.168741
8.078831
4.335820
1.952508
0.332657
-1.308957
-2.062651
-2.229443
-2.079544
-0.344214
1.549648
1.784278
4.550465
7.805968
8.634750
14.043569
16.595271
20.316632
25.889875
31.476307
40.295232
47.966120
48.338949
54.095851
60.287650
68.625149
75.426392
82.273185
75.541457
96.224480
95.943704
97.803078
101.083340
109.332990
109.843892
109.946073
112.424163
105.087774
112.528647
124.002012
118.855596
117.630280
109.603110
116.182180
109.883289
101.076124
101.873824
99.319315
101.874303
98.457135
92.676796
85.794852
68.931813
74.978877
71.072735
61.854013
56.111001
50.170299
45.731190
38.731327
32.581161
28.774408
22.117041
14.012183
12.346729
8.826223
4.000066
1.840030
-0.191726
-1.823871
-3.121770
-3.101749
-3.518680
0.367086
-1.643092
1.282874
4.053606
6.377217
8.119782
12.351421
14.676750
18.316387
23.898012
30.753120
29.664252
34.725584
47.087312
49.243538
51.050106
55.221760
72.183834
109.911328
144.966441
146.390579
164.784069
155.672546
164.830045
165.587536
153.161531
148.869224
131.872397
124.016991
123.678455
118.369394
122.775693
116.961524
113.763955
122.831784
108.937910
104.724133
112.230079
94.561101
98.331090
102.341333
85.947427
82.729131
83.528988
68.363112
70.210288
59.466948
53.873994
49.661291
41.621941
36.006512
29.024677
24.341171
20.768710
15.904812
11.508528
7.811025
4.650072
2.456916
0.052889
-1.569549
-1.511746
-2.290524
-2.111537
-2.056872
-2.433129
2.576080
8.005087
6.958202
11.887029
16.479702
19.219393
20.422817
25.932179
33.070871
42.182320
44.519290
52.005190
57.839776
60.427529
62.595646
71.237977
77.625650
86.242166
91.572303
84.223423
102.550836
101.273884
101.559699
109.741712
116.725500
114.795467
119.969519
117.489125
112.110713
111.692779
110.752428
104.971350
120.986061
114.511295
115.173408
105.825402
105.598397
105.822695
96.124749
92.885763
83.133504
81.999504
72.887465
70.596376
61.500561
54.358137
45.955027
47.246840
37.570730
33.545295
26.310486
20.610935
15.321168
11.786237
8.021655
5.019322
1.696405
-0.261371
-1.122719
-0.865659
-0.482575
0.301125
-0.790800
4.492696
3.590336
3.969375
6.286760
6.950111
16.865716
15.795117
19.460441
25.134441
31.944310
36.148581
43.458219
52.533677
52.772139
57.220696
57.106994
67.747330
69.832969
85.475280
92.721295
94.793782
94.158735
95.124916
107.833741
113.399177
101.065861
111.218653
123.791300
113.710428
113.399177
112.569173
114.824197
109.087639
100.619070
113.387699
102.278369
98.480143
91.735284
89.610498
84.611560
83.698053
76.855311
75.780961
72.086526
71.654408
97.076835
95.776232
93.171395
79.593549
66.826988
54.822355
44.339174
31.779393
23.331895
13.987091
10.198366
7.144921
3.192163
0.211803
-1.285674
-2.472692
-1.254190
-2.132865
-0.352929
2.250191
2.521766
4.575196
7.921613
12.932618
14.157513
19.219393
25.693338
30.265753
34.515303
35.629927
46.638585
40.851694
56.205692
56.447845
60.669682
77.558759
75.430836
84.166501
89.246504
100.696920
100.130623
105.870249
106.669269
102.131330
107.568168
115.222613
105.087774
119.635342
112.006229
113.407243
120.403395
112.019018
118.015793
111.925574
112.394842
101.362922
110.625593
100.913224
98.029989
95.146754
86.853310
87.564914
79.802865
63.598205
61.500561
53.939353
47.015652
40.627079
38.423936
31.192914
25.837033
20.547904
13.139766
11.732419
7.411709
3.840063
1.560026
-0.334376
-1.508911
-1.960407
-3.493681
-2.135918
-1.991783
1.836329
0.499008
5.804323
8.398849
10.269824
12.351421
16.111019
21.074930
28.387495
26.091184
33.208013
47.168587
47.203865
57.063484
53.344705
67.737669
70.186018
76.613753
83.620190
83.281903
95.244323
109.087639
109.899453
113.295426
96.178932
99.028866
103.932021
113.710428
114.125429
118.261096
105.555979
114.930222
106.246492
110.182914
113.171104
99.934082
105.410397
102.712886
96.028575
95.083830
97.792829
84.910044
75.600744
70.267713
66.402988
57.600616
56.897959
51.138244
41.621941
36.966165
33.226397
27.509811
20.647610
14.458928
11.262619
7.721756
2.707161
1.919134
-0.053570
-1.132931
-1.588096
-1.287635
1.102214
1.364127
3.598330
4.142407
6.364209
2.258994
-12.213903
-22.694801
-19.546274
-14.126173
-6.569226
0.571462
3.950511
12.932073
26.307959
40.846463
54.458250
65.017837
62.698768
71.190570
73.203288
82.431435
84.060515
95.108264
106.369636
101.845515
117.161858
112.424163
119.858126
119.858126
119.635342
124.466005
116.507322
125.162668
117.296103
111.271513
116.765143
112.283449
103.229622
101.662370
109.966237
98.243562
88.291792
86.955491
83.583538
72.515590
68.610904
62.649962
59.778877
44.056154
42.899804
39.496314
33.023479
24.957265
20.484874
17.018203
10.629923
8.718587
4.822835
1.873473
-0.253116
-1.532488
-1.665409
-3.196895
-2.600368
-1.984122
0.440217
0.496140
6.697085
8.398849
12.376071
12.351421
16.053583
17.058727
22.567589
35.452675
34.758786
45.397297
48.924542
51.164899
61.635906
65.949364
74.566520
81.204866
83.536903
92.811403
90.352248
99.218222
97.857460
103.174775
101.250625
106.137555
104.026677
111.523084
108.825772
115.990464
117.827905
104.974404
118.311512
112.703714
115.657796
102.377572
102.796072
98.310246
100.222877
95.083830
91.735093
84.328468
80.935944
73.813184
72.987744
62.450430
53.549940
49.094196
40.058665
34.291988
35.905315
22.960892
20.223759
18.162201
11.016710
8.410078
4.121651
1.611594
-0.080355
-0.984100
-1.897907
-2.688702
-0.766110
0.788362
0.250015
4.943172
2.909729
9.910247
7.721907
15.456078
20.545349
21.827077
27.745237
29.975561
33.962513
43.045186
42.785656
52.378247
58.437687
58.603839
73.056308
73.466565
86.772343
91.481638
96.501516
99.940079
111.379329
110.961395
117.052768
115.222613
117.489125
119.858126
127.410391
