454.220321
710.397523
958.856577
1258.506514
1547.480374
1645.062697
1895.786258
2098.844362
2292.093085
2441.401728
2602.271284
2749.046482
2887.694533
3032.129615
3129.040145
3196.322685
3236.892103
3261.245267
3265.447340
3253.484239
3218.444642
3148.662401
3079.774976
2989.151086
2872.724375
2746.329185
2574.405498
2430.743410
2239.249588
2052.922697
1854.075182
1654.305547
1457.655193
1243.572291
1043.640430
851.319261
661.063708
472.487365
323.490905
176.619367
54.638008
-38.296531
-109.428878
-178.564039
-235.895813
-267.717447
-274.153732
-271.751581
-253.947629
-225.858029
-188.590133
-146.140962
-85.973986
-30.948516
46.311571
121.352065
195.138381
290.886559
384.998171
472.167105
572.389076
673.341910
809.830246
955.379553
1068.266338
1216.254010
1421.660593
1610.830768
1801.428718
1957.290900
2130.611234
2312.111480
2487.863144
2619.505291
2781.194967
2942.250294
3105.423013
3245.064329
3355.106397
3412.159754
3469.876802
3545.559244
3563.081154
3584.127586
3577.079151
3594.583815
3578.972925
3541.836989
3504.506104
3472.635076
3416.168120
3342.015051
3255.041634
3163.491583
3046.448011
2936.865477
2785.234100
2639.656539
2443.455325
2253.816182
2068.775841
1865.191777
1654.671503
1450.626024
1226.962255
1056.763414
886.079541
728.984223
563.673452
411.852597
299.973426
193.008091
121.321611
60.822724
18.130345
-5.138234
-11.118456
-5.418274
18.979573
57.427364
108.249330
170.407342
244.748780
330.335489
431.300885
539.718423
669.944372
813.841865
937.873227
1110.904224
1301.067198
1509.340412
1691.960069
1859.858403
2046.234780
2221.338937
2386.060234
2532.027443
2706.365213
2850.454128
3021.707979
3151.919180
3245.709743
3297.928494
3366.727135
3405.877899
3436.176507
3467.367829
3483.753848
3491.136990
3474.281712
3468.504237
3433.306794
3393.160641
3340.497602
3266.910090
3176.237580
3064.820647
2964.001315
2832.536860
2696.508027
2510.768291
2320.674596
2135.535330
1915.475640
1702.055124
1495.289679
1287.182074
1080.373541
891.434187
724.133298
571.202837
416.284074
282.164693
181.225050
101.292234
41.617069
-1.485936
-25.451057
-36.446317
-30.344365
-7.788211
26.612458
73.023728
127.508590
195.032571
275.860776
360.136656
461.254641
578.713318
695.785364
841.678745
972.274169
1137.347956
1332.806806
1522.772032
1737.270585
1887.961978
2067.444722
2251.945811
2426.017634
2573.022692
2708.565024
2876.658467
3032.214623
3196.769824
3298.724380
3381.933319
3464.105243
3497.773960
3545.546304
3548.476119
3551.546677
3572.945451
3547.839530
3522.807521
3493.274685
3465.640844
3389.137928
3325.853776
3246.093882
3153.384572
3039.670263
2925.909641
2781.011729
2618.868063
2425.310857
2239.237810
2040.105272
1853.717465
1642.514046
1431.380571
1231.875159
1040.808065
879.123603
718.677120
557.876587
405.455969
293.794947
199.370994
120.880884
59.693264
16.293014
-5.609503
-12.571421
-4.396429
19.098195
57.644254
107.767641
170.981105
243.736839
329.410137
433.270287
535.278305
668.640976
805.703109
939.859499
1097.995606
1297.824768
1496.306437
1697.037408
1857.967377
2040.790740
2215.178485
2395.597273
2531.442042
2699.685896
2855.670882
3015.360959
3156.021177
3279.427064
3343.290198
3393.686810
3436.994146
3482.891633
3504.449238
3521.562287
3514.854550
3500.102645
3478.264070
3447.582141
3404.365437
3386.513901
3313.037832
3202.819276
3121.262270
3015.839180
2874.746828
2740.379124
2573.530475
2405.975369
2203.677034
2013.820950
1807.154428
1599.592976
1391.548183
1184.715460
991.250266
821.413620
655.317525
483.797666
354.968208
249.235810
158.854280
92.902325
36.597620
5.614599
-11.081821
-14.659387
-3.899604
22.221271
61.339256
108.731473
176.570585
247.633900
334.949534
430.556507
540.113713
665.860744
807.059219
939.941052
1095.038791
1294.376400
1500.268638
1694.515844
1855.424458
2030.036795
2208.912700
2381.257452
2541.221289
2671.373705
2842.054543
3013.307044
3160.144098
3281.433113
3371.767188
3440.448972
3477.459572
3513.140321
3539.551156
3542.475746
3547.442542
3537.925646
3516.824701
3479.217248
3437.377806
3382.982306
3327.387848
3224.365842
3139.908575
3030.910049
2913.972323
2775.662385
2614.636098
2443.093885
2239.914515
2049.073211
1858.514686
1639.350473
1439.659684
1232.790227
1044.132777
878.289834
719.077042
555.319225
409.723926
297.463187
199.083066
121.878699
63.233355
18.663590
-5.470058
-12.656464
-4.888069
19.980035
54.617201
104.311276
166.491490
238.652072
326.867400
421.300012
539.660710
667.232941
804.396283
932.530037
1096.274613
1285.733910
1503.835244
1692.680444
1865.531247
2027.611167
2220.824301
2386.060234
2533.184427
2691.386839
2839.724419
3005.621607
3155.003244
3269.714154
3336.854605
3401.017475
3429.618918
3476.440527
3492.861737
3514.172106
3504.318735
3494.986487
3487.631497
3450.302840
3428.483035
3387.444167
3322.506746
3227.886812
3142.415783
3039.387872
2913.710636
2753.380833
2619.609210
2415.646411
2236.424144
2026.436545
1829.135481
1621.180436
1419.122727
1213.380873
1028.467190
865.718874
706.365175
541.675261
394.312878
288.989695
192.992520
117.124113
60.238753
16.933971
-6.044588
-13.164099
-5.349669
17.881851
54.295373
102.386751
166.050113
236.909433
323.204252
421.302330
526.001588
656.367819
791.945750
919.180699
1103.050693
1313.870647
1547.243868
1752.448706
1911.350126
2084.879480
2255.636525
2423.114724
2572.171020
2720.861183
2859.445016
3024.163670
3185.419798
3281.156233
3388.485284
3428.650549
3479.422331
3514.151724
3529.037639
3547.839530
3537.925646
3548.206952
3507.332135
3474.339144
3433.888087
3383.263496
3312.291873
3233.688440
3130.879482
3026.411074
2907.431418
2759.681494
2602.216709
2421.972067
2223.402030
2028.895907
1833.534012
1634.243460
1428.030264
1213.001519
1036.602785
868.552695
708.740497
549.814786
392.584560
282.234967
190.443686
113.443045
55.361567
13.034412
-6.839591
-13.151640
-6.211721
18.522954
57.517113
106.226523
172.428214
242.763498
335.494439
433.348560
544.447955
677.764735
817.393707
950.774405
1102.277995
1303.459315
1496.318928
1699.215886
1864.059053
2032.257329
2222.306263
2385.039958
2539.234402
2694.219873
2842.898283
3020.375093
3156.714487
3268.243087
3333.386693
3400.965289
3454.227754
3470.685942
3507.777306
3520.141401
3494.465058
3505.019947
3491.642008
3451.200247
3434.559943
3386.893402
3322.506746
3246.481518
3148.841992
3040.327528
2923.283942
2781.163001
2630.255619
2435.858013
2237.354705
2055.999947
1848.029563
1656.281166
1437.582860
1234.216621
1048.633213
887.271163
724.539420
561.540600
411.988970
300.593835
201.769327
126.242752
67.918933
23.490662
-1.231091
-11.858481
-6.347825
16.946852
52.633270
100.234210
162.466296
234.044234
317.787422
408.949310
525.182101
647.864196
791.811243
910.130625
1080.582834
1270.770748
1471.223133
1666.702813
1845.346504
2005.591391
2183.488028
2372.913563
2497.351926
2665.424095
2842.717611
3002.292084
3153.872690
3281.745391
3365.536735
3409.934582
3473.010496
3500.192835
3515.019621
3532.542153
3517.875216
3533.365384
3506.274217
3461.083048
3434.950922
3352.351179
3305.196302
3268.715764
3213.313791
3114.048806
3003.974837
2849.085417
2661.804378
2466.298041
2290.022964
2088.532318
1864.772270
1657.970925
1438.713624
1226.656795
1038.136618
862.513753
710.530250
546.686400
398.380768
282.674898
189.013916
113.717573
52.595706
13.577512
-7.919525
-14.263096
-5.234127
19.809929
58.521218
110.176167
175.982510
249.106325
337.353571
435.360187
548.703149
672.808478
823.767641
944.079063
1106.810640
1296.946706
1510.537616
1686.860903
1864.473436
2034.668078
2217.715922
2382.914948
2545.758607
2708.829335
2885.717478
3015.012879
3177.306383
3268.733759
3351.267541
3405.877899
3446.823496
3487.995184
3502.831852
3502.831852
3506.919772
3494.306390
3478.509532
3453.633242
3428.194159
3387.807233
3335.678229
3240.889377
3161.261240
3060.329958
2932.105056
2790.623426
2630.255619
2463.919723
2255.065273
2062.281881
1865.152213
1655.162840
1449.120439
1245.040569
1061.049826
891.393093
736.586396
575.820979
423.046873
315.080285
219.655834
134.523510
74.247766
27.815943
2.246072
-8.291320
-4.192984
14.233631
47.822079
94.658919
155.146683
223.541502
314.867781
408.996211
513.198600
640.647868
779.112630
913.276057
1065.771086
1270.410603
1472.485884
1663.228907
1826.319765
2003.182331
2186.191154
2372.913563
2515.201962
2679.448686
2832.827094
3002.950225
3162.526633
3275.986756
3372.861433
3420.302120
3491.314683
3507.172274
3530.891994
3541.836989
3540.786168
3536.534517
3505.519371
3475.702880
3423.675471
3370.458602
3299.390558
3221.110501
3120.779873
3007.671961
2898.670268
2746.858708
2583.601346
2412.153902
2218.606448
2033.218768
1835.912917
1620.895631
1410.194760
1207.570575
1022.719978
857.253275
702.248858
545.856189
388.519390
279.426326
184.524219
111.214426
53.078903
12.336398
-10.945385
-20.047953
-12.445424
11.525472
49.439837
100.153386
163.712097
243.515491
336.985022
432.334058
553.493683
674.312885
820.168156
948.474540
1113.068976
1323.661707
1513.412130
1711.262299
1867.988429
2038.628195
2242.776355
2396.689199
2559.489780
2714.514181
2868.969779
3045.930087
3175.247058
3274.321212
3357.693749
3407.461880
3460.726120
3497.091343
3511.105362
3517.761486
3521.742364
3510.993628
3497.437947
3470.285289
3426.661230
3379.107001
3327.636683
3253.891942
3151.141254
3056.722986
2929.503696
2799.540730
2653.497663
2466.818447
2266.137286
2091.083415
1885.732929
1684.349288
1469.072561
1263.432279
1076.099557
910.401138
750.354366
585.133448
433.478430
321.116304
218.156683
140.077574
78.450469
32.280383
5.207987
-7.119060
-5.169878
15.193729
46.486268
90.066354
150.234578
223.497715
306.050954
397.137856
512.474803
634.733319
778.053907
893.959346
1056.723793
1258.177316
1452.033262
1659.150267
1823.319325
1990.460944
2178.149424
2355.488173
2524.612707
2673.474439
2838.817928
2993.627337
3170.566793
3286.005073
3361.181268
3440.448972
3475.949858
3506.155944
3526.980639
3523.858342
3544.312843
3540.071047
3506.594839
3466.498909
3427.172582
3382.192971
3301.940951
3217.694694
3123.162444
3022.110125
2914.002212
2743.711113
2586.488096
2389.216225
2218.606448
2014.138821
1827.511138
1625.992781
1396.766895
1193.316121
1022.787033
856.407045
696.901786
540.140626
387.106589
277.412689
184.095564
107.154049
53.316197
9.400238
-9.298438
-14.505486
-4.859211
19.999497
62.028791
111.410184
177.866250
253.269464
344.327288
442.469605
549.007914
690.521167
825.844827
950.953959
1117.313826
1314.962130
1520.702738
1709.249021
1874.103566
2068.184859
2231.011569
2412.631061
2556.743541
2717.772442
2874.818851
3045.930087
3174.175165
3268.430552
3316.734690
3372.250368
3416.285028
3465.685650
3475.604711
3507.842426
3511.105362
3497.037942
3488.514838
3466.274778
3434.170187
3401.322728
3319.337053
3248.295412
3167.706217
3063.064735
2943.267337
2808.729589
2650.249633
2483.528963
2290.387395
2077.421331
1903.811400
1684.417599
1484.318062
1281.328153
1084.419629
930.415430
761.028552
590.447974
445.103460
320.951330
223.780826
144.009144
80.707990
35.081163
5.801839
-6.109394
-4.777229
14.141856
43.939970
87.854509
151.683874
218.296332
301.536928
392.935341
488.687384
628.584141
765.443990
892.297709
1049.529732
1253.413017
1446.999841
1650.742600
1818.463612
2000.694673
2179.475565
2349.913051
2522.251043
2666.082245
2812.719258
2997.215295
3149.736197
3286.191701
3352.914458
3406.579750
3467.550008
3495.679384
3517.490547
3518.524123
3526.679456
3541.461895
3498.172499
3454.365091
3423.675471
3370.897809
3279.647774
3200.506905
3128.719012
3005.486856
2898.705084
2752.176348
2579.511623
2405.030568
2205.300266
2023.741265
1814.440251
1623.040472
1414.044258
1205.317641
1016.787877
849.279768
691.793933
535.303547
387.442288
273.713854
183.674540
105.971442
50.804864
8.109550
-11.159332
-15.472518
-6.685496
20.232049
59.398514
110.595087
176.865242
250.905570
339.872735
439.416072
553.411240
680.586610
820.282024
954.459635
1110.836057
1310.028304
1520.702738
1717.475095
1881.019081
2073.062653
2245.327868
2415.288139
2561.147968
2718.546163
2882.778860
3048.563136
3176.977058
3291.111399
3364.119957
3410.573231
3469.839273
3496.254924
3531.871135
3521.865841
3525.200935
3528.431334
3508.364426
3484.294057
3437.259516
3408.572144
3348.849713
3264.194934
3164.386944
3068.031323
2961.003680
2799.763018
2659.213278
2479.521676
2293.508454
2096.414276
1879.637368
1672.271614
1452.015860
1266.146943
1071.381650
906.639221
746.414097
583.385459
445.603990
324.345710
227.846417
149.994855
87.437695
38.630622
8.502024
-4.098853
-4.580905
12.919067
43.675271
89.391882
147.533733
218.230091
295.312058
389.644330
492.375914
621.333621
763.643361
885.651173
1040.170818
1239.709007
1434.250946
1627.210237
1814.192807
1989.134806
2154.151270
2345.051197
2489.341227
2648.354802
2812.934532
2987.931827
3149.736197
3250.011982
3367.519507
3397.765654
3460.614905
3496.261770
3519.961780
3503.462663
3519.288237
3509.791049
3482.420848
3460.780031
3399.831623
3362.650695
3280.923122
3198.050125
3116.325566
3013.226121
2880.189519
2737.254308
2578.337961
2377.508534
2207.165394
2013.850884
1812.120476
1615.372565
1415.504326
1198.558851
1019.187658
852.051243
695.378359
528.826655
384.019075
276.126167
177.100830
103.868019
45.795933
7.741373
-10.439375
-15.475907
-6.185463
20.697154
61.255855
112.257410
184.727847
255.923680
338.895768
442.453509
549.007914
684.281701
820.495854
950.953959
1115.597519
1306.956236
1520.702738
1700.899975
1866.860236
2051.835912
2228.341038
2394.563554
2567.664768
2706.727783
2881.109854
3031.341527
3150.202947
3290.389948
3369.032567
3412.857559
3456.652835
3499.572730
3527.745677
3527.680854
3530.232635
3517.668521
3494.306390
3480.063890
3424.235274
3391.415957
3327.976288
3260.393225
3164.907506
3071.677592
2951.226223
2802.809555
2657.125432
2469.503958
2297.032984
2088.143506
1897.752837
1703.186173
1498.940693
1297.884187
1110.031679
929.493647
777.615403
598.453355
453.516033
337.246615
236.155803
155.196989
88.019513
39.688995
10.415975
-4.332906
-4.714714
12.262165
41.695377
84.475489
145.708102
209.629543
290.114121
385.998071
485.571609
611.209667
757.261880
905.876328
1090.471482
1279.737892
1506.886329
1697.207075
1858.813015
2038.543800
2202.766768
2386.540231
2532.713801
2697.477912
2854.949991
3005.625331
3167.873174
3267.818194
3352.440479
3408.037422
3463.073819
3485.202824
3503.077995
3530.206131
3520.691697
3502.757396
3479.217248
3446.263676
3409.687006
3351.818706
3287.981737
3198.050125
3097.132482
2996.511036
2873.673251
2732.019839
2574.135237
2383.182858
2194.439601
2005.746577
1808.430183
1617.928531
1404.918074
1199.498721
1017.678997
843.489225
692.378635
524.817674
382.868196
272.331985
175.792878
102.724868
47.447426
8.146508
-11.879289
-16.838377
-5.709956
22.319909
62.884640
112.475143
177.779048
254.371669
344.207845
443.478792
555.899226
678.060855
824.395979
954.776696
1110.247940
1313.982984
1528.834838
1700.899975
1877.573983
2062.656350
2222.154401
2401.979904
2540.347177
2704.957255
2865.594218
3045.544752
3190.023369
3297.434380
3366.576415
3436.696544
3460.726120
3510.337901
3519.448696
3531.018306
3526.902221
3521.742364
3481.152810
3467.148735
3426.871503
3393.825490
3338.405968
3254.222172
3163.093614
3072.577353
2940.152773
2824.044369
2668.176913
2498.959923
2301.759162
2102.539580
1912.176721
1700.735541
1494.401010
1282.869695
1097.031669
939.676885
775.210426
609.966698
457.467443
334.075736
242.343291
156.064010
90.358131
42.294015
10.856014
-3.346805
-3.889368
12.093235
41.944505
85.393100
145.735486
215.169698
289.408136
383.003409
481.382178
611.857943
754.812821
874.383079
1022.572631
1228.343465
1436.375766
1630.399025
1809.342022
1975.126707
2152.813697
2336.050089
2484.940154
2651.960642
2803.721866
2966.848960
3127.213531
3235.812833
3344.657502
3378.701358
3446.318148
3471.885439
3483.772557
3493.617763
3546.672928
3588.642958
3598.579647
3538.200189
3506.849626
3430.520113
3329.253371
3253.711307
3158.486386
3031.083863
2899.749202
2745.680123
2575.220264
2389.216225
2190.987657
2010.005170
1816.745236
1602.499909
1404.441237
1192.747322
1011.417347
837.485452
690.001723
528.034756
380.610650
270.930474
173.760309
104.475199
47.552284
6.694592
-12.478567
-17.238248
-5.709956
21.707887
61.817458
114.365374
178.118914
256.264609
342.345089
439.377786
552.453568
679.520687
821.935323
957.776196
1113.685240
1313.982984
1523.542061
1712.619043
1877.573983
2057.109081
2246.767600
2397.206556
2558.927841
2725.288823
2878.357216
3046.837816
3180.338612
3285.509880
3359.207348
3420.455062
3464.078208
3512.791135
3516.964084
3530.232635
3533.563037
3541.809272
3516.801603
3476.946105
3446.334559
3398.906456
3348.849713
3254.222172
3179.182600
3078.919101
2951.272826
2801.919163
2666.082029
2490.008279
2311.401509
2096.185132
1915.777622
1722.823764
1504.460678
1297.884187
1114.292732
941.186172
781.332298
610.888749
464.543779
341.638776
241.240652
158.629620
90.358131
43.778051
11.230358
-3.028676
-4.122814
11.605743
41.143018
83.804890
146.342928
206.460260
293.993435
383.479675
480.787650
610.259335
754.162080
867.540148
1024.369775
1232.267887
1417.485906
1624.605776
1794.068382
1966.241953
2146.172933
2327.063754
2489.341227
2648.189069
2811.296375
2964.535412
3131.339874
3241.537265
3317.521032
3398.261201
3428.149467
3469.428989
3482.744215
3492.206924
3503.462663
3486.983572
3481.656451
3437.920478
3391.791800
3349.653305
3267.181030
3187.854430
3097.132482
2993.203632
2870.415122
2730.934815
2579.290278
2386.856536
2193.893473
2005.746577
1806.767090
1605.604156
1384.330633
1199.619971
1002.172860
829.581064
684.425287
519.211627
372.978610
262.795833
171.252567
99.511362
43.799543
5.899114
-14.552497
-21.505033
-13.341494
11.154650
53.183894
104.758139
170.727022
247.781045
337.688140
440.165894
550.218122
682.048788
828.946975
957.776196
1118.841193
1307.168632
1528.834838
1710.772595
1864.950440
2049.132543
2232.940517
2400.360149
2566.082926
2716.298795
2887.600616
3041.454486
3189.717736
3277.160418
3365.624172
3429.426572
3468.964450
3504.503549
3533.563037
3550.199528
3533.563037
3535.206241
3503.589370
3484.294057
3443.231153
3408.572144
3328.259302
3254.222172
3175.964799
3088.931178
2967.755416
2822.776527
2661.003702
2492.907013
2304.559351
2097.169109
1923.502536
1710.538051
1508.302415
1305.796842
1117.197692
946.291721
786.495284
614.622935
461.786842
342.576520
244.961833
162.138925
91.459476
43.860459
12.275971
-2.373020
-3.751856
12.699621
41.170907
83.268893
142.749744
208.577660
290.591354
383.479675
481.983642
608.903205
754.812821
872.488095
1032.972401
1234.512542
1430.001312
1613.574392
1809.990304
1973.209839
2152.813697
2341.605492
2490.091191
2658.538827
2803.100681
2971.475767
3128.698004
3239.463636
3327.218412
3382.565588
3438.384267
3465.532428
3497.114885
3500.303410
3503.817767
3485.927814
3472.188523
3458.131086
3395.274128
3352.033376
3284.538817
3182.147249
3110.680263
2986.648603
2873.673251
2728.877182
2565.867165
2373.266708
2196.560636
2003.674820
1809.072083
1606.598056
1404.441237
1191.800061
1010.185963
837.902184
682.642926
525.526506
381.702400
266.486471
171.654123
99.117497
44.517568
3.801704
-13.319202
-17.234575
-6.521109
20.308299
64.263689
114.141441
186.606896
260.726445
343.207421
441.410858
555.899226
684.475679
831.426566
962.360794
1122.278493
1317.286414
1532.634326
1707.716070
1893.305906
2074.375698
2250.430886
2407.130478
2540.878617
2685.933820
2841.954358
3005.911233
3173.221219
3268.070726
3345.935893
3402.947883
3463.087869
3485.469252
3513.649535
3530.232635
3535.206241
3535.120303
3510.122017
3477.824743
3447.222593
3420.923629
3345.872696
3269.252425
3182.400391
3068.921395
2948.567963
2811.065803
2669.067568
2489.745789
2307.544618
2107.910052
1918.352597
1724.467962
1500.665957
1309.267630
1107.396769
941.874843
787.722913
610.290738
464.741852
342.576520
243.997284
163.000188
91.451682
46.243352
13.348425
-1.941562
-3.926490
11.558136
39.175395
82.785980
143.943863
204.453359
288.109325
383.325774
479.997909
613.585384
752.994946
871.064741
1033.996362
1231.130582
1420.325521
1616.879098
1802.691957
1970.049259
2138.194596
2327.716974
2467.061446
2635.676066
2802.289128
2965.146743
3128.698004
3222.320194
3327.713947
3384.092559
3439.809608
3471.885439
3493.992576
3496.448721
3495.723744
3501.992696
3461.379033
3433.086421
3400.078322
3348.563355
3277.487594
3183.232550
3096.042257
2999.937357
2887.779470
2749.991519
2563.972395
2372.390522
2201.334044
1998.070142
1815.714394
1600.507007
1391.348960
1195.408635
1000.990363
835.768497
688.104683
526.419171
377.770271
266.142622
168.494845
100.068191
43.799543
5.043117
-13.500870
-18.884627
-6.840190
21.945131
63.990491
112.670208
184.354651
259.041988
342.197609
446.449793
555.899226
682.135773
824.995075
960.780560
1119.394113
1324.119336
1527.334510
1709.880472
1879.490817
2060.367116
2245.627674
2423.259391
2567.728476
2728.726302
2893.463765
3043.984014
3177.256883
3290.798505
3378.685961
3426.951652
3490.346099
3531.073176
3537.729858
3532.742175
3548.498242
3544.368092
3515.195640
3491.136990
3443.394515
3421.809317
3338.939437
3267.785184
3171.333714
3084.370474
2957.059141
2818.445467
2668.732349
2505.652462
2295.760484
2099.531126
1900.536870
1680.064009
1466.336854
1283.916241
1082.708701
930.828745
768.268561
604.403408
459.578457
339.061017
243.558146
161.701202
93.665957
44.648753
13.391967
-2.707007
-3.192765
11.714747
39.969491
81.463299
142.166454
206.189810
284.851183
377.007219
473.267636
600.439453
747.822483
865.532568
1027.573591
1224.419044
1431.187696
1621.782503
1799.640452
1966.845010
2146.803970
2335.249929
2476.454946
2656.940091
2809.863647
2967.455363
3135.209344
3238.212615
3318.036277
3382.124556
3424.704083
3458.587470
3486.623530
3493.992576
3505.924041
3486.245972
3458.646611
3455.941046
3412.088953
3348.563355
3281.239129
3186.873217
3084.790775
2991.038513
2875.846089
2740.455771
2565.867165
2362.499009
2190.734213
1988.962090
1801.413703
1614.917093
1396.724372
1190.225034
995.909281
833.156178
681.699275
520.730963
374.157615
262.750676
171.531234
99.937922
40.787002
5.529553
-14.211442
-17.599989
-5.321993
21.976191
63.436260
116.041058
184.751395
259.763555
351.372342
443.368108
561.630066
684.668571
833.089083
965.218271
1107.412834
1321.028705
1514.468352
1713.587216
1879.490817
2056.680861
2237.322690
2403.000814
2569.922160
2721.969565
2879.570224
3028.974225
3193.114471
3293.950606
3363.905598
3442.429137
3470.548433
3502.815460
3529.394781
3538.541336
3548.498242
3530.160773
3496.185112
3482.998982
3456.963656
3394.949905
3335.424259
3256.577451
3169.911047
3072.085226
2958.840185
2826.722830
2669.606310
2492.907013
2312.959937
2104.226768
1928.760122
1725.241817
1512.936216
1313.836747
1121.096892
952.925480
789.499784
619.279166
472.814588
349.701820
252.303574
163.884379
97.309693
46.447445
14.581719
-1.863801
-3.802682
10.261742
39.704792
83.420875
148.021663
224.143820
313.337890
405.599193
505.278573
632.933404
773.030295
886.979055
1039.932289
1232.105848
1419.377237
1624.069923
1794.789675
1963.064797
2146.841592
2328.340621
2482.207457
2649.577461
2800.650971
2952.758175
3115.362747
3229.168451
3310.778100
3377.256005
3436.342051
3449.778302
3483.126419
3483.126419
3485.927814
3477.848573
3463.810845
3423.418906
3402.480567
3348.741080
3273.107530
3190.281634
3074.648958
2983.318692
2854.151234
2720.255236
2550.453267
2376.278464
2195.221927
2000.151745
1805.104203
1607.704658
1390.483987
1180.201471
1002.445356
829.784433
683.684017
523.202852
374.527542
263.666875
165.051194
99.308568
40.930989
2.703183
-14.662922
-18.462314
-6.890485
21.589264
61.810686
117.138740
181.729695
255.206808
346.735230
442.292480
554.772117
684.668571
830.293686
966.803192
1111.022645
1319.372298
1511.192174
1703.387258
1889.467545
2057.951684
2241.016475
2412.561313
2568.824463
2724.264491
2878.357216
3036.228973
3174.175165
3284.494293
3354.465781
3426.008794
3473.822529
3507.803453
3517.778818
3541.057925
3540.223854
3535.206241
3497.037942
3477.974331
3446.545145
3394.949905
3329.138239
3263.064657
3174.886137
3080.165509
2955.725611
2822.776527
2672.053097
2492.637484
2310.159738
2107.063993
1920.927562
1732.654427
1512.959953
1312.304139
1126.448653
949.350040
791.216085
611.518061
464.741852
350.916061
249.096210
166.071503
96.604551
47.515203
14.973811
-1.353503
-3.799919
11.276813
40.074368
81.043386
136.311889
202.139422
281.806932
371.556385
472.851539
593.371387
736.938263
852.519782
1012.997782
1211.987645
1402.462587
1611.825281
1781.461555
1945.292853
2135.535145
2310.441872
2470.702436
2623.979527
2782.480054
2946.678645
3110.959822
3232.490637
3305.939415
3373.837734
3411.472939
3426.151901
3468.403111
3454.473787
3504.439290
3558.419951
3556.289704
3546.647152
3477.036259
3415.183049
3328.099072
3247.932953
3152.769958
3041.060945
2906.182351
2761.405109
2569.538699
2373.052444
2189.671351
1998.070142
1802.429978
1599.020678
1390.483987
1191.189372
991.475985
831.501388
677.200879
511.163504
373.241417
258.715387
166.388662
98.844010
42.502849
4.976597
-14.951491
-17.019770
-6.617007
19.772056
64.532194
110.522480
178.907804
260.224918
342.972064
447.457582
559.344881
687.068390
824.907009
959.354079
1122.462734
1306.956236
1516.980326
1716.643741
1879.872119
2045.553717
2240.084718
2410.922790
2552.373503
2708.456091
2879.570224
3040.354441
3192.665506
3298.146457
3366.105456
3444.706426
3475.522039
3517.703186
3524.397404
3534.401801
3527.754492
3536.840358
3510.250186
3490.267738
3444.252038
3401.535647
3338.067526
3258.344423
3192.053785
3078.919101
2945.053073
2827.107318
2658.580636
2490.889293
2304.559351
2106.907307
1926.754691
1721.179087
1512.936216
1310.945971
1121.096892
952.676364
785.629812
621.769722
472.009846
348.882001
250.129802
165.197444
98.667036
49.548536
15.540533
-1.140239
-3.533841
10.162113
37.716891
79.363729
138.050164
201.849349
280.503272
378.226532
469.709233
590.943484
732.728145
859.293568
1007.419817
1213.942467
1413.965855
1619.495084
1789.320173
1947.857768
2138.194596
2311.154875
2460.727171
2621.014582
2778.815085
2955.653211
3115.981480
3214.799921
3320.936523
3375.278148
3425.145429
3448.549780
3461.438443
3457.956115
3476.470055
3474.339144
3451.652390
3433.086421
3375.248013
3331.042962
3264.837917
3168.444539
3074.648958
2971.144472
2857.401971
2718.241951
2542.217474
2371.116105
2175.668842
1987.530263
1797.081519
1593.867484
1382.434622
1176.321081
995.364568
824.680957
677.200879
519.973203
389.239239
278.346084
183.827727
105.119432
46.869660
3.048106
-17.395819
-22.811389
-6.940781
18.136400
62.343537
114.741351
181.918348
260.941793
342.116774
447.457582
565.089802
689.430517
827.693189
956.645839
1114.441176
1317.503501
1517.730447
1705.233478
1873.740552
2047.550321
2229.738550
2409.274626
2575.419320
2727.640335
2874.939140
3052.865191
3198.180219
3287.646394
3383.398582
3444.913748
3475.522039
3506.110683
3534.391848
3545.211536
3538.541336
3540.223854
3528.431334
3487.808934
3466.274778
3404.828524
3341.336942
3269.551863
3196.708619
3089.642946
2960.602461
2834.505762
2675.558610
2507.400653
2311.022227
2110.419599
1928.652476
1725.281425
1514.496980
1318.738424
1136.578590
952.020397
792.297677
618.015940
473.843210
353.188702
253.230587
169.186062
94.676066
48.049080
15.540533
-1.127919
-3.598967
11.386296
39.272881
79.406961
139.192261
200.940376
277.291941
374.901032
473.611716
596.143361
739.946171
858.370796
1013.586930
1221.344169
1418.205635
1622.320812
1788.722947
1957.355642
2138.194596
2315.982502
2467.826185
2624.576084
2781.656192
2955.653211
3125.442338
3236.733071
3339.339911
3382.627798
3425.145429
3465.949124
3468.403111
3466.336256
3478.913883
3477.848573
3462.143733
3400.902149
3378.720486
3323.932609
3263.745513
3168.444539
3093.847576
2973.359191
2855.236255
2724.546661
2562.894497
2376.278464
2200.275879
1994.217246
1801.019834
1592.770928
1384.102352
1180.201471
984.974547
829.977954
680.860571
511.985066
372.598434
256.452617
163.229381
97.236898
40.930989
1.599736
-15.277301
-17.927867
-6.991076
22.936480
62.850915
116.493538
184.751395
264.092947
349.243730
452.578303
563.928110
685.916742
837.435632
968.388118
1119.568976
1329.968830
1524.551360
1716.971315
1879.490817
2074.803918
2246.767600
2399.030826
2522.164226
2670.168007
2843.082907
3009.489487
3166.455959
3256.508166
3342.452118
3409.625681
3473.822529
3485.358417
3516.095742
3521.088117
3533.563037
3547.705532
3516.125331
3484.611687
3463.827706
3414.531748
3342.206495
3267.187201
3192.942102
3085.260850
2961.954748
2818.916449
2687.330070
2524.242552
2318.560324
2115.775994
1939.088155
1737.569759
1517.579678
1311.629832
1127.167817
954.956435
798.351813
621.705661
475.571524
353.710818
252.303574
169.170972
96.058198
48.049080
15.919569
-1.630826
-4.043525
11.057846
37.857002
79.870163
136.311889
200.663951
277.707579
372.098722
471.960329
595.309276
740.253429
862.768886
1014.392143
1208.507710
1408.564132
1606.756473
1792.364279
1963.064797
2138.194596
2316.690577
2470.702436
2640.041722
2793.091244
2951.295598
3111.850210
3224.913995
3308.863998
3371.406224
3407.477200
3453.679802
3452.663779
3485.927814
3478.580942
3475.702880
3464.885999
3429.327829
3383.515122
3345.093346
3262.494804
3175.355043
3090.481043
2984.413840
2862.803709
2737.156081
2556.514066
2370.877444
2192.845394
1986.164669
1797.713564
1586.702043
1381.415279
1177.614598
991.733559
819.280044
677.380975
513.590039
373.092572
260.151452
167.441754
97.769054
39.355881
2.211822
-16.093451
-18.440916
-5.244862
22.208744
63.430087
117.564699
186.082975
262.649816
351.144023
452.578303
563.928110
685.916742
832.011586
968.388118
1120.746434
1328.092990
1518.249283
1719.467754
1882.914313
2063.522414
2248.621730
2422.140580
2567.164837
2733.882415
2885.905803
3051.215301
3184.076102
3306.209125
3375.249413
3439.723435
3486.918939
3526.808420
3554.370173
3539.388915
3566.898497
3536.893451
3534.355747
3491.136990
3457.185658
3420.435046
3347.649054
3263.945938
3164.126227
3054.155650
2934.646539
2806.736766
2655.308568
2491.165800
2301.911594
2106.509018
1928.352725
1731.000366
1522.199403
1319.551703
1127.280707
953.221644
790.303826
624.585029
471.436122
349.248274
252.303574
169.170972
98.014837
48.582960
16.116637
-1.353503
-3.337516
10.261742
37.851902
78.847384
135.131296
202.004281
274.523352
377.713307
464.630351
594.794622
735.434304
855.442743
1011.603247
1210.032828
1403.172461
1621.782503
1782.665855
1949.757390
2138.194596
2311.154875
2484.172689
2624.761789
2788.602125
2948.749813
3091.221640
3221.984186
3305.939415
3367.519507
3408.037422
3448.170039
3459.361745
3472.635076
3464.249704
3479.217248
3460.301404
3423.675471
3382.192971
3332.132912
3254.538745
3172.913344
3087.055046
2986.633486
2861.733136
2724.448435
2550.453267
2361.219664
2189.671351
1988.962090
1795.651666
1584.694359
1388.078300
1175.705464
998.904962
834.031964
679.078210
515.955229
371.811375
259.745272
165.138763
94.018466
40.506142
3.362078
-15.839051
-19.017461
-7.475121
21.312556
64.505174
116.459979
184.177632
260.224918
342.791739
452.641321
558.179488
684.627423
830.655490
964.229931
1120.559840
1321.241100
1532.900888
1723.179190
1874.484618
2052.362425
2234.338276
2416.204111
2557.299350
2714.660634
2888.322722
3043.358739
3192.665506
3287.646394
3366.829569
3439.178501
3485.358417
3495.333782
3524.435820
3542.712290
3541.057925
3540.180156
3506.155216
3487.930359
3454.902250
3420.262300
3350.927854
3293.514044
3187.701015
3097.944348
2960.602461
2831.093193
2681.009705
2504.501929
2319.415766
2132.281005
1945.198604
1735.112089
1523.745264
1323.838008
1129.191455
958.806924
801.807882
627.039559
481.339775
352.336038
256.572683
168.270092
95.640308
50.411879
16.702139
-0.706317
-3.840109
10.594958
38.024087
75.701515
143.146871
217.782728
301.661037
396.588223
501.216534
624.456613
767.655676
880.704859
1040.440135
1237.007118
1437.480729
1632.884433
1794.776682
1965.540356
2132.875702
2311.776067
2464.949934
2615.659056
2775.761435
2955.064044
3118.930998
3230.093616
3294.882600
3352.440479
3411.334353
3425.557198
3466.336256
3460.757510
3468.082208
3461.379033
3430.398356
3427.172582
3369.605508
3328.672747
3248.619636
3168.562837
3076.814344
2971.164506
2870.404943
2711.868579
2552.473617
2365.306606
2190.734213
1992.465455
1802.244701
1597.958423
1385.672621
1189.547134
995.364568
835.446429
684.530112
519.108750
373.241417
259.953258
165.138763
97.769054
37.624491
2.764776
-15.378187
-19.282861
-5.244862
20.202585
62.586836
112.546702
177.597914
260.087887
340.997974
446.286092
559.348638
675.906957
834.966853
953.504145
1110.022586
1306.121654
1514.468352
1696.609683
1867.241530
2041.560755
2231.807886
2404.496852
2560.031502
2709.556135
2869.113528
3018.375061
3182.299170
3279.240626
3373.516752
3438.973823
3478.652157
3502.697599
3520.203910
3534.391848
3531.073176
3524.417610
3515.195640
3489.538373
3446.545145
3406.667352
3335.672367
3282.526275
3215.713321
3069.281825
2975.774705
2835.456829
2689.436683
2502.474824
2313.581042
2117.629481
1947.785309
1728.486664
1529.151896
1318.151482
1135.866301
966.169231
800.079845
624.542083
484.605566
358.201515
258.076858
171.388330
100.796539
50.305276
16.702139
-0.698925
-3.018614
9.315971
37.499616
76.316699
131.672775
194.344058
272.752233
362.883535
465.395577
585.352856
723.144824
850.516970
1005.639926
1197.832452
1398.257300
1589.531717
1774.803219
1939.640128
2109.149222
2310.441872
2443.093285
2615.258069
2766.600508
2927.203428
3095.328566
3192.575704
3289.548379
3358.734370
3492.497970
3536.243505
3569.011981
3571.786916
3559.566564
3539.055383
3504.192964
3467.091194
3412.281450
3337.050764
3277.788830
3174.260174
3085.957430
2968.929479
2856.316348
2725.636623
2544.232646
2356.495207
2182.270201
1977.726112
1803.287862
1588.775253
1378.032941
1175.371518
996.819568
829.784433
676.525019
518.358382
373.092572
260.260151
170.183912
95.545694
40.623325
2.211822
-16.148734
-18.180208
-6.142529
18.233908
60.404684
108.892550
181.351625
254.263576
348.464583
447.380489
559.348638
680.851150
823.727207
