34.263625
47.703708
69.844105
95.392313
109.139283
129.691102
156.781932
163.779354
179.812037
204.048013
223.013921
225.234938
243.535736
243.111549
243.683271
246.335257
240.404118
251.298009
242.067957
250.399611
239.634935
248.521413
225.456812
232.683122
231.971553
211.046983
211.190313
198.034225
190.043686
199.609877
173.780037
168.403417
166.866511
153.043346
142.510522
133.896220
122.027654
118.853034
111.537840
90.824709
81.225365
65.569390
60.343630
45.214057
38.237548
24.456746
14.421450
4.992040
-4.859419
-11.090968
-18.137940
-21.554396
-28.774879
-33.810770
-32.587016
-36.181173
-32.092682
-35.695177
-32.057530
-36.379625
-27.969439
-25.051898
-22.608736
-10.454951
-17.075189
0.288533
0.299901
4.455476
10.381835
9.259476
34.450002
30.956621
35.352241
39.210950
59.723726
54.484211
69.438175
78.388186
78.218945
93.427478
110.975075
97.589059
109.120382
113.984769
132.789553
127.838891
126.500587
129.347315
124.877181
130.101526
140.066047
123.338868
139.930718
130.227228
126.993767
119.092029
130.542763
114.917402
127.724371
102.478916
98.481863
101.017489
111.337738
87.233641
90.306293
76.916108
85.156998
68.721570
63.562120
41.771651
12.749106
6.060839
18.659918
16.043147
10.124927
14.731459
13.394891
5.095273
9.255362
2.389427
2.672561
2.018088
0.479455
-0.274808
0.428811
-1.155033
0.679379
2.828143
-0.135269
4.735136
4.640351
6.949704
7.855383
17.625550
23.030590
20.888152
30.955279
32.002991
37.899422
41.654567
48.947497
45.497865
65.058484
57.246442
67.227932
64.836859
68.843510
70.526189
84.280692
85.726476
89.696164
94.851021
88.107767
91.094935
88.362905
91.182358
93.302732
73.330770
90.308127
92.045525
76.821131
88.122548
65.830107
87.286098
80.793802
69.720653
61.633127
75.621035
61.015396
59.825306
51.303935
57.007109
45.284273
33.080781
35.517170
31.698119
31.356690
19.063510
21.132079
12.140156
10.611760
7.505879
2.914462
1.786391
-0.684532
-2.392078
-3.443851
-4.506319
-3.686673
-3.978917
-5.871669
2.468365
-2.377895
-2.618356
4.362583
7.999404
13.508782
4.191563
19.755546
31.214189
25.188643
35.454415
34.149456
43.155441
44.552962
44.239366
58.084789
59.647304
54.886006
78.340506
66.473629
81.731870
86.231738
83.118452
93.937017
91.927420
104.783076
80.510685
99.916890
88.175461
92.823399
85.095501
106.952614
84.436485
84.106977
87.801173
98.630079
71.512467
88.324717
71.097805
71.668471
62.956505
65.010149
66.295147
58.199363
51.562988
45.826316
49.323960
44.808150
25.793347
35.385490
19.447975
25.099473
17.195565
13.681535
10.370654
9.021049
7.764324
1.902837
2.236270
0.532891
-0.075712
-0.733195
-0.650591
-0.867455
-3.692737
1.105573
1.282802
6.413690
9.938624
23.443500
37.476803
47.235070
47.880958
52.803590
52.751648
39.958994
47.610829
47.486956
43.746761
57.597218
40.851930
52.712311
54.184722
62.462669
54.766995
67.926410
76.518983
75.062105
58.440735
73.259988
76.013185
68.801376
73.755466
61.546776
76.232665
70.936241
70.525809
62.744055
74.549986
52.230563
67.652789
66.079468
66.606424
58.240520
56.203693
46.074869
42.032921
42.122500
38.098805
35.872924
36.511330
26.645857
28.108222
26.367169
13.423282
16.437419
16.248432
11.916991
4.879909
6.141292
3.900122
1.488101
-0.011493
-1.294032
-0.917708
-0.981883
-2.627156
0.686972
-1.830177
4.011722
1.052570
4.016831
5.445378
13.888413
17.530051
15.048784
20.200645
23.086614
23.110907
33.455362
35.074916
52.989632
49.603836
51.364559
59.239691
52.185543
71.047965
70.722024
63.104124
76.322268
75.231398
73.840442
91.479431
84.848370
87.497188
87.581972
75.004429
82.369121
91.927420
76.959992
81.729361
76.133273
82.788944
84.275393
64.087055
81.223165
57.132447
73.252539
58.451588
50.028152
62.229368
54.076599
57.193900
43.957377
31.650716
34.075546
35.639476
25.033680
27.726812
13.211647
17.107832
14.651323
12.817614
6.767659
3.622805
4.959624
1.870423
0.344608
-0.298100
-0.753282
-1.527761
-1.657221
1.411778
4.171429
2.005517
4.763911
6.184668
4.881145
5.448720
17.061065
17.128350
19.713553
16.829062
21.501546
36.793562
32.790327
41.981156
33.657472
38.830646
52.830103
40.973026
44.377701
61.804967
58.660851
59.897676
53.317622
73.118422
66.069573
59.062445
76.378985
66.578780
59.005926
54.042327
63.479337
60.781122
55.658008
93.837064
102.805226
128.911557
119.881808
89.732617
85.264523
76.116266
67.162172
50.673177
52.030215
46.138939
36.649394
32.694413
34.702719
25.083704
20.298167
16.156957
16.230558
10.629295
4.654607
7.531756
2.471193
3.227491
1.367761
0.369665
-0.200384
-0.480923
-2.339259
-1.508312
0.622107
3.169135
3.735052
-0.639833
4.753702
9.281183
6.922132
13.562818
6.879035
21.181053
22.646869
24.405850
29.684786
38.264203
37.873051
35.531651
46.733095
46.325624
53.671714
48.893326
56.768160
60.533660
71.512467
72.967451
59.240795
81.409480
67.429018
84.765993
72.523080
82.369121
87.073268
72.241710
77.110304
83.859846
73.694943
75.532023
79.090350
68.724587
55.917247
65.770204
66.565521
56.052023
64.559212
48.220608
46.238140
46.021674
33.316543
42.796477
38.250204
28.380448
25.995128
22.581212
16.233921
16.888501
12.770056
6.106041
5.997899
3.464431
2.731066
0.681336
0.284676
-0.488340
-0.235873
-1.953359
-2.148802
0.924124
1.118232
3.518965
2.328774
5.367980
7.038281
10.033951
16.095790
18.436429
9.808496
23.181722
24.973036
20.966057
40.169393
26.655867
45.641732
34.893706
52.889000
43.531516
49.331741
62.059570
70.782597
57.592949
65.369414
58.497254
76.013185
59.062445
71.483483
68.999460
64.030799
68.801376
61.487880
75.574225
70.457404
65.051160
66.754502
58.484161
61.868618
46.917965
61.076077
46.432919
48.945529
54.671343
42.826347
30.108283
37.011747
29.725529
23.250726
29.143516
19.238101
19.691098
12.542569
9.144559
6.153879
3.897629
2.553566
0.248723
0.753829
0.625818
-1.050086
-4.479134
-8.666607
-9.481478
-11.845554
-7.028724
-6.940716
-6.306643
4.741126
6.247899
9.066911
9.937968
18.694156
21.290989
24.173287
24.332559
43.410946
31.177317
52.446149
45.335574
53.085306
48.298318
56.241388
75.292632
68.384251
74.615876
81.059026
68.546844
81.169571
67.101374
72.452738
87.242836
87.412404
84.848370
92.196214
79.890179
76.884836
81.649391
56.571641
77.795970
72.239959
66.304975
62.842010
74.691999
62.228850
53.793144
70.597139
48.162300
47.964541
49.736272
36.629417
42.670234
32.235930
32.366581
20.931958
28.395932
15.236080
14.917925
10.377115
8.785533
9.162483
3.819051
2.708862
1.509858
0.441369
-0.229992
-0.803501
-2.198467
0.320577
0.401642
1.114013
-0.905635
1.489570
4.449788
9.095224
7.746940
12.223009
13.059565
18.464605
13.726278
21.653393
26.272618
27.291209
32.580752
45.695874
41.181002
48.673686
52.054079
40.269564
64.047346
56.462567
52.696445
67.943009
70.867836
63.785705
59.062445
76.232665
71.483483
51.659148
73.755466
51.510986
68.273150
65.624018
72.198249
54.791736
65.499966
61.868618
49.279977
52.336674
55.023595
53.185391
43.223509
44.876154
35.727810
33.753378
31.590906
29.334412
18.665656
19.463108
16.508196
12.876632
16.876689
9.889523
4.546881
5.318492
1.657319
0.362898
0.579813
-0.172399
-0.747062
-0.465696
0.840800
-0.374946
3.143983
3.709900
2.600321
8.348624
13.146468
11.222536
13.562818
19.935108
18.494184
24.056130
35.573372
36.271808
39.906369
45.013675
37.434838
54.650924
60.564862
53.975287
74.963123
70.496555
72.149992
74.104055
73.040201
42.122545
3.022085
7.963970
17.807369
20.390651
17.894319
25.250707
37.671491
59.532335
51.955533
73.622194
63.374134
72.312709
73.577961
67.528765
63.791365
50.869756
58.123944
60.283492
55.842920
44.105756
49.474158
43.350231
37.677160
32.133756
36.484312
29.683341
16.708330
23.269800
13.998550
9.474722
10.387874
6.939298
7.237929
3.188073
1.095571
0.075456
-0.821208
-0.682311
-1.982955
1.615347
0.420066
0.499289
4.338317
3.185823
6.377938
3.966574
5.550883
13.627186
18.632910
15.676386
23.251969
18.314732
31.691682
34.724416
26.721361
37.714823
37.184907
52.889000
48.089389
42.401280
69.013032
65.962163
64.796557
60.722226
68.603291
56.524281
71.483483
68.867404
69.065489
56.686707
81.342584
53.835268
65.687669
58.101621
67.480812
64.223699
53.925463
57.365129
62.792810
45.930218
50.810659
53.307938
45.262738
45.102231
35.821830
35.460104
25.313290
25.003833
21.450670
19.688115
13.324223
20.989616
11.985316
10.086004
4.026476
3.205075
2.735522
1.304241
0.757813
-0.147848
0.165109
0.054675
0.448153
1.982992
1.301366
4.300112
3.325326
9.106005
8.057277
14.260575
12.206969
22.222130
19.652831
17.978433
32.226170
44.500762
34.380821
37.580971
48.753831
52.769697
42.059532
55.862658
51.093360
59.081862
78.834845
66.780523
77.563281
64.068472
74.276937
89.283417
79.735052
67.494547
92.017018
69.837617
74.931680
91.569028
78.804293
80.849690
75.231398
78.930410
80.235255
74.383186
70.421399
66.274525
66.438118
61.982321
55.774984
57.399122
45.657386
36.425069
1.981308
-1.167742
-12.229124
-7.339356
2.586665
-1.858512
2.040413
7.083008
4.677912
7.361252
3.266463
1.433656
1.501260
0.111861
-0.562331
-1.661969
-1.651969
0.329789
-1.168949
0.491919
3.530317
4.846284
-0.209052
10.131620
3.179800
14.723826
9.132048
22.763211
16.957137
23.217457
31.733938
27.361456
40.300062
39.770694
35.013341
46.588213
45.732669
60.340998
52.842623
56.575605
62.560235
55.820434
70.867836
56.524281
78.860630
66.833384
66.578780
61.841258
54.042327
58.892888
68.405207
55.820434
72.410596
50.029366
77.213123
62.059570
53.862689
54.773686
44.596760
59.444159
43.327038
45.158750
33.965657
35.756428
30.395023
32.663514
27.312970
18.510254
15.718448
15.103243
5.134590
12.481977
5.382036
5.738373
2.480309
1.903775
0.206767
-0.080453
-0.222167
0.768453
-0.632321
-0.360023
1.263878
4.195232
4.839499
7.206016
12.764488
10.976428
15.533841
15.653889
24.872156
20.851174
27.280152
34.465450
28.976702
51.902665
46.937835
38.452843
58.356530
51.835696
59.500047
59.081862
58.225310
59.439602
82.212304
73.694943
66.839260
74.422435
89.196226
62.596762
82.129211
87.073268
79.424799
72.101026
71.467943
83.118452
87.016455
74.329524
68.232190
67.036368
81.261860
70.427459
51.602464
51.789561
55.707049
45.771678
49.212043
50.083834
32.615610
33.487114
30.865918
30.611631
18.940297
19.943653
20.060172
7.850853
10.309770
4.796018
5.580856
2.731802
1.476650
0.098984
-0.509254
-1.528621
-0.724642
-2.285431
-1.221842
2.458917
5.089466
-2.767576
6.442362
3.975548
5.539532
7.331206
20.020578
6.958470
32.645026
42.110952
76.366691
74.131055
79.096730
84.413175
79.024451
59.689485
65.757032
74.018634
62.441476
61.396038
72.339814
58.327697
78.256334
58.949407
66.451479
74.250944
69.329601
56.686707
69.131517
71.209862
68.273150
63.050423
67.612868
59.544297
72.647827
57.424025
62.726782
59.004330
53.065689
51.298796
47.419513
32.062331
43.067544
30.677548
25.388293
32.456455
21.675677
23.253755
19.061933
11.952612
14.755053
8.761516
6.557443
2.304355
2.827938
2.065200
0.198328
-0.027259
0.028691
-1.459531
1.125512
-0.361888
4.672033
3.546413
4.112330
6.364743
9.036941
9.947296
10.924263
13.289846
23.548824
20.953889
32.128810
31.101161
39.745888
42.987739
44.888367
44.613823
58.560337
43.227853
66.129026
45.515814
69.548239
69.428012
65.725272
68.954457
76.358742
69.837617
79.890179
72.382396
74.931680
74.858931
74.640683
76.884836
76.283586
78.261350
80.049990
64.807870
73.051867
85.476373
65.488834
59.762161
68.410813
55.830440
39.917612
59.072806
43.847518
34.660170
43.969748
34.770317
36.168704
20.580488
30.235269
18.818615
10.023517
11.579953
9.564455
5.143662
6.170241
2.264786
1.049228
-0.031439
-0.492145
-1.666026
0.603424
-0.550370
2.099951
3.802891
2.130862
1.540207
4.574655
7.215445
9.130728
15.059731
10.646355
18.677191
24.975780
20.070311
37.386210
29.475920
44.288182
35.959495
47.590846
44.646147
41.419355
56.246097
53.005049
66.226276
52.903504
60.957812
68.603291
66.324177
54.249386
66.578780
54.197621
64.092072
56.632565
61.428983
75.866865
53.421151
65.114811
69.294515
101.483299
129.276267
118.035579
112.255267
107.086417
84.524937
59.386599
58.674277
45.173567
37.529394
39.931784
20.794196
29.971751
22.437711
21.513070
9.074363
9.528784
13.225995
2.940038
6.316838
1.075326
1.180556
0.567575
-0.010579
-0.217894
-1.614397
1.444025
-0.354426
2.379591
7.537901
5.582193
9.807376
7.997886
9.858481
20.273548
11.879026
26.283050
35.392877
31.982769
41.223664
41.366615
42.931838
43.062503
40.501772
58.356530
45.416390
72.692748
65.770204
74.460749
71.439718
65.659743
88.673081
74.131439
87.158052
67.232432
79.890179
82.049241
72.312053
76.959992
72.030683
73.767693
75.907805
82.294682
74.254367
66.033234
71.548742
63.179946
61.481560
53.368141
55.437268
59.363350
42.046121
43.847518
44.816370
35.733853
33.380126
33.585333
26.820703
18.549776
16.714324
14.488351
12.145222
10.075457
5.619654
6.170241
0.807264
1.832271
0.014983
-0.482101
-1.597323
-0.413505
0.776433
-1.237710
1.173089
0.587724
4.075189
-1.164804
10.294284
3.239174
13.652801
13.315179
15.753231
25.013281
23.413937
38.927040
44.084887
34.649572
33.856864
49.680277
38.241296
43.625536
51.489072
50.781152
66.226276
55.279014
63.356790
71.141456
73.826248
69.197545
66.706082
64.275893
51.906085
64.030799
69.065489
53.679974
63.111696
69.773352
64.351001
60.722030
68.729902
56.246097
59.067981
48.944396
51.239900
33.338443
43.638477
36.056882
42.817709
28.776047
25.243104
25.931730
16.095790
18.150567
14.212096
8.737360
12.641491
4.219747
0.388745
3.337697
0.443073
0.349646
0.001842
-0.681115
1.393416
1.773206
-3.033109
-7.041445
-16.518046
-12.839735
-17.087445
-9.387613
-2.952330
1.432911
7.985923
19.241970
10.573125
27.238693
27.453668
30.804184
37.386251
46.704603
52.517211
39.841032
53.793144
55.432438
69.970461
56.033862
81.059026
70.342464
71.327259
88.498699
67.232432
86.818915
72.241710
84.518862
96.583121
64.762810
86.310211
71.397601
78.261350
80.129960
81.059026
72.976711
60.091808
78.764426
57.125091
70.133708
55.699383
51.444143
56.889877
38.110941
32.807540
48.305471
28.781791
33.235485
21.600242
20.924195
18.862482
17.028455
9.092202
6.300371
6.090893
3.814678
2.461083
0.488121
-0.078210
-0.710312
-0.294113
-1.103964
-0.553282
-1.264157
-1.486310
3.689237
4.131946
4.597358
4.029393
6.754594
2.282882
9.260895
21.706521
21.874839
18.391577
26.518485
36.809046
34.691828
27.867498
39.455507
55.207416
50.352089
56.304993
59.986748
56.914720
48.091512
70.594215
63.724431
66.515129
71.825509
76.598464
69.329601
56.794991
68.867404
66.387828
58.610293
65.687669
60.251054
73.891546
53.763037
61.868618
63.056923
50.352089
59.293316
41.133992
47.136918
47.176046
30.546947
39.307115
30.350390
29.663484
23.129542
21.095738
13.464183
16.275508
11.358161
9.535996
7.926417
3.863000
1.426890
1.386614
0.805295
-0.006679
0.153316
1.232441
0.077411
1.022884
3.491032
4.165266
3.254141
0.197588
8.881515
9.902889
17.919610
18.249057
26.468142
17.978433
32.226170
34.319410
44.989525
35.769010
44.888367
52.706576
56.616784
64.528544
64.152327
65.981231
72.300305
74.179211
48.874735
32.372780
15.252664
35.162818
17.859539
47.383527
37.671491
69.769682
64.699689
66.839260
71.186574
70.905204
67.935426
74.254367
61.038633
66.966026
74.132209
59.500047
63.946550
47.348004
51.507264
51.308961
45.353813
51.360938
37.174053
34.602614
27.796288
25.264927
21.933391
21.711997
18.646774
11.360080
9.124710
5.020608
4.531389
2.755792
0.930447
0.000000
-0.858776
-1.717552
-1.825861
-0.559106
-0.126715
3.844078
-0.960963
4.143298
6.571209
7.231551
4.442204
15.031739
9.293107
17.243112
21.907586
27.000843
30.188040
38.769055
21.029924
34.056257
45.501155
49.052680
34.988592
58.516184
43.874166
61.641132
57.819025
48.655636
78.331871
66.642431
59.232003
71.962319
54.249386
59.401560
69.197545
61.487880
63.479337
55.766292
62.621508
57.197315
60.783303
61.995920
56.069408
43.531516
50.810659
40.992961
47.362994
39.509865
39.496452
35.707040
23.954446
29.663484
24.592745
13.524725
20.493954
20.308439
7.801866
8.068728
3.569501
4.786958
2.512521
0.692695
0.457682
-0.000000
-0.340653
0.054134
0.077953
0.563140
4.104042
2.857543
6.414146
6.329963
12.764488
6.682405
16.742568
15.683314
18.048541
30.856580
21.008884
39.354185
39.852875
32.006501
41.278339
54.650924
50.377999
49.639938
46.591392
65.770204
69.911985
69.076300
61.018182
85.631938
74.422435
79.502363
74.713432
67.429018
77.335773
74.931680
77.110304
84.106977
68.886522
83.118452
84.614529
67.256071
61.101755
71.473586
58.703132
74.468861
55.420806
59.017327
53.274822
43.714450
43.497671
37.820111
43.314461
38.756691
35.789974
25.118888
26.273390
12.446607
-4.172052
-6.441939
-6.405918
-3.742815
-2.750969
-0.641230
0.333773
-0.017472
-0.029406
-0.311585
0.632962
0.827070
-1.870605
3.269232
-0.177507
5.107132
6.635633
5.176284
9.241628
10.073374
17.614261
14.453825
26.838244
25.254027
21.189994
31.384396
32.740266
42.275555
41.604094
53.242379
52.675789
51.705640
55.445224
52.178799
62.560235
78.256334
63.969525
64.214619
76.671624
66.960685
61.723465
64.337166
76.598464
68.801376
53.628210
68.009037
65.114811
61.947500
56.010415
55.162628
60.659252
63.548474
48.998538
40.898940
43.327038
39.509865
37.781308
37.529394
33.583385
32.870573
19.091364
22.437711
10.159115
19.192158
12.247290
10.993756
4.805646
4.903146
4.422746
0.933312
0.493578
-0.027801
0.026526
0.945735
-0.615231
1.911808
2.369422
5.503496
5.564803
8.835286
12.700825
9.836278
14.300357
17.029928
20.777953
23.665609
30.401345
40.873816
37.804419
41.350702
44.832466
52.706576
58.560337
55.925780
55.311009
52.267277
74.538313
62.364188
70.412806
78.726730
79.114546
77.035148
74.567934
84.683616
77.260617
72.171368
74.495185
71.467943
71.256916
80.529810
70.201779
69.498354
61.291120
78.093451
65.348149
61.549496
61.619998
63.657337
51.507264
60.576922
43.381055
41.048740
38.541502
40.365671
27.601568
22.634978
27.463007
16.519063
13.375578
11.832804
10.966559
6.302665
2.625891
2.795337
1.107487
-0.026447
-0.421653
-2.479342
-0.436802
-2.422060
1.012739
-0.821187
-2.514584
4.120594
3.634531
1.915764
11.479404
3.569028
6.504409
20.302995
22.005827
16.684640
33.921024
77.958050
95.195100
93.366211
87.789702
92.331499
88.030628
65.669037
81.098051
68.815678
65.051160
65.814970
73.826248
81.342584
64.398440
69.197545
69.263573
61.841258
66.515129
73.684683
70.936241
58.327697
62.621508
57.253834
51.557622
68.942249
47.214288
52.506231
33.826056
42.966978
41.189034
47.234942
39.651746
37.581159
28.860558
20.761449
23.249178
14.891779
21.646969
11.219375
6.071926
7.436051
7.417897
7.837745
1.850294
-0.059882
0.376034
0.068644
0.219572
-0.826846
1.697751
0.996107
2.288068
3.420653
8.564568
7.087236
10.807026
9.769666
17.773029
12.969905
19.310447
25.124274
33.359845
39.298284
28.898598
43.043640
46.879527
44.560329
60.564862
58.189473
53.293393
61.334850
58.286025
66.916394
77.718407
66.577145
69.430005
71.889998
86.734131
82.129211
74.713432
84.189354
77.035148
91.121039
78.726730
70.764519
67.935426
76.322268
58.832456
75.811579
56.403872
63.589587
65.836868
53.274670
53.471408
60.266669
39.585407
39.130582
44.361833
32.952176
25.959140
22.459513
26.049787
14.243167
10.534008
13.203737
7.356151
6.676484
5.313586
2.109360
0.515613
-0.348740
-0.436986
-1.084727
-2.645030
-0.591138
1.603094
0.528767
1.405175
2.454119
6.683951
8.483814
9.260111
10.091857
19.025871
11.552035
20.529725
23.708658
28.463389
22.029756
38.783478
36.213029
41.792135
46.950566
44.048629
51.976350
46.305122
61.824953
60.604433
80.797183
61.546776
64.275893
49.501821
66.769733
59.401560
54.508209
61.664569
71.551888
53.783504
73.047640
55.387298
59.720986
53.925463
66.695115
42.579811
39.213174
65.917112
109.275040
103.019582
87.381198
92.459715
77.276437
62.773124
46.310246
30.127045
29.729039
19.301204
14.081109
14.834810
7.296625
6.018554
4.380727
4.394754
0.699292
0.700171
-0.000000
-0.799045
0.514120
2.791341
1.911808
4.592846
3.483533
6.295366
8.909119
5.017797
16.307212
13.238607
24.709769
16.801449
23.821817
25.813477
37.659630
41.534317
50.391559
48.935975
54.585395
52.214564
58.255002
60.024276
65.840546
56.383710
80.976649
75.231398
71.256916
78.804293
74.495185
77.035148
69.769682
77.110304
79.424799
89.021844
74.204188
71.397601
85.292802
79.730110
85.708592
70.493978
71.398430
65.277806
72.372868
53.003854
55.306211
53.078236
54.726437
39.852875
51.069941
32.372210
32.791695
30.491462
34.782938
17.259993
16.519063
13.338933
14.798724
6.700356
7.693275
4.998804
3.184170
1.369535
-0.118385
-0.582538
-2.092126
-0.442626
0.364794
-3.030680
-0.153982
1.400955
5.107132
6.651739
5.176284
8.020741
10.110341
21.750679
10.033979
22.136814
18.545268
30.347554
35.260012
27.081575
40.240796
41.510074
44.843697
55.127064
54.201804
53.329901
59.367608
60.427744
75.574225
66.260526
66.515129
54.559974
64.520987
76.891104
56.903275
56.849133
73.897031
66.005923
63.356790
53.007034
73.818386
51.557622
50.367035
56.069408
61.274162
44.448598
45.035273
45.100312
47.117149
35.915851
23.741405
35.096454
22.163131
27.171940
19.838119
7.811364
13.119588
13.837932
5.057254
5.382036
2.395166
2.155429
0.933312
0.215207
-0.009086
-0.226439
0.297786
0.418669
-7.176233
-11.042583
-11.979314
-13.001241
-12.731356
-7.504344
-1.892691
9.680610
8.030872
22.298783
14.938771
30.678983
39.410086
36.071891
47.053822
39.333452
58.735958
40.072397
71.093348
57.756307
79.527483
65.693556
64.611284
75.532023
73.913191
79.192109
79.347236
67.429018
84.518862
74.713432
89.283417
74.640683
79.192109
85.886290
85.462370
67.799555
78.770470
72.600930
73.607553
63.179946
56.998848
64.019299
49.270150
49.300263
54.796779
48.491228
39.298284
33.768542
37.157341
27.552888
22.503379
22.830927
24.256074
13.228996
13.159871
9.684936
6.642246
3.543959
1.976137
1.107720
-0.080350
-1.315796
-1.054595
-2.278918
-1.533283
-1.870605
-2.872517
0.607990
1.552866
5.656286
4.110161
3.318339
11.369030
17.614261
14.523538
12.494681
23.610418
33.876391
29.588424
36.822164
30.136238
43.658401
40.571330
43.860588
54.371361
55.671300
49.733043
57.932063
48.702646
71.415078
66.769733
59.345041
74.463292
61.723465
56.794991
74.180162
64.030799
58.610293
63.050423
60.309951
57.084277
56.236491
52.626054
46.967352
45.880831
52.889000
40.804920
51.102092
41.359980
28.613393
32.358871
35.096454
22.233379
20.371816
17.257545
22.752974
13.210696
12.214544
7.343101
6.531828
5.251077
2.169158
1.427800
0.323258
0.002948
-0.597649
0.996581
1.109988
1.921977
2.420268
6.940253
7.194027
2.817662
10.915096
15.304556
17.919610
14.508432
24.959888
28.272788
21.168042
46.263252
32.680346
45.188599
49.057404
62.680306
48.410120
54.157431
68.617649
54.692781
72.300305
85.882974
82.624190
76.133273
84.189354
69.633811
99.142340
89.457798
52.619664
17.842149
15.342562
0.553247
27.368793
24.758490
53.386805
43.120510
42.506383
61.990137
51.931872
67.866087
49.025029
51.121701
49.300263
41.725158
50.204279
34.222050
38.191655
35.684416
31.416267
22.503379
17.113411
20.202206
14.842393
10.956981
8.456880
5.737798
4.488261
1.880691
1.206409
-0.052894
-0.592582
-2.189888
-1.188294
-0.582402
0.451387
2.575581
2.210027
0.687213
4.665466
8.372915
6.878154
11.389891
13.477843
23.325728
17.315747
16.870541
33.876391
29.625925
27.147069
40.240796
41.651105
34.126065
50.568657
56.540579
55.558262
61.947500
50.622014
61.075605
54.042327
66.515129
57.065701
66.706082
67.024336
51.906085
69.197545
76.013185
63.479337
53.317622
60.309951
64.287350
58.484161
59.557834
47.016739
56.739253
48.781970
51.004314
43.171744
50.729721
34.010290
35.805815
33.237674
32.508220
18.862137
18.475130
18.000562
12.998110
9.528784
8.761516
7.193961
4.786958
2.864905
2.169503
-0.026733
-0.020038
-0.454311
0.054134
0.427514
3.304102
2.420268
3.558989
9.504147
8.982951
9.991995
11.025650
18.102837
19.751881
20.887889
32.738201
29.127181
31.057295
45.293098
41.404195
43.490453
58.946985
56.616784
66.889056
55.614582
70.421399
67.880478
74.329524
70.834861
83.612715
71.749313
77.110304
72.523080
82.049241
77.260617
81.969271
84.436485
86.394995
69.022392
66.118444
89.239484
76.244705
70.348480
66.473629
69.669836
61.413625
61.690341
53.211549
62.981384
50.915789
43.322747
39.130582
44.905316
35.742724
35.285001
25.070207
21.609480
25.317992
13.082415
3.760204
-5.153551
-7.252172
-3.708689
-2.917702
-1.048640
0.209377
1.562516
-0.587119
-0.085011
-1.073740
1.029618
0.536137
0.613517
4.200055
4.676818
8.465331
8.101270
4.890912
18.960377
8.566802
18.978620
21.987457
26.658980
29.588424
40.843323
38.295051
35.332370
55.636330
37.286417
51.976350
60.415663
64.032747
60.427744
70.799430
61.311190
66.578780
64.459713
69.395629
69.263573
74.321727
66.769733
63.969525
56.307713
60.840019
60.368847
69.089299
58.601954
59.496560
53.693132
52.449712
52.771207
42.818816
41.090259
43.151199
37.633146
38.928120
33.435223
23.475733
24.465979
15.943943
12.320820
14.081109
5.959185
9.475258
5.277733
1.857649
3.233394
0.666307
0.567575
-0.036345
-0.632129
0.054134
3.197345
1.038950
2.399929
6.915642
3.304987
6.347353
13.900783
8.868943
15.692999
22.346508
19.652831
22.536933
29.039448
37.766618
37.957680
32.172338
52.947178
44.774304
67.092238
56.304510
59.958748
66.332943
72.600930
62.301066
80.369870
81.169571
71.819656
72.171368
84.683616
86.988484
79.502363
72.101026
91.658626
76.734523
68.886522
68.546844
63.184769
80.976649
67.810135
62.448838
65.137122
67.640618
57.468657
47.180301
53.143764
48.982398
44.928811
39.130582
35.198915
34.267209
30.063511
30.843021
15.989324
16.089490
17.232725
8.709683
11.198060
5.590675
5.130359
1.742114
0.509421
-0.373581
0.278503
-1.975185
-0.457186
-1.586948
-0.133130
-2.269259
0.622729
2.506896
6.716162
10.712561
8.181800
3.621805
20.477187
10.114508
28.691536
20.266255
15.916642
24.082947
29.152771
23.989200
50.188949
64.553728
106.418021
112.007877
125.918798
105.520919
109.315290
95.588443
86.554189
76.671624
81.810070
62.017948
69.329601
76.817944
61.723465
81.342584
61.075605
72.906075
60.309951
57.197315
65.433938
61.868618
60.722903
50.352089
46.432919
42.917591
44.883744
43.205341
26.834599
37.425865
31.872967
16.137457
27.124929
15.943943
12.372050
15.068119
5.943079
10.249738
5.925603
2.814414
-1.188294
1.169205
0.756978
-0.008545
0.538967
0.053592
1.454194
1.482571
1.290655
3.571565
5.599583
8.082178
6.083086
14.324239
12.206969
17.061760
25.179220
26.890003
30.956621
32.853813
34.519640
50.588146
43.329972
49.036918
52.518137
49.975343
68.918274
65.981231
70.130232
62.301066
68.343038
78.649167
71.678971
81.889301
77.260617
82.129211
72.382396
82.049241
76.959992
86.225427
71.116231
75.607180
77.408154
71.657966
72.225149
62.121194
62.908204
65.474283
73.846949
59.369039
54.959759
48.982398
46.710019
44.122031
41.660287
28.226515
26.097958
22.415647
22.733567
17.081190
15.440915
11.676596
8.904837
6.048012
3.130734
3.114861
0.477885
-0.291984
-1.231812
-0.326145
-1.203627
-1.079030
-1.916604
-0.157190
-2.575916
2.467313
5.656286
5.244393
9.278594
14.113871
14.959166
20.564969
27.197151
22.108935
28.613393
29.663426
38.877498
42.423717
43.757175
43.014403
50.568657
56.599476
48.794683
57.084277
48.232543
63.601884
61.487880
79.087241
64.398440
59.345041
69.395629
71.688699
56.632565
63.908252
75.793705
58.271178
53.058798
64.351001
56.179972
52.734339
55.951615
67.672951
95.477911
100.412858
90.754569
77.448882
73.765456
63.032100
49.602444
34.163622
29.868221
22.268689
16.999929
17.028128
8.621172
10.151497
7.835309
2.349761
2.883388
0.686098
0.567575
0.001624
0.278482
0.294838
-0.270483
2.816798
0.692868
4.886592
6.374553
9.807376
8.948126
5.621442
17.992901
20.971010
24.916022
22.390352
37.118152
32.807540
34.380821
45.071983
45.279673
54.650924
48.354219
66.813899
60.220862
57.132447
70.275731
72.021712
84.953665
78.959419
66.904788
91.658626
64.825932
84.683616
77.260617
69.633811
79.347236
79.114546
88.062745
73.185699
82.047550
71.657966
67.669450
71.022649
67.511261
54.703863
71.915172
45.095267
54.755953
60.111542
35.974531
52.383901
30.308799
41.304739
28.557662
21.144191
21.285569
23.964534
13.746360
12.271923
6.484216
5.133337
5.721369
1.333484
0.712683
-0.309159
-1.116409
-1.992360
-0.841008
-3.078020
-0.133130
0.537979
0.622729
5.148319
8.657151
3.028067
14.135993
14.037026
17.735739
17.551025
17.469437
35.855202
21.413930
40.945863
35.029872
26.087328
48.023982
49.323391
46.275929
45.270896
62.950682
64.287350
53.110563
63.601884
71.346672
64.214619
69.263573
61.959051
61.900155
74.392509
61.782362
68.933432
56.091145
65.560367
74.842626
54.900020
63.396238
55.106109
56.246097
52.449712
42.356259
46.941141
39.206570
45.158750
39.548216
25.359399
34.992925
22.268502
21.713178
18.580501
19.101811
13.028479
10.385056
7.273388
4.171429
5.276692
1.055535
1.169205
0.336452
0.005355
-0.217894
0.519475
3.519348
0.102854
4.632439
4.851812
9.415873
10.651706
6.956003
-6.199532
-7.957833
-20.237736
-6.470704
7.646167
3.561350
25.908312
21.891905
32.047960
45.167871
46.844896
48.242417
60.258722
62.025043
59.271227
81.223165
66.780523
72.967451
63.879107
83.942223
74.422435
77.185461
86.818915
69.633811
79.890179
79.114546
74.131439
80.689750
70.553491
77.330591
68.865272
79.411485
55.042629
64.785409
59.172403
61.197944
53.148427
60.575931
35.722737
46.457533
45.542437
31.788049
33.875904
33.635893
24.534727
25.602581
16.915353
12.715961
10.663817
10.308566
5.952517
2.347651
2.161405
0.434506
-0.210919
-1.021074
-1.478078
-0.087684
-0.605698
-0.751299
