24.919802
7.977971
10.995718
3.244587
0.423010
-0.370660
0.683762
8.944338
16.700963
29.518537
44.846996
67.007774
78.963809
103.890864
125.546286
135.277932
157.612673
169.691402
195.654665
211.603130
224.983916
233.817039
238.047548
247.853397
246.386074
256.821894
253.003183
248.616093
243.660342
248.447024
234.426827
246.624041
237.118781
230.262166
220.182850
209.521805
214.843007
200.286227
199.322386
196.873500
185.268991
172.805408
164.410445
162.466676
145.702644
158.596878
143.662417
133.625433
114.525546
110.274316
97.868866
96.789191
83.512128
68.822606
70.312229
53.758979
51.502411
50.102724
33.757377
29.519116
26.009274
14.087015
13.628039
8.462344
4.504453
1.878934
0.306856
-0.831014
-1.185452
-0.468606
-5.535942
-9.406586
-20.462793
-15.856265
-18.232122
-10.729024
-5.549479
-4.956248
11.753013
24.922965
24.943125
35.552974
42.704508
51.450474
61.403807
78.934628
82.148251
84.859746
97.983243
91.733039
103.158017
119.105818
111.002197
120.440682
125.685871
139.640116
142.524057
124.047323
138.917875
131.549709
124.286796
126.303920
128.924556
130.914816
108.200522
124.960261
123.983055
122.272944
111.032675
104.545066
109.048743
103.945483
96.577677
85.466237
86.282534
73.342446
68.211109
71.744594
59.558058
47.943568
44.102173
38.043958
33.715438
32.656759
22.847344
17.158310
12.407824
11.262217
7.118601
3.893275
2.616393
0.947022
-0.244499
-0.090020
-0.440448
0.149375
2.607261
2.592669
3.757523
5.885752
9.159351
13.293489
16.882431
18.596198
24.005927
28.451438
32.481212
31.879783
39.197358
42.886908
54.204035
44.501466
66.596018
68.437383
66.012165
70.265906
76.481854
83.157689
87.489628
81.464642
86.594650
79.792465
89.730742
107.399175
80.252806
94.843231
82.651021
89.558348
94.024834
86.343165
85.504882
87.403431
83.576831
91.342139
75.690935
66.947997
60.794600
74.818716
44.289301
53.598779
47.448080
48.151475
35.484482
35.937611
27.630259
33.673914
18.367297
22.436377
20.058218
11.649449
7.251510
6.512157
4.505192
2.612892
0.812523
-0.092564
-0.859778
-2.330893
0.234485
0.801115
-0.832702
0.426733
3.733568
2.375396
7.579993
11.620212
12.567233
17.633397
20.269245
22.787057
32.725125
36.816438
45.981886
42.340053
57.238652
59.739717
74.082317
63.527043
71.932419
78.182833
75.788752
84.911055
86.372075
40.639652
21.328212
16.370173
23.900111
28.989496
34.018993
43.852309
36.308387
53.608071
63.225093
63.101486
77.049852
66.498038
77.205364
66.766801
76.977824
81.376206
66.190196
63.826260
59.525340
60.953298
54.737587
52.093605
45.575810
37.890574
40.943860
37.353505
24.916851
23.675160
17.782872
15.223216
10.583740
8.213451
4.242212
4.512110
1.449926
0.277795
-0.390962
-1.110332
-1.618954
0.936523
1.220318
-2.210225
5.272653
1.963860
5.832385
9.546899
7.150352
10.260908
11.175640
23.143571
19.053563
25.487730
35.938659
35.554686
42.910233
46.710159
48.372442
49.813088
55.394348
61.508422
47.145338
69.618732
71.011106
66.958535
62.671998
70.075191
75.586448
73.169287
73.099668
75.442474
70.344194
84.963038
69.671687
69.537186
78.411441
70.732631
67.048912
70.547352
55.350854
64.745420
50.200954
56.772014
48.475330
44.272144
51.312256
43.425319
34.254757
31.721121
27.871783
20.308872
15.197091
16.503386
13.454896
11.340035
7.398302
6.784918
2.226911
1.611575
0.536789
-0.185291
-0.352901
-0.893719
-0.149381
1.244255
0.959790
-0.276737
8.472005
3.287887
8.514671
6.140715
11.428472
16.367666
24.475707
22.824721
27.917604
28.255379
40.484948
32.846739
43.758663
39.654359
46.814131
56.960750
54.222718
62.566791
71.139686
79.654608
62.174431
77.812721
83.304769
83.385883
73.960056
78.575591
93.402694
76.532414
78.651878
85.783942
95.234098
87.317441
72.102122
68.838160
84.137574
68.815009
71.938624
68.110893
76.574645
63.752387
65.321562
59.024516
54.523210
41.307541
50.233631
39.430703
32.300659
27.005689
18.681620
3.888056
-13.622785
-10.736219
-9.626305
-6.822675
-2.266688
-3.466300
-1.267679
-0.286593
0.576679
1.009674
-0.181470
0.568896
1.769737
2.748854
2.485676
6.095957
3.121172
7.549878
7.241246
5.445647
12.484406
13.374560
17.543678
17.284582
28.929464
35.646559
29.498675
38.816163
42.363177
47.790012
46.922936
59.450756
54.079615
60.326309
63.576676
57.404181
62.250977
65.264553
70.478695
68.126417
65.514608
75.586448
65.514608
67.542476
57.570410
66.763888
68.931930
65.725771
57.661954
68.017501
46.324159
63.013872
54.371868
46.410944
54.501133
46.395340
42.388223
43.425319
36.014893
28.847988
25.269397
21.794725
19.652332
9.658168
10.950661
12.193090
8.762432
5.022870
4.579901
1.545203
1.001423
-0.095517
-0.604938
-0.340498
-0.142678
0.758544
2.087547
3.155754
6.001593
5.849906
8.452368
4.966978
14.937777
15.040927
20.092991
20.030488
27.875111
29.829768
38.693763
34.757432
45.694687
41.577819
57.369550
69.807501
60.701115
67.099993
59.455073
58.558160
74.390097
65.437434
66.079607
78.346730
76.163049
78.651878
86.285114
76.310795
76.236922
88.434692
80.353391
75.350446
76.820991
71.173155
67.802480
73.159215
62.633423
61.100903
57.346054
57.569444
63.241908
47.392913
45.136107
48.174430
34.018215
37.831185
34.921093
22.776005
28.203080
22.082000
20.181248
10.967513
6.398090
6.330074
3.613543
2.239126
1.432957
0.448147
-0.500431
-0.682695
-2.911139
-1.501929
-0.314357
-1.002398
1.018721
-2.157864
6.796642
4.498125
8.408217
5.435235
8.528916
29.176008
64.116786
80.804171
75.304696
85.595836
87.621509
80.840760
81.918690
86.485262
75.513650
84.402483
65.703898
58.066397
63.889246
62.130685
67.347829
70.276943
77.775807
73.169287
68.191299
68.191299
68.126417
72.542718
59.857500
59.510835
64.076788
58.470840
64.557890
61.013605
52.971426
58.450533
50.090135
50.613098
42.666428
46.395340
35.416878
40.061026
29.626189
29.031734
21.221544
18.172670
15.323998
14.831353
10.067372
8.474946
6.327831
4.495276
1.634735
1.734195
0.696856
-0.061764
-0.594325
-0.100545
1.666771
-1.128126
-0.805732
5.157332
4.436464
6.754086
5.505002
11.389855
14.998623
20.037544
16.105276
21.538276
32.575923
38.575280
36.902801
41.958119
45.751663
43.595668
51.312627
48.450988
67.519910
55.885627
71.361305
84.653228
69.528613
65.437434
82.980310
80.982997
78.575591
81.219099
78.728165
71.323791
78.575591
63.410504
65.630086
70.219066
74.611716
68.769115
79.411264
61.905482
69.292861
63.521672
55.190624
59.102773
63.165621
47.095964
48.676718
49.643568
38.458745
34.483136
23.405874
28.003438
18.417968
26.250210
19.972657
9.887530
8.865954
8.286203
5.713615
3.874750
1.689282
0.239097
-0.203456
-0.517887
-1.109379
-1.962316
-0.321501
2.790504
3.238234
1.174175
5.035591
5.597942
9.584802
10.419992
9.879655
19.067749
20.749264
19.190084
23.731574
26.594151
33.577884
34.978679
36.132275
43.619098
38.233467
50.442067
65.771149
58.066397
51.787517
62.070539
57.681229
65.389581
63.213311
60.666385
55.852257
68.256181
58.069094
57.847457
59.857500
69.200933
64.014274
51.331463
62.076342
53.968796
64.224384
97.992989
108.013810
110.902849
102.366809
86.653910
80.749587
64.298219
55.637349
51.727257
43.349231
29.422413
22.187227
18.864912
10.950661
8.528926
4.501900
5.959743
3.404838
1.316411
0.712005
-0.065135
-0.182048
0.150012
0.218464
1.696132
0.921089
3.814277
6.056653
3.200905
10.468429
12.520101
12.592829
18.894462
24.220752
22.937715
35.683498
33.360768
28.060095
38.345094
40.234995
51.667818
55.355317
61.243177
47.819651
62.700054
68.529173
72.912638
71.887745
80.432092
58.400317
78.423017
88.606576
83.629227
73.888597
63.904932
93.402694
73.388384
82.493622
77.583860
76.592130
78.228473
74.684955
68.314796
69.440607
65.456436
54.696195
59.309909
60.797468
54.752919
48.612500
42.701133
41.841044
37.415457
31.809602
20.075209
21.959153
23.049384
12.478009
11.421279
9.482482
7.684688
3.917671
3.221055
1.535711
0.254996
-0.720262
-0.742431
-0.194330
-1.553131
0.211380
2.179994
2.525897
1.194020
5.983875
3.523385
6.185854
11.727775
15.249504
23.493055
17.786590
25.670046
27.420276
35.876240
41.298265
38.999908
46.570068
37.244671
44.778410
55.119744
47.290252
55.631079
56.517630
62.190831
60.146387
70.209693
65.514608
68.126417
67.996652
68.126417
67.996652
60.204165
67.347829
67.023418
66.634124
65.790654
64.493008
49.507245
66.555507
56.116098
41.664213
50.497543
48.475330
38.885243
40.788590
30.034696
34.457448
27.534929
21.294470
21.794725
17.611693
14.831353
8.367445
7.755902
3.335760
5.096736
2.332954
1.072470
0.152147
-0.031839
0.345626
0.634696
1.988293
-3.010983
-12.240830
-15.407974
-21.559176
-14.407008
-16.069356
-11.117671
-6.383203
0.777732
9.133505
14.117524
10.440568
19.718459
26.226641
38.394828
43.976911
53.621450
53.336515
57.281836
52.075990
56.004407
66.490620
68.285797
81.520246
72.602335
85.616884
73.459843
78.499304
76.236922
78.651878
81.140398
81.061698
88.004980
82.736966
87.145556
81.682475
75.905547
79.167920
77.626742
60.171615
67.667656
54.881605
61.168897
56.893324
50.539019
48.355631
37.390065
43.025595
37.237288
30.089355
27.429811
18.229645
17.554406
15.069536
10.474960
11.675623
7.332179
4.509477
3.164010
1.100677
-0.040750
-0.490579
-0.353118
-0.201474
-2.508052
1.890401
2.212171
-1.215028
5.499106
3.225748
7.760084
5.112453
14.304845
7.323335
25.131913
27.315505
20.991214
23.953661
30.443892
37.667756
41.107257
54.949753
39.516108
49.381245
59.638298
40.334660
60.566893
59.106392
72.055387
57.847457
65.452095
70.680447
50.864796
60.724162
68.256181
67.802005
65.327067
59.857500
57.127134
64.139302
70.454156
71.771132
61.013605
57.499453
60.470305
50.256363
52.447200
38.586481
40.639519
47.635622
35.069175
32.943771
28.939861
24.019517
21.835924
19.981931
13.801116
9.233217
8.447955
8.185489
5.640967
0.902468
2.560679
0.875856
-0.016856
-0.651347
0.142730
0.930049
0.735323
0.345173
1.087504
6.707899
6.643965
8.431601
4.944755
10.134535
25.079726
17.462900
22.862386
32.824594
33.360768
40.321262
53.233923
42.083378
45.668330
67.839984
59.435120
54.400887
78.266362
68.957927
70.530024
74.463970
87.575268
83.142539
76.310795
88.348749
38.869823
13.918052
1.500120
3.978486
18.757271
6.409800
23.459662
20.871327
37.212582
34.334339
47.496193
48.549722
52.019014
60.966996
54.905796
58.739291
54.407693
42.788915
45.594287
36.556489
32.540308
28.696652
22.478557
20.523900
17.434170
13.254324
10.376450
9.306227
8.880942
4.593505
3.024991
0.954382
-0.064432
-0.703732
-1.548209
-1.844546
-1.177577
0.218896
1.555196
2.566119
3.717201
5.112276
2.497395
10.793114
13.000369
15.330475
17.879230
21.034804
22.652866
25.741774
30.327398
41.500956
43.071810
36.420674
56.512601
45.019933
48.341772
52.033299
65.141831
63.951760
64.764441
52.699626
72.821193
67.996652
65.577122
70.613197
60.608607
75.154526
62.732144
64.826955
62.070539
61.589372
48.836000
59.484267
51.768093
50.654231
58.200478
43.570794
48.372442
48.359775
31.181691
35.279069
33.257872
36.174016
30.528538
23.978317
16.878606
20.064330
12.800237
7.476941
7.731280
5.209996
7.159964
4.372424
1.620948
0.802900
-0.003371
-0.418162
1.044510
0.549557
1.652641
2.044056
7.064270
5.084796
6.625611
14.100344
15.510379
14.816084
12.402094
15.797175
28.581424
27.705141
34.913432
38.693763
45.670614
49.751906
51.358800
49.113242
52.916147
54.163329
62.500160
55.038738
70.530024
69.735749
77.660147
60.874355
68.563608
68.763502
78.651878
81.061698
78.423017
76.089176
85.616884
87.489326
69.942885
83.695725
82.776910
69.529599
72.777781
60.235833
69.421153
61.036041
71.584068
50.555353
61.780032
48.419848
40.566854
42.768725
45.948998
33.911470
16.002588
1.849918
-10.716129
-11.965063
-8.528198
-4.535077
-3.713764
-3.182175
-1.093134
-0.050751
0.035034
-0.523284
0.556238
0.479593
1.084096
0.770656
-1.055556
1.833315
-0.518689
3.241836
3.579695
12.089358
9.389176
15.384456
19.448469
11.631367
36.078975
22.224264
32.383088
29.972696
33.162097
44.693337
41.480467
38.357067
44.144772
54.356662
62.951537
56.905496
59.915277
62.671998
67.737123
60.724162
65.764664
73.030049
60.608607
63.032873
80.099359
59.915277
64.451872
54.420147
58.470840
59.845142
56.275294
57.319016
53.906416
41.388595
50.266433
46.322293
44.493781
38.815302
40.061026
31.052930
18.554472
26.597110
23.221704
15.292271
17.798338
11.865787
5.535410
5.090683
5.989102
2.032130
1.716678
0.162069
-0.024598
-0.442760
0.869811
0.572778
1.212835
1.508188
-0.268119
7.487620
7.621669
11.455753
10.385305
10.238372
20.225867
20.128242
17.085597
35.901746
28.415693
36.952535
40.362497
42.083378
45.832016
55.804838
48.723798
72.089820
62.633423
68.957927
68.354843
54.998419
77.660147
75.572065
78.499304
91.095405
81.297800
78.880739
73.745679
86.201585
75.645938
72.959630
69.942885
69.321477
70.744401
64.698993
68.171878
73.270330
45.158684
61.174132
52.718479
52.401321
44.555169
44.304653
45.401635
31.373318
36.762171
29.567876
32.137877
17.815335
14.981616
13.747563
9.982407
7.636216
5.093441
4.593899
2.202241
0.595135
-0.093831
-1.062386
0.343984
-0.577138
-3.619316
-1.498174
0.952570
4.230408
1.223788
5.214521
10.080991
4.006041
18.343145
11.473923
13.775129
24.503226
21.196722
20.539598
23.251806
39.754726
69.892893
91.160831
106.572346
113.930242
101.357555
117.681344
118.270737
100.880999
99.496319
109.663828
90.506512
70.814949
70.680447
63.273457
63.273457
70.411445
75.226513
59.915277
62.070539
56.905496
58.528617
62.326398
65.703898
73.194242
58.200478
52.057536
48.538671
40.479296
40.639519
33.373031
29.746297
26.366585
25.914710
19.706948
19.325461
17.611693
14.763163
11.038736
7.657414
7.603810
4.096409
2.044910
1.786746
0.418301
0.006284
-0.168563
-0.572741
0.214095
1.200266
3.219141
5.102271
3.611338
5.738328
14.065094
4.955866
8.919798
16.185127
11.775166
31.549497
26.411766
30.042231
45.920082
42.121805
53.771459
43.699964
51.312627
61.657449
65.242059
53.671316
76.024854
75.371538
64.731044
77.660147
85.616884
78.423017
91.272118
68.630240
83.710342
85.783942
76.015303
85.366298
77.583860
81.844704
90.770354
77.756269
64.765624
70.400956
71.175754
58.437748
65.008228
56.703237
46.264446
50.089498
47.841892
35.062634
33.023531
35.154142
32.191394
19.510240
22.193192
13.758647
14.388200
12.063644
8.274890
6.909169
4.229385
2.405947
0.752493
-0.046915
-0.769667
-1.366822
-2.003788
-0.281492
-1.479678
-2.440635
5.745615
1.223788
5.188960
5.776871
6.326441
13.320454
11.533579
21.070750
19.699447
38.083495
31.311892
30.599218
45.601970
33.356254
38.470478
37.615470
45.116543
53.193064
52.298504
56.074355
59.279725
59.973055
62.792290
65.514608
73.447762
53.358371
63.273457
60.724162
67.931770
52.851644
64.764441
62.130685
61.589372
46.717204
55.132394
63.130479
39.428263
56.116098
99.110968
106.018420
96.048079
101.418568
93.237784
78.053025
64.768277
44.068657
38.938134
34.192973
22.233163
16.852869
11.802334
9.962185
7.574452
3.166152
3.102135
2.269892
0.378080
-0.031839
0.197376
-0.333755
2.327211
0.275265
4.880360
2.470264
5.854765
7.497064
10.314858
6.018983
20.821348
16.245973
22.724539
24.327681
31.136717
35.311306
42.333108
36.625864
42.135526
49.887276
47.141502
63.884338
76.679317
55.826238
69.172304
66.098250
69.321477
67.963926
80.589494
85.533356
73.602761
73.531302
88.176865
78.499304
83.223654
80.589494
80.038589
81.682475
83.695725
61.123770
78.600118
65.800167
61.833847
62.624083
58.568913
62.496546
50.555353
50.025281
46.043689
43.386134
31.231357
21.714530
30.772925
28.153953
20.098975
17.719392
16.846005
9.187797
6.270819
6.304678
1.677883
2.109515
1.148376
-0.234577
-0.503488
-1.472983
-1.722477
-2.707104
0.820269
0.275264
-3.652088
2.984420
5.278425
5.840775
7.619973
14.763679
14.329952
16.841930
32.605638
22.906680
26.014535
34.462229
34.195882
43.375846
34.560031
50.422592
45.406370
55.639742
52.351545
68.124922
61.950248
50.333445
67.866887
68.061534
53.611735
70.747698
58.401551
70.680447
70.344194
60.377497
62.371269
57.127134
61.529226
65.596007
64.622772
58.582079
48.443118
58.137964
45.605446
44.085264
48.070888
40.588847
35.095324
34.875957
29.451918
16.949892
27.726869
16.624793
19.775931
12.477295
11.611973
6.084957
4.449348
2.092878
0.144678
0.539210
0.255415
-0.020228
0.212857
0.913302
0.580518
3.124201
5.067267
7.898587
4.477041
5.031599
-12.149149
-18.939154
-19.433630
-16.099119
-15.735901
-9.449855
-5.444305
-2.407082
17.293387
17.965651
30.583620
35.736232
43.069846
42.304293
59.079921
74.136038
64.499099
58.855108
77.049852
60.577407
70.633337
73.531302
66.079607
83.548113
90.741980
75.941430
71.116655
80.038589
72.530876
76.973564
71.601909
75.371538
73.998372
81.817130
72.876827
60.434590
58.302388
62.422674
60.132611
42.449177
47.713458
41.632120
42.062335
31.705941
29.307136
21.798677
17.664677
21.484947
9.859230
11.743016
7.913685
5.377762
4.829368
2.436798
1.003965
-0.072142
-1.501056
-1.264604
-0.611311
-1.792074
1.418974
-1.812606
0.320358
-0.541551
9.324360
3.708403
6.467029
14.817660
10.300066
14.042175
23.218739
26.654550
26.150915
34.636501
32.385467
31.431221
38.644750
50.644230
47.683027
48.949845
59.484267
60.987914
64.201816
60.146387
62.792290
63.153165
73.169287
63.273457
65.827178
50.816491
70.680447
70.276943
67.282947
67.088300
61.649518
70.384538
62.138856
60.888577
59.450756
51.475371
51.768648
54.199586
42.210374
38.595415
38.663283
41.484252
33.950721
28.802052
21.002765
23.003865
13.009312
9.569153
11.675427
8.313004
4.484383
2.124115
3.022593
1.226946
0.575131
-0.016856
-0.562486
0.387012
0.215551
4.008125
3.809612
5.918734
5.928179
6.680672
11.287698
13.507888
16.155738
25.221687
24.178259
12.730471
32.874328
32.018151
38.954503
44.270289
55.926690
46.104826
61.883486
57.474488
72.168521
74.293439
52.870504
80.303526
72.173581
84.781598
78.194156
78.346730
41.200752
18.922453
21.348979
1.497207
8.889471
13.796320
30.879518
47.651480
52.200077
68.078662
68.815009
49.644828
59.465225
66.781180
75.113625
45.995702
55.926690
44.270289
43.948315
51.267853
35.683498
38.979904
30.445554
27.881143
19.801527
17.634407
16.609404
8.974835
7.979358
5.841249
2.969751
2.352771
0.921426
-0.306111
-1.344744
-1.798425
-1.382457
-1.270057
0.237685
-1.120104
2.727004
3.904623
5.316767
9.127436
5.237401
5.758017
17.027838
19.924370
21.574158
16.267559
26.116820
42.114617
30.410253
37.599120
47.206561
42.031703
40.953850
60.263438
59.424121
61.048059
52.294244
67.412711
65.389581
53.206353
68.191299
65.827178
65.764664
63.273457
65.764664
57.958276
72.473100
71.776912
73.642797
60.867622
57.199734
60.888577
50.442067
51.419962
51.941981
47.929167
40.141164
40.386156
43.795352
26.216993
34.052066
28.710180
26.275556
17.831719
15.165364
11.497856
6.393748
8.954294
3.878157
4.998248
2.317805
1.716678
0.255415
-0.074291
0.461000
0.148556
-0.873574
1.225403
2.677946
3.166865
3.622450
7.600901
8.390066
13.599157
14.998623
17.731908
24.135767
28.959986
26.732394
37.129325
28.135424
40.518941
54.037985
43.908556
53.830944
55.190624
54.579056
60.813788
71.509051
80.465755
74.390097
73.102548
65.694303
73.459843
73.602761
76.089176
78.499304
68.496977
82.980310
70.426202
75.202700
81.925819
59.270835
68.078662
59.640483
74.136038
64.004989
68.734571
60.207498
54.070971
53.904722
44.384241
45.549260
41.335172
40.234150
36.049496
27.503031
31.396234
22.927482
20.391036
19.042112
13.112623
10.198211
4.334938
-2.715997
-4.183575
-1.264177
1.010598
3.597763
4.943983
6.880376
8.271108
8.762432
9.581464
6.800835
8.456460
8.332017
9.246749
12.557175
18.752286
17.292063
14.019921
21.701065
28.502317
28.076613
29.279896
34.360681
43.933246
45.301409
44.391973
50.070779
58.100912
55.243213
49.174133
59.684167
64.951983
70.344194
63.153165
60.724162
68.191299
80.713147
60.724162
60.839718
52.851644
55.162723
57.237953
59.048615
51.128772
57.373067
53.802568
54.946411
51.309143
51.653093
49.977546
38.081182
42.220699
34.727833
29.416698
33.950721
25.502712
15.384456
18.887903
12.766399
16.464554
9.689508
8.719427
4.951485
3.937325
1.551437
0.957934
0.575664
-0.007661
-0.615551
0.659832
1.322113
1.739623
2.711281
4.590662
5.371712
5.897725
11.539780
15.006448
12.899971
20.489519
20.339747
18.862366
33.321936
35.609711
41.030567
50.089498
48.461926
46.050264
53.707337
57.602923
52.531797
70.031591
76.497058
68.631024
72.387958
65.308999
85.366298
71.185700
71.254745
85.950999
73.602761
76.089176
78.270443
87.833095
80.038589
81.925819
73.651368
75.066390
64.365836
69.957718
65.956649
68.581997
64.343371
61.757817
47.749250
49.447325
52.522359
42.768098
34.000450
35.633769
31.393731
26.230408
20.432340
15.216481
11.230208
12.195361
8.738177
5.041652
3.669202
1.227365
0.498420
-0.102518
-0.861239
-1.351818
-1.060436
-1.325545
-2.845358
-0.435813
1.969536
2.190896
3.459031
3.764713
7.756314
7.144405
11.732434
11.123371
20.198539
21.549022
28.076613
19.845260
28.537570
45.880534
66.473777
101.198671
101.597946
118.190454
118.874867
121.142560
108.717544
106.576980
102.841757
95.570696
81.020041
75.874397
78.370650
73.447762
80.406253
65.389581
50.333445
64.389358
63.826732
63.139079
52.563710
63.065597
52.805198
60.016129
49.646859
31.650000
53.787428
34.592933
43.622020
32.936318
33.748030
28.526434
18.242854
22.611753
8.320632
12.330503
11.453340
6.742914
4.361763
3.937325
1.891542
1.408862
-0.057156
-0.011491
-0.335545
-0.367468
0.219920
1.237971
4.404839
3.222424
4.463515
12.051130
6.535317
9.345370
23.376198
13.821397
27.019856
21.749781
23.618077
40.851734
49.840213
42.612863
48.343146
56.436712
51.906523
57.602923
50.360656
69.809972
71.730670
66.031619
67.297614
70.288111
70.702383
83.223654
70.978564
73.459843
83.142539
80.825596
80.668194
62.916075
87.231499
77.049852
71.244614
72.543273
68.886468
67.385829
52.702725
64.027256
43.318517
59.882635
49.937317
40.101757
50.610202
41.038224
35.356127
27.033558
25.931490
27.499210
18.436134
12.260538
10.495994
11.462466
7.650990
5.097670
2.990412
2.156707
0.602719
-0.468170
-1.908462
-0.739839
-0.634093
0.200106
-2.244360
0.285598
6.920147
3.097040
3.426854
9.385947
7.771463
15.006592
13.174275
18.642547
23.559690
23.350854
33.634438
36.703094
38.494609
41.880131
43.136052
48.744752
45.647894
56.044184
50.622045
53.889737
66.763888
52.952990
70.411445
55.640092
65.827178
68.385946
65.764664
53.307699
67.931770
67.737123
59.973055
64.451872
49.463961
63.014051
50.267336
46.952119
50.176861
49.062998
34.754188
43.730555
36.030674
38.402196
57.849537
83.292547
73.619012
71.945107
61.173790
44.649879
42.156959
29.239867
18.140833
13.780886
7.804769
8.539313
5.214228
2.002846
0.374844
-0.169850
-0.209018
0.956792
0.227203
1.739623
2.157132
4.574722
6.148421
8.600331
11.595799
16.109644
9.121687
19.141218
25.910902
24.888781
25.310582
33.975931
44.779769
48.268619
48.521315
58.274230
47.577998
57.667140
57.168339
58.528018
62.483438
66.098250
79.566385
62.916075
70.633337
75.941430
75.867557
85.783942
76.015303
73.459843
83.061425
65.116348
82.088048
71.744827
73.577495
77.362766
75.710052
58.528018
65.956649
62.071721
55.933273
62.053309
45.808639
54.809046
41.763349
37.593165
32.078580
31.184461
27.105157
23.802080
14.940774
17.962497
12.692956
12.067883
6.470120
6.309904
3.924589
1.557562
0.255572
-0.529748
-0.468565
-2.304838
0.565588
-0.823941
1.470057
3.175760
2.759181
2.185220
8.510986
3.764713
7.741165
7.118844
15.924261
18.701263
21.891425
28.579981
39.068665
34.941476
34.607880
35.720276
45.402755
44.440277
47.784372
51.449847
55.076985
51.483481
59.684167
64.889469
70.344194
53.358371
70.680447
70.545946
75.802410
68.126417
63.213311
62.792290
52.547608
64.576900
51.787517
63.139079
50.267336
60.763549
63.753629
53.328641
57.875013
39.505207
37.943373
49.198470
40.046015
36.028302
27.356705
22.607143
18.020767
18.887903
12.874360
13.356942
7.099117
5.220101
6.130856
2.061641
2.211761
1.175823
-0.234282
0.046441
0.087386
-0.105333
1.356906
1.713528
5.088035
3.908957
2.861679
-10.123797
-19.337230
-22.254389
-22.248100
-10.863986
-8.832218
2.395606
-0.640613
20.138597
30.139071
35.071776
38.802595
54.456275
62.169322
59.901539
59.144138
58.528018
64.832255
85.168882
74.463970
70.288111
73.245466
85.783942
76.015303
78.651878
88.090922
85.533356
68.097189
75.424319
62.607057
74.168478
85.426709
62.804525
71.213559
65.247804
63.452627
66.190196
68.154786
53.557233
38.092792
45.492445
46.878633
37.484042
36.578540
28.108221
28.420621
27.117276
14.875100
18.052310
14.362481
7.954606
6.414101
5.384901
3.585174
2.129622
0.366615
-0.611247
-1.440524
-0.482214
-0.248628
-1.868877
2.748854
1.753852
5.287019
4.946127
0.403031
11.670786
6.582055
8.498618
20.286564
27.970608
22.050059
16.445590
31.929889
31.104028
36.640625
40.010506
49.646859
51.087505
50.176861
51.555929
52.934997
78.104547
59.684167
52.851644
65.452095
58.235323
65.702150
58.290732
65.764664
63.273457
65.514608
67.672240
57.681229
71.568056
78.334718
67.788669
57.199734
60.576007
52.472741
46.872264
53.710263
45.668369
47.666445
36.197794
38.156556
34.199692
25.667618
28.250817
20.492281
17.524863
17.028283
12.036920
10.334136
5.846331
7.192794
0.181317
4.051451
0.707895
0.175953
-0.047198
0.096124
0.166033
0.630830
0.298567
2.811288
3.300207
6.977876
9.726168
9.759405
16.321149
13.002352
19.246970
23.205482
28.111308
14.121893
42.938691
28.436740
54.200557
44.686216
54.584710
58.302388
59.968170
66.028108
61.199092
69.815435
83.027496
79.330283
87.575268
73.174007
93.130383
78.651878
88.348749
90.918693
83.223654
88.090922
78.041582
42.959965
3.893343
1.443319
-5.669554
1.398170
12.714255
14.664615
16.389670
43.020112
35.396292
41.666195
45.314276
36.156788
32.414363
34.919631
30.923722
25.647569
23.423518
14.710916
17.603247
11.703286
7.674514
9.097831
5.713615
1.623096
2.605106
0.162310
-0.562985
-0.915747
-1.471737
-0.672062
-1.393363
-1.652307
0.293114
7.855607
-0.564414
6.559539
4.987505
10.400107
15.168534
14.773147
21.957222
25.487730
30.652694
30.210903
39.078461
34.731480
37.991231
43.425880
53.328641
41.345961
51.608970
50.622045
56.406811
47.544057
57.792047
65.389581
58.235323
78.221939
55.799216
61.013050
65.577122
73.169287
60.435275
64.826955
64.451872
51.787517
67.788669
50.216663
55.986407
41.389529
53.155309
47.365684
49.804213
49.439906
45.702010
36.373401
34.199692
35.060153
25.214313
19.195522
21.259126
15.956491
14.081262
11.104346
7.214220
5.340922
2.908618
1.436901
1.690266
0.265461
0.026216
0.722268
-1.472045
2.110025
2.732212
3.953070
6.064107
5.339833
8.716238
7.635054
16.109644
12.925566
14.026159
24.645677
31.183364
22.361906
37.650805
30.219228
52.238940
44.849901
40.032921
54.016355
62.278857
63.866899
61.134875
55.722449
73.355876
72.102122
72.602335
80.274691
83.061425
88.176865
76.015303
73.388384
90.565267
77.965295
67.897295
84.280426
78.936779
82.776910
69.958353
82.504669
60.300050
68.110893
65.968577
61.812028
51.544211
49.442888
56.586708
55.231775
35.564887
36.350636
27.918940
30.766996
30.530983
21.294107
19.595288
13.937555
13.527711
7.322621
6.440639
1.928716
-1.178406
-0.671438
1.883921
4.765212
6.739471
5.343218
8.204205
5.986284
5.535410
7.877860
9.701033
6.604986
9.525145
11.594252
11.175640
16.086203
20.431997
27.143215
27.237960
33.721574
39.078461
36.640625
35.926276
34.909514
53.328641
50.495108
63.195362
55.464851
61.228497
57.459591
52.902317
73.030049
63.273457
58.290732
60.897495
56.117462
80.713147
65.702150
60.319720
62.371269
64.264330
68.595677
58.066397
57.084179
60.638521
45.696198
55.274056
51.248651
37.468416
49.500052
36.105922
34.406279
34.151387
24.065668
25.090713
13.788270
19.765231
12.604458
9.035060
10.977439
6.431361
3.620623
2.402770
1.069886
0.971332
0.147573
0.032041
0.099037
0.173315
1.024311
0.301480
1.596166
6.838538
6.258542
5.126280
8.763881
11.850568
15.546240
23.413394
28.945324
20.851410
32.367043
39.611957
50.506526
41.144716
56.893324
44.534331
52.322251
64.384551
61.767216
56.598303
69.886893
63.832002
67.430876
80.117289
78.117869
85.616884
73.459843
80.825596
75.867557
76.015303
75.498192
75.128827
84.447483
69.321477
78.149773
65.365306
64.032680
60.492702
70.184023
68.047988
55.483752
51.173389
53.171778
43.472626
46.493329
33.918747
37.771795
34.921093
24.069746
25.865373
15.792386
19.346617
14.065033
10.901366
7.860942
4.376776
2.994636
1.067967
0.395501
-0.547347
-0.708296
0.124010
-1.527530
-2.985776
0.250838
-0.445815
2.839623
0.369210
11.632808
-0.685870
7.877507
17.989041
13.330052
9.816585
23.900641
20.107754
33.808710
35.246452
34.772680
31.905242
45.605446
40.213195
52.805198
40.293460
67.385165
105.138139
130.883065
137.228399
135.395218
120.690486
113.209140
98.339749
78.519361
92.993292
75.370487
82.334653
64.826955
66.828771
63.951760
51.128772
52.563710
62.806068
59.200701
59.691717
55.637406
35.267078
41.703646
43.607230
44.928966
28.922300
25.589955
29.369227
16.411313
16.212345
12.604458
10.144227
6.130992
3.757523
6.450675
2.878320
2.090569
-0.120027
0.439322
0.191358
0.906229
1.008981
-0.157041
1.817906
0.986881
3.311319
8.574385
3.296585
8.701578
10.802572
17.801685
23.115946
20.339747
19.166597
32.177762
30.764604
39.475982
43.049358
42.709154
50.540562
52.144082
68.581997
68.332512
63.566261
72.173908
75.829260
72.102122
70.288111
87.833095
75.719811
83.385883
78.346730
85.449827
75.719811
70.771428
70.150021
84.531012
71.673368
75.752973
67.664390
66.352529
69.588353
65.599354
61.657449
51.253237
59.025127
51.116975
52.543470
44.745814
32.177762
40.585337
27.635019
31.535885
27.747273
24.007246
16.232153
7.464438
11.855248
5.528559
4.172014
