78.736944
48.664353
26.338419
18.801281
-5.727448
-3.256082
-17.680714
-14.899164
-7.674787
8.220077
-7.274977
-11.307376
-25.265335
-14.389275
-15.664607
-9.514744
-10.686913
-9.987351
-9.183600
0.890180
-4.084335
-9.202956
-8.204338
-9.006963
-10.023166
-2.108803
-2.720289
-2.068423
-1.416556
0.241920
0.035117
0.554574
1.651767
1.835376
2.963088
1.376603
0.936865
6.044378
5.926177
3.443299
7.133361
10.312275
11.137257
1.923387
-1.021087
3.840607
-2.897499
2.482858
-1.286177
4.748703
9.078326
0.729782
5.205643
-3.818123
-1.554539
5.639446
-8.948081
-1.628176
5.789831
3.317098
13.336187
38.432136
53.413096
50.909843
53.307537
53.149198
33.256033
18.133135
20.562676
3.277372
-8.830343
-15.719217
-17.699989
-21.675097
-16.752452
-20.456321
-23.796635
-11.077087
-8.682341
-1.168359
-6.040860
-13.347344
-12.468947
-19.184085
-17.370844
-14.530365
-6.294278
-2.159388
-1.154890
-5.959878
-5.543282
-3.946065
-2.223576
-0.346021
0.503766
0.713668
-0.719363
1.992316
2.495869
1.080834
5.955238
2.293865
5.504203
9.275059
5.385822
3.350168
-3.179475
0.969411
8.801407
10.997219
8.199147
27.061570
16.841554
9.403294
9.720751
-2.885215
1.468098
-3.067506
6.231562
13.561081
8.847761
13.800394
16.378505
1.631220
-3.303226
26.513675
38.837423
56.195763
60.923903
53.410971
38.653534
16.409791
-13.112545
-12.987186
-10.401744
-14.928932
8.409242
-0.760385
5.819041
-4.936698
-0.689670
-10.454936
-11.788349
-14.783472
-12.286890
-17.732665
-3.410111
-5.766295
-15.037510
-14.721525
-4.227937
-6.358853
-3.209157
-4.532191
-2.732825
-1.980671
-1.878360
-0.307514
-0.089306
1.016317
1.959332
1.577440
2.049598
4.991141
4.530860
3.594845
1.251360
-5.797616
-1.882347
4.153427
7.169851
9.171464
2.065738
10.457036
0.595877
-3.066006
0.659482
0.688774
11.183911
15.791619
5.222995
3.085364
17.352630
5.645230
3.267441
10.677227
13.217349
0.846112
13.362595
38.242441
50.909843
58.477019
68.499616
48.215259
38.166564
13.230553
3.293924
-18.799131
-4.007180
0.801756
-10.746270
-5.971233
-27.716409
-31.006413
-25.774695
-34.336579
-30.950176
-18.855367
-14.332862
-7.171867
-6.629941
-10.043891
-17.262050
-18.435161
-10.021034
-9.460965
-3.865077
-2.055885
-1.165279
-0.513741
-0.652087
-0.196055
0.057481
1.860427
1.808144
-0.575157
0.354208
0.441206
7.396332
8.462674
10.315046
11.316507
11.276003
23.532805
11.817564
2.426999
7.268670
11.106722
2.906936
8.647966
12.952628
11.407262
-0.707945
-0.727014
-5.189299
-9.943293
-7.847255
-3.190080
1.603256
-5.689009
-0.829511
-0.835073
9.062721
26.338419
46.320623
56.089332
48.802866
48.618181
43.631008
16.362861
11.417504
-5.667044
-15.226618
-22.016860
-12.209961
-11.896563
-9.454279
-0.717480
-6.796773
-6.522393
-6.240174
-5.910919
-12.252424
-20.829391
-4.852598
-7.107852
-8.823124
-10.284768
-6.191860
-7.244881
-3.936271
-6.433545
-7.272825
-1.285664
-2.153883
-0.631644
-0.003143
0.271850
-0.851336
-0.583610
4.858621
0.814377
3.802794
4.370572
2.169018
2.394596
-0.739634
-0.813270
-0.885269
0.485406
9.767217
8.859981
19.855828
13.613465
0.659482
0.687937
-5.582807
0.728108
2.992671
3.095296
15.003574
10.473340
-6.484746
5.749343
-11.530333
-6.603249
10.838190
20.748297
63.488162
63.425489
65.537860
40.735801
28.185179
0.837743
-6.557165
-30.973479
-23.156747
-13.387732
-10.677088
-1.479267
-1.439994
-11.917322
-7.453715
-16.818082
-25.343660
-23.856832
-17.510438
-8.654412
-2.350879
-2.141272
-6.637850
-5.965663
-6.992822
-1.335727
-9.972823
-1.448370
-3.240576
-0.194727
-1.087493
-0.126834
1.068000
2.409846
4.716838
5.679003
4.800250
5.073647
2.068854
2.350118
6.570174
6.075896
5.418662
8.525583
6.381980
-1.967478
7.268670
7.761275
4.725237
12.358184
7.119481
11.500328
-6.969240
12.178382
3.687322
-5.381495
1.555096
11.198568
4.030691
8.950941
-0.831100
16.425434
18.891239
46.364445
58.842350
56.142548
48.664353
53.716176
43.589533
28.781229
13.920050
18.567389
-10.422120
-19.659081
-12.235033
-25.427469
-20.284458
-7.055474
5.425272
-0.658683
-2.492348
-0.596708
-18.824315
-12.982043
-14.857847
-8.335196
-8.840357
-13.414965
-9.100594
-7.049073
-6.128777
-6.975913
-5.098281
-2.292179
-2.769065
-0.759098
-0.003143
0.041845
2.041830
-0.974358
-0.813766
2.031299
1.688942
7.714772
3.129521
6.537607
1.536061
10.394773
11.199131
3.401020
-1.022723
7.189691
9.440964
25.041001
10.470887
8.820785
4.922224
9.400252
0.754889
21.527448
-3.937311
20.150185
13.045695
-1.623266
-6.557165
-24.112650
-9.102046
13.349391
25.827408
58.188386
48.358757
40.654976
33.289025
3.313787
-1.624903
3.270751
-13.555778
-13.331716
-24.419678
-1.479267
-10.169753
-9.777722
-19.524316
-12.885144
-10.502927
-8.151945
-6.013690
-8.668416
0.477873
-5.995773
-4.238565
-8.998209
-5.223456
-5.272693
-3.136251
-4.112310
-4.874705
-3.006310
-1.212847
-0.024545
0.378330
2.041932
3.779077
4.756939
4.840930
3.802421
0.521990
3.258796
4.553865
0.717737
7.790349
16.115285
14.721474
12.692186
1.039320
7.816009
6.517592
4.956498
7.136678
9.479922
11.872593
1.429259
8.202880
17.631823
13.374948
1.593935
-5.656061
-3.268654
1.631220
-0.833484
23.913294
48.849037
71.276433
76.394317
68.724844
38.837423
31.189916
-0.833484
4.073613
-8.113795
-3.205795
8.615604
1.520918
-2.998361
-15.974680
-11.244697
-16.937356
-16.154126
-11.684159
-11.192978
-5.511109
-8.236082
-16.321507
-10.965225
-8.754194
-9.999689
-8.903232
-1.960402
-3.148030
-1.433235
0.324690
-3.399017
-1.316269
-1.096457
0.036303
0.042682
0.088712
1.631094
2.156907
2.682720
6.084242
2.848772
2.215290
7.641692
7.258782
15.442374
4.525006
7.777241
0.528088
3.881096
14.808427
21.173941
6.531533
19.055949
-1.395813
-12.253415
5.240347
5.419652
-8.703548
12.887246
-8.948081
-1.629812
10.720151
-1.637994
13.349391
25.776265
45.858287
76.016175
50.608006
53.201977
38.052747
20.665799
-1.628176
-13.765837
-3.994850
-15.653308
-8.395618
-5.964650
0.733967
-1.390904
-11.357166
-7.064274
-19.672872
-18.591655
-10.874930
-5.560852
-7.996229
-3.410252
-5.384665
-9.893595
-8.865999
-9.114832
-8.887177
-7.833199
-5.609397
-3.172885
-2.621113
-0.046084
0.275014
1.209861
1.543498
1.212561
5.445152
7.914153
9.201230
8.644179
0.650934
2.900145
9.049803
7.232576
11.939604
14.293525
-2.108910
6.182254
6.526191
1.241281
-4.596236
-2.721783
-2.812928
3.601479
-2.995218
-5.370512
-12.598574
-8.027561
-5.661552
-5.716466
-20.559796
6.550328
-10.737942
26.388492
46.276800
48.849037
48.802866
38.763868
23.799854
1.629666
-8.160831
-20.305246
-7.988364
-21.907214
-14.556825
-16.388264
-22.456714
-15.423235
-30.976230
-21.886262
-19.106415
-21.701532
-23.569341
-14.363589
-19.012692
-10.867321
-16.936255
-8.909245
-10.810003
-5.328572
-7.356091
-7.924565
-5.881723
-2.917533
-1.938495
-1.213876
0.090756
1.224200
3.431178
4.403058
5.693126
8.379992
6.249239
7.922655
7.060850
8.868556
9.652289
10.559770
3.187010
9.359596
8.397836
17.363178
20.164322
15.654033
10.510500
6.845311
15.501198
7.249919
14.313754
12.345876
3.174747
10.526995
3.280683
0.835232
15.693393
-6.623000
15.787460
33.388001
68.364375
63.425489
65.798448
55.805533
35.607221
28.044955
10.655765
0.822679
-1.592176
-6.267491
3.068812
-14.878882
5.061041
-3.485219
-11.413181
-5.115378
-1.212541
-9.802732
0.554869
-10.133458
0.472015
-3.397085
-3.081077
-4.762027
-1.508344
-0.518725
-3.078599
-3.526114
-0.669918
-1.498418
-1.362162
0.006695
1.066342
-0.744744
0.565780
3.905288
0.924757
1.135461
-0.268558
3.275993
2.656383
2.893895
8.995828
-2.998262
-0.466401
-1.976907
2.629899
7.848850
-2.394917
6.852930
1.300315
9.501815
-15.423235
-0.734165
-5.244212
-7.666948
-10.228552
-3.215224
-0.818388
-17.956436
-18.025367
6.581580
1.637434
33.877942
58.842350
56.355411
53.563574
51.381839
26.413529
1.625006
-5.732940
-15.345692
-17.542852
3.905830
-7.643430
-9.719162
-13.723306
-21.679833
-12.755827
-23.816634
-19.106415
-21.643584
-10.418996
-14.341660
-14.809292
-14.857097
-15.755164
-9.999689
-11.647551
-7.850633
-5.255963
-4.411562
-3.066162
-4.346101
-1.938495
-0.589187
0.090756
1.175599
2.402205
3.886897
3.721014
5.114888
9.033483
6.991722
5.083596
6.631674
14.130077
9.202702
16.663115
15.138441
8.331816
14.004069
5.920492
13.740524
12.479462
12.949793
15.483047
11.632852
9.786564
14.611631
10.280185
5.639446
3.267441
3.293924
-9.065819
8.257311
15.803137
53.201977
55.750280
65.668154
60.621545
53.096418
38.014808
20.645174
8.191252
-8.902797
-11.195953
3.138332
-1.513631
-8.151086
7.233404
-3.468779
-11.357166
-5.095628
-6.702004
-15.061289
-5.923122
-0.996542
-7.884198
-4.655176
-6.483807
-9.798004
-4.197041
-1.286407
-1.711710
-0.879525
-2.212617
-0.173454
0.172145
0.005784
0.651464
1.094679
1.642019
0.776484
2.098011
3.262144
0.528204
4.280196
4.718067
10.640735
15.223296
9.931394
6.491448
6.940266
9.014130
4.500225
-7.783479
16.394073
-2.640066
1.348475
3.511735
-0.730192
8.228675
17.703790
6.294065
1.590828
-8.129474
-8.168671
-0.831895
-13.225368
6.575329
41.356445
53.767044
53.868779
58.564530
38.800646
11.548865
13.906755
-13.074938
-8.082437
-15.122428
-7.831576
-5.343056
-20.810757
-20.196741
-15.319839
-20.878675
-10.291969
-17.126661
-12.769404
-10.389227
-6.673009
-13.289061
-14.723969
-8.668030
-3.559094
-5.001822
0.546847
-1.652888
-4.256468
-3.412068
-3.223584
-0.978029
-0.564115
0.226870
1.483158
1.960339
3.196805
2.706850
1.474932
0.993143
4.581838
9.896244
6.710062
-0.767452
4.227743
-2.268680
0.496285
2.108774
-1.114359
14.911550
2.525894
8.595436
17.056503
-5.635475
-16.657698
-3.760584
-3.842783
-6.333326
0.821005
0.825190
5.784047
8.265568
10.741612
13.309778
38.052747
43.443279
38.280380
50.658312
38.166564
25.673978
20.562676
-11.449620
-25.870090
-23.085054
-22.702693
-17.453629
-10.354239
-18.703421
0.706349
0.677894
-10.783006
-8.520916
-6.330677
-13.990073
-14.481928
-20.344559
-5.857409
-9.876606
-2.666317
-3.269491
0.261115
-6.724641
-1.847579
-2.603392
-2.716228
-0.217826
0.016552
0.429920
0.851242
2.034162
4.149368
7.433250
9.560253
13.498556
10.597846
7.682437
4.032653
1.986081
3.456423
-1.870047
5.468587
7.378138
2.801584
2.996681
3.137150
3.293227
1.351582
-2.812928
3.617087
-0.761974
-7.713985
3.933143
-5.617622
-8.113795
-10.625876
-18.042600
-15.658262
1.635880
36.323099
46.189155
51.284801
48.802866
33.749616
6.587830
-0.833484
-12.999722
-17.697946
-7.980525
-3.136650
-0.771509
-18.640882
-5.052016
-15.371537
-18.837134
-16.017060
-0.621339
-11.088788
-15.284613
-19.006949
-14.687905
-13.449751
-13.312811
-13.125225
-12.716891
-6.117596
-0.964881
1.581329
-1.092773
-1.191591
-0.323722
-1.165321
0.115491
2.086641
1.148204
1.993826
1.659720
-1.659042
-1.928965
2.824000
-0.628361
8.621062
8.476651
7.901569
7.222667
7.803650
-1.034178
-2.782421
5.945264
6.283814
6.564562
10.893420
19.725795
20.187757
7.497638
5.413868
10.290915
5.662582
10.612842
3.277372
15.630683
0.837743
20.624550
35.642686
40.614563
33.124064
30.823710
30.610081
28.016910
15.599327
15.505261
-4.040059
-8.712605
0.788366
-6.083153
-10.296587
-10.019859
-13.840820
-1.317268
-10.769002
-4.825704
-11.402199
-1.057087
-12.833161
-13.119767
-5.811288
-6.315760
-7.561344
-3.178923
-2.689858
-2.264191
-3.733295
-4.326661
-2.531630
-1.003698
0.100146
0.811006
0.681284
1.012551
2.265986
4.587872
4.055029
1.373479
4.313036
1.701241
0.744147
-4.076496
6.108310
12.183685
13.017626
13.993948
6.285435
8.450923
10.769093
-4.651149
1.359350
-7.063313
3.628793
1.494508
13.135635
1.573739
16.128212
-3.271797
4.081417
13.933346
-10.737942
21.519764
29.109845
41.356445
71.545654
53.767044
48.802866
46.408268
13.906755
8.959540
-17.749644
-19.913631
-12.523358
3.792674
3.706831
5.762789
5.556528
-10.755797
-8.404935
-15.214249
-12.700474
-26.588509
-20.328233
-14.663627
-13.255531
-3.919708
-0.355959
-2.191037
-9.265717
-3.005401
-4.895190
-2.932203
-1.717417
-0.073893
0.066802
0.039726
0.201939
2.309950
3.299928
4.804409
6.005511
5.536142
2.890059
2.284699
-2.830904
-0.773997
-0.845997
11.529123
7.922487
8.477061
7.339923
13.195985
8.176932
10.550112
4.783407
4.951145
13.859101
18.788965
7.745358
5.564254
0.815147
-23.634698
-1.628176
-4.105818
8.273826
18.296497
53.360316
68.026272
65.798448
50.557700
43.100193
33.025088
-1.631448
15.583649
0.818494
3.181368
-8.549583
-1.508721
-3.686605
-14.252749
-1.371267
-7.281637
-8.843765
-6.638607
-9.704705
-4.266107
-5.452171
1.830694
-14.652958
-8.584684
-9.511233
-11.023928
-9.426711
-7.326479
-2.842792
-3.192222
-1.614762
-0.774427
-0.010329
0.381269
1.720760
1.784327
4.741820
-0.204994
2.613916
2.187610
11.804001
7.916329
10.867617
10.576821
12.614603
2.356764
7.049734
-2.159197
4.587730
6.612175
14.573241
9.315720
-2.737497
7.772960
-2.932360
-0.768331
-10.096110
8.701588
-0.813620
13.800394
18.837264
13.920050
18.999189
19.053164
21.479084
49.079892
41.473823
48.895208
33.877942
21.438403
16.409791
-5.738431
-15.360576
-10.381369
-17.146501
-7.627751
-27.380437
-22.383881
-17.446456
-6.687021
-2.558350
-0.617366
-9.238954
2.704036
-11.149534
-7.483929
-11.951383
-10.898784
-4.543759
1.537360
-5.149961
-6.491026
-4.738543
-3.818248
-3.301744
-1.951694
-0.119432
0.250843
1.570672
0.916562
-0.271635
1.226218
4.683032
1.787271
7.197968
4.217236
3.600188
6.271969
9.329761
10.219174
7.935691
8.503469
19.322974
9.599413
11.977775
6.630621
6.861825
-1.403995
-7.988064
-8.305051
-10.803922
-8.721662
0.820168
13.045695
-1.629812
3.307166
-9.102046
13.283370
45.722209
53.201977
63.049448
62.861428
45.586131
28.185179
18.060530
5.743559
0.821842
-11.115241
-8.540527
-1.497267
-1.464540
-3.555088
0.698817
-11.217126
-10.740994
-15.618321
-13.038107
-16.983016
-14.314645
-3.634091
-4.555551
-10.706112
0.332252
-4.929374
-4.173163
-4.102815
-4.199164
-2.766808
-1.095382
-0.602168
0.034394
1.151466
0.718786
1.773380
0.329351
2.201192
4.081619
-1.106314
3.370575
2.737637
2.968899
0.803182
-3.075140
-1.892048
2.508940
2.668919
-4.041613
4.812741
5.081505
1.318958
-4.799415
-4.986120
-2.935502
-7.549357
-17.112036
-5.579183
-8.058919
-15.390345
-15.568956
-25.491405
4.116534
6.587830
31.427780
48.987550
53.665309
51.333320
26.438565
9.062721
-0.832690
-10.574937
-10.503622
-10.350805
-14.809858
-25.720351
-16.319333
-20.152883
-19.319575
-20.684454
-15.997479
-27.878607
-19.649709
-8.649767
-20.046331
-18.511534
-13.206976
-7.263528
-11.821776
-12.278378
-8.254360
-8.460410
-5.826607
-0.597158
-3.301744
-0.461271
-0.825436
0.346472
2.144486
1.597702
3.764994
4.372405
6.074806
6.434860
10.742521
9.077561
9.012928
6.285173
17.056913
6.030755
7.988508
6.899957
21.088301
11.476088
17.716258
16.623387
10.919828
13.482836
7.324235
18.912712
10.129952
7.935276
15.411195
13.058900
-1.626539
3.317098
3.327029
20.810171
55.529268
73.075355
67.958652
53.201977
50.658312
32.959104
8.240796
5.720423
8.092165
-15.818080
-8.522413
0.765769
-5.852730
-1.410540
-3.411240
2.641760
-22.152504
-8.336431
-4.509696
-7.367883
-0.975269
-0.903269
-0.816542
-4.075543
-9.535131
-3.151753
-3.424509
-6.434559
-6.107005
-3.417353
-1.482945
-0.362270
0.120415
0.102534
1.006014
0.251674
-1.164160
4.129824
5.559422
-0.279682
0.616756
-0.347219
2.981399
-2.849996
0.868430
-1.917191
7.104468
17.275199
23.643980
19.353230
16.577134
15.238933
5.469024
-7.102510
-0.738138
-0.768331
-19.463274
-3.183794
8.864957
18.711322
6.537827
-5.771379
-13.262976
9.140106
36.426388
51.430359
66.115035
48.895208
43.631008
28.781229
1.625006
-5.738431
-15.345692
-15.107543
-17.180966
-9.851603
-5.194790
-13.678653
-6.930043
-18.727488
-6.373445
-24.368822
-16.183708
-10.299921
-18.659261
-10.184505
-13.134143
-13.046555
-2.421673
-3.096569
-8.327192
-7.161871
-5.753774
-3.798667
-4.322490
-1.863977
-0.336197
0.391866
1.019051
3.043031
2.165480
1.758807
2.163415
0.258604
-0.574361
-4.531421
1.433436
-0.780542
8.121057
5.987832
7.909283
3.730711
0.573281
7.812082
25.205961
10.536908
23.277312
13.435802
11.632852
5.298187
-22.368127
-13.443747
5.662582
0.825190
-9.029592
8.257311
5.807184
23.282905
40.695388
63.174795
62.861428
52.990858
45.631491
13.190941
-1.634721
0.826863
-1.597085
3.164816
-8.486186
-10.527194
-5.846147
-20.647502
-23.912012
-26.999446
-19.989326
-8.347961
0.571607
-8.892479
-5.352546
-11.633399
-14.277981
-12.806916
-5.475526
-2.251556
-1.187769
-2.778810
-2.688749
-0.575390
-0.751711
-0.230422
0.234649
1.331383
1.595421
1.081304
1.356318
3.589698
7.260203
7.281735
5.357956
14.308297
12.142712
10.597161
6.217778
6.633756
5.588964
2.707938
-2.316344
1.210210
-0.647559
7.343039
17.980596
5.681535
12.484171
12.936207
-5.458374
-3.199509
-15.286155
-8.121634
-15.613609
-8.286262
-5.787853
6.612831
29.055075
41.473823
66.240253
51.527397
48.895208
28.808614
23.822542
-5.721957
-5.656061
-12.661253
-17.043105
-21.249340
1.471205
-17.857652
-11.106802
-10.630438
-21.646631
-13.320850
-9.176274
-10.180847
-15.561896
-14.372297
-5.511600
-10.789139
-7.478976
-5.775100
-8.157250
-6.894818
-6.837866
-3.622440
-0.724854
-0.825212
-0.025426
0.600551
1.397649
2.536820
1.802788
6.714076
5.568628
8.862206
3.852386
0.334762
-0.719997
0.406736
5.655175
3.250635
8.041324
14.944484
12.615144
6.069124
-3.172864
-15.331147
-3.411240
11.342361
7.315978
14.407821
7.786644
17.461537
10.537726
25.315974
-13.933884
5.778263
-4.130478
25.648406
43.185964
60.802145
60.440945
53.096418
23.121219
8.232539
-18.874934
-18.666476
-11.265135
-3.937311
3.091985
-10.469542
-12.435466
-3.542758
-7.489942
-5.253632
-6.883139
-4.753286
-1.114359
-5.723874
0.494612
-7.562108
-9.266911
-10.467136
-4.473769
-8.101277
-0.477816
-4.510276
-1.237698
0.112982
0.879932
-0.461361
0.547692
1.349374
3.913929
5.173542
0.866228
3.563107
0.494027
3.908005
0.627631
4.882269
4.204621
3.287665
4.892493
6.754171
-0.518047
1.085926
4.650233
3.043504
1.269244
13.343710
5.531527
5.706536
-0.747673
-5.332073
-3.139793
1.581506
1.601702
6.525327
4.093122
16.456721
-3.309512
36.426388
39.058091
46.627382
53.817912
41.434697
41.395571
33.942105
16.362861
16.331575
6.456573
-19.776566
-12.460679
-21.161623
-14.065644
-11.507951
-0.700000
5.294015
-15.879995
-0.612599
-14.333115
-24.600889
-18.427469
-10.184505
-6.719239
-10.767209
-3.433664
-4.876463
-1.878032
-0.229625
-5.802329
-4.491343
-2.916576
-1.966480
-0.094288
0.019249
-0.112909
0.982620
-0.281453
-1.422036
4.791940
10.359518
7.383589
10.177533
6.851162
-1.985095
2.996137
-2.317999
3.481997
13.261586
12.596993
18.616191
6.341615
8.692014
15.083719
9.239289
9.529023
16.662881
7.786644
15.160351
-1.601994
5.720423
-13.947888
-23.825879
-13.989899
5.807184
25.597263
67.891031
65.733301
58.015206
45.404694
13.177737
5.755127
13.032491
-1.598721
5.529549
-10.780861
-1.487449
0.744010
-14.087978
-9.581706
-9.120493
-6.846912
-6.529925
-4.470196
-8.864471
-6.733714
-7.548104
-3.206164
-10.467136
-10.205632
-8.860704
-8.105278
-7.873430
-3.467985
-0.207817
-0.480595
-0.378105
0.743325
1.525503
2.644205
5.710486
4.556169
2.364562
2.037602
3.155615
0.638506
7.086402
9.925940
18.350912
11.756544
2.423097
-0.527582
7.662754
9.891612
-4.299705
9.009210
-0.685698
7.600992
14.297950
-0.749262
1.519365
3.901928
-3.208938
-5.672535
-10.636064
-5.743922
1.632773
11.581706
38.837423
73.972334
69.049631
58.953479
36.529676
36.426388
9.105713
6.575329
4.065809
13.680737
-0.806469
1.536454
-5.310108
-16.198705
-26.511217
-33.839920
-18.486268
-8.272494
-9.627567
-17.722596
-8.574552
-9.436633
-15.602615
-15.559042
-14.081368
-8.498049
-12.895796
-7.214688
-6.271735
-2.958471
-2.243925
-3.131801
-0.940192
-0.718892
0.407621
1.824752
2.933461
4.019073
6.836150
4.264339
5.032547
4.806309
6.349475
4.743050
6.364398
5.644444
11.714744
6.524376
0.547337
12.633295
18.744049
6.424188
12.745983
6.927884
-1.410540
-3.661946
-8.359391
-8.558640
0.808451
3.244267
8.149966
-4.089378
0.834396
-6.596666
15.818815
65.537860
58.130660
72.930220
57.899753
40.412501
40.412501
-1.624903
5.703071
-6.405744
-6.293825
-3.842783
-8.205426
-3.653726
-12.015349
-7.498999
-5.207547
-4.990292
-10.026795
-6.095201
-10.397092
-8.206287
-6.134137
-7.974949
-3.903464
-1.574102
-13.806004
-5.382009
-7.805847
-7.294515
-2.444645
-0.887836
-0.082199
0.319084
1.475316
1.100596
5.742568
6.298461
7.448615
8.111833
4.905920
2.568879
-2.476586
-1.543182
-1.662613
7.644727
5.288020
13.404087
7.717488
1.160496
12.311254
-4.535832
-2.702925
13.844295
10.005368
12.550647
17.595840
17.937681
25.537251
6.444073
6.519076
-5.754905
13.973231
51.284801
103.801084
136.062453
129.444109
140.774606
113.874238
71.209127
56.089332
13.920050
4.058005
-3.234081
-12.723932
-10.116486
-14.303792
-9.576532
-22.068273
-15.130279
-12.517679
-6.295050
-6.012831
-7.437094
-10.061773
-16.800768
-11.337259
-11.732092
-9.477087
-11.449018
-9.274016
-4.124309
-0.867450
-1.257513
-3.903388
-2.136850
-1.622757
-0.579480
0.280749
1.608715
3.701934
1.931559
3.605875
5.630502
7.437595
7.527961
9.285444
4.807435
7.619370
10.951636
0.479547
3.539837
-5.941236
-4.595282
-10.362888
10.259621
-3.349591
6.919627
0.723087
2.959566
14.486209
10.129952
5.581606
8.133451
0.828537
18.078681
28.044955
75.190728
90.510626
120.519580
118.260399
107.624619
85.614099
75.265768
55.253003
20.542052
12.992879
-4.003070
-15.768649
-8.422789
-23.944997
-16.714550
-7.752588
-15.596457
-1.289450
-3.098886
-2.934489
-14.439984
-22.701771
-12.490372
-16.723799
-13.874159
-9.255301
-3.450626
-1.356276
-1.817046
-6.065363
-3.430083
-1.123039
-2.105642
-0.031091
0.193760
0.512526
-0.713872
-0.553157
2.463028
4.333186
2.012601
5.788010
3.516748
-0.356753
4.247613
0.829592
6.338193
6.819851
10.277629
19.360922
25.890967
19.778851
20.680166
1.339154
-2.787784
-2.872644
-5.183807
-3.070649
-0.794551
1.578399
-5.667044
-0.825539
31.100717
38.653534
86.034665
108.886577
141.572950
141.439893
113.767012
110.961050
71.276433
46.101509
18.891239
-3.265511
-0.817593
-3.190080
6.169059
6.025302
-5.156351
-4.991611
7.540803
-10.542687
-13.803364
-13.148523
-15.810912
-5.268087
-9.362212
-9.960480
-15.153406
-9.320441
-6.325819
-9.176906
-2.516452
-5.404289
-6.490178
-2.193781
-2.119618
-1.370653
-0.125431
0.701235
1.506557
3.095148
2.416359
3.050158
2.312047
7.460693
9.410382
5.347679
5.915457
5.290325
8.356222
14.678151
12.704723
21.741791
4.054617
18.923051
6.424188
16.788384
11.051869
11.461198
16.172796
19.036459
0.790039
7.993077
-6.471579
5.714639
8.232539
30.579562
68.026272
105.560044
140.465525
140.186823
129.974879
102.351251
80.387727
47.736933
20.480178
13.006083
-1.590539
-8.667321
-1.521812
2.992671
-16.733501
-5.642058
-1.336904
-9.039781
-3.078336
-4.707201
-2.761872
-8.724432
-6.629941
-2.178262
-4.329132
-5.965663
-10.758963
-14.197695
-8.612443
-6.489991
-3.259527
-0.188181
-0.112909
0.052968
0.326739
0.722266
1.794849
0.725759
2.003429
3.696059
2.854671
2.356368
2.612631
-0.364699
12.393078
9.769469
10.525119
-0.496594
19.831910
2.774271
4.706486
3.086425
3.246404
-2.728069
9.731698
-2.882073
3.710733
-5.381495
3.905830
-17.697946
-15.420113
-8.176510
6.531577
31.308848
73.763373
116.258649
131.331514
149.488992
108.989107
91.343209
68.724844
46.364445
36.185381
6.512826
-5.645078
-3.180652
-12.335320
-14.378214
-24.921583
-15.647259
-25.526101
-14.509904
-21.460252
-11.416242
-10.776218
-13.217012
-12.316297
-18.166988
-16.600868
-10.460201
-10.366505
-5.641142
-7.914474
-4.842379
-4.503574
-4.499730
-3.274952
-1.556969
-0.267917
0.818294
1.773711
1.716539
2.363542
1.330331
2.950992
5.844714
5.691011
9.285444
2.579685
5.236670
6.958584
6.138064
11.144890
7.007266
14.499059
13.413801
14.103549
4.713999
4.829680
0.725598
-1.459631
-1.508721
7.827931
17.552294
5.668366
3.283993
20.459553
32.959104
47.832598
95.587226
113.039812
102.760247
99.974982
80.307739
67.552928
50.104944
20.397680
8.100422
-18.458018
-15.620354
-33.581214
-30.479975
-23.022007
-22.494584
-9.431812
-1.287813
-12.341398
-6.412188
-14.290013
-17.854687
-26.587461
-19.002761
-5.453847
-6.903933
-1.541223
-2.126470
-3.837069
-9.960229
-7.426487
-4.351777
-1.577240
-0.182051
0.326739
1.169976
-0.427439
1.143807
3.676169
11.150981
11.465016
5.866227
10.440229
1.790985
1.950964
3.381419
10.489135
15.672862
10.402775
16.244705
20.702768
17.969003
11.128063
-4.766467
-0.707945
-5.084964
-0.753234
3.831693
6.275314
1.593935
23.368779
-5.743922
6.550328
43.506585
83.473682
116.149074
159.212598
139.205288
151.994719
121.470155
91.343209
53.665309
13.959936
6.500326
8.856359
-3.171223
-12.372927
-18.758366
-9.515406
-5.013576
-15.044116
-10.492543
-10.016179
2.965465
7.925477
1.040874
-1.948620
-8.543576
-2.871961
-11.434716
-13.249372
-6.445016
-8.546825
-5.247643
-3.274541
1.470328
-0.653467
-1.272749
-0.101878
0.783733
1.395317
1.502323
0.155665
-1.547122
0.236844
-2.961561
-0.600543
3.385498
0.378282
8.930433
13.731998
6.191719
2.052496
-1.084905
-13.417122
0.623495
0.652787
4.731351
11.131094
-3.583857
11.830914
7.638013
-20.288820
-11.161362
-4.048279
0.828537
5.766695
30.518525
80.147763
112.366956
132.985757
132.589966
115.418555
95.113083
77.436703
50.255863
27.848640
13.006083
3.211162
-1.559449
0.776649
0.754889
5.084178
-5.576223
-1.336904
-7.046161
-6.774458
0.592530
-12.583290
-5.624249
-9.474371
-6.041894
-5.430787
-9.019634
-1.537113
-3.712767
0.893829
-2.010601
0.141437
-1.077755
-0.434511
-0.061649
0.055928
1.376608
0.875044
0.729661
-1.312426
-0.223269
0.515776
-0.298751
-0.329739
-0.364699
3.131407
5.922214
3.675184
-1.967478
-0.531555
-2.240914
-4.129474
1.235066
1.295655
-2.724926
1.385760
1.430813
-7.439605
3.827791
-10.228552
-15.226618
-8.113795
-3.278083
-3.278083
48.618181
83.631776
116.258649
126.819415
118.749976
118.302285
96.054117
63.574879
28.753845
1.635880
-3.268654
-0.814415
-12.673789
-7.713985
-5.260686
-13.901917
-19.889733
-25.265335
-16.330352
-26.936389
-23.648406
-12.304122
-17.732665
-17.992859
-13.911024
-12.672870
-11.289051
-15.019869
-8.982686
-9.184760
-5.855081
-6.316334
-2.441022
-3.115198
-1.825362
-0.043858
0.993219
1.473705
3.554465
2.508788
5.520451
5.939870
0.277853
3.071720
0.346479
7.086328
9.039341
12.496083
14.806009
8.226182
12.052454
12.869262
4.338036
4.540477
-1.340177
2.780801
5.026337
9.636332
3.075433
-10.976877
-13.611794
-11.311256
3.287303
20.521427
40.210438
85.274360
113.039812
133.249617
108.267794
95.397569
70.304094
43.014421
30.610081
8.207767
0.823516
-1.592176
-3.904432
-6.116070
-14.845927
-18.746270
-11.903318
-9.397221
-14.800526
-4.917873
-9.872752
-4.378027
-5.578965
-26.264349
-14.941402
-16.971931
-21.259938
-11.493697
-10.021752
-2.427212
0.180772
-3.145822
-1.302928
-2.363041
-0.304124
1.204923
0.612531
1.246769
3.905288
2.072216
3.789125
8.537453
13.117631
10.540375
11.692055
12.693516
11.064982
10.579094
-1.973764
-0.533144
2.785976
6.508994
16.231353
26.787956
9.545603
7.678377
1.435473
-3.007790
6.119056
15.690201
25.662433
30.922319
21.214663
38.800646
56.089332
90.998843
121.584426
133.699178
126.224577
118.861899
91.429301
83.631776
51.284801
21.296023
1.609470
1.592381
-22.082647
-19.208724
-18.738786
-5.101438
-0.716685
-6.812452
-20.223181
-15.586283
-23.742374
-20.687441
-20.892036
-4.868277
2.220197
3.225162
4.024054
2.581379
0.567043
-0.993168
-5.789294
-4.670908
-3.132921
-2.368347
-0.777225
-0.078323
0.271850
0.784445
2.650088
1.127889
6.871014
3.855610
3.551922
4.991167
0.349827
3.790106
-3.298333
5.816138
4.814012
11.399008
7.157498
21.698671
15.427163
-3.234513
-5.405052
-16.070225
-1.423631
7.415065
9.979720
7.869217
-1.588903
-11.345847
-23.682493
-26.318400
15.740427
40.574150
110.546453
127.999348
132.326105
97.885672
70.374188
42.885764
13.138124
-1.628176
-13.779841
-11.184423
-3.896212
5.327108
-5.944899
-10.089041
-26.495008
-23.392813
-26.188449
-23.300574
-14.997016
-7.621550
0.514697
-9.260168
-14.883713
-13.470337
-13.786951
-16.663322
-9.802527
-9.537645
-5.617053
-1.494366
-1.256806
-0.507179
-0.036265
1.790333
2.854368
3.730442
2.167465
2.681964
3.218357
2.949254
1.517850
4.685227
11.717091
15.134096
18.901783
14.896729
21.897148
5.812523
9.585823
6.569183
3.133248
21.105786
15.706716
30.848812
23.283964
12.723485
8.529619
-3.168080
-5.623113
8.925146
21.316363
28.726460
53.716176
108.476458
136.704257
146.432560
136.575897
116.587372
105.991867
78.439543
43.921328
21.296023
-5.694500
-12.874363
-22.060718
-16.974175
-25.507346
-13.782843
1.393528
5.431522
-6.514554
10.556371
4.750238
-5.589503
-9.853393
-7.722111
-11.023967
-1.624898
-1.458322
6.491957
2.287615
-7.623144
-5.855081
-2.180189
-3.908682
-0.088195
-0.601080
0.050002
0.152282
-0.147272
1.139509
-0.784996
3.155791
0.966659
9.310925
1.244739
-1.705620
-1.874127
-9.456418
-10.214447
-11.048280
-7.264110
13.797824
4.112458
4.326467
4.563613
-19.548214
-5.576223
-22.995636
-17.055664
-13.037634
12.557142
8.009592
-4.044169
-13.821853
-11.495742
-6.563748
62.673408
95.302740
132.721896
125.630498
110.107776
85.189426
52.832519
35.323498
8.166481
-13.779841
-23.013361
-34.306511
-22.081356
-8.114859
-5.734227
-13.857297
-27.472528
-24.396704
-24.938162
-35.876145
-14.097195
-10.034595
-5.117071
-2.124833
-6.511815
-7.826655
-12.367706
-11.278356
-8.819594
-8.173798
-3.847509
-2.008778
-0.388426
-0.012330
0.899583
2.824635
2.299561
4.907158
9.157688
5.939292
2.940655
-0.305902
3.671520
5.123099
7.884208
17.708924
20.347821
26.253259
23.274327
21.378026
4.787740
5.006501
9.162465
21.831846
28.777002
10.169570
12.789960
10.760696
1.569078
-3.230938
4.038495
6.537827
6.556578
41.121687
83.789871
128.594897
131.331514
131.207850
116.258649
