36.963157
34.263675
24.107879
9.783427
-3.704491
-6.916790
2.317963
14.522851
27.612574
41.861541
53.120560
75.476236
98.042606
129.250618
165.453566
203.636227
253.270451
301.906138
363.190143
432.175646
514.542500
600.352789
676.026853
763.005621
853.992035
945.479143
1043.153040
1145.938971
1237.590561
1338.995544
1436.436269
1530.818615
1613.622428
1681.689528
1744.260981
1814.859627
1851.412441
1899.506201
1929.381644
1948.893958
2007.259369
2070.083253
2083.594930
2061.209201
2017.627455
1965.104319
1913.266743
1836.901559
1749.595166
1630.493767
1515.205497
1418.064529
1310.801197
1211.260159
1092.666877
988.753086
876.556748
762.410179
657.442670
551.935587
455.728823
357.410105
276.100077
206.565978
148.494029
97.351832
51.326303
20.489646
0.836542
-7.079444
-3.685532
0.364965
2.813227
1.186330
5.517644
2.390077
6.168363
13.517974
22.461216
36.601529
52.209094
82.761798
110.871953
147.112698
192.388941
246.481388
320.379439
375.177656
441.479814
515.700485
596.341677
670.497178
751.830347
843.869087
918.179498
1003.968816
1066.899608
1128.128541
1177.238071
1239.397771
1299.277309
1315.516316
1336.826826
1361.831748
1364.106903
1379.936853
1365.498940
1361.239864
1332.987061
1307.972109
1253.432363
1206.832407
1139.390535
1084.385824
1008.414270
932.802233
854.645126
770.117976
690.929543
607.684015
523.683646
443.048075
357.164070
297.082369
231.291753
165.849144
113.392277
70.205826
38.948801
16.032425
6.133947
1.871554
-0.545159
-1.924718
-3.354509
-4.235282
-7.022933
-6.705863
-6.376993
-8.115013
-12.538661
-8.956683
-10.865864
-13.083996
-16.737609
-12.341235
-14.739981
-14.384350
-15.395588
-25.269731
-20.546160
-21.428510
-22.210020
-27.161387
-17.232109
-17.819359
-20.637517
-18.847046
-28.898270
-36.518763
-22.185331
-32.135018
-29.723149
-27.428493
-27.403283
-22.432981
-34.890187
-22.329794
-27.201603
-31.866978
-24.413809
-28.925766
-26.092362
-25.739422
-22.946688
-17.984523
-24.075561
-23.319261
-20.425074
-15.672227
-18.751639
-24.884912
-21.889934
-18.944727
-17.487440
-12.176135
-13.537776
-8.992261
-11.905757
-8.573488
-8.661232
-7.231442
-2.948719
2.806955
4.191009
2.310835
-0.417357
-2.921935
-3.113897
-2.623086
-2.413457
1.799587
1.421713
2.418195
5.346530
1.986632
7.637021
3.606204
12.830000
9.546276
8.845569
16.043321
8.615540
14.446534
14.987114
7.864952
12.246634
6.347763
15.094539
8.959125
11.510735
11.814263
14.555999
14.695961
14.849918
17.428073
22.430055
7.542801
10.025243
20.001459
10.053298
17.460710
12.456343
14.779938
14.681964
14.514011
16.710063
14.080130
16.106281
13.534280
15.322997
14.898718
4.152154
13.789066
9.467755
14.260127
10.175203
11.080208
10.313242
6.724324
9.879565
14.641702
8.951059
12.771826
2.871035
7.121942
4.750127
3.469456
1.970491
0.921859
-0.302520
-1.842230
-3.217029
-4.973631
-3.963936
-6.554603
-8.386273
-7.161219
-8.848573
-11.795773
-10.797093
-10.566409
-15.342754
-13.547945
-10.265731
-19.027215
-15.354313
-14.277509
-24.153383
-21.378090
-24.251450
-25.076330
-27.935725
-26.643600
-12.090737
16.323314
112.004280
219.060645
311.468515
407.323760
503.003466
595.793189
670.252821
728.718710
799.097649
852.300919
886.316834
916.620010
930.184415
938.156973
946.216342
935.824503
933.233182
909.278050
869.946398
831.253088
787.102730
733.552269
671.389587
610.123213
538.162960
476.165018
400.186054
335.381712
271.827749
218.122102
165.690625
95.166689
34.766220
11.917399
1.907278
-0.009614
-1.377906
-0.658678
0.167766
1.383536
1.623554
2.281373
3.914545
4.846579
4.268827
5.662492
5.388519
5.962361
9.873417
8.387668
12.923140
8.243734
7.424774
12.806153
10.301169
12.646776
9.456080
13.772747
14.262300
16.776620
15.159813
20.103199
-4.544476
-39.925788
-53.065443
-46.216789
-54.034908
-46.965774
-32.203538
-19.810147
-14.826624
-14.909842
-2.421495
14.989880
9.950427
7.430327
9.810149
12.141140
16.612152
18.733892
20.669191
15.763594
10.973723
12.736499
14.311255
13.756429
13.217921
8.942417
13.589062
14.254614
13.206481
10.755677
8.616126
10.187857
7.885011
10.981277
6.330726
5.261630
4.213496
2.300897
2.253434
0.837875
-0.348679
-2.174102
-2.559052
-3.874116
-5.520993
-7.258938
-8.441264
-7.264406
-9.756275
-11.878261
-13.060588
-11.828663
-12.860232
-14.924327
-19.120187
-20.728427
3.350980
10.623193
37.167673
79.619277
122.944359
166.557591
211.884960
257.176702
321.961965
378.679417
440.054102
499.419403
541.109161
597.439808
634.200426
676.485003
720.090847
742.517695
772.753990
789.139374
799.160023
826.456881
809.027797
806.266674
794.814022
781.015971
751.927969
725.035410
691.990533
659.742088
613.774344
555.054689
511.073521
457.619179
398.666920
338.507662
281.759335
226.949961
178.066204
127.844720
83.700590
49.233741
17.428065
3.522858
-0.012922
-2.393731
-1.103337
-0.496046
0.209942
0.758821
2.724338
1.914564
2.498273
3.035285
7.101906
6.468319
4.482883
8.972022
5.463513
9.599955
5.227715
9.627868
10.394834
16.043321
22.386074
27.009271
45.082558
68.487470
101.650163
127.685582
160.984562
208.957876
252.179826
294.398595
345.750166
406.747420
446.017734
495.617473
535.280167
571.194896
604.741215
613.593005
657.259000
664.104250
677.061784
681.780051
687.004306
670.158798
671.286382
653.130603
636.226448
605.983736
577.895078
546.453717
497.191585
422.431924
359.856591
303.822305
264.366199
218.565543
180.270002
141.456537
101.335746
68.023396
37.441555
18.465510
9.196441
8.273651
4.656987
2.997662
2.253434
0.768403
-0.366780
-0.964534
-1.943902
-4.674316
-5.495783
-7.922071
-7.789894
-7.161219
-12.538661
-12.776573
-14.086991
-13.109206
-15.452738
-14.999957
-19.179751
-20.877338
-25.594053
-17.880536
-22.436716
-21.478930
-26.476396
-23.041951
-30.176163
-17.856062
-29.841787
-28.320855
-26.621773
-31.807414
-31.956325
-34.729846
-24.826437
-22.432981
-32.313712
-22.432981
-24.849361
-27.277233
-12.355078
-22.102781
-36.450054
-24.092877
-28.430838
-21.070905
-29.871569
-24.705812
-2.242713
23.178948
48.667051
74.570890
92.142146
88.996943
89.010915
72.414180
52.468526
36.258253
19.718700
1.087448
-0.026594
-5.912033
-3.551367
-4.144849
-4.251329
-1.325786
-1.688343
-0.594416
0.314440
0.617226
2.162320
2.295369
2.939192
4.226471
4.198846
4.856665
2.685322
3.001655
3.275811
8.403987
6.514189
8.285723
11.967322
9.699334
17.230853
21.784763
26.384479
35.373571
52.944995
86.316494
114.148779
151.177690
188.575919
233.406914
267.620909
307.874006
353.518926
405.454963
434.893072
466.446682
499.962298
512.875854
540.763083
550.127928
567.279079
564.074113
565.206800
567.277416
563.626088
550.138028
533.417285
504.783617
468.531318
446.572333
416.930554
363.950018
324.508244
285.396133
236.774168
196.135936
149.736009
104.547751
67.852442
35.773183
21.636872
12.632243
7.733376
6.954367
3.653575
3.938015
1.802789
0.698230
-0.573094
-1.941171
-4.397367
-5.515728
-6.611653
-7.951853
-9.113360
-9.568599
-11.495938
-13.789320
-16.318356
-11.874510
1.252011
20.366769
25.066140
28.679648
25.706627
17.920167
20.494806
7.765348
20.222885
25.017464
40.988967
64.513772
96.339525
122.144208
161.683452
204.452129
243.236079
265.342444
300.345561
326.670086
351.289831
386.530708
397.904405
422.000376
422.528898
439.844497
433.311030
437.726216
438.253051
420.204929
411.612619
395.213092
364.260362
339.754772
300.385042
267.955786
232.404194
194.070290
156.436214
121.243985
77.385000
44.173038
13.420711
-1.141318
-7.891168
-5.070694
-7.865524
-4.716349
-3.835475
-2.025522
-0.874651
-0.825255
0.186787
0.617226
2.218242
2.309365
3.492142
3.625004
6.414576
7.253083
4.459534
7.885011
6.592188
2.424444
7.795857
6.911111
8.901553
11.324984
12.075631
10.861015
11.350880
11.784761
20.281179
35.783651
43.157996
64.507549
89.540002
120.389492
153.737108
192.506408
218.106507
257.753390
283.590226
313.141812
338.305031
354.546241
372.775183
386.958577
399.205277
409.584974
401.998106
402.215547
403.122526
387.855834
379.771328
345.157839
334.388620
308.241209
279.815672
248.840464
210.499223
172.775179
133.802265
102.728534
66.481121
37.097732
18.145763
14.339188
10.626990
8.173013
4.846571
6.145729
4.447423
2.808998
1.816225
0.419253
-0.568898
-2.442142
-3.656965
-4.949276
-6.241586
-6.857123
-10.261820
-7.408869
-13.673064
-12.070733
-15.553070
-14.462883
-14.394917
-19.433321
-18.037360
-16.298797
-24.339753
-18.155622
-20.848680
-25.761623
-14.362384
-14.796147
-2.228623
15.558159
36.881271
58.861321
91.933146
119.795986
145.470999
198.552738
206.570087
229.396886
256.832901
272.047185
281.258386
296.196107
309.133887
363.996951
388.875144
389.351626
390.235158
367.834065
335.049778
317.449985
268.482494
239.160023
205.907792
174.724709
142.247772
110.509355
70.431485
42.486286
11.610589
-0.036645
-6.148806
-6.655286
-6.875951
-7.553331
-5.688982
-5.891408
-3.277323
-1.677992
-1.461943
-0.763588
0.277413
0.909750
1.651546
0.398360
2.428228
4.846579
2.842979
4.828673
6.315229
4.973198
12.035386
10.837699
10.364223
8.285723
1.526650
11.439213
13.812750
7.266431
15.098958
11.798757
18.363297
21.003012
23.865914
46.924409
55.125702
80.281039
108.533865
136.089157
164.208799
197.915850
213.154067
241.085234
267.915379
272.875435
292.441890
309.205625
317.300138
329.860329
336.227537
322.437573
324.881887
307.202108
294.528834
281.827631
253.276922
233.588192
210.164433
177.136668
141.238157
107.987141
76.848756
42.050379
23.224011
15.975493
15.791258
9.957267
8.720470
9.914860
5.480362
4.548328
2.673265
4.299693
1.862795
0.563359
-0.680670
-1.902672
-3.302512
-4.080430
-4.184154
-7.506401
-8.661232
-8.275479
-8.213732
-10.109380
-11.095102
-13.260466
-10.423683
-12.403148
-14.900447
-21.056031
-24.147344
-19.865489
-20.697420
-15.763985
-22.436911
-12.676735
-19.564366
-13.489699
4.559678
18.864928
48.445824
78.503347
101.069647
126.902341
151.938040
177.181406
196.972589
206.759775
223.380151
233.526136
248.843721
255.286351
243.408271
252.702138
247.204661
238.486444
223.024073
218.146807
196.640354
173.721301
142.371331
125.629499
91.582352
60.191595
21.768717
4.648485
-5.791108
-11.928485
-6.079848
-12.100806
-6.731363
-9.126024
-4.835657
-5.241929
-4.561829
-3.278098
-2.591053
-0.568898
0.084738
-2.963233
-6.513239
-8.572110
-10.064445
-11.499125
-7.848047
-4.030127
0.024476
3.029774
4.432803
4.834935
9.187271
5.536328
5.985219
6.518278
13.775469
14.502456
9.432732
19.652486
14.294937
14.719216
15.192450
22.400108
34.581638
47.343578
75.220466
102.864127
120.111061
155.433954
175.657834
200.765076
215.833711
230.282138
243.342118
252.087206
262.949848
270.972616
274.016445
268.730396
260.866872
260.145591
244.558271
229.676204
207.827645
187.943146
161.491900
135.458016
107.394867
74.366665
43.395555
31.112823
12.954929
13.225844
10.921550
7.734931
10.575775
8.196298
6.915626
6.171336
5.250686
2.704184
1.816225
0.398291
-0.710637
-2.309662
-2.744790
-5.360800
-5.226618
-7.616385
-8.661232
-9.871055
-11.793760
-13.044613
-16.627546
-14.407891
-16.975867
-19.305048
-16.411718
-19.494647
-24.147344
-19.890699
-18.774563
-11.794875
-20.447998
-21.135711
-21.708805
-17.947820
-11.585041
9.363829
26.540397
41.595823
68.937732
89.147151
106.887240
134.124423
152.216825
159.413450
186.481829
191.280424
202.018946
213.744710
209.125290
202.148444
204.015085
193.481624
190.825994
170.211010
154.303587
131.477797
107.539718
85.851080
52.118972
26.528144
8.321761
-6.279071
-10.169339
-11.969760
-13.361306
-11.072178
-6.811690
-7.429506
-4.175055
-4.624592
-2.783370
-2.281274
-1.614937
-0.498025
0.440216
0.979731
0.864645
0.781471
3.541097
4.275426
5.722691
7.378859
5.402515
7.049558
3.339078
9.693158
11.739094
9.709460
12.041885
13.011201
12.091950
14.521096
18.907368
13.772747
20.420889
16.888464
10.903678
-17.829132
-34.491013
-28.303098
-4.778114
14.723953
54.117755
91.744166
111.879803
151.777202
160.819156
183.420980
207.808097
209.096629
218.313243
236.804281
227.299006
240.177332
231.049812
216.240544
209.428207
198.259848
179.885194
161.340707
135.413891
106.698285
79.833136
50.756723
33.205614
21.759052
12.933966
18.501709
13.187710
8.779764
11.506824
7.336934
7.477304
5.634955
2.645273
3.686652
1.593163
0.210135
-0.893467
-1.317355
-3.403352
-4.103354
-6.351570
-6.281111
-5.108767
-8.298403
-10.159635
-11.117615
-13.390540
-19.382920
-18.246798
-16.690057
-16.436928
-19.494647
-20.759461
-25.301799
-20.823470
-27.610708
-26.595525
-31.606079
-28.293112
-24.705812
-16.242025
-11.906847
4.776161
19.539326
39.437399
64.602663
87.068623
107.181966
127.251935
142.100559
154.571419
161.014237
175.883374
176.551722
184.974209
168.766016
177.740494
175.169512
158.312551
141.517504
128.753294
103.449991
87.435334
50.648963
35.480397
10.541266
-3.374016
-9.383539
-11.561479
-12.031673
-9.689620
-9.926646
-9.696752
-9.050394
-4.188834
-6.252083
-3.180931
-2.168816
-1.333420
-0.358256
0.303529
1.416692
1.791508
3.187558
4.045029
4.977064
2.908443
7.336934
4.576276
6.074330
8.872968
6.047222
6.537537
6.957807
9.041515
13.067123
15.554300
12.728368
13.250558
11.910726
12.302618
16.907105
2.225569
22.446678
23.168511
30.674972
50.879536
66.150895
80.989699
111.252439
121.704952
144.046566
161.272168
168.554436
190.854252
185.550388
203.792765
215.043272
207.960060
210.750584
207.684377
190.290246
184.771606
167.256688
146.596548
136.356524
108.648455
86.889828
53.924806
38.772456
26.387538
18.656695
-5.701280
-26.158280
-20.258494
-18.524304
-15.207488
-10.453347
-1.328526
-1.099470
0.880332
1.206396
1.021719
0.244776
-0.568898
-0.588251
-2.459108
-5.031764
-5.848723
-6.212340
-8.092414
-10.721600
-10.970894
-12.153221
-11.118026
-13.361306
-13.020698
-19.337116
-21.132935
-21.234725
-20.841949
-19.966329
-18.957953
-23.481563
-24.581402
-19.048429
-32.877193
-24.731022
-23.175926
-21.421743
7.217385
9.763449
39.400883
61.944261
67.151764
94.797918
114.769645
129.629699
131.760376
139.094416
150.544113
152.162881
153.754522
161.377233
149.435574
144.653913
137.517769
121.045133
104.737350
82.147658
66.937983
38.811452
12.911996
-5.328863
-6.693379
-15.565236
-8.611912
-13.227012
-10.814059
-6.545053
-6.715298
-5.735314
-4.147497
-3.430986
-3.541850
-3.504192
-1.317355
-0.664789
0.326877
1.191245
1.805504
0.823840
2.579992
3.140353
3.654016
3.310575
7.269869
6.060334
8.928890
7.278000
10.513348
6.992830
12.079166
6.593093
13.887313
10.903003
13.315831
7.967823
12.302618
12.736499
8.706624
13.506288
20.815930
28.431909
36.466005
56.413991
78.909247
91.744166
106.810542
126.788145
149.290053
163.752350
173.672463
184.679259
183.633905
185.551628
194.013285
189.570180
191.921628
180.285984
171.089653
153.400100
133.954770
115.131922
96.359396
60.234013
40.716194
29.892199
18.206722
13.919212
11.501305
9.187271
4.797527
9.747641
7.605401
8.126443
7.528518
3.867466
4.307713
3.175293
2.117602
0.356365
-0.907560
-2.364654
-4.050382
-5.086755
-7.471887
-7.671377
-9.589876
-10.008535
-11.080878
-12.125725
-15.713411
-18.242204
-13.158241
15.226863
25.609369
31.142940
26.014696
30.886451
5.627114
5.885363
-2.101810
-8.516335
-19.708829
-18.076281
-18.571773
-7.190505
7.210589
24.440736
34.403274
54.653533
67.151764
84.734233
92.385861
99.882156
132.123685
124.298682
150.544113
137.558875
151.029452
141.830853
134.936920
133.243696
121.224390
105.561081
87.088467
69.350162
44.657160
21.347711
3.675705
-14.075642
-16.596806
-10.876213
-12.919086
-9.221486
-13.159626
-9.782183
-12.389405
-6.478099
-4.723200
-5.593399
-3.052408
-2.152751
-1.060988
-0.344476
0.559221
0.933934
2.746110
1.636583
5.215826
4.405974
4.380796
5.760403
9.986810
8.071418
10.062081
7.361976
10.494708
9.807371
9.083503
8.218618
10.483119
14.595659
9.572822
7.949120
10.308295
12.722503
13.128391
22.539818
16.204192
35.698300
46.128599
63.703225
78.760502
91.658182
107.010374
129.152157
133.740477
155.873033
158.792294
175.657834
176.458457
187.992332
184.139247
187.171277
165.216500
166.757424
152.223891
148.955280
120.476634
102.464412
70.520946
46.421644
31.513337
24.625514
16.578874
10.851750
11.426742
11.864870
8.420305
8.686561
3.787522
7.211158
6.079174
3.275100
4.711726
3.200900
1.629946
0.195821
-0.983190
-2.040215
-3.554612
-5.964683
-5.455856
-8.979092
-9.738787
-10.063527
-8.378832
-13.431782
-12.403326
-8.594939
-9.205421
-18.107591
-12.112026
-16.436339
-20.924437
-18.224393
-17.129139
-29.716585
-22.689011
-23.294051
-21.938043
-24.756232
-20.905805
-16.707919
-2.493991
7.292141
29.588489
52.214043
59.737709
64.899551
89.722825
92.216811
104.687670
104.111936
120.915574
120.355780
129.217207
129.805790
156.705477
177.158398
183.560727
148.259369
132.841240
110.024841
64.907795
48.470670
20.344293
5.192168
-1.702583
-9.300865
-2.892014
-5.247904
-7.165111
-8.680285
-5.704531
-6.496450
-4.787461
-4.551185
-3.116669
-1.551568
-1.468124
-0.369502
0.456916
1.491255
1.197044
3.355324
5.215826
4.389655
5.909098
3.301223
4.622973
5.124962
6.718153
9.767721
9.252545
8.411688
13.604772
6.611797
8.685585
14.577018
13.266876
15.863226
10.308295
14.817126
10.997071
15.747276
16.204192
21.444810
33.908942
53.913151
59.198755
91.572199
99.735136
126.669652
131.634353
141.166782
160.819156
158.494930
166.816762
178.229821
166.704393
177.576262
160.182004
155.648150
140.724527
128.819941
101.233127
89.824768
58.238790
40.576674
22.175772
17.463702
16.415880
15.391343
9.954237
13.062849
11.968457
8.611998
9.360544
8.010018
5.995323
4.863339
4.214573
2.557446
1.583376
0.307286
-0.983190
-3.334302
-2.569218
-6.028819
-5.949563
-7.753865
-5.189094
-9.176444
-11.080878
-11.193245
-8.992261
-12.172519
-13.158241
-16.800041
-16.689028
-14.838375
-20.924437
-18.270240
-26.648663
-21.831870
-22.613381
-21.044016
-10.964413
-27.028544
-18.608476
-16.707919
2.361697
7.292141
22.112957
44.621917
54.703766
72.329609
92.385861
89.722825
104.495759
114.349243
113.613540
123.270476
124.338658
118.116603
113.949850
104.870443
96.531436
76.113243
60.688226
46.214384
22.175530
7.719937
-11.147259
-14.057290
-18.201629
-18.532287
-14.281505
-15.727698
-16.707525
-11.949546
-8.482020
-8.823504
-6.088068
-5.524627
-3.468444
-2.957166
-0.498283
0.638872
-1.581758
-4.481101
-6.428690
-7.512423
-7.300552
-3.758667
1.492328
0.022701
-4.584413
2.061954
7.849160
6.163964
10.569270
5.620495
10.623292
6.611797
17.440417
10.930995
13.364787
15.863226
16.441087
17.000308
19.683945
22.586388
25.530382
28.599484
41.358784
56.146626
66.590227
89.350275
96.971460
107.210207
126.551159
149.150660
144.181315
152.679631
159.460121
155.818655
159.305891
155.534020
146.197948
141.290262
132.053915
102.179987
99.294150
68.948617
48.262887
30.853694
23.928898
17.533557
21.266770
12.246932
9.921600
10.364223
15.337486
7.506474
6.494731
8.629628
6.682777
4.842376
4.144719
3.098472
1.664468
0.232849
-0.871103
-1.960564
-3.554612
-5.251731
-4.911729
-7.781361
-9.857916
-8.504717
-11.300846
-11.394925
-11.324340
-13.588196
-11.928485
-18.345849
-15.244303
-19.797102
-22.723836
-20.092379
-24.897938
-21.831870
-20.608464
-21.273254
-19.750104
-18.131335
-18.645179
-16.788245
-12.228654
12.221165
24.714327
34.818541
59.902124
57.298218
79.745951
87.388435
101.912675
96.759607
103.824069
103.056423
106.962001
106.057247
99.314151
93.485311
82.074591
69.321146
56.349198
37.636902
20.154488
-1.986738
-7.411513
-12.241764
-16.482187
-13.868412
-14.189810
-13.020698
-9.524456
-11.823496
-5.676972
-7.954546
-4.723200
-4.386021
-3.859216
-2.620965
-1.302960
-0.305241
0.670805
1.338110
0.956031
3.392605
3.219115
3.820950
7.381325
5.874631
7.400353
7.212742
6.788134
4.928454
9.285181
8.439680
10.655929
11.553442
10.483119
16.371844
13.348468
17.860193
16.441087
16.944386
10.962049
24.659737
23.121942
28.431909
38.781121
46.614628
24.635462
12.444669
7.514683
37.338398
54.731567
57.323031
79.578599
91.658182
120.566458
126.977471
126.010944
146.392016
122.507284
129.714044
120.428809
106.396833
94.877406
72.879778
52.159282
30.779258
21.980267
17.277423
17.950650
12.228292
9.872645
11.613318
10.565185
11.497635
11.919072
5.401397
5.126189
5.192541
3.958439
3.388163
1.043879
-0.029782
-1.235291
-2.063752
-3.831922
-5.042002
-6.176453
-7.918841
-6.934206
-12.025570
-13.308297
-13.699822
-12.579796
-13.815087
-18.759889
-14.235658
-18.669767
-18.478939
-21.144405
-20.344480
-26.969344
-24.058978
-26.952911
-23.470521
-26.478624
-27.248512
-23.382240
-21.545568
-9.832914
-0.067296
19.758050
29.834832
39.948625
55.055397
72.462081
77.322464
87.468387
91.963236
101.444326
107.766226
119.348150
101.137310
101.975143
95.824142
84.694083
67.014666
56.349198
41.916368
16.130880
-0.052813
-12.980768
-12.257829
-9.920923
-18.477295
-11.433018
-9.173290
-11.966205
-9.761546
-9.444591
-6.478099
-4.755331
-6.709018
-2.604242
-1.505596
-1.413070
-0.289176
0.326877
1.161681
1.552665
3.318043
1.567609
4.487566
6.603240
5.809358
2.769677
8.164622
6.760142
7.375973
11.822945
9.856326
10.655929
14.820606
12.222497
10.930995
9.572822
19.815481
10.308295
19.180841
10.962049
18.081468
13.926172
21.381922
24.262903
29.297714
64.065862
61.778916
74.260613
96.971460
108.884092
126.432665
121.135705
130.156698
149.368040
145.805224
149.078696
159.695002
145.621799
142.885088
129.115959
108.270729
98.759736
72.717100
56.037100
38.507350
25.635290
20.835171
19.578358
12.228292
1.440776
-23.121567
-24.545907
-20.046367
-13.838128
-9.341691
-8.495227
-3.106795
1.216127
1.342530
1.194872
0.074563
-1.347303
-2.269453
-3.438565
-4.044953
-6.100823
-7.361323
-8.319304
-8.481793
-10.310895
-16.634869
-9.102371
-16.112182
-14.546177
-14.121039
-13.765224
-19.852094
-22.842965
-20.218430
-26.873140
-21.957920
-18.615041
-19.172254
-30.817527
-29.454618
-25.689002
-14.330222
-14.674698
-0.066922
9.854272
19.885639
37.413240
62.458084
54.954931
82.466389
87.388435
101.819005
106.199547
107.866754
106.861473
110.670729
101.582175
95.636803
84.355983
64.778716
51.955365
35.503898
18.133445
-7.798201
-12.948637
-17.490832
-14.797100
-12.295541
-14.143963
-12.997774
-13.033576
-10.728322
-11.273350
-7.140581
-5.377005
-4.312615
-3.376686
-2.312296
-1.739491
-0.289176
0.489865
1.621740
1.576013
3.035226
3.704281
4.520203
5.946380
5.024619
6.478413
7.180105
10.187857
9.842284
11.906796
5.639199
10.639610
14.862532
10.469122
7.322542
13.381105
5.975192
14.458121
6.425089
10.973723
6.818748
11.639151
23.867059
29.130138
46.393706
56.681355
61.953268
89.517597
94.575247
111.775243
134.116857
133.740477
147.338549
146.920370
152.945840
149.654845
150.311366
142.849131
133.805650
122.323606
112.805902
88.126663
74.793207
50.039178
26.742787
21.952338
10.385145
14.694830
13.709585
12.598564
11.592356
9.357626
10.571361
8.217366
7.777169
6.519782
6.311995
3.605579
2.677768
2.019553
0.121006
-0.928688
-2.829311
-3.705872
-4.890742
-3.919935
-8.636845
-8.369724
-12.917267
-14.119672
-13.610476
-15.969957
-14.820331
-15.865178
-21.196685
-21.549821
-16.550958
8.696922
32.829569
40.131454
35.911193
33.083596
27.670590
15.350929
6.775643
-7.059013
2.326116
-9.805294
4.870873
17.231936
39.693012
44.827358
67.398419
67.275091
82.164866
97.205093
97.026898
106.690757
110.319593
109.497080
103.448772
94.673297
93.119777
77.588908
64.778716
56.349198
27.196067
-0.055061
-9.688680
-11.078364
-10.472085
-11.550955
-19.864743
-12.774623
-10.368628
-12.957946
-7.518563
-8.337557
-3.965118
-0.676336
-4.891092
-2.939951
-1.708603
-1.124571
-0.240980
0.571145
2.049074
1.599362
2.603284
3.219115
4.536521
3.759084
3.347982
7.493557
6.200296
7.914434
11.194065
9.301500
11.240335
13.814398
6.630501
12.287771
10.986980
7.687266
15.919148
14.458121
19.096991
19.746833
13.548276
13.954164
28.431909
34.006662
49.017810
58.975574
84.152860
86.951432
111.879803
114.364629
121.477253
136.216014
139.974942
151.959444
143.513203
144.550686
150.311366
147.530532
133.670901
117.674650
103.744844
88.031391
59.789129
43.887556
28.719160
9.175900
15.554300
13.048482
9.083503
15.389930
9.007768
9.357626
8.406951
12.768785
3.864151
7.067588
4.674675
4.636244
2.944828
1.591963
0.116425
-0.862523
-2.694606
-3.831922
-4.086228
-6.075613
-7.918841
-8.369724
-9.453754
-13.308297
-11.520975
-13.775484
-13.689036
-14.697437
-17.020009
-16.915918
-20.072062
-19.386499
-12.852245
-21.151200
-25.910534
-26.982694
-23.495731
-22.121433
-31.843709
-30.348085
-24.001182
-9.805294
9.790696
14.787812
29.807460
42.371865
64.840173
64.899551
77.251655
89.805064
96.670509
96.581412
95.690440
111.721733
148.620915
163.831415
151.507861
130.638736
111.503229
86.540166
56.360617
22.050103
-0.052501
-3.721614
-12.209633
-8.263536
-12.222135
-11.304557
-10.313573
-9.506105
-7.486433
-10.134425
-5.510400
-5.285248
-5.899143
-3.339983
-1.667266
-1.320801
-0.137917
0.636418
0.832320
2.251942
2.603284
3.261104
3.245420
5.205576
5.038615
4.739714
5.195007
6.816126
8.714037
9.334137
8.453676
16.849540
11.651352
12.271452
11.014972
7.687266
7.967823
10.331643
14.849763
15.388271
15.861505
20.857855
19.088065
26.733921
34.267249
59.366140
79.281109
96.971460
104.425631
114.257747
121.363403
133.740477
135.065972
134.682626
138.518249
132.638107
133.356966
129.315766
122.399014
110.661565
90.603737
77.303046
54.093345
37.821917
21.074729
18.162250
17.184283
11.357621
12.097807
8.355703
6.420795
7.026069
9.454163
8.196403
7.660744
5.785696
4.716600
3.563654
2.561343
1.280671
0.023285
-0.787200
-2.361148
-4.151892
-5.986227
-6.151243
-8.028825
-7.702385
-9.428544
-8.502657
-11.647025
-13.720492
-12.470528
-11.990398
-14.212734
-17.016758
-21.651676
-17.605451
-16.551289
-17.273602
-24.003986
-20.837702
-23.495731
-19.894567
-22.740374
-16.386613
-14.412896
-9.823707
2.388383
12.346219
32.237868
47.278280
54.753999
64.721418
79.819046
84.345900
91.794186
86.189142
95.779537
94.621273
91.238655
89.589241
81.551879
63.885709
55.435831
40.902218
24.880607
3.955329
-11.560631
-16.530651
-15.643238
-14.632000
-15.290151
-12.609523
-12.906079
-11.782815
-7.438237
-6.442188
-7.037393
-6.602044
-4.808542
-3.776666
-0.851234
-0.950755
-0.208849
0.775619
2.072359
3.533794
1.328602
-9.104499
-16.767003
-17.813988
-18.368807
-16.777744
-10.305489
-9.053422
-6.212631
4.035012
1.445546
7.658258
13.309452
5.286288
12.891552
13.462697
11.952715
14.441802
8.519586
15.371952
13.590264
20.899780
19.125346
38.892775
39.153301
59.198755
64.368059
79.355482
94.486942
104.328038
104.328038
115.975815
115.320585
127.339918
143.513203
144.550686
123.836259
123.876669
126.632336
112.686466
99.123414
75.157271
57.859444
39.949051
24.866693
21.812692
15.491412
9.713330
12.079166
7.004504
6.420795
7.012073
8.406951
9.034555
6.151427
6.380072
4.100951
4.122760
2.960493
1.210817
-0.082488
-1.011238
-1.702922
-3.756292
-5.554187
-5.685094
-8.056321
-8.445354
-12.025570
-8.543932
-13.699822
-12.579796
-11.288722
-15.947666
-14.258582
-15.496465
-21.711240
-17.651299
-20.193219
-17.314877
-16.094313
-20.723083
-19.254804
-22.098509
-22.763298
-25.789842
-21.607481
-14.660919
-9.888155
2.401726
24.782724
34.850485
44.950623
59.737709
74.963236
74.757669
84.112900
96.314120
100.320290
89.934635
86.597740
87.145309
85.961958
70.666501
60.060439
40.988967
22.903008
1.956962
-9.677187
-12.916506
-24.275617
-6.582897
-9.135516
-14.052268
-11.577647
-10.587046
-6.379704
-8.275644
-7.771156
-5.881692
-5.249542
-3.735391
-2.476502
-1.174499
-0.124012
0.601835
1.097372
2.997662
3.084182
4.417843
3.960911
3.794106
5.122592
7.512198
5.253378
8.028663
6.269031
8.019796
8.537653
10.802795
11.635034
12.304089
16.560508
15.378568
17.965007
12.442580
12.792484
17.559529
22.609673
16.302102
26.298598
34.071809
41.635563
41.912343
-4.892642
7.507653
22.388130
37.268606
69.574518
91.830149
100.702576
132.234955
133.404802
137.193983
128.596612
117.333331
122.029601
112.570294
92.714346
83.467958
66.117173
43.682952
28.544682
18.069110
17.160998
11.324984
12.023244
9.693142
5.068733
11.619183
9.370313
6.266274
6.875755
3.806954
5.684799
4.664174
2.468203
1.480247
0.000000
-1.436971
-2.146302
-3.530260
-4.653524
-6.277293
-7.487374
-10.903183
-11.257680
-8.605845
-15.734331
-13.775484
-18.654457
-17.363036
-18.554325
-16.966338
-18.453729
-26.418559
-22.134260
-19.301810
-25.970098
-20.791855
-30.015822
-24.302451
-31.907845
-23.405164
-16.836441
-2.503384
-4.963697
22.195009
24.828323
49.769980
59.902124
59.847319
84.889566
84.889566
89.311629
98.602787
93.322126
99.664601
100.945398
84.870720
83.801612
70.737309
60.060439
55.992933
31.114946
3.946309
-0.052127
-10.968131
-15.478138
-16.321720
-12.130377
-12.588886
-6.390161
-10.525134
-10.476160
-9.957955
-6.975481
-3.913253
-3.711086
-2.022785
-2.165483
-1.012114
-0.206375
0.977967
0.897783
2.591056
3.597653
2.766779
6.543067
6.058224
5.939905
6.625279
3.135218
10.334595
8.746674
8.047788
4.288079
15.437913
10.035242
7.088744
14.763425
11.518834
13.903295
12.428584
10.693543
15.388271
6.867956
18.696611
31.128743
29.046351
44.039049
66.464704
74.260613
92.002115
96.880833
106.810542
121.818801
126.551159
140.239795
137.129992
140.947341
149.510808
140.086431
140.229499
126.248989
114.227825
97.126655
87.650303
67.951584
47.537549
24.806190
14.502456
18.923724
12.992560
13.583809
13.854537
12.620435
12.701173
8.295106
-8.021912
-14.186660
-13.100891
-8.889700
-5.667374
-3.102867
-0.206151
0.006671
-0.524790
-0.985133
-2.177091
-5.581683
-4.032392
-7.487374
-7.702385
-6.936887
-12.448969
-4.225943
-12.680636
-11.329997
-17.422600
-14.281505
-14.012874
-20.099558
-21.171901
-22.161756
-25.017067
-8.046786
-20.746007
-23.546151
-24.327661
-22.786222
-9.418606
-14.399117
-17.157747
-0.067296
19.776277
24.851122
49.861301
49.906961
72.594553
74.826192
97.294190
89.393868
93.669371
95.512245
95.066759
103.252288
91.770161
85.877433
75.079089
57.714880
34.471208
14.490129
1.950290
-15.433657
-21.969284
-15.540051
-14.673275
-13.662036
-15.453737
-11.577647
-12.907526
-6.352146
-7.358973
-3.130328
-4.530416
-4.275912
-2.057264
-2.220538
-0.287348
-0.144588
0.478641
1.770865
1.987454
3.579012
4.380562
5.869547
6.039583
3.394742
3.759466
7.326971
9.171219
8.795629
9.285181
9.937918
10.868068
8.382056
14.148283
11.014972
15.415849
17.965007
14.507076
19.180841
15.420908
15.894142
20.962668
28.683271
41.279704
46.614628
61.546446
74.121157
91.916132
104.328038
123.374255
125.721703
133.489556
139.974942
141.755835
145.526438
139.465104
142.877969
128.293507
126.121206
105.710536
89.936833
72.537395
55.606919
37.645179
19.047078
12.630458
15.386598
11.210755
8.943542
9.562595
8.762992
11.456188
11.241563
7.861001
7.404610
6.123938
4.866552
