631.366763
788.867289
930.300054
1007.478147
1070.565168
1115.099827
1129.599409
1102.681183
1046.028937
1000.263334
908.845401
819.230059
709.941184
601.119242
489.993208
360.369162
246.673005
145.293411
58.055274
-15.402553
-80.557976
-120.284431
-135.029895
-118.488013
-94.746345
-67.169931
-38.688141
-27.883748
1.510002
18.999720
35.581455
47.816459
85.976217
91.297221
131.554487
147.742577
177.162924
221.699344
245.549997
267.452192
325.031948
323.838870
370.505557
416.746961
424.582026
459.364266
458.461215
503.933511
544.226452
561.124938
593.479851
622.649814
663.644049
752.638883
935.959929
1154.708011
1490.714387
1889.260324
2313.249023
2860.582081
3508.571763
4270.476509
4792.995053
4826.354822
4726.402832
4542.204126
4222.802467
3972.946169
3677.924720
3340.337441
3075.064266
2803.898550
2490.382470
2190.168974
1908.051595
1645.717679
1375.234564
1078.736518
822.789907
511.305160
252.302040
5.862696
-279.102160
-524.496994
-762.232026
-990.345265
-1219.961877
-1471.964938
-1688.499745
-1779.358876
-1811.027984
-1735.926413
-1630.901981
-1471.496123
-1341.060110
-1174.845533
-1013.993623
-845.218833
-663.991477
-481.673113
-286.094895
-112.906819
35.970291
156.674469
295.553950
415.197452
541.782485
651.596342
762.215848
866.446733
969.359400
1077.749703
1205.325867
1313.600914
1387.636534
1483.838434
1557.411836
1612.540767
1658.464587
1703.997995
1744.283784
1765.708481
1773.019402
1751.149535
1715.131771
1675.271375
1606.664855
1527.694996
1423.760213
1317.425415
1207.226337
1086.918424
932.490724
809.598851
668.129771
542.346259
413.778799
326.209152
267.682532
215.505526
172.054678
137.254514
106.977825
76.555889
53.154927
27.719472
5.221920
-16.306199
-34.996026
-49.434643
-58.476585
-65.302982
-73.247827
-67.416972
-58.819254
-54.551362
-35.002798
-21.588735
-9.541804
6.094627
18.290063
49.957055
63.613329
102.947898
123.554101
155.046359
159.180929
174.407346
204.837831
246.288206
289.223145
318.239951
348.408310
336.675711
351.138248
378.619648
392.853873
396.479142
421.278422
417.243187
447.141494
449.559027
464.523182
464.523182
478.124854
505.139560
507.226762
522.425211
503.610925
508.825635
497.977766
496.743472
522.065912
562.361261
659.770348
758.984849
858.406594
943.756014
1038.071793
1105.166092
1140.350892
1167.864719
1146.976146
1119.323245
1023.441012
909.454992
761.983253
554.754839
362.481283
125.281283
-81.070073
-294.058959
-466.929896
-595.346715
-705.809648
-790.477098
-851.040114
-858.812389
-844.677464
-818.325789
-774.562481
-706.116996
-604.182355
-512.031826
-395.994771
-273.097779
-146.873456
-28.434684
68.320105
170.241957
230.736293
292.448600
348.601422
386.825408
414.881535
484.700236
497.531597
508.540676
523.271620
539.543642
563.369498
555.941869
574.684545
575.748777
587.874809
595.820823
629.886507
600.256230
624.016177
624.208589
627.071034
607.513396
619.902881
622.039964
611.517105
577.110304
568.768214
541.728237
508.257665
480.308509
441.744809
410.473001
371.591948
348.311984
314.062705
285.472192
258.327890
241.728653
208.529891
178.967393
156.630759
115.612710
83.040468
48.711721
7.992768
-25.022517
-64.618752
-98.828729
-119.397043
-130.345346
-136.554161
-135.402037
-133.739456
-111.124822
-94.378522
-73.261950
-52.743551
-29.519528
5.107570
21.402185
67.104497
86.822063
93.115464
143.883214
162.853258
175.722691
222.615342
247.772591
285.119359
302.623594
315.063415
340.283560
351.820732
374.047958
377.313168
393.613011
414.172261
416.276550
427.563600
437.058109
440.301854
449.562051
460.008865
462.945620
464.477590
487.356066
461.045553
471.866894
467.078071
427.417495
428.483898
385.549268
396.925138
410.679161
416.143016
452.188424
486.355008
525.743015
570.738567
582.804851
576.209896
570.303922
516.329108
466.904004
380.892335
281.299575
170.960885
44.805623
-63.202740
-167.062023
-283.708197
-368.389795
-452.543271
-518.942103
-537.345441
-560.699763
-536.290227
-497.234797
-448.614107
-394.844509
-305.855129
-221.570964
-127.565430
-33.935532
49.901397
113.647887
185.614836
247.321455
295.187948
342.074826
381.149662
428.991014
446.909740
466.346559
509.647285
520.367245
543.562591
554.914250
559.338361
564.799551
576.813006
574.684545
601.617636
612.103391
629.886507
639.707432
616.821349
634.970186
628.286289
628.625002
611.135137
633.286852
628.359781
592.520383
570.694064
542.363322
526.343192
488.519686
468.444646
429.953125
387.954639
368.349798
338.869668
315.291859
305.828028
278.577836
262.448031
235.277880
203.523172
164.197339
121.190730
63.641830
11.743181
-49.383960
-99.731309
-145.728588
-183.759056
-211.032834
-226.059433
-220.977010
-214.605113
-190.873261
-166.991616
-142.549834
-107.168851
-73.002166
-36.746166
0.735853
23.046028
47.719824
80.647843
97.854164
133.432158
155.722753
189.909186
216.995730
256.424967
282.200656
302.826687
308.333473
333.883839
355.321439
363.102898
383.398343
370.195031
404.159246
411.794238
418.908023
430.042977
433.676615
434.317168
464.701604
448.835096
459.771637
437.980156
426.514706
420.911617
426.930132
408.410332
370.727224
363.670364
340.851831
342.918463
349.890134
360.615685
377.852690
408.326136
425.025961
438.498110
431.447140
399.862204
354.384296
299.943509
216.937280
124.684280
35.429926
-62.505267
-148.090513
-224.860474
-305.629431
-356.455785
-399.198274
-431.074360
-428.274488
-415.686208
-373.158887
-324.206231
-271.370797
-192.360570
-115.087908
-25.567455
43.853770
117.094649
181.464844
217.868107
289.316806
317.615950
351.399430
396.294374
430.003071
473.117655
503.939961
504.759704
535.126397
528.707334
539.108732
573.802932
593.879101
599.689789
611.539241
621.639035
620.487851
634.698870
639.768919
662.365937
637.971411
657.476625
646.272207
618.013588
623.305560
621.803972
587.454418
585.591838
558.615136
540.509061
500.236596
474.056655
448.762137
411.531500
394.120501
369.737537
355.012259
346.891405
338.889013
315.471975
280.768778
251.026246
193.981823
140.337011
73.372247
-2.709437
-60.854568
-125.831200
-178.310283
-225.809438
-266.842748
-279.493960
-279.527330
-268.314692
-250.060475
-218.146379
-185.552136
-144.018631
-118.473776
-78.540261
-33.365759
0.782799
37.289258
54.258311
106.665104
111.530370
147.076455
172.900182
199.228681
244.103309
270.187657
286.983717
313.554111
324.969116
336.479631
370.550645
365.581966
386.266870
378.401572
394.372148
403.160221
420.155271
436.134127
438.320052
428.332483
447.820211
447.644105
439.806876
447.203326
430.224418
424.831646
390.190402
368.810798
365.502719
354.591966
342.918463
330.722229
328.202043
331.952589
365.399025
376.838679
386.024874
371.994019
352.068485
312.615062
249.153076
189.401857
117.013700
27.954010
-50.923672
-129.994127
-204.600044
-267.052318
-314.273224
-356.899861
-379.240228
-371.289815
-353.460455
-311.181236
-260.527137
-212.877073
-149.023921
-71.521054
-5.345562
60.625800
116.790111
166.377306
217.353053
257.120661
303.806534
350.650974
380.364597
405.590128
441.589981
465.017936
503.814461
526.264138
533.161939
542.055485
563.890172
574.332759
567.414363
583.715385
606.811544
606.461887
618.594637
627.538374
617.986263
627.196085
636.613393
620.994766
624.055286
621.051829
595.831450
584.914075
572.728394
529.474393
515.054631
479.464743
463.488318
426.015054
410.866668
393.913967
378.184783
377.741506
372.815615
364.518641
346.761315
302.002965
269.793944
215.413583
143.808923
85.196994
9.955666
-67.936745
-142.180185
-197.476309
-257.201494
-285.540154
-321.958688
-324.043932
-309.074144
-294.113743
-254.035717
-219.343224
-171.051830
-121.691170
-70.575197
-33.316547
7.738362
35.932306
67.775371
99.868112
132.474352
153.082020
184.518821
230.392298
257.473740
272.073313
286.983717
327.441306
317.217840
324.969116
332.790338
345.258466
357.039628
367.701281
386.533200
372.298975
375.136361
376.046505
397.027672
411.865612
413.007457
418.500500
412.061309
418.950988
400.316216
400.373483
374.498841
360.576252
334.424947
345.605693
322.311773
312.087645
315.710575
302.972844
326.990092
334.200218
350.883326
350.241581
327.616688
294.630860
249.670117
185.739519
116.488472
38.174445
-39.507041
-106.481256
-178.326512
-237.644714
-282.806037
-322.934578
-326.006290
-317.019066
-310.176384
-274.126796
-214.591879
-165.183945
-101.295308
-39.705478
25.591385
79.977885
143.116318
170.302807
231.692692
284.935702
307.272932
358.844008
403.919453
418.121377
459.407761
485.714872
515.526619
535.126397
554.914250
570.797127
563.753625
574.684545
592.787413
590.058188
621.063444
642.688360
623.810828
655.662637
633.804473
632.579172
620.587699
626.648509
618.013588
621.749054
608.958456
583.221261
561.783939
545.631894
518.230060
490.921368
455.884313
441.194404
428.081561
410.979949
405.878050
396.477426
406.769208
404.494258
381.744983
349.392641
305.279373
248.270720
184.111498
106.190450
38.108580
-45.815696
-113.881794
-177.532028
-232.708775
-278.941224
-307.888920
-304.594069
-303.196723
-284.861741
-255.271449
-218.403059
-171.327962
-128.172717
-85.264950
-44.922834
-4.278360
32.891921
67.095919
83.698833
130.467166
155.018922
176.344060
211.553825
229.711617
248.564079
288.859656
307.131393
314.775354
346.081936
344.745712
348.900159
356.352352
374.773560
405.250138
392.474303
414.015000
423.432550
418.888397
432.700564
436.989776
437.888714
432.020102
419.400024
405.030858
412.015820
395.160629
354.507799
348.539286
327.287955
317.907661
308.058220
303.684194
312.111761
318.039878
328.521256
331.840283
328.337591
306.156712
281.519810
239.499564
182.147665
109.492946
27.874755
-43.941238
-116.760036
-177.893439
-227.804293
-281.750572
-310.718935
-326.254727
-322.170554
-296.476269
-266.980718
-218.060030
-165.183945
-97.322053
-51.274762
22.431187
87.049019
118.854379
188.208978
231.692692
271.049782
300.321829
326.368056
374.869686
409.368003
442.448270
471.326416
502.315762
503.726762
525.745003
546.993406
565.322513
558.510916
562.448676
576.280891
582.637424
596.373534
597.967739
609.844355
619.151177
619.415122
619.386173
613.979311
605.804091
608.929287
601.506036
591.047914
556.454512
536.563559
503.920053
489.275351
462.977590
445.354886
430.208459
414.278347
410.232974
419.069858
415.786339
411.305109
384.685211
352.761591
314.164376
249.460202
186.986572
104.449947
22.706511
-50.019873
-125.818846
-190.334046
-240.722768
-292.491229
-322.115121
-330.027728
-319.606367
-304.482676
-265.870937
-231.396049
-185.346876
-142.122685
-91.090523
-51.217903
-12.650118
9.775491
38.514267
95.643556
123.094603
150.969160
185.111437
200.235215
238.412283
270.187657
283.982352
319.094739
316.629736
342.605183
347.418159
369.128187
368.772572
385.526895
384.298904
405.250138
419.746957
426.253608
431.883307
428.759960
435.060049
433.139229
422.921585
421.185743
396.388045
394.375833
394.829481
359.229143
343.063832
326.755582
312.289265
311.588305
291.962179
302.497571
316.834534
314.355137
316.897570
317.578895
293.218491
268.935948
215.957243
160.999744
88.583460
7.371394
-48.970361
-128.844439
-194.558464
-242.716357
-288.757406
-316.221136
-333.324137
-328.015517
-298.869649
-273.310003
-214.932227
-156.502586
-103.569642
-35.646777
25.667099
79.418411
141.729773
180.795232
237.237621
258.579916
304.477188
337.075422
366.726223
392.586542
440.943003
465.460810
490.096659
503.616178
530.699691
538.113148
546.543226
559.538534
566.493542
580.164041
593.628145
597.478952
594.957662
606.656091
609.421779
608.016453
619.437112
611.042156
620.022118
618.421889
581.859203
571.258592
555.202647
526.730144
500.825383
480.716608
459.802161
433.316641
431.133558
422.035032
400.132539
413.063048
411.893885
405.484248
381.777454
343.751738
301.948780
247.115593
170.662347
90.551459
19.797963
-67.935237
-141.382968
-206.951936
-266.071788
-305.585938
-341.177442
-339.550571
-341.851876
-311.945488
-285.020720
-244.495226
-185.409639
-152.105661
-101.770504
-51.608845
-6.104355
28.581966
74.339100
104.669625
118.775449
152.851995
184.918645
213.792490
220.060751
272.046528
290.845921
308.633992
326.228687
332.150972
338.963799
357.383265
368.772572
369.483801
395.131286
400.825316
419.313942
412.400907
407.962149
435.098492
432.423323
436.463408
424.698568
413.148187
409.899950
401.290719
392.819629
370.727224
349.925507
331.800864
316.240061
308.602843
296.412304
297.932800
308.996114
319.594389
323.030786
319.126313
297.348002
268.261766
222.609157
163.466806
96.504489
23.435147
-51.176023
-120.910473
-178.594477
-236.823485
-279.162006
-317.429510
-322.685725
-310.987716
-292.678669
-251.608742
-212.833278
-157.485382
-95.040702
-38.380504
25.818528
97.257062
129.916960
172.798512
231.966238
268.194544
300.652581
329.509566
373.795842
400.596039
422.033082
459.554016
490.555551
509.958540
517.845060
526.717705
562.967063
554.489240
566.891401
575.748777
573.802932
595.820823
613.270446
604.956774
608.848474
607.502047
612.907418
604.624887
609.915307
614.666289
593.395376
575.997397
564.936486
535.172787
510.765050
488.853740
462.163442
443.789665
425.075010
425.179920
424.241028
435.878971
429.551125
427.094286
403.950427
372.040932
326.697691
263.828629
196.456733
112.188124
37.264015
-42.135901
-115.493713
-176.999622
-237.039079
-291.652463
-315.200186
-324.108007
-321.782580
-303.643880
-266.512881
-231.548362
-190.154607
-140.138424
-97.235081
-49.266424
-5.917573
27.434244
66.756193
91.806999
118.462345
152.387770
173.581428
207.464420
239.534883
269.379518
296.756883
312.943490
306.173781
335.506209
365.228746
345.079768
363.102898
380.825200
368.061343
401.214466
390.367711
416.066593
402.282148
423.381667
426.216539
434.667262
422.477340
418.501952
411.838932
393.648410
378.299734
362.499626
345.362496
325.933661
317.181251
306.064067
293.278863
302.036889
306.881125
314.764064
323.614184
320.508879
291.542366
277.928857
221.438877
164.840476
93.191827
17.202677
-47.104418
-116.550362
-180.326466
-229.658401
-276.640740
-306.740543
-315.807660
-304.965138
-290.130398
-256.402020
-204.308637
-159.823332
-92.732591
-35.311014
33.424170
79.092034
125.565441
174.665562
236.959499
267.291532
304.064835
351.773656
374.179222
392.196297
432.171778
465.017936
495.911176
504.084223
522.303496
535.138628
546.038569
560.375132
564.410846
573.802932
578.409353
579.627349
588.420653
604.956774
607.701868
609.249416
618.223849
609.357762
612.964883
600.156663
592.152662
577.861465
562.414448
533.745159
515.126237
482.172579
458.378892
444.703783
424.405601
430.781874
421.069133
430.753114
429.526069
426.164906
405.159862
363.575710
321.325499
260.489874
186.288457
120.394117
26.356446
-52.926828
-123.486567
-198.974536
-253.505186
-295.339220
-331.994754
-338.459622
-324.783786
-310.560904
-277.106733
-242.927875
-192.396793
-141.378587
-102.285076
-55.769015
2.444599
33.068760
66.756193
99.832874
129.506965
138.763172
183.919085
198.181212
232.759293
264.290764
288.292153
281.572883
308.934513
324.654224
337.453053
344.926805
372.298975
375.182220
390.751978
389.817320
396.037385
397.419217
401.093136
408.314160
420.210409
425.392048
412.930637
403.802696
407.990649
382.325498
378.491881
358.331069
335.806097
325.847926
309.557232
296.749302
292.302601
286.882871
301.066787
309.854335
313.408730
314.483963
288.934395
250.392754
211.139395
149.786294
83.857486
12.966682
-62.344083
-132.388501
-197.222591
-243.736491
-287.404427
-315.402565
-322.304004
-323.324319
-293.729888
-251.062983
-210.707773
-148.896475
-93.672448
-33.142691
20.981826
84.660972
137.337999
174.237460
219.250526
266.155637
291.689257
321.660501
358.178508
395.673388
432.741006
454.035179
494.385018
515.373658
517.759647
535.631845
547.079168
535.631845
562.448676
567.414363
582.847502
602.983313
579.942524
601.192918
608.131308
609.756956
624.208589
619.261716
603.766347
600.156663
593.395376
563.270204
561.153430
522.932430
499.581746
475.616571
446.548741
440.146058
431.133558
417.077175
417.908136
415.325510
426.536687
416.639350
382.889115
355.787222
306.851452
252.496458
186.288457
101.720930
29.152869
-59.076311
-131.847244
-200.567526
-264.643908
-308.892704
-335.180429
-344.038346
-334.654282
-313.918869
-281.936080
-243.228766
-189.208269
-143.362848
-99.626107
-57.301599
-9.495793
24.496477
68.284961
98.683437
132.011156
147.741960
168.675820
197.571825
219.389152
252.863997
287.827788
288.953213
315.080665
339.290668
328.393171
337.453053
348.227257
363.804546
385.526895
383.181756
389.243283
400.047014
417.235976
416.746961
423.202752
409.160783
421.966873
419.400024
396.827500
386.493466
372.277615
365.059899
338.959213
328.370462
314.162063
304.114615
287.200544
297.596731
299.350917
304.905843
316.657193
312.117678
287.660051
260.439831
209.264874
157.145702
87.446727
17.145188
-58.091700
-128.354542
-186.310843
-238.014195
-288.563315
-318.148482
-313.767618
-320.633348
-297.693038
-255.919832
-209.557673
-153.689191
-94.142376
-29.910076
25.856385
84.429658
131.342406
186.324348
226.944994
264.960775
297.003639
328.042915
377.569365
401.794231
417.305381
459.311017
483.217164
507.019092
523.755684
527.204055
548.007295
550.035074
548.561852
577.345121
566.891401
582.946041
581.863505
586.502414
597.259882
610.996786
601.634600
602.875529
600.359166
601.986407
581.859203
562.054949
548.126590
531.259734
498.300805
488.227807
468.693362
440.087623
429.091468
422.585254
429.940040
439.235819
434.528006
437.321057
412.843279
380.607033
337.180440
270.264350
200.701590
125.024656
39.045512
-37.163869
-111.321764
-173.819584
-236.812610
-285.929122
-317.484563
-325.516786
-311.184427
-299.780728
-272.247090
-229.975141
-191.886245
-132.340181
-95.459794
-50.750159
-11.004806
20.526196
51.693786
97.735697
114.138884
135.407934
176.536785
207.245344
239.289458
245.670510
266.388310
296.333544
305.875656
317.552854
337.656320
335.506209
346.081936
338.310060
360.647130
374.773560
382.436990
382.831330
387.311995
403.077197
399.423930
405.776720
408.061271
407.374410
394.190773
384.716485
362.509632
352.286574
327.227100
306.478221
295.465969
285.459962
277.442249
286.882871
291.713709
298.955586
308.213323
299.903833
270.999160
244.860811
197.614351
137.293683
71.679993
5.657574
-59.448421
-133.844446
-196.324155
-242.275343
-285.701976
-312.248543
-326.452999
-316.236561
-295.711463
-251.012140
-201.652007
-154.522949
-89.866901
-27.239152
25.932099
92.781667
152.287715
185.185446
241.152439
265.302440
298.449693
350.429060
386.925030
420.816026
439.003721
460.178461
509.013297
510.431161
520.721978
534.645413
569.096913
568.460289
579.473582
590.523799
615.152675
600.507641
614.019797
617.034302
606.989279
617.558813
632.539678
595.252748
614.794629
589.497086
595.880802
580.865903
564.936486
554.003351
523.310746
486.975940
465.315989
443.236372
430.676958
437.410708
420.568402
441.032283
450.606402
437.749077
419.193306
381.268362
341.337106
280.047365
203.157074
130.808473
51.691096
-32.795499
-113.752025
-174.099644
-236.571764
-278.454557
-311.818369
-325.208606
-314.310160
-297.589074
-271.855625
-238.783734
-195.485646
-154.661867
-113.640771
-73.913789
-30.695095
22.198707
43.825579
55.417094
102.129272
101.563242
134.405206
179.101013
177.649887
234.428488
246.432268
250.824437
269.010241
287.050924
299.375327
325.913794
336.155157
356.760013
373.322356
359.594657
364.860808
367.517539
382.985080
395.941201
404.016619
412.329536
393.478936
376.873969
374.852439
349.090020
334.117368
332.644973
321.035623
307.783820
292.237306
277.055477
274.661167
276.029871
282.097521
295.345013
298.599142
296.998886
277.056775
244.203395
202.103837
148.217086
79.391540
17.030206
-55.958026
-124.588320
-187.282910
-235.686864
-278.898042
-311.568907
-313.204504
-311.309316
-287.123447
-244.534383
-195.358353
-139.756887
-72.378661
-16.671764
27.700335
92.527470
145.168834
201.790688
248.734260
303.873896
330.576530
354.019021
393.652457
431.552155
452.141855
473.652964
507.489427
537.125969
537.621472
552.062853
577.127594
576.981895
585.871305
588.899993
588.899993
605.212456
609.058994
590.293729
610.415370
600.137094
623.591511
621.683071
612.487988
613.900138
606.220027
572.371867
561.280274
536.230587
518.261171
503.150592
470.549774
460.553711
451.028965
442.347996
442.194161
453.588766
452.630866
442.875393
421.936358
397.283069
351.251435
277.507015
207.750786
139.453830
61.535677
-29.688413
-111.765996
-177.279687
-235.656490
-288.480009
-309.414221
-335.372604
-327.586952
-306.009496
-277.639460
-240.311134
-196.516147
-153.105311
-110.196901
-72.359088
-29.250117
2.573630
36.398354
61.711656
97.268568
122.243058
140.503102
172.888137
194.914247
222.971016
255.895334
277.753798
286.214041
305.875656
307.664403
335.181735
352.844458
357.106046
357.798112
388.488936
362.371504
376.277210
391.485697
386.755259
396.582499
406.624664
400.852321
401.629376
371.457411
377.722867
356.943735
350.387152
321.787071
321.061046
302.910646
295.690151
295.541399
282.620636
294.857176
305.117433
318.560652
309.461022
287.896979
259.320745
207.749640
153.867680
80.784373
9.951055
-50.583365
-123.880212
-181.785941
-231.260808
-280.564047
-305.274584
-312.332301
-310.258918
-293.567961
-250.004099
-207.538813
-157.485382
-79.854953
-24.023618
38.303103
90.986372
139.468626
199.426891
238.628228
265.006013
291.976775
331.669754
358.545870
393.367033
430.786001
458.443575
492.391119
507.959759
519.191241
527.628184
530.661889
543.588860
556.535326
558.510916
575.922241
570.797127
595.268114
605.897735
588.082891
600.137094
586.830728
589.929455
600.955351
599.546746
597.140164
563.561744
528.898873
526.730144
492.140542
475.616571
457.119367
438.082461
436.082113
425.679551
413.139393
426.300913
434.424450
418.610805
407.951978
365.868140
324.406302
252.984930
180.591173
109.647779
26.628748
-58.773189
-131.727266
-207.697821
-267.201584
-314.255854
-338.122651
-348.213346
-348.904400
-322.671370
-297.262017
-249.969983
-213.435211
-168.284765
-99.785509
-66.775326
-23.424711
15.353395
52.483004
91.246448
109.738288
134.371076
157.987001
189.716534
212.346578
233.448017
247.404387
276.383385
305.192520
290.078640
337.128579
338.636929
338.636929
349.573062
346.544999
351.138248
360.997953
366.532486
396.636126
396.337092
385.281291
385.239653
370.794088
374.066185
363.171053
375.208881
351.675384
328.005313
333.106584
315.858454
292.504785
280.465207
288.213597
280.993261
298.712642
303.119683
311.577130
309.461022
276.811763
255.595156
207.899698
148.732292
86.058679
18.449389
-47.849127
-126.788339
-188.610103
-242.492939
-281.685331
-313.667012
-318.712890
-309.371043
-280.155838
-243.502591
-198.129617
-142.815426
-86.540093
-22.740674
32.201748
85.586229
137.160560
194.965510
249.313386
279.797757
309.992163
347.892357
366.368521
387.597535
430.370585
451.614421
485.929328
500.082392
523.755684
529.149458
539.606524
556.023805
568.055565
570.552139
578.409353
595.272545
589.512344
612.128416
603.257457
618.145845
614.682247
605.808105
602.065043
615.764206
582.714266
565.093083
556.291116
542.238146
513.259629
491.166877
468.270167
454.916664
432.698916
432.239680
432.392983
442.101499
445.503566
445.288283
414.650208
391.849131
341.408940
271.506864
202.739168
120.788731
54.984060
-39.009653
-119.749278
-177.560142
-244.962277
-294.898051
-326.321550
-338.130804
-336.261809
-315.759429
-279.018759
-233.032646
-198.439006
-152.830929
-108.031909
-75.394343
-44.509244
-4.534330
23.571207
48.037137
92.226422
118.601660
150.206454
196.536333
214.912984
226.035456
259.342035
278.297347
276.922145
286.771963
299.084389
292.832186
300.830017
307.664403
334.857261
334.208313
353.991749
357.811142
362.207618
372.010277
359.872461
377.476268
369.304101
375.649027
348.679110
349.854781
329.356124
314.998538
311.894219
287.796306
269.935887
268.203027
260.787287
274.258659
276.475744
287.076151
299.363034
285.268884
269.120323
240.682087
187.567053
135.716421
66.605606
2.785667
-63.071525
-135.278974
-192.150447
-241.491093
-282.778295
-306.448530
-317.988380
-305.264276
-278.804569
-238.982963
-198.062546
-137.631542
-70.311827
-18.326658
46.376355
98.596691
152.289691
215.449475
242.272069
281.686157
314.816661
338.150051
394.857514
411.410758
450.202867
477.622760
505.608094
526.231355
535.138628
541.099900
570.029177
576.452068
568.055565
580.005699
599.137081
602.426025
613.453358
623.228370
628.216337
613.326612
606.919591
612.879068
613.574798
607.117794
589.297534
575.997397
560.463486
534.987873
517.648275
495.366970
460.873471
435.997492
439.358681
424.020180
430.677299
444.618910
442.535957
432.836032
409.892136
376.656094
345.047820
272.638706
205.911079
128.111687
51.766602
-29.084765
-110.592248
-186.698242
-242.926125
-300.683612
-320.777011
-332.113506
-321.054573
-302.740161
-273.756715
-233.225907
-189.051196
-138.402196
-102.404064
-58.457296
-12.632047
15.090078
58.697656
83.800533
108.073647
137.822405
158.983140
195.500841
246.296100
245.179660
267.763514
278.025573
297.920636
303.713874
300.539079
319.404841
336.155157
342.273522
346.881450
371.217759
370.057145
375.537235
382.605511
392.770059
395.452924
390.610643
392.232434
394.051010
378.727338
366.845762
352.241483
329.719703
333.628268
306.437999
287.747454
281.132811
281.809395
287.324607
286.055469
300.958994
306.540658
306.247125
276.845764
250.049536
198.265043
138.892746
75.471737
-4.073896
-66.876665
-135.118158
-204.219219
-246.783140
-289.732418
-317.867595
-328.726504
-321.571698
-289.763663
-264.090852
-210.365217
-149.494083
-87.556503
-30.144114
21.291749
91.860041
133.730450
174.069089
241.432849
269.142794
311.351778
355.515930
364.475795
395.318258
417.351941
453.321847
486.833382
515.373658
539.107983
547.581538
554.597578
568.576239
572.121027
588.899993
592.241567
588.899993
599.952642
596.622656
589.962683
603.563186
582.651455
589.356150
592.316389
591.751097
574.535231
574.549734
532.990163
509.738913
497.588593
482.793935
467.637370
456.977973
436.994082
437.154086
433.148547
442.155716
449.614116
444.283248
428.962820
393.229159
347.171116
284.572474
202.799919
132.346163
54.903968
-24.488828
-96.665478
-174.645791
-237.887921
-286.321543
-309.964303
-326.655508
-318.522666
-306.286648
-272.633892
-226.093704
-199.208149
-149.083940
-95.481661
-63.031271
-44.191320
0.809002
41.849481
61.636306
106.303125
128.369485
151.402233
181.162204
192.183860
215.813461
214.008008
230.108166
259.684504
268.223662
306.471906
303.713874
314.164733
309.535553
314.164733
331.936994
360.636896
366.532486
371.097386
387.594188
366.052153
376.308815
383.187184
368.428670
371.872912
357.330396
348.525009
327.829863
303.046067
307.356343
299.058261
276.727609
281.398645
282.927630
281.808329
295.701240
308.051125
309.248666
278.326407
244.203395
204.191788
153.048442
85.109001
5.695901
-60.253878
-124.588320
-190.538895
-241.154318
-281.609980
-319.140540
-321.516817
-308.573693
-283.823179
-252.066813
-213.004330
-151.315371
-94.455663
-22.776040
35.594700
88.612054
137.143186
181.592668
226.055189
261.790276
289.239752
342.112460
373.470176
405.703041
433.158710
464.595709
479.885239
487.737437
520.242491
523.119408
528.596308
529.080370
537.604706
557.558369
554.489240
571.852204
566.891401
576.407196
592.182674
582.555796
596.809099
579.382658
584.809717
588.651431
567.353489
562.054949
534.778721
483.172405
490.222228
474.556665
448.578935
435.033811
425.959057
421.306130
429.563930
433.004759
437.484178
431.409445
403.715173
366.756417
326.878884
256.432248
190.937100
105.425774
23.633244
-50.387469
-138.397857
-199.434246
-254.200941
-303.872158
-333.188979
-348.710264
-336.302707
-320.707155
-285.523021
-236.081420
-195.303861
-153.370491
-99.667139
-64.973683
-9.548917
15.231864
44.387445
84.309031
107.057048
138.763172
152.234113
189.516622
215.351134
235.136019
267.961469
267.072021
289.797284
305.488249
313.859422
325.598901
330.872239
352.161974
344.745712
365.927653
369.776136
386.603067
374.989338
376.911976
392.751342
374.363062
389.971051
369.624867
363.297172
374.776613
345.696383
334.539530
321.241937
300.958052
286.008798
281.218233
271.461283
281.967544
292.968166
298.508643
308.213323
296.958539
275.153475
245.966830
197.896131
142.977825
67.085992
-5.523389
-64.362093
-140.664232
-204.219219
-262.389794
-297.741437
-320.659277
-332.033393
-321.453825
-293.102083
-252.548269
-209.961446
-149.494083
-89.968798
-36.318301
27.620045
89.092988
135.391677
183.027272
221.215962
263.820303
297.003639
318.225608
362.219496
385.284028
414.574963
453.321847
483.019627
490.660866
511.722424
520.622835
514.212133
538.591136
535.059639
542.095483
557.558369
566.891401
574.862586
575.333813
573.474764
587.379307
579.417722
579.946808
583.649379
573.719575
581.730704
548.068662
534.678656
514.538082
487.819178
471.559018
454.637022
421.583851
422.397372
415.410631
413.120289
421.617080
426.512604
419.538358
404.220709
360.910814
315.831689
252.984930
181.499811
101.220842
18.741844
-54.937896
-133.272535
-216.675430
-261.701907
-318.566922
-336.771654
-345.084055
-342.760803
-312.087004
-274.383749
-241.874829
-196.775078
-144.997722
-99.626107
-53.997059
-18.160428
22.825283
39.249272
84.919229
112.052149
120.359724
160.024515
192.596817
208.075112
243.758939
256.905779
269.272434
304.009604
290.641353
308.558777
305.192520
338.310060
346.415992
354.634163
364.875527
376.781688
356.788064
383.744217
379.672705
390.788373
397.289677
387.081824
390.985254
375.270334
365.201360
331.745296
326.583362
323.768954
300.958052
289.161123
277.742244
280.129870
291.798352
291.085016
299.247526
303.056137
308.760154
280.525150
257.569452
208.564525
142.977825
84.719842
2.891065
-69.042368
-126.290762
-199.454468
-243.627693
-293.182693
-314.741028
-326.848065
-317.854138
-293.781855
-255.882351
-202.822135
-155.455839
-89.231349
-24.362509
27.499608
92.608900
130.421819
180.709006
221.731017
275.542485
287.137033
324.740228
360.015322
385.665120
407.841915
435.900129
467.551725
481.665890
499.274499
520.242491
515.157376
541.089998
544.086651
551.555908
550.035074
570.797127
570.797127
577.480581
569.430201
576.087885
585.460767
577.690206
568.663797
590.224005
556.828338
549.013596
529.490482
504.261424
484.421980
466.191728
458.378892
436.303984
440.912137
428.801556
431.166587
434.987600
443.533058
440.012028
415.537550
383.244130
344.413741
279.432682
205.604442
122.178952
48.558300
-34.284360
-114.269438
-175.351352
-239.439304
-279.583008
-314.142324
-324.449518
-314.402555
-298.851261
-269.171481
-230.286084
-189.419000
-144.006307
-100.286019
-63.419753
-12.559760
13.305407
51.562249
77.028401
114.409355
118.466424
150.042473
189.516622
201.920890
237.524068
250.546644
266.388310
285.656119
309.535553
304.009604
310.136593
330.232872
336.675711
345.747880
358.191361
369.055325
361.304660
364.615128
387.983339
379.406909
392.523312
370.794088
367.631205
372.288413
362.665239
350.407325
340.272112
312.456346
308.207295
296.311658
287.474674
280.773924
297.212905
288.570242
304.419705
311.678208
306.247125
288.741479
264.007499
205.734416
155.779213
78.572302
5.676737
-64.254541
-135.536688
-195.560319
-245.190372
-286.245536
-311.495891
-324.161288
-309.459279
-286.794190
-250.402060
-203.216532
-146.141025
-90.466014
-28.670426
35.801046
81.977332
139.288898
182.697246
218.296650
260.622873
282.007728
316.884299
354.369387
387.980915
407.841915
429.020633
467.402188
483.001377
502.399734
512.192757
507.497886
530.661889
540.594494
563.485448
549.571165
572.907282
574.684545
594.957662
571.857824
565.390063
576.790876
581.732778
564.671853
559.075220
558.855503
547.830376
516.305755
517.256542
490.150369
463.832602
445.998196
439.447962
434.046889
431.510777
436.886041
443.920845
441.533791
447.666274
416.364264
383.252266
347.171116
280.479860
209.917945
134.119760
43.602823
-34.133448
-110.004063
-182.305696
-232.923285
-281.296840
-315.275593
-324.786148
-324.727249
-295.720674
-274.155365
-225.433493
-188.550708
-142.667370
-106.582612
-63.031271
-5.951534
23.948529
43.937952
85.462166
101.645820
133.763062
161.177448
178.339691
214.036683
232.747673
258.322008
265.773032
275.575247
304.009604
304.896791
319.404841
320.025044
329.273822
342.073265
352.915974
342.844032
358.517580
378.305245
381.200562
388.806687
392.117394
374.142214
372.048567
371.457411
351.966806
352.818056
320.675715
326.867198
308.611317
287.312791
282.967284
281.893194
279.752375
291.085016
303.654038
311.577130
308.203978
283.334338
253.130913
204.321332
150.084404
84.144950
7.167783
-58.786070
-133.758943
-189.866125
-245.317471
-286.860700
-310.889356
-318.227576
-317.045350
-291.105027
-246.742740
-203.228760
-144.085295
-83.812566
-30.144114
29.363958
80.071165
127.202540
173.857326
224.885218
258.868952
275.415822
323.248406
353.648392
382.163364
417.351941
444.351545
483.919106
480.330402
497.438931
512.192757
525.207870
530.122160
532.616445
554.597578
564.522219
557.483296
565.972869
574.797122
574.013744
583.857707
579.577304
582.865657
590.555289
564.130791
559.740622
534.149098
