588.605146
765.943137
873.873663
968.282774
1027.373525
1078.558296
1097.900505
1086.379378
1022.563698
960.556764
899.012305
795.193980
691.161715
582.661171
457.527873
337.467866
225.630953
122.086630
41.947465
-36.728999
-90.655092
-124.991782
-135.650631
-118.153770
-87.941986
-58.797232
-31.885595
-11.242309
7.651737
26.959702
44.306269
63.038861
73.796870
119.036517
134.286296
150.241639
195.111335
214.944079
245.837834
270.924157
312.858542
360.248457
389.453897
428.028736
458.432527
472.933221
499.915008
512.708345
551.455365
583.988200
613.146472
653.816994
723.835322
843.694652
1044.411754
1339.306251
1713.306204
2183.730181
2740.181213
3400.591021
4246.072453
4784.979367
4971.224369
4878.532659
4714.901418
4446.810609
4172.096041
3930.774082
3617.769140
3305.487423
3024.491983
2740.027520
2436.946768
2131.776180
1901.600383
1612.937973
1327.641727
1045.536967
809.359551
513.268627
195.681314
-44.094670
-307.657732
-564.946259
-773.689329
-1013.879351
-1285.792247
-1512.598383
-1723.309430
-1865.627180
-1858.917291
-1793.948221
-1641.748560
-1477.559135
-1338.716981
-1165.739683
-993.527854
-830.990492
-637.813371
-437.016818
-252.450726
-78.635079
76.093203
206.349474
336.496972
453.594917
569.768945
681.733121
801.276318
932.007297
1043.625177
1160.002849
1269.023292
1366.548181
1461.661820
1544.228680
1599.610304
1681.508397
1725.640566
1768.104194
1804.055366
1816.204958
1798.775479
1801.230132
1761.202796
1709.095399
1641.364550
1545.481730
1442.297713
1335.373690
1203.753428
1077.894451
931.249810
787.982541
652.658090
516.701144
387.483763
298.603799
247.129703
202.088220
165.040597
129.875054
100.658411
71.672011
43.773938
17.661058
-4.617837
-28.338497
-46.491121
-63.025388
-69.591852
-74.554463
-82.060979
-73.499581
-68.757613
-61.903386
-40.855415
-28.604070
-18.594348
11.670206
29.590118
54.470456
75.551841
99.165617
124.348940
160.432875
171.314493
202.368122
230.906828
283.472103
294.221367
322.420626
349.547709
361.097228
379.468083
405.008191
402.312649
421.885575
435.989697
446.002598
455.510792
457.997749
469.100508
499.527995
499.648792
496.240003
493.751370
518.618230
514.690542
517.995759
510.233188
522.980358
538.127057
586.940597
687.691748
795.213047
909.016565
1006.129046
1093.145760
1159.936970
1197.040846
1192.554168
1201.788613
1154.833547
1057.438938
935.447229
754.175498
535.569409
304.360919
83.497508
-118.925589
-318.544248
-470.641082
-664.945699
-780.040445
-845.065411
-862.363391
-884.419846
-852.707602
-816.354670
-752.850794
-665.913322
-573.741853
-463.958003
-345.986004
-235.990748
-92.907233
5.240837
128.769828
199.263541
263.350328
327.982372
359.690212
413.184117
440.468754
461.293050
511.637314
522.294219
537.496372
555.777264
562.171062
591.456300
584.378466
584.378466
612.076675
631.999803
622.909362
643.368915
639.210484
633.871974
624.331097
623.435881
617.321309
615.120942
597.670704
592.114141
545.298302
542.452956
499.385297
467.879549
440.249468
408.541750
382.504419
353.740088
322.980499
301.787207
275.598034
253.420006
224.517756
201.303064
171.155819
131.026908
87.215822
38.140398
-7.673225
-54.134081
-99.695194
-139.987020
-164.322398
-181.580751
-188.475358
-183.133958
-165.384929
-147.807602
-117.561335
-89.360971
-67.367438
-36.362365
-10.322127
21.378128
48.440003
75.431756
111.766452
128.564158
155.541049
192.714520
218.794834
245.591863
258.934525
297.342297
306.575267
332.337002
357.509080
380.905462
362.468918
392.597482
395.826590
413.624209
417.813744
419.588833
440.150643
441.709894
464.818066
461.798726
459.711754
471.405712
456.279163
450.255335
458.100614
450.427010
423.067730
420.427142
418.625596
428.834011
447.134803
478.363304
546.570577
577.354853
618.113847
633.815676
627.781049
600.700383
543.599769
469.593195
370.238415
263.593604
140.041711
12.178139
-119.813583
-236.749570
-328.504131
-425.597815
-487.813620
-536.200343
-567.090387
-558.336275
-537.410625
-506.754924
-439.122820
-370.380071
-288.522354
-197.992471
-96.870278
-13.778348
83.306026
154.743095
217.786119
271.767514
299.890382
344.483851
390.016739
432.086856
463.699649
498.652199
520.384551
539.965652
541.938130
576.075248
567.718500
583.657417
593.932864
608.791637
619.485873
628.221340
637.501823
647.586984
646.431882
638.613314
645.960997
629.143270
611.395065
632.473396
609.941234
577.492364
554.267128
529.158764
512.528909
472.565456
439.995325
418.918316
399.258943
370.874508
365.054433
344.987652
345.296644
325.540040
299.226839
271.401986
220.907807
157.946455
102.627907
30.677446
-33.773721
-98.681809
-159.354457
-217.264550
-252.981114
-289.005848
-295.562985
-292.038208
-268.880668
-239.473221
-206.601306
-156.190212
-125.389135
-79.756888
-46.682065
-6.383022
35.960138
52.999840
104.155082
133.625595
153.977507
182.046038
197.541140
245.005652
279.284027
274.528446
316.675675
325.271672
344.250949
356.037121
358.862000
378.769077
385.200874
404.808992
404.048073
437.689710
434.383272
451.948722
454.041411
447.637917
455.801226
435.277106
432.798426
438.883065
419.726495
427.709308
404.362431
384.154020
381.471449
369.960340
370.672499
389.868404
410.538781
449.397547
476.620093
490.239377
495.020514
471.520484
431.806996
376.182014
294.234369
191.498869
100.789400
-1.866688
-102.421216
-187.186082
-268.125233
-332.946485
-393.265382
-432.552727
-441.978299
-437.685724
-412.427879
-363.889277
-301.679285
-243.144034
-166.341648
-90.421407
-14.478138
63.562526
120.081984
188.636418
236.546500
281.460931
315.931864
358.283206
388.145461
431.441456
457.420254
495.770002
516.514172
534.056000
548.361337
565.151960
571.644706
602.996387
591.242953
595.008830
618.923216
622.505039
632.276399
644.557039
630.794859
647.503481
621.945879
638.367003
625.715730
610.422922
616.599929
587.657369
555.522547
555.055508
510.891362
493.925597
474.192736
438.479476
426.715314
421.080621
419.154243
432.465467
417.575880
404.928633
376.950519
327.968643
283.614291
200.934800
135.981499
56.244251
-27.991043
-92.854983
-159.783827
-221.888359
-262.939538
-305.538346
-314.845952
-316.114248
-308.852524
-275.877086
-244.020338
-197.428927
-154.042675
-110.043039
-68.051100
-27.286994
14.103894
48.315903
81.617036
112.931083
149.671921
149.778772
201.176189
226.395075
245.671311
262.399265
305.400649
308.924503
343.477603
334.556810
353.883701
358.523770
380.186772
394.081782
390.742106
418.710519
429.423651
418.865327
426.457543
423.132338
437.794281
449.638389
430.554076
443.472990
425.936798
402.237891
387.510646
367.720909
364.515223
358.409364
330.572605
354.586798
370.027015
391.220203
423.402369
423.640324
430.698823
415.451036
370.361133
336.569558
265.729479
166.497831
90.297724
-18.436235
-110.765443
-180.414354
-235.127168
-300.967203
-356.647209
-387.333879
-393.156905
-387.347299
-350.983493
-310.938220
-257.256459
-191.140745
-116.040089
-42.018439
23.622123
95.558337
149.387747
204.876404
250.648544
299.973576
334.216603
369.628587
397.181052
442.005758
464.136691
488.056110
512.478300
537.496372
559.194650
560.721113
581.550349
579.731211
598.885686
617.016038
610.964820
635.617079
634.018207
635.493517
648.857539
640.422417
650.644644
629.143270
624.705452
613.899491
602.937733
590.773754
551.756290
521.637517
510.618861
476.874723
454.176246
432.132059
429.543617
428.544795
433.764073
433.123835
430.055030
416.888492
380.403956
339.807701
265.743074
192.434742
115.253215
26.839789
-53.440506
-133.093719
-203.682477
-273.180248
-335.121746
-355.224367
-369.295627
-372.746957
-350.467592
-313.962534
-271.059899
-226.978949
-167.140817
-121.650859
-66.245293
-23.397077
20.043893
49.666538
89.648935
111.578709
150.603542
176.043577
190.948847
241.314578
255.305942
283.713793
312.965532
316.629452
331.168472
358.862000
355.701237
375.911043
387.335216
395.453168
394.081782
409.197726
429.451894
435.552679
430.118720
438.554448
446.466520
432.085830
419.384636
416.204083
415.584456
410.271804
384.952519
370.992359
350.915780
334.607492
342.965623
332.922718
339.368860
366.554585
377.075489
392.555503
392.690295
376.110292
342.819281
289.863356
221.028339
148.413811
60.951719
-27.348345
-109.299542
-179.035213
-245.823337
-313.006319
-352.413648
-372.536469
-373.977136
-368.316718
-333.240052
-283.351101
-234.136479
-164.813506
-89.552048
-23.034634
43.155071
108.102747
170.910131
209.217730
256.352824
295.725239
332.451025
355.755478
399.941994
442.857407
473.502285
509.283878
513.520065
541.445009
544.898840
541.894069
567.281709
578.686650
605.719949
603.291553
607.137312
606.838418
615.176596
627.631576
630.845526
628.505232
623.687057
616.301045
620.592798
606.697045
594.440509
562.038803
545.841045
535.449455
508.072134
482.604860
462.166774
457.122734
458.775756
460.424688
467.655375
475.508037
462.693753
461.439943
415.857922
361.348453
314.388678
224.802087
147.745781
61.237916
-34.151061
-111.891063
-179.698138
-249.616677
-296.077566
-336.340824
-352.013678
-353.768413
-339.943976
-304.971531
-273.457758
-227.489663
-166.334915
-116.986929
-74.466344
-35.853641
21.296326
52.074655
81.814895
117.634532
143.936913
172.361940
197.747990
233.551041
258.592699
271.839635
287.766857
317.281753
328.356664
352.216012
353.216625
370.978752
365.293798
391.484256
379.468083
396.640948
390.598691
413.154171
416.784903
418.144530
450.841966
437.316707
419.826093
416.204083
409.802808
395.633256
379.124834
368.644307
359.246277
334.607492
320.496521
332.258058
335.548534
358.473528
374.509606
383.016732
379.190509
368.033575
331.373129
278.544263
213.419985
134.811609
56.671675
-29.244579
-106.203990
-182.581287
-249.972894
-303.882296
-342.374781
-362.852410
-356.197074
-343.507609
-312.423457
-257.444744
-204.835239
-140.986278
-81.559064
-1.763429
52.053627
109.230286
177.460548
221.782469
268.084992
293.018400
337.402990
372.333604
393.505954
441.983457
484.434174
498.652199
535.541840
509.426173
536.001560
547.871015
563.704255
585.084934
596.622778
598.343218
620.611188
608.499472
620.062427
643.962976
621.825550
620.222878
640.159397
611.716096
615.478559
605.743121
590.192028
574.516549
550.578360
536.722819
499.656436
481.658165
465.595098
449.724471
444.225124
466.994162
469.498485
476.111446
471.534445
446.446311
415.368208
360.274699
292.080059
209.553090
132.877732
31.915320
-59.492611
-130.759008
-210.158433
-283.287602
-338.835204
-370.367522
-371.548669
-387.390816
-361.459419
-327.152479
-288.370965
-229.080281
-175.743845
-131.504806
-68.795449
-28.274223
19.834284
50.990721
85.071779
118.589801
143.775240
170.551457
210.711122
238.496041
242.095591
265.849691
279.900726
313.263879
317.531531
335.191040
362.125996
363.497685
357.847310
390.115525
388.640608
382.238700
399.648915
407.555805
416.423124
411.141661
430.509758
431.820997
421.613513
415.676292
402.300714
373.166380
373.880225
345.661231
339.647097
330.985571
326.554040
315.827524
335.955118
345.383942
365.156912
370.537491
360.285301
344.033093
313.473283
252.960964
182.943924
106.116624
19.205064
-64.457475
-144.962589
-212.773996
-261.255269
-312.109867
-349.882293
-372.487639
-364.234060
-340.710126
-309.629732
-257.810446
-199.585500
-121.357156
-65.047091
16.644003
67.503821
115.036348
185.922224
211.414882
270.486650
304.226200
337.757034
383.134647
427.272940
432.571301
484.286673
485.261819
506.501354
538.473638
546.868520
549.854154
575.161346
577.241496
593.599259
593.599259
604.630526
612.076675
624.048137
625.206607
631.435100
620.222878
626.552628
620.739555
603.034290
605.772600
569.778584
574.033625
535.011801
509.824231
495.142552
485.733350
451.926850
449.072906
450.315316
446.470002
472.093529
470.794067
466.553887
442.083004
397.128300
345.658303
271.067237
193.906648
112.543494
10.118898
-75.139772
-157.711515
-232.164276
-292.132291
-347.338957
-389.299234
-383.761561
-380.833927
-367.568206
-325.911409
-282.258580
-237.206630
-178.742887
-120.420362
-70.132281
-25.471445
23.911375
52.265489
96.507360
109.768231
145.374520
182.748915
192.726034
241.612070
262.520166
286.380696
299.905174
315.053958
341.981875
348.576558
353.883701
367.365407
375.931855
373.092591
405.773802
391.345534
399.102097
418.057486
433.960817
417.024473
435.598723
403.784921
409.100259
407.465283
390.248440
393.953816
348.079002
340.750613
327.970933
308.167943
323.079038
323.295462
324.719844
360.746532
363.846186
379.513199
374.540952
339.509472
323.625961
264.691807
188.322331
110.387292
28.680907
-58.148187
-137.208341
-205.006642
-262.611673
-309.647213
-344.364837
-359.718041
-353.365105
-338.953306
-298.706976
-242.115076
-185.459921
-121.559418
-47.691291
4.364188
74.217327
129.756066
186.600773
240.831223
267.035979
301.490459
339.527250
382.749198
403.886194
449.470786
468.711093
505.250549
512.478300
518.697628
536.001560
547.871015
583.130649
577.119809
582.077117
591.780935
626.325684
601.071455
630.990203
624.049889
627.215413
625.547063
611.412893
622.411192
609.763807
581.928091
585.829470
561.194085
555.225945
516.651734
509.581821
487.042605
465.420130
456.880918
468.005640
470.823623
492.577629
507.798796
488.064726
465.174479
429.072021
370.902443
290.637733
210.801033
123.041853
40.744771
-55.767821
-131.481589
-203.590982
-280.458615
-322.438838
-360.542970
-362.205830
-364.503208
-346.741677
-309.881519
-279.139878
-212.416328
-165.886760
-113.394661
-65.362023
-28.116266
19.939089
51.181937
88.801191
116.014734
145.559652
174.727011
215.680833
239.215125
254.060548
285.056629
284.803951
312.070493
315.727375
334.873926
344.783602
367.080834
372.740285
388.640608
382.238700
392.465797
392.859814
391.873366
417.602128
415.784560
428.337661
417.382855
413.643143
397.928294
374.925049
367.518927
372.256630
342.172651
329.467786
317.074417
315.569310
317.515866
330.331978
343.956736
370.629597
375.273426
363.557346
338.688705
303.613008
252.976625
178.606794
102.840698
25.381528
-62.187013
-137.684247
-203.552696
-258.775849
-313.713357
-348.027960
-357.655752
-349.205963
-328.346139
-285.027371
-238.608998
-177.018553
-112.617468
-41.007469
16.814088
79.720185
126.971113
198.423170
232.973069
289.518723
302.465105
337.671831
383.587269
403.886194
425.982602
483.836174
500.824191
524.203886
521.265913
534.013628
544.403725
547.375653
568.745116
588.097238
599.183403
613.744459
608.741107
611.411897
621.629707
627.800504
615.524220
618.418319
606.441955
597.350942
608.250109
567.145069
570.736835
538.389291
507.965869
503.615362
474.194195
462.057268
451.249103
457.745822
469.984700
482.114786
480.500274
474.645052
446.850905
396.601963
353.769572
275.159162
194.070795
107.944256
6.835656
-83.452712
-160.289474
-238.117449
-302.952003
-356.401804
-372.280737
-385.472248
-391.902227
-346.516859
-313.635570
-272.724122
-222.836752
-159.621839
-115.542757
-59.018594
-28.787581
27.578857
50.157678
86.084538
123.231856
155.522432
175.705168
217.467009
224.611716
258.846471
286.156173
302.832583
305.291081
335.508156
337.670652
337.031729
369.166520
364.257992
365.690376
400.623936
385.690774
411.895703
401.928897
404.025886
417.728879
422.851528
416.608333
416.294433
395.347113
397.191771
379.427430
363.829466
339.953632
317.849408
318.257088
319.823744
314.157410
322.841627
343.112040
352.082106
365.712719
354.851795
318.483778
292.988751
221.519489
156.144200
82.211187
-6.084969
-78.754685
-162.155004
-227.951664
-287.377388
-341.171272
-359.069967
-367.372114
-362.515382
-334.020207
-290.514604
-239.771307
-179.848335
-110.775349
-46.493567
12.403218
85.860461
131.003131
183.682361
237.621711
270.584630
313.155486
357.913461
383.970474
415.189865
431.944015
476.407039
503.121548
514.352078
537.460730
546.376203
548.861741
568.303837
565.237449
580.253491
591.456300
589.849082
615.334795
623.648300
604.126511
630.794859
599.564497
611.389542
607.038259
609.559044
585.983018
565.934514
544.519078
536.691273
496.957502
482.374479
469.046903
444.044405
445.593463
453.045067
458.310236
478.387901
473.155065
471.328174
442.817285
388.964722
333.602477
255.494136
173.061332
93.866924
-5.354924
-100.138796
-176.609565
-249.761390
-326.757642
-355.059093
-388.981671
-404.396407
-376.025124
-349.433694
-317.590932
-271.147044
-210.363018
-147.620583
-108.680003
-47.281904
-6.733638
28.254984
76.269923
108.396127
131.451026
154.109832
195.709817
211.534865
233.304385
257.547653
269.577349
288.355259
306.300132
326.821360
342.630182
348.905403
354.693585
362.468918
370.978752
380.137200
396.640948
393.237928
407.555805
400.848692
417.578815
419.084590
390.633694
404.373259
403.492166
369.430094
376.736455
360.222730
333.285717
325.958741
304.669889
311.020101
318.494270
326.997821
352.883542
368.011269
366.648773
353.333033
324.579285
282.625323
218.282688
147.109009
71.353103
-12.313507
-97.503100
-176.859717
-236.142222
-291.532131
-338.011792
-355.112694
-361.852077
-365.898576
-327.494533
-287.819390
-229.140975
-165.313707
-105.383965
-26.979205
29.570170
92.493759
141.289688
196.345045
241.040980
275.289965
316.604060
332.750548
387.760014
405.903036
464.573730
482.139729
500.824191
526.590972
517.285565
539.892679
570.798347
557.321921
581.298052
583.130649
597.160762
609.343080
605.731048
628.543104
625.662521
614.716307
625.547063
602.085056
597.239736
608.335030
581.671730
567.690105
553.150510
518.117586
503.685048
483.122109
470.036385
464.132297
459.779134
468.154248
482.824286
498.376256
504.126801
490.423112
462.528328
415.321137
352.074880
279.560619
200.593171
105.475293
20.803072
-70.085142
-158.366074
-229.517901
-290.463040
-332.408893
-358.275036
-370.776827
-363.014661
-333.260342
-286.261466
-253.992656
-206.541031
-149.622601
-108.952640
-53.893967
-4.843465
27.258586
67.490741
85.983262
133.778484
154.243348
181.206730
221.581168
239.010059
261.495698
278.561489
294.328782
304.708465
313.263879
318.493909
358.523770
351.882474
354.021817
381.222274
386.796961
387.237899
401.835266
395.247803
398.086939
425.225028
399.214558
400.440947
398.257870
385.914960
367.001202
360.133794
346.232369
337.734614
320.548638
312.132811
311.020101
328.809082
331.332174
351.036732
365.363707
371.761294
349.311087
326.825691
293.136934
223.327559
144.044238
57.739930
-13.630618
-95.414331
-177.556228
-233.239217
-284.262739
-335.069894
-355.661119
-366.653891
-351.867534
-320.711973
-269.460281
-223.497579
-153.753969
-81.550318
-18.233095
36.875434
92.862750
146.143440
205.602058
256.868721
282.381741
317.948451
344.764026
382.883710
407.471744
432.759772
477.290091
494.847244
517.285565
521.051064
530.983933
540.428170
549.852467
565.809326
589.159744
596.084796
592.318917
600.556777
609.170239
599.640516
605.827752
609.012543
607.852090
605.132067
590.766913
610.812431
561.092293
547.134323
530.257257
508.549836
478.902120
461.303949
460.043026
471.102609
462.748544
478.532019
501.673043
489.241154
489.891071
458.513445
397.528770
334.707957
251.912909
182.373842
87.040241
-5.347887
-94.995009
-175.633582
-243.500859
-307.181173
-356.238007
-373.977707
-379.685963
-370.511495
-334.064974
-300.697695
-249.377841
-201.808152
-141.671228
-101.690076
-59.623470
-11.732604
24.065841
71.241903
92.825265
119.818004
154.751285
191.645102
209.182101
244.461107
246.405960
273.418568
305.291081
302.254658
322.809824
342.630182
345.945791
355.701237
359.725539
382.238700
387.165691
373.718566
394.536582
382.010000
399.660183
403.016332
399.623172
394.292714
394.007519
381.256467
366.893961
344.990021
324.857518
325.814650
320.404024
293.665922
308.243872
307.645861
319.037517
344.919249
346.830764
359.792363
340.626592
303.125076
262.065783
196.851547
117.352828
45.663841
-42.217952
-122.675567
-197.253520
-252.014889
-304.187696
-347.304123
-371.979468
-373.228359
-352.642969
-314.239401
-273.139477
-219.771641
-155.330932
-91.401610
-19.938177
33.551674
113.116615
154.517028
201.292900
256.639572
283.916425
318.284548
352.075738
388.185719
429.272377
439.993877
465.309281
488.829921
518.099634
517.631190
539.892679
538.370947
561.324950
579.321645
578.686650
590.384822
603.838508
614.774382
614.046794
610.382848
599.792862
611.955303
596.279027
601.784591
582.500354
586.302774
554.255484
537.201913
516.584299
501.130516
461.591202
459.060262
449.018595
447.214066
467.061441
468.059862
485.883429
477.586438
461.932752
423.960965
382.928370
308.030078
241.968979
154.490599
57.798033
-26.633846
-122.902001
-198.169233
-268.752081
-337.841664
-364.461755
-380.734386
-392.266033
-374.176050
-337.208723
-299.847159
-253.633531
-194.975496
-143.104673
-92.200430
-44.316685
2.077276
43.483391
68.975868
83.061857
127.576161
155.767157
179.429030
225.000630
230.471770
249.301921
276.121455
289.153017
314.158918
325.271672
336.712268
352.216012
355.817930
361.783073
379.052128
364.995147
381.874662
394.156124
396.797795
408.363400
411.909770
397.580108
396.115047
380.653657
387.184173
371.583080
356.658438
343.066238
331.093133
314.844036
311.142547
301.871549
321.831397
336.153668
347.795901
367.912338
368.263630
345.245258
319.521514
270.846763
205.008904
134.133990
50.237537
-22.818639
-100.871229
-174.621418
-241.720643
-305.289841
-343.542000
-357.700564
-358.122464
-352.186106
-316.361398
-265.471555
-210.093509
-145.803914
-90.969791
-16.884905
54.717182
103.612272
168.091271
205.612415
260.363533
280.068834
325.000228
344.662966
382.121949
420.335105
460.002118
474.625655
488.383907
518.226939
535.466068
549.357103
557.321921
557.824012
583.387173
584.710951
589.849082
593.932864
597.822003
593.993315
618.173008
597.664682
603.193977
586.492351
590.856264
575.142492
577.103816
546.536844
530.711248
507.568738
495.085547
477.388696
454.914698
463.897176
465.778548
469.032773
493.478190
497.369954
497.611155
489.048096
443.491807
400.478517
330.528580
257.645708
177.260551
83.626897
-12.445553
-95.721905
-166.028358
-243.943119
-300.959384
-338.910209
-360.121376
-364.396566
-350.310190
-318.628542
-277.170442
-238.098656
-185.307818
-132.082399
-93.130358
-37.067446
9.020726
40.826321
75.810465
98.510754
120.090938
158.097307
169.761753
210.037652
244.703148
263.032401
286.935160
280.168574
312.070493
323.733018
318.190870
332.654117
354.357700
353.014164
363.604690
385.322044
382.003482
411.566643
388.164751
388.674210
401.092835
400.687204
381.300742
402.272489
372.007310
372.447227
350.653941
330.542715
341.120774
312.153062
304.976613
314.142323
311.623938
343.210353
348.873579
364.348937
361.999184
342.835075
305.168127
266.247686
187.436712
123.553130
45.459731
-45.166224
-121.948794
-202.098750
-258.751889
-304.713381
-340.028418
-351.816003
-362.864903
-337.644409
-304.752225
-256.809240
-202.771065
-131.683912
-69.043294
-10.949993
55.855542
107.769370
156.229655
208.504676
249.164484
297.647613
326.620037
359.022620
388.952126
431.858605
457.761262
483.477767
498.664089
508.348213
529.455474
526.968001
548.861741
560.820614
564.726385
585.237716
592.527779
596.715811
601.103734
601.855254
598.734405
597.664682
606.699103
606.083365
593.112708
578.962903
576.500780
562.202231
527.729725
520.269799
494.501715
476.431199
463.256201
443.757915
457.269102
466.243148
488.045670
494.040998
488.906245
479.255149
436.832231
378.454769
317.360839
237.250877
155.919483
75.685736
-26.809802
-112.973404
-189.772235
-272.677837
-333.293395
-358.104276
-383.950493
-378.831171
-366.319755
-331.407206
-286.029533
-231.791865
-188.660193
-134.812899
-92.363783
-38.085194
-3.249136
43.211620
74.680769
99.087515
132.043816
171.061796
186.533776
225.228595
237.076715
267.251179
272.365946
303.121545
299.336633
298.768092
320.615182
341.657722
354.693585
355.029469
364.299919
381.146588
377.870257
378.316189
382.650753
398.072655
389.012609
394.484736
399.018316
387.605716
380.738266
368.126493
340.667402
320.050982
316.709765
314.794870
299.284981
304.718053
308.652306
324.280863
341.362130
356.799255
347.055019
336.552171
294.877410
238.127841
173.674558
96.688100
15.652307
-64.738250
-152.878742
-219.546122
-273.982269
-319.043854
-349.718568
-372.821060
-375.207995
-346.398733
-309.338787
-260.143680
-194.007535
-128.430533
-56.933554
4.408656
58.835916
119.292147
159.034052
219.944371
259.220305
286.371917
328.428500
354.585442
384.757274
398.411140
462.583982
477.247896
485.237568
519.504968
518.099634
542.382703
557.321921
547.855561
569.325966
577.241496
587.565985
594.470848
595.915130
604.849613
602.043493
598.794483
610.213495
595.698425
589.094267
587.175625
577.446324
551.776375
522.180310
504.739701
493.133061
466.793907
448.345168
452.447770
442.731929
461.908926
479.491817
475.564571
478.640777
461.109532
412.842005
359.423456
270.989120
206.057848
125.629718
22.099251
-60.609346
-146.647816
-220.864014
-281.890097
-340.417243
-377.665436
-384.222597
-384.597056
-365.400889
-324.684074
-285.948167
-235.481491
-181.552424
-127.525528
-75.971390
-25.158272
7.568742
34.866342
68.297277
100.471741
137.447837
168.153483
186.218831
218.580002
226.007192
267.251179
271.386593
280.704269
308.924503
320.918220
333.922579
347.590020
353.685932
363.567456
360.411384
367.807994
385.918130
380.897293
386.166472
398.866419
400.984999
399.440252
391.812886
369.990974
366.603853
364.408634
334.598754
321.857545
314.981471
302.734651
306.173946
307.977108
312.308247
336.616554
351.141451
365.669392
355.328080
332.372252
293.549136
237.102229
172.552326
90.375159
6.364150
-69.263474
-150.700246
-215.736874
-271.844914
-318.772122
-354.032240
-372.557208
-355.476344
-336.564002
-304.027842
-248.449804
-192.266846
-124.747997
-48.435305
-4.939020
69.532451
123.279302
180.718698
218.496932
260.080549
291.803282
330.485463
353.334926
393.550575
418.082906
452.622506
487.045869
484.796041
502.091119
528.978057
530.983933
530.887724
546.869322
560.316280
577.761533
565.237449
574.508407
579.265825
598.533147
609.813462
603.069620
585.072428
593.376015
586.259184
572.061632
571.073472
546.474358
513.708146
507.222591
490.658114
475.411107
468.087577
446.412122
469.704434
481.462194
489.650725
502.916847
490.535937
477.002296
437.411353
382.869378
321.189587
228.896972
154.206084
60.204563
-42.445231
-119.528714
-198.949285
-260.067305
-317.225099
-338.958262
-359.547753
-357.811480
-337.008262
-310.865666
-267.256647
-220.653871
-171.487691
-111.386059
-75.153725
-37.603103
12.680022
43.265974
80.454101
107.273498
132.933000
164.005868
187.509370
226.368415
233.995317
271.050169
268.543495
289.430249
296.778201
323.733018
326.821360
332.337002
363.567456
354.803240
375.515290
376.952669
370.843808
381.836303
385.786013
396.088246
396.245791
370.835439
380.088980
377.760525
363.294859
350.393478
341.955315
335.481274
307.725398
305.425626
299.371898
309.344935
312.897507
332.275158
359.307718
365.058942
354.348590
334.952977
289.401272
241.361548
158.453918
88.014623
17.423995
-65.947690
-149.208166
-210.638880
-274.213362
-324.861162
-354.545175
-366.998595
-354.583185
-333.538709
-296.229824
-241.086173
-183.363643
-118.872824
-56.250473
21.595023
63.647389
117.103754
168.460649
214.588546
261.175462
295.690990
334.718394
363.297936
386.263173
426.789386
461.456674
473.059063
495.999653
501.848987
513.137840
528.393523
539.406288
548.348680
552.342182
566.318148
575.161346
578.916517
581.190948
588.578778
574.027506
577.037705
596.781690
586.486599
590.856264
575.425452
558.327768
535.059699
515.051569
506.103959
487.769637
463.014982
456.336105
441.931346
456.442990
469.583613
480.684407
489.254910
480.890383
455.762568
409.991002
356.388813
280.429485
204.064454
112.492273
18.872087
-66.759196
-165.177518
-225.282046
-293.431263
-352.227739
-372.181460
-389.812051
-378.845238
-357.785843
-322.475589
-272.724122
-227.759272
-170.310730
-123.445880
-75.481737
-25.436648
9.432964
50.157678
95.716316
111.451626
136.693508
158.306839
195.688247
214.743180
235.837800
252.206410
269.577349
287.530602
314.158918
317.230838
316.028067
330.231203
332.971233
354.126780
364.257992
374.437256
384.804904
380.723078
383.883714
393.747042
406.278550
382.859839
383.278666
380.377100
367.435154
349.146527
332.520500
334.163940
311.478807
294.452160
294.568989
293.199501
314.953834
332.574181
350.181068
365.595061
338.969888
315.976961
277.491320
211.120850
149.954036
74.004958
-6.040106
-89.091592
-178.091583
-241.926252
-293.977168
-347.324644
-369.622998
-372.044202
-363.092367
-343.034026
-294.043121
-246.099307
-186.597569
-110.459192
-49.328122
10.834798
74.429919
128.421291
177.435025
223.487779
261.459967
296.954628
331.388211
361.756027
392.351656
433.983410
453.879791
472.050817
497.351150
513.601798
530.504274
547.362443
549.852467
551.338554
567.792773
569.258424
577.642089
582.784707
592.918530
589.923296
600.764026
571.762241
582.270359
580.774725
566.595157
571.298424
544.605383
539.655821
512.930473
496.196324
476.353435
467.643272
461.186473
451.118966
457.004095
476.811114
508.275729
496.000471
494.030428
477.361218
415.493839
372.051687
286.498362
212.496871
142.770824
37.546772
-60.050973
-142.311083
-218.679792
-275.687451
-329.411367
-350.220230
-360.964737
-361.087372
-329.546869
-299.823031
-254.242494
-209.533431
-160.809538
-112.478440
-59.289490
-16.469421
16.497469
49.666538
85.578158
118.043933
133.229394
171.835177
190.751382
227.280272
242.570289
255.121696
265.190746
284.803951
294.328782
325.891128
328.044241
333.288348
341.333568
353.350049
368.864913
375.155945
365.292275
382.010000
385.485112
390.196216
390.445176
383.724264
377.421544
350.859368
350.602801
352.099849
328.990565
309.978548
313.876291
301.908531
304.066782
302.695303
321.355026
338.240721
351.944072
351.112581
335.956006
309.540863
274.057004
205.711570
126.749685
50.237537
-27.382367
-107.752889
-191.929356
-252.981326
-297.379347
-339.218594
-361.668390
-378.751762
-368.151393
-339.262224
-286.221142
-232.111320
-173.437805
-109.940600
-39.504676
22.091460
71.503007
147.951287
192.029159
238.570820
260.245448
310.114449
342.216070
366.645951
396.999412
423.636189
440.917355
487.445199
502.996604
505.033886
529.819045
530.887724
542.811018
549.828038
557.321921
581.298052
578.164368
584.026914
601.650688
589.378584
576.644461
594.166288
575.832075
575.633565
564.262503
567.171398
552.432016
531.207306
508.516889
496.327596
454.007844
457.709630
434.469095
439.975077
451.132312
467.813713
481.632244
493.878514
472.162669
440.715875
396.669995
324.116151
252.463981
179.242752
89.213495
-5.397154
-103.790846
-179.757207
-242.961661
-315.690832
-363.446315
-380.507240
-383.299762
-376.761116
-348.855046
-303.227877
-265.262024
-207.730760
-152.548438
-106.818125
-55.560791
-13.633756
22.466768
60.691970
91.768295
119.501882
147.773439
168.510876
200.004390
231.461903
239.403277
273.418568
279.632879
297.631011
308.924503
307.621548
327.751591
328.981510
335.753883
358.523770
348.880633
352.773860
355.971555
360.057251
362.578878
376.600939
385.067248
384.936024
374.434097
371.147649
345.684230
327.464975
338.327923
322.176590
315.100625
307.311130
309.772353
305.568478
326.846053
342.198964
365.531803
363.266460
344.887927
321.215023
282.022737
214.569616
143.382641
58.434369
-18.308750
-100.402019
-181.486641
-234.719680
-288.734519
-338.751265
-363.029221
-371.966506
-352.197951
-325.448803
-281.139372
-225.541911
-164.251960
-96.028939
-33.167635
35.162338
83.796560
133.818622
197.509606
222.510652
264.668520
298.850083
329.375773
356.725227
393.109090
427.224355
456.730283
476.537439
481.320204
502.091119
512.041934
519.973413
544.337235
539.892679
543.359968
576.201421
579.208930
583.315959
581.812991
582.097247
580.866392
580.116669
597.445353
583.029900
583.333739
573.269625
546.806344
517.631742
513.418410
494.511763
483.233275
462.867721
461.754028
454.147256
462.151844
485.498528
514.048507
504.126801
494.250342
459.650747
409.301987
364.500529
273.088002
196.672854
114.948162
13.653372
-70.554368
-153.679387
-229.754057
-290.012628
-331.018058
-354.503722
-359.820200
-353.313945
-324.165698
-280.835479
-244.172227
-201.363531
-146.872870
-97.456074
-63.545384
-16.792351
9.396590
50.034893
89.754903
116.551218
154.243348
162.217106
190.631275
233.586871
237.774684
255.121696
283.713793
265.190746
290.539177
306.747622
312.667186
329.293934
326.201206
353.112091
368.838802
376.520290
364.937621
377.210001
363.308783
375.844712
374.710417
385.140608
377.558089
362.316488
354.267167
342.629622
325.270824
309.728388
313.434832
288.028600
296.934553
316.623187
334.439117
346.487660
354.978268
365.977402
345.696158
314.636152
269.974424
202.544344
126.409115
52.271979
-21.328804
-105.544880
-188.354866
-246.100029
-302.068282
-351.674566
-365.064926
-356.197074
-350.165384
-320.750069
-277.096807
-214.487621
-163.008935
-86.991156
-29.109018
42.068359
106.937174
149.970473
192.364021
240.847345
277.091207
302.244821
336.156387
370.276110
393.416195
436.022806
448.241185
470.874158
487.702917
505.033886
509.554153
515.921589
554.830208
541.838238
558.326103
566.318148
560.212291
580.323845
576.940922
580.483299
576.179438
599.564497
573.063651
584.182134
573.054917
560.281658
543.869682
513.319804
494.673546
