71.937361
52.104373
46.895887
29.755712
0.218409
2.663324
0.215705
-6.994746
-4.506962
-18.235572
-6.533405
-19.564684
-23.192918
-10.060996
-19.519435
-16.802366
-10.566856
-18.361060
-17.191242
-8.693202
-21.435013
-16.069320
-11.087963
-3.919471
-7.975412
-6.047793
-3.193422
-4.756170
-2.834917
-2.910590
-0.858447
-0.666282
0.512800
1.807319
0.604940
0.845971
-0.051212
2.015906
3.899026
7.200621
9.058635
12.090314
1.101484
-5.320340
2.684422
5.919832
7.968104
10.248669
10.848092
13.298614
7.931802
-0.185200
-6.655437
-4.661151
-13.962056
-0.210365
2.182696
-2.643118
-0.219415
-5.152071
9.711621
-0.222505
17.230080
47.289477
54.412139
62.170304
47.383027
32.061880
14.605450
-5.141736
-12.411747
-21.942387
-30.951095
-18.627805
-6.945800
-4.578470
-10.813073
-12.440839
-6.013580
-7.626495
-14.205952
-20.034580
-18.659072
-12.927123
-14.537258
-6.017054
-4.308868
-1.013061
-7.329117
-5.542322
-1.734540
-2.635771
-2.969707
-0.708030
-0.093016
0.355859
1.206395
4.531821
3.073425
3.949186
6.122557
8.736235
3.612383
4.060357
7.650516
2.463986
6.464776
2.873027
5.966628
3.282068
-4.871220
14.235080
9.382821
9.881024
-3.874562
8.540094
4.514061
6.862025
9.436041
-6.838704
-4.551497
-11.880904
2.658246
5.122753
-9.579916
12.561830
39.975868
59.853241
77.173095
47.207339
51.956908
19.929113
-2.241477
-2.222374
-4.640568
-2.179922
-6.859058
9.455104
-13.308453
-1.995254
-21.090229
-8.021243
-15.525128
-12.950418
-12.306119
-8.286873
-10.840338
-14.391252
-10.675830
-12.173659
-10.010804
-16.751675
-10.466176
-3.754274
-4.445666
-0.462729
0.832691
-0.800563
-0.481694
-0.206027
0.632453
2.327409
-0.030021
1.353537
1.110632
4.854507
3.984052
7.298455
6.052709
14.561969
6.024664
2.514282
-5.846305
-10.819169
-6.695941
1.581272
12.717440
9.462123
16.005728
12.339339
8.434794
-4.686989
9.015170
-0.209923
6.962076
7.091670
9.585873
2.245767
9.663256
4.740273
24.783390
34.648568
49.741008
67.294785
57.065610
34.579752
19.566904
4.693012
11.952156
-2.621564
2.148908
-20.998145
-24.905339
-11.165537
-4.444113
-6.288662
-2.131199
-9.466160
-7.232021
-5.134849
-14.006257
-15.853839
-10.564426
-8.381787
-2.232392
-5.648081
-5.786589
-4.804623
-7.349266
-6.531484
-2.156820
-0.677686
-0.301231
0.266878
0.017889
3.411784
3.023854
2.201743
4.709281
7.760355
0.957172
-0.885129
3.319405
8.228848
3.895441
5.518654
8.813780
3.247981
5.105116
5.421936
9.370959
-1.759645
4.207280
0.185335
2.343421
15.796745
9.350259
11.933146
9.750576
5.039971
2.643013
-7.103297
-4.685103
2.691252
29.812067
52.300993
61.986813
61.986813
52.055218
22.392883
10.007922
7.553267
2.650630
14.576091
0.210920
-18.235572
-4.270926
-23.955843
-21.090229
-14.174587
-13.498073
-11.076600
-3.398036
-8.252535
4.881902
1.591901
-10.675830
-7.260408
-12.155938
-11.036981
-6.088630
-2.989736
2.001724
-0.492446
-0.369334
-0.265326
-1.111416
-0.338257
0.661214
1.032452
3.162272
0.421222
1.105906
-3.562398
3.153375
4.445619
5.004358
5.465925
3.563834
13.114850
4.118209
8.976723
11.315787
10.219429
3.497310
15.281752
3.880124
8.144606
-0.193368
13.187303
4.404720
-12.008931
-21.717567
-2.645812
9.595545
4.730821
2.248019
4.754451
29.637645
54.466334
62.170304
52.239005
44.345683
29.519801
4.730821
9.595545
-2.653895
-7.427192
-4.909195
-4.811011
-15.904353
-6.770054
-15.027597
-8.334525
-7.990625
-9.428396
-8.912289
-19.944873
-19.943383
-18.454104
-22.106999
-11.803963
-9.487384
-5.572773
-6.482716
-0.059600
-2.719003
-3.321392
-2.300964
-0.793043
-0.453259
0.096479
1.678043
1.696262
2.277499
4.543913
4.775376
3.212066
7.334366
-0.908478
4.460674
-2.262388
1.396404
5.661625
4.529080
9.594389
10.218876
16.058473
11.368499
7.977744
4.236497
4.377714
-1.967661
-8.723101
4.811102
2.559229
7.409259
-2.205393
0.218201
-14.507040
-12.121269
-9.689296
47.429806
59.684799
59.684799
59.797094
22.519995
27.320119
-12.098377
7.531666
-16.735678
-16.494065
-28.094881
-20.457764
-4.288740
-19.481606
-14.706134
-24.347046
-11.558791
-20.370096
-22.840101
-20.016215
-26.408523
-11.450243
-5.232038
-15.648027
-12.079645
-10.706380
-9.434839
-8.163297
-6.144579
-4.527708
-4.580687
-0.512155
-1.329235
-0.300299
1.119513
1.761021
4.124523
5.685950
2.389213
6.479900
7.427640
11.106752
4.043284
10.160659
12.256869
6.534817
14.242482
12.229315
17.973548
12.102080
10.935812
13.435360
1.853827
6.126915
17.140608
-2.449128
11.308391
14.006027
14.254568
4.669382
7.156467
-5.167574
4.735547
22.260880
42.204571
61.985457
64.537958
64.602047
52.032118
29.549262
17.042054
7.149268
-0.216987
-0.214779
-2.573066
-0.204846
-0.199990
-15.483510
-6.502614
1.844817
-9.856387
-13.046129
-14.225960
-19.825264
-13.803920
-9.959948
-10.344334
-1.255548
-8.363504
-4.670140
-3.236709
-9.130488
-5.842332
-3.709522
-2.934880
-0.717515
-0.163644
0.677475
0.243736
2.057968
0.492550
4.600476
5.656323
6.504772
14.512815
6.145518
2.283813
1.302465
-1.169559
0.123141
0.132917
3.272329
8.588069
16.100843
5.774757
4.095280
4.275453
4.377714
4.518930
4.669886
18.628158
21.503100
16.936886
5.069188
7.538867
-9.598146
-4.711824
-12.144161
42.460616
69.857090
59.516356
60.133979
44.734552
17.548267
10.065110
7.538867
-9.479650
-6.974393
-13.859527
-2.095017
-8.814252
-8.540800
-8.285579
-14.142372
-23.236577
-5.434328
-12.273904
-11.565175
-7.691683
-15.995993
-5.259383
-2.342552
-7.683271
-0.902110
-10.355129
-8.315882
-1.845365
-2.023541
-2.314514
-1.598116
-1.272249
-0.338257
0.815498
1.020306
1.959089
0.888506
1.101180
4.181340
-0.889122
-1.922337
-2.139375
6.652132
8.495387
10.448727
2.712778
-0.137521
6.422825
5.068564
5.385350
17.257692
3.875398
6.112516
17.081907
19.946630
-0.206171
-7.266728
11.818544
14.371529
-5.121065
4.688286
-0.221181
27.041284
27.257182
51.928674
47.008827
46.962052
22.128637
-0.220519
-0.219194
-0.217649
2.214231
-9.791044
-14.293410
-18.527763
-31.399122
-24.109904
-21.212196
-14.326193
-11.748008
-9.390632
-12.327189
-19.556142
-22.729563
-21.087361
-16.608694
-7.048805
-6.265604
-0.988812
-5.506028
-2.680399
-2.164549
-4.525750
-1.911328
-1.422465
-0.269121
0.498203
0.698443
2.428997
0.041602
2.344713
-0.628293
4.127967
0.081539
4.098482
10.041842
7.238370
9.154181
7.046013
-1.347858
-1.447621
6.833981
23.247383
24.345685
9.940334
10.379227
2.285025
-4.137320
-13.280899
-6.716585
-4.506962
4.996145
-7.055806
-2.237232
-4.702917
-14.603478
5.171448
44.818877
52.104373
57.476126
49.680434
54.677801
29.952956
27.268425
-2.230864
-7.062590
-14.176395
-25.710571
-15.962518
-13.294676
-15.076607
-12.481841
-3.896830
-15.469813
-7.282924
-12.290011
-14.850052
-16.886072
-14.345052
-14.470143
-8.327570
-6.461350
-11.632169
-5.069887
-5.073858
-5.483096
-2.962026
-1.440178
0.525910
0.287303
0.106758
0.090101
-0.253265
2.798067
2.865534
4.813458
4.991253
2.462286
3.685386
1.989686
3.319046
8.546667
5.233055
4.219004
2.967988
16.399691
10.438730
3.530393
-0.172839
14.067814
4.021907
17.140608
2.034029
-0.206171
18.647260
-0.214117
-2.653895
-10.054026
-14.986241
-19.988375
12.195086
37.139144
57.178948
66.895409
51.980396
49.494766
26.960322
12.097914
2.232251
-2.648507
-2.613481
-11.920815
-4.774838
-11.329180
-8.830146
-10.699782
-6.219891
-7.838904
-11.175669
-3.617301
-14.815607
-6.149747
-2.914511
-6.457633
-4.683113
-8.303479
-5.467342
-7.836035
-5.957718
-4.181752
-0.035098
-0.558098
-0.667163
-0.149733
0.233738
1.828878
3.177798
1.915802
6.020155
0.771831
4.127967
0.081747
6.173904
11.240757
10.973996
13.169088
11.331501
0.133957
-4.647334
8.611793
5.501140
2.051445
8.015869
12.404580
6.523604
11.067222
11.446805
16.391601
2.571923
-2.186289
5.088666
-9.516111
-7.177926
-2.254213
34.809643
64.700813
64.883240
59.853241
42.420785
37.350747
15.072842
10.065110
5.103275
12.336453
24.104135
-2.148082
-15.881981
-20.021608
-12.908923
-16.797377
-12.013427
-15.525128
-11.021493
-17.555941
-14.850052
-15.407648
-18.506801
-6.512750
-9.514212
-7.538303
-5.744953
-4.235004
-2.171017
1.300166
0.045762
-2.689950
-0.476527
-1.079202
-0.144967
0.425609
1.538400
2.739367
2.344274
0.545111
3.522485
4.868483
5.526386
6.096569
5.514511
7.310035
3.902219
-1.565394
12.170614
6.451844
15.604656
10.965053
15.418721
22.048631
6.112516
-6.701283
-6.915235
2.097100
-0.210365
-7.411910
4.650477
-0.218532
-0.219415
-5.167574
17.144614
39.590675
59.497045
79.403414
59.260476
34.510937
12.158646
12.085767
4.683560
7.055672
4.570134
9.121572
-4.774838
-2.416796
-11.027069
-6.487331
-8.203034
3.672176
-7.484889
-1.891406
1.479908
-6.180091
1.265919
-5.198963
-2.397754
-4.177377
-4.582024
-2.406960
-2.001980
-1.090358
-0.439173
-0.558098
-0.299719
-0.045185
0.009360
1.126888
1.065666
0.505245
-1.113380
2.859406
2.469753
1.899119
3.110592
3.384209
-5.894668
6.595258
-2.654298
0.131669
3.301546
1.830559
3.715457
5.767557
-9.591712
4.275453
-1.908227
2.371349
-4.297647
-15.946411
-9.215314
-9.397615
-2.207516
-16.912860
-14.548371
-17.057827
12.597416
30.009311
67.306871
67.117452
59.684799
32.460913
17.515219
7.603671
-9.570801
-9.461420
-16.510173
-20.997766
-20.499302
-17.663982
-12.922700
-33.672996
-18.173140
-15.322306
-23.923426
-17.486642
-18.106752
-13.853125
-20.037580
-18.416417
-10.654653
-11.850768
-9.678868
-6.730014
-3.616922
-8.034660
-2.934472
-2.609413
-1.501678
-1.014772
-0.161699
1.437036
1.917557
3.173828
7.634782
4.833025
9.197033
8.187589
2.721473
11.334670
4.488239
18.477370
11.945937
5.648991
10.700427
18.054510
8.624015
16.618518
9.607881
14.067814
6.126915
12.821801
17.766749
11.308391
4.518147
9.392414
4.650477
7.127669
2.241262
-2.702393
24.489225
34.579752
67.095097
74.278933
71.580940
37.102263
26.960322
7.192466
2.227746
-9.912420
-4.971206
-7.228522
-11.618704
4.253485
-11.001893
-8.577278
-2.193168
-13.554647
-5.677370
-5.310595
-9.895438
-9.157422
-14.099871
-1.379487
-4.642654
-8.303479
-6.382783
-4.654019
-3.298050
-3.132802
-1.169095
-0.802320
-0.412622
-0.053488
0.010192
0.021425
2.128932
2.881155
0.052834
2.174535
0.888621
3.736291
1.106968
2.327639
1.312620
1.416716
2.921722
0.132917
1.736619
0.151222
7.320080
3.934586
-3.754317
-1.863653
6.523604
-6.363794
4.718581
7.135642
-4.502509
0.214665
-14.327941
-4.667289
-9.634606
-7.191495
5.181187
42.380953
44.945365
62.162247
49.820906
29.896600
22.371698
5.151970
-7.116866
-9.470535
-16.510173
-13.845750
-18.198695
-24.413598
-12.895147
-20.951630
-20.050733
-21.107590
-16.532365
-20.904591
-19.710836
-19.891050
-12.752352
-20.693317
-5.803100
-9.574649
-9.494068
-7.518488
-7.908989
-6.637447
-5.829965
-3.302319
-2.914983
-1.373265
-0.097270
1.124064
0.491514
4.790122
3.384480
8.601928
8.096193
5.794640
9.437789
13.635879
12.549099
7.456236
5.329784
1.324484
18.530893
11.520907
12.204640
14.831713
19.439395
20.223834
6.162914
8.521850
4.310198
11.344831
6.868481
9.382741
9.508489
9.605218
2.243514
21.996394
14.707791
42.162743
64.666137
69.657492
56.838935
51.980396
29.519801
12.110060
-7.580015
-0.215442
-2.594621
-4.878189
-9.315652
-11.354356
-17.547352
-10.662018
-8.223263
-11.642577
-14.746178
-7.049956
-17.828712
-9.157422
-5.644011
-5.107931
-0.100878
-3.071740
-2.720247
-6.182590
-4.453920
-2.605712
-2.647803
-0.020529
-0.382057
0.014193
0.144718
0.530779
1.534548
1.519294
4.883292
9.427088
0.073427
3.803010
2.162074
5.693747
6.203812
11.821409
8.643466
10.657846
0.143110
0.152262
-1.636533
13.400795
8.101651
6.314791
8.683064
8.959473
-8.786907
7.178844
-4.542590
-9.388500
0.216745
-14.465709
-7.171141
10.141361
29.896600
44.818877
62.396160
59.853241
52.399303
32.399896
10.131830
5.117883
-11.995363
7.452461
2.602390
-13.887081
-8.978323
-22.152826
-21.575328
-16.631432
-16.096718
-15.359183
-3.522734
-12.080614
-6.489914
-15.269049
-21.338887
-11.672348
-9.422020
-13.992947
-4.692842
-5.863125
-7.908989
-1.777520
-4.781684
0.388454
-0.984425
-1.069427
-0.006784
1.532839
1.359667
-1.486863
-0.544251
-2.518564
-0.065118
7.405600
5.570247
7.264667
6.769092
7.383135
9.298774
4.211804
-3.260739
-5.165413
-0.157166
7.332080
7.670633
-4.273583
16.710136
19.351537
6.558895
13.684386
6.882880
7.019674
12.000742
7.149268
4.716643
9.682602
24.611793
51.928674
69.588456
62.047072
57.008942
44.345683
22.040475
24.342142
-0.217870
4.622121
-7.396628
-0.208157
-9.295423
-13.510209
-2.346744
-2.268609
-2.179697
-7.818674
-1.985706
-5.302954
-4.982026
-3.105712
-5.654126
-5.148390
-4.632539
-6.084866
-1.844824
-3.864509
-1.963774
-1.558793
-2.334540
0.218495
-0.505736
0.009531
0.248346
1.979713
0.779126
0.043058
4.751312
2.888000
2.512956
2.829775
0.090692
7.898372
6.108917
4.032250
0.124389
-4.328466
4.932305
3.525545
5.537143
9.608199
6.077176
4.280323
-4.052703
0.195112
0.201352
-2.120489
-6.892980
-6.981177
-19.304999
-7.137219
-2.241477
2.688713
20.061093
42.580112
59.628651
54.935229
47.296326
32.460913
15.072842
-4.698464
-4.671742
-4.609393
-9.315579
-18.585902
-11.239930
-22.152826
-10.690524
-31.417515
-24.041667
-21.082159
-25.744076
-13.828796
-14.704667
-13.749279
-19.875464
-15.602098
-11.919560
-11.774475
-4.647059
-8.477672
-10.116060
-5.441557
-2.893142
-4.275308
-1.771823
-0.743951
0.017093
0.871760
1.226796
4.048096
3.452853
6.054893
5.008347
3.269450
5.614107
5.113676
6.739852
9.861720
13.310960
11.524907
6.074599
18.135472
15.736899
11.023533
15.477421
20.150293
8.260681
15.025040
-0.201094
20.497642
4.522873
11.830691
2.214231
-2.667367
-12.525038
12.110060
17.144614
39.472612
69.381348
66.961972
56.838935
41.911775
26.852372
9.614891
-0.217208
-5.048719
-12.097047
4.437803
-2.476071
-0.197341
-13.133671
-0.185642
-14.098236
-3.968696
1.648848
-7.019612
-3.348588
-3.090209
-4.187347
-6.356929
-6.762635
-2.072197
-7.868684
-3.034414
-0.055626
-2.012828
-0.390675
-0.718268
-0.424818
0.014609
0.851573
0.540519
2.299247
0.548406
3.746921
4.428179
2.563359
3.812542
5.266716
4.622707
0.109828
6.690153
5.766469
7.722145
8.172900
5.277927
14.517897
3.963803
2.165696
-12.123642
-1.933699
0.195528
-2.075914
-4.449066
0.211961
-7.008315
-7.076159
-9.589031
-14.644809
-12.132715
17.564790
32.643963
72.344170
67.306871
49.867730
30.009311
15.072842
2.676019
-14.438156
-21.600075
-18.936231
-18.585902
-13.515106
-10.965227
-10.679078
-1.916718
-11.972097
-7.574605
-9.007968
-17.232542
-14.663128
-12.040272
-5.569295
1.429410
-5.757316
2.249726
1.040956
-6.619384
-4.993321
-3.554431
-3.302035
-0.672482
-0.678443
0.253216
-0.036173
-0.536080
0.770364
1.907000
6.010019
1.835915
4.429881
5.000064
0.885242
9.455364
1.063191
6.194715
6.704868
8.669702
3.010522
11.606374
6.945163
-3.922188
-8.031083
-10.372494
10.385257
8.521850
11.089754
-2.532651
6.890080
14.239948
4.650477
-10.064141
-12.550214
-25.080302
12.158646
44.567190
76.915311
71.652449
46.821728
44.345683
26.906347
2.241262
7.134868
-5.038384
-0.211910
-7.213240
-9.305538
-11.291417
-19.581782
-16.787033
-26.062376
-19.165843
-7.403971
-12.116768
-17.718997
-7.527611
-12.410038
-15.070789
-5.714942
-5.022603
-7.042951
-0.813682
-5.755380
-1.512947
-2.214048
-1.170682
-0.206703
0.033048
0.851573
0.540519
0.418921
-0.452116
0.054706
1.509556
5.915517
5.662960
5.254854
4.584581
13.492055
5.375684
8.529923
0.134373
-1.456111
3.545023
11.070449
5.825160
4.134237
12.546508
4.436148
6.768419
-4.342182
-6.764076
2.589696
17.002982
26.854875
5.122753
7.589270
2.696330
37.350747
37.561768
59.965537
49.867730
54.729287
42.301290
24.856654
24.950719
14.916720
2.625240
0.212793
-11.491741
-27.123220
-17.682420
-19.232375
4.392322
-7.948322
-5.597154
1.998128
-6.836286
-19.516504
-12.040272
-9.680599
-12.751157
-11.688561
-3.059777
-1.803676
2.563359
-0.643151
-1.117834
-2.289191
-1.694002
-0.664874
-0.284946
0.048586
0.716643
1.846080
1.547669
3.572507
7.016700
6.700304
6.085227
-0.086971
2.065303
-2.480435
-6.457633
-8.374221
5.765066
7.773760
8.296059
10.628791
7.370772
7.728670
-6.334508
8.347738
1.993484
6.609293
9.092553
-0.212131
4.626847
2.220989
-5.136568
-0.220077
9.701948
24.685335
57.122279
67.095097
74.426899
47.008827
44.168478
7.170867
2.241262
-10.013568
-17.131812
-14.504272
-11.832700
-4.743833
-13.480086
-28.199167
-12.681824
-20.114153
-5.853116
-1.969541
-13.845801
-4.943820
-7.540199
-9.679386
-15.040886
-6.717451
-10.082032
-8.859211
-3.763805
-2.559023
0.439242
-0.387981
-0.718268
-0.343851
0.094065
1.334675
3.743679
5.385643
4.985441
1.275819
0.064275
5.816375
7.598328
3.175397
19.358217
12.204923
14.551776
15.689037
18.118298
6.576635
3.569370
0.160582
13.499938
18.113449
8.416186
17.138660
4.577365
2.475444
14.192883
-9.288234
9.798232
-7.055806
2.660785
2.681097
17.482172
32.521930
52.546769
67.370011
62.220726
52.153528
29.952956
20.023385
17.432600
14.874141
9.922140
9.731513
4.884145
-2.073791
-19.834685
-10.621848
-14.464522
-25.969707
-15.119483
-18.041040
1.894032
0.145606
-12.003395
-9.745029
-13.986957
-11.480662
-2.008538
-5.455639
-7.269256
-4.105506
-0.526408
-4.984443
-2.562937
-1.449674
-0.318868
0.031535
-0.013244
-1.153077
-1.245506
-0.047238
-2.639941
4.517602
7.846409
3.820807
1.000121
6.973773
7.558576
-5.664240
2.840383
-0.141715
4.946170
3.440597
-0.168645
7.757689
1.874100
6.162914
-0.196017
2.067817
11.405563
2.171433
-9.952879
7.120469
9.624564
-0.220298
2.268292
12.195086
51.928674
52.290726
61.985457
62.047072
54.412139
14.590830
-0.220519
-2.675450
-17.201952
-7.327857
-9.528061
-18.387704
-9.093129
-10.926365
-12.606516
-14.133306
-19.066020
-16.411826
-13.805784
-3.322750
-3.054036
-6.860448
-7.485590
-2.304738
-8.722998
-5.181173
-5.902473
-7.899652
-4.791461
-5.001250
-1.888484
-0.740310
0.154206
0.496831
4.114913
4.931108
4.129116
10.275223
11.465483
5.237174
8.664796
3.283403
2.405551
11.334146
9.517704
18.762652
9.338917
13.160379
8.789723
5.623548
7.787117
8.149308
0.183255
6.602809
2.404355
9.283539
4.874406
7.330054
7.445261
-7.082944
-12.075485
5.142231
2.706486
27.423506
66.991173
69.857090
69.857090
59.740946
37.350747
10.112767
7.603671
-4.653928
-9.452305
-2.171431
4.874406
13.894832
2.424666
-10.644740
-16.502363
-19.912133
-19.011236
-12.628269
-17.140143
-6.407879
-11.948080
-15.258499
-8.843010
-10.467729
-12.659354
-9.401669
0.883543
-0.630416
0.639807
2.313085
-0.990527
0.233580
-1.017696
0.087720
0.561030
0.777564
0.760901
5.694322
1.228785
0.687020
-0.948397
-0.086530
5.222995
10.381064
12.624575
16.527553
5.755393
3.043605
8.296059
19.511824
7.390118
15.653523
12.134658
12.529400
-2.387159
2.070070
-9.507832
-19.208048
-19.548190
-0.218091
4.697738
2.245767
2.259282
17.195894
57.178948
51.876952
54.628920
59.437902
36.917858
19.566904
-0.219194
-9.952879
-7.434833
-21.447784
-9.467373
-4.723162
-0.196679
-10.838249
-12.576393
-10.070383
-9.592039
-12.677891
-12.046627
-14.365968
-20.665571
-16.326688
-13.577250
-8.883722
-8.880372
-5.211296
-0.802904
-2.467990
-6.656196
-5.571444
-3.803169
-1.106387
0.212893
1.187828
1.674760
1.591736
8.287680
5.698851
11.043441
8.465842
6.659088
4.270047
-2.168864
-6.054911
8.061557
4.392272
-5.915666
13.179233
7.024608
11.070449
0.170567
4.158584
-3.941365
0.190120
8.988067
7.063637
0.208216
7.358855
12.265281
-7.096513
2.668402
-2.239355
0.220489
25.115332
42.420785
62.571594
77.245558
79.206750
54.626315
24.903686
-7.123650
-7.123650
-9.452305
-11.674876
-13.845750
-6.614818
-8.695756
-14.947747
-8.130623
-25.909522
-19.034336
-14.400386
-8.515792
-1.479460
-10.469866
-9.696706
-7.591053
-11.573061
-10.487365
-11.132458
-7.393872
-1.340510
-3.513101
-1.329748
-3.280189
-0.875045
-0.492176
0.205120
1.025600
2.770052
3.130705
3.555413
5.664402
2.930897
5.948480
3.762769
5.222995
11.594998
16.254479
10.957466
13.180204
1.430353
15.097725
8.806212
3.601284
11.725296
14.136187
10.409550
2.000241
-0.202197
2.121878
-0.211248
-0.215221
7.120469
-5.115898
2.243514
7.199665
12.182939
49.494766
49.593263
54.303748
49.445517
41.869947
14.561590
12.049327
9.527835
-0.215221
-9.700011
-25.618488
-16.027099
-13.344532
-28.004913
-16.666983
-12.034178
-9.617215
-10.904561
-15.310210
-11.204941
-14.798626
-18.714016
-14.622253
-12.013809
-5.813758
-5.979476
-2.923153
-1.810951
-3.701551
-1.958001
-4.425584
-0.600252
0.338965
1.064466
1.745725
1.274479
2.163617
3.238319
3.855142
3.536132
4.934581
4.308172
11.617017
2.610072
-6.615763
5.938034
0.137494
8.374554
12.442415
18.389691
19.447921
26.328729
6.408397
15.234936
4.616321
-4.351089
9.607605
-2.167186
5.059449
14.874141
10.046048
12.573692
2.703947
15.115420
47.652272
57.422309
59.853241
52.448458
29.896600
12.573692
0.218825
-16.864537
-14.286610
-14.052403
-13.763089
0.203224
-4.235298
-4.115052
10.592743
-1.825446
-5.576801
-14.381948
-8.447116
-19.322171
-10.373221
-12.378505
-4.958586
-7.892668
-9.325417
-9.239969
-2.333844
-4.751708
-4.572722
-5.441301
-3.233989
-1.723852
-0.564851
0.154767
1.454671
2.666897
2.803307
6.540315
5.884807
0.709545
-0.959174
-4.056001
-1.182802
1.085717
11.505128
12.320625
16.273347
9.444565
1.554242
5.255756
7.448155
-0.177916
-4.309756
10.445990
15.213067
6.623692
2.121878
-14.459087
4.622121
-12.424335
-5.146903
4.721369
9.663256
22.150677
49.445517
54.574725
66.762284
52.187283
31.966077
17.059147
2.232251
-5.100395
-0.215000
-4.945368
-0.206612
-9.163932
-11.228477
-10.876013
-24.759153
-23.862082
-17.041321
-10.874438
-3.493280
-4.844485
-10.293115
-9.346219
-12.153340
-14.115771
-11.512408
-8.410012
-0.759795
-4.721978
-2.328776
-1.661613
-0.944098
-0.436785
0.213516
0.937096
2.098522
2.957759
2.211274
3.285767
1.597208
2.692967
4.993891
12.905413
16.518161
3.909842
14.991172
-4.247052
1.685841
3.433023
8.908342
2.000667
-7.556375
16.384483
14.739222
15.267983
11.257013
2.493217
14.263847
-4.596033
-9.461420
2.660785
-4.716278
-2.243600
-2.258458
20.061093
40.088370
57.368493
59.909389
39.938367
32.582946
5.166578
2.683635
-9.534341
7.466862
-9.306464
-23.099923
-13.446221
-4.248658
-27.745156
-8.167083
-19.819734
-15.008853
-18.064140
-10.153550
-14.413896
-17.989608
-12.440813
-12.681858
-8.053743
-5.059113
-6.410779
-4.739242
-4.091729
-5.026171
-5.246969
-1.613880
-1.890007
-0.564851
0.106402
-0.504316
1.421140
4.919967
5.910221
5.165663
6.876628
5.131645
1.852629
0.984353
1.081212
-0.114343
5.407167
-3.095377
17.406814
6.625956
12.443947
-3.958361
1.802019
10.081595
-4.459616
15.144694
13.450464
9.121572
4.555955
19.116865
-0.217649
-2.667367
-10.054026
-10.124829
22.062515
41.869947
62.047072
69.174239
59.497045
29.460880
12.085767
-2.670061
-7.495962
-0.214338
-16.693434
-14.037364
-9.174046
-13.359594
-6.548461
-22.738465
-29.484983
-24.411219
-24.986871
-16.894890
-11.064660
-4.462428
2.528461
-9.784099
-10.805742
-1.042698
-6.762833
-1.472758
-3.629833
-1.830763
-0.687287
-0.809177
-0.229234
0.563555
1.588899
3.578575
6.260295
6.955910
5.222672
0.835304
0.936860
2.020858
-3.100484
3.585822
1.365937
8.203486
7.354424
16.877992
5.090715
3.637544
1.987972
15.592598
4.192671
-6.038142
4.484843
9.045255
-4.386717
-6.838704
-14.135065
-2.192657
-9.589031
5.142231
7.596470
17.531743
42.420785
64.883240
72.479773
59.909389
52.448458
29.981134
10.093704
2.676019
-9.543456
0.215705
-14.038627
-18.364641
-4.337728
-6.424854
-19.107759
-16.373294
-15.746389
-13.192031
-16.116979
-15.223899
-14.310050
-22.172981
-16.323903
-15.019102
-15.887402
0.091940
-6.281919
-2.313490
-3.995291
-6.635056
-3.044315
-2.720779
-0.378549
-0.716098
0.099248
-0.015672
1.160751
2.485412
4.343853
3.962039
4.663802
3.520946
3.917536
-1.190885
-6.079994
-7.922375
-1.516897
8.845142
4.730180
13.520731
16.199749
-2.071924
13.828507
20.468972
6.234910
2.011504
2.081332
6.803684
6.947677
2.209726
7.106070
-15.031426
-17.482514
-10.134944
29.519801
56.895604
74.352916
76.685941
64.409779
29.372497
17.042054
-2.683533
-7.526527
-21.874941
-14.413902
-7.090982
2.049797
-13.419840
-8.688540
-4.299421
-15.946681
-15.106329
-12.625286
-11.888811
-7.943014
-5.906993
-8.057929
-7.350036
-7.680382
-9.582921
-9.243501
-7.762347
-7.608271
-3.681542
-2.561073
-1.007038
-0.313556
0.087652
1.050273
1.229545
5.522016
0.566179
5.298090
3.107222
7.796198
0.086323
-3.052993
5.883539
6.381742
9.534228
2.994765
-2.939323
0.147062
1.899110
-1.668372
7.872899
12.305229
14.689651
17.346058
2.417049
2.493217
-4.493602
4.981536
-7.042237
2.676019
-4.694010
-9.652836
-4.734092
39.900866
45.114016
55.089686
59.853241
37.385917
12.549968
5.132492
-9.607261
-11.938133
-19.009985
-18.696532
-16.059163
-27.012173
-8.631951
-23.472658
-14.287340
-11.669006
-15.027291
-10.677071
-18.615369
-14.206203
-10.276576
-14.902467
-16.159597
-13.547729
-5.036221
-7.172535
-6.139985
-3.898853
-4.388338
-4.227286
-1.175841
-2.034467
-0.385752
0.241823
0.910987
-0.028034
0.396444
1.627124
1.987108
5.504053
7.141920
5.994229
7.674907
8.409920
7.704777
11.153135
5.861795
3.076688
13.598998
21.653746
15.144784
5.810130
16.377499
-0.191381
-2.414102
2.081332
6.825283
9.363395
-5.064222
9.576200
2.245767
14.620070
4.740273
27.149233
69.450384
62.108688
71.866978
54.412139
39.472612
29.460880
-7.580015
-0.217428
-7.480680
-4.924698
-14.067487
2.043039
-6.770054
-6.601949
-6.311585
-6.059427
-3.911853
-9.075932
-11.888811
-7.943014
-8.795945
-8.012744
-6.117757
-5.475771
-5.798696
-5.909335
-2.154803
-1.209212
-4.467039
-1.598673
-1.385274
-0.139524
0.172811
1.050273
2.413365
2.063983
2.192212
0.703280
4.570108
3.517070
-0.868148
1.155207
2.415290
-1.144087
8.260258
10.195179
7.805179
8.386416
-1.591958
9.347235
0.171607
-1.833936
12.660051
-4.106145
0.197816
2.493217
0.208632
0.212377
-7.015099
-16.848430
-7.171141
-4.716278
-2.252090
44.987528
50.008203
57.529942
69.922561
35.039518
20.042239
-2.247845
7.560468
0.217161
-6.981177
-2.165063
-6.743722
-15.608154
-17.479598
-12.660940
-18.422372
-25.698875
-28.220157
-7.055047
-8.447116
-12.704054
-17.795276
-10.915530
-13.707218
-12.410246
-15.361219
-10.854840
-3.948855
-2.634249
-1.082205
0.038482
-2.783087
-0.938569
-0.590029
0.574815
0.518376
2.504564
3.768921
3.201795
1.936710
9.280177
8.775918
2.887066
7.555253
9.489949
8.905627
2.674970
8.845142
7.907371
8.393231
-0.162464
13.213147
11.798397
12.149278
16.984073
6.450900
-9.325767
2.135393
2.166928
-14.760318
-12.499862
4.702464
4.721369
9.701948
32.029946
57.122279
62.047072
59.319618
51.980396
29.549262
19.508204
4.688286
-5.090060
-7.434833
-23.782615
-18.567779
-11.417296
-19.874047
-10.813073
-10.385082
-6.028863
-9.453572
-10.693700
-19.944873
-26.460768
-12.949605
-14.482400
-17.802958
-8.503563
-13.138146
-8.160456
-10.864315
-8.015314
-5.994061
-1.233995
-0.697915
-0.103351
0.411594
1.387998
0.337676
3.961655
7.230485
9.359196
14.082319
10.707548
12.935552
7.700087
4.794271
7.763507
2.858418
16.309361
9.452460
20.034385
3.705717
14.876130
2.117457
4.236497
8.521031
8.835566
6.847624
25.433299
23.798424
9.769638
5.078927
-2.237232
-19.415629
-9.661951
-2.266949
20.042239
62.747029
67.370011
72.547575
72.547575
42.181794
12.585554
0.219449
-9.516111
-19.102177
-13.942188
2.526223
4.713712
13.412274
8.759315
-3.950272
-15.764827
-14.953538
-12.402764
-11.726250
-7.783251
-7.256737
6.927393
-2.382633
-11.226562
-1.932828
-11.585559
-6.195300
-1.278160
-1.560419
-0.384193
1.816689
0.360346
0.126608
0.327955
1.299093
1.856749
1.324738
-0.611608
1.304402
-0.071961
-3.712100
-6.145112
-3.415591
4.739735
10.409593
8.406540
-6.220550
-0.144584
8.502550
-0.162685
1.752464
-4.185735
-6.403279
8.405775
-0.197782
4.381090
-2.556900
-9.801159
-7.511245
-9.993338
-7.595297
4.721369
4.726095
29.608184
54.574725
52.032118
61.862225
12.158646
17.110427
2.243514
2.227746
4.636299
-5.017714
-0.209923
-11.694232
-40.403081
-28.652425
-25.446907
-28.611187
-13.852744
-7.555692
-17.818244
-18.322430
-23.065468
-25.727322
-7.862129
-7.154236
-4.227951
-4.707904
-8.135501
-5.442280
-4.421853
-4.217484
-4.112205
-2.136791
-0.522738
1.646250
1.536713
1.972811
2.230051
3.363713
2.095330
7.948485
12.544607
16.968314
13.384435
16.715196
2.668506
5.604436
10.343894
12.557038
18.402956
19.566064
22.373139
29.296772
20.576700
10.628329
-1.967661
-2.031339
-8.996553
4.927971
24.174683
17.217791
7.567668
15.030263
24.950719
7.675675
25.138849
60.190126
72.886582
64.883240
59.684799
49.867730
22.541180
17.399553
0.217785
-19.083738
-21.122381
-11.365835
-13.404891
-17.461159
4.460496
4.314410
14.012175
-5.515741
-1.638656
-11.694035
-11.049735
-11.726819
-1.241728
-2.413808
0.101092
-0.921213
-4.441031
-6.213739
-1.933562
-7.993394
-2.947670
-1.194071
-0.167686
0.136347
0.103974
0.561574
2.102480
3.879124
2.176409
4.020519
3.850440
-0.080128
-3.064099
2.098386
3.513437
-4.042165
-1.530368
11.955378
14.414471
15.318130
8.891238
-0.171515
-0.178578
14.290027
1.948433
15.298534
4.376364
6.832482
-12.159987
-24.506325
-24.631102
-29.752847
-32.310871
-2.694310
19.645172
56.952273
62.108688
46.868502
32.061880
-0.220077
-0.219856
-14.910933
-19.708257
-9.791044
-7.251446
-18.587788
-22.584749
-28.490547
-17.087159
-12.350470
-11.838377
-9.453572
-5.432853
-8.408769
-0.137521
-14.274560
-14.427542
-16.588216
-22.169518
-12.140858
-10.586828
-9.444131
-3.945402
-2.575525
-0.323317
-2.123067
-0.448535
0.984765
3.781926
5.025109
3.982840
3.335327
4.692757
-1.491929
5.393295
10.803983
9.829988
23.552553
17.864571
15.068713
0.130837
6.405070
13.386632
8.991376
16.778773
29.331942
22.409218
19.045603
15.350602
15.780221
7.121241
0.210088
12.229695
7.510065
22.138659
29.755712
24.950719
10.169955
32.521930
54.883744
62.396160
