158.989363
164.773137
174.947010
159.771791
159.771791
121.542442
84.085993
48.863100
16.775128
11.714394
-4.986368
-0.255285
-4.841686
1.993112
-8.988669
-13.018834
-4.324964
-8.112953
-4.004596
-9.173561
-15.395312
-4.889670
-11.858005
-4.135655
-9.851877
-2.299413
-2.015216
-1.725852
-2.798264
-1.759367
-0.909431
-1.238081
-0.182095
-0.110723
0.381378
0.839032
0.352691
1.754339
1.666512
1.345989
1.576031
0.091792
3.775644
-1.912155
0.121542
2.559827
-1.158778
1.552357
0.164259
9.837034
3.607251
9.139874
7.684770
2.170210
-3.868166
2.352991
4.610625
-2.013919
0.256560
0.262408
-2.168836
34.665812
66.857231
109.293914
151.841142
159.444106
174.529141
164.265063
144.387221
109.191579
91.346666
46.728856
17.187288
-4.508475
-11.584001
-13.720233
-8.917316
-6.477797
-8.493111
-16.823035
-16.200638
-11.684063
-18.746680
-17.828850
-3.210315
22.357648
35.406722
24.578576
23.541767
19.370937
11.108772
8.748560
4.479111
0.684787
-0.439964
0.040175
-0.451725
-0.406153
0.035934
0.375210
0.962380
1.820642
1.867589
2.910632
2.744213
3.096768
2.583992
0.894066
4.278304
7.069228
1.153563
8.165679
8.786040
4.637027
3.254917
5.224619
9.175078
1.757602
1.829564
10.432758
10.768139
4.301306
11.522748
2.154480
19.403080
39.309193
91.800449
134.236469
164.611753
172.612775
177.450287
166.946298
149.622100
118.939013
93.732205
51.319839
19.209822
-0.263607
-0.259312
-9.592611
2.043267
-4.733174
-8.988669
-2.364512
-10.500160
-8.112953
-9.649134
-7.368092
-6.925201
-6.442047
-10.274005
-6.783179
-6.194970
-4.469170
-3.945754
-4.983071
-4.160041
-2.274848
-0.475620
-0.317986
-0.479827
-0.130854
0.343240
0.425822
0.981150
0.478836
-0.473013
1.983942
1.566242
-1.578843
2.856877
5.156739
1.233132
1.354129
2.750713
2.936704
-4.318531
6.569239
3.602357
0.196552
3.949867
8.056613
-1.813560
4.463790
2.425074
-13.269269
7.257622
-6.920379
0.266476
22.381399
66.983020
116.508367
151.841142
176.358725
169.708493
159.146636
151.557592
121.682727
86.423682
41.957132
19.642179
-2.127525
2.615579
-9.061726
-8.935367
-13.228272
-6.343681
-10.438081
-16.273861
-7.716908
-11.205768
-14.241917
-11.749481
-9.388247
-8.704968
-13.469157
-9.756994
-7.785030
-5.917192
-5.978647
-2.888199
-3.648707
-4.413886
-3.341353
-1.646526
-0.451281
0.000000
0.111213
1.637009
1.784708
2.784410
3.462479
2.677513
5.434196
-8.988402
-21.769349
-29.547671
-27.565174
-22.042694
-24.927877
-18.033228
-14.592078
-7.015792
-2.003041
3.541980
-0.216093
3.875343
12.551486
8.556608
4.287416
11.498792
-0.264681
16.910139
36.835308
94.010617
126.639042
156.962890
174.947010
176.929396
172.275311
159.302334
128.873435
95.634568
43.949927
21.600665
-0.262802
-0.258507
6.746697
-4.852020
2.004016
-4.603994
4.014244
-4.319797
-8.123019
-0.206698
-7.307697
-10.295354
-1.731258
-7.408933
-9.403327
-4.932192
-4.489302
-7.726573
-4.998035
-2.768067
-2.254717
-0.899096
-1.780737
-0.325535
-0.046505
0.343240
0.435611
0.035344
0.481411
1.688155
-1.214832
4.535808
4.291355
0.101709
-0.908846
4.586072
2.559827
0.143409
-1.239335
-1.338482
0.176719
-1.528513
1.995151
0.205705
-5.679807
4.321849
-6.142507
4.620414
2.512604
4.923874
0.262662
-2.166771
22.275727
74.325634
116.508367
161.780217
169.550477
169.708493
169.392462
144.252406
128.874286
86.260773
46.728856
2.692811
2.646472
-6.826498
-9.061726
-11.209592
-13.214607
-10.676342
-12.558659
-18.294938
-9.711954
-13.076293
-12.372922
-8.350465
-9.374581
-8.704968
-6.614567
-9.738689
-5.502684
-4.867323
-5.962662
-5.099434
-4.220222
-2.910766
-1.769936
-1.646526
-1.324114
0.035934
0.764631
1.485980
1.068994
3.768527
2.898654
3.437660
3.096768
3.458852
5.857360
7.560621
8.235676
2.467811
4.006957
8.786040
3.018785
4.934363
7.022517
7.336958
13.602367
5.932562
8.318395
4.157775
4.305936
9.137848
2.152300
4.657819
41.865817
91.710094
131.875292
166.618631
174.947010
189.222547
176.755766
159.458820
143.633124
91.167965
9.538046
-51.289894
-64.805678
-68.731020
-63.079297
-52.979472
-49.603790
-28.641501
-27.806659
-6.374850
-21.877261
-15.274382
-12.711905
-10.220533
-11.179511
-8.858793
-9.368500
-2.547440
-2.278744
-3.895425
-4.938178
-3.441650
-2.274848
-1.310005
-1.780737
-0.664336
-0.149642
0.343240
1.055057
1.002793
0.915273
0.599833
1.998371
2.337445
2.611590
1.972486
4.214229
2.373836
2.569616
4.083314
1.549782
3.166746
-1.439694
1.905048
7.417805
-5.418281
2.180507
-7.987676
2.352991
0.240541
2.504880
-11.413815
2.667067
-7.034377
32.209112
84.120307
123.927796
156.957249
162.384438
176.688676
159.444106
139.417529
116.617661
91.346666
39.467697
14.812249
0.262408
-6.826498
-11.413815
-4.328662
-4.240949
-15.122461
-12.531328
-16.273861
-9.689263
-7.364908
-16.046744
-4.922052
-12.539477
-7.204545
-9.335642
-10.952212
-3.245604
-5.876195
-4.186578
-6.517701
-5.362665
-2.382606
-2.145495
-1.848886
-0.397127
0.047643
0.807912
1.755144
1.784708
3.274019
2.910632
4.126121
5.467949
3.487437
5.842933
4.259247
7.069228
5.088228
5.402669
10.328348
11.054033
6.669962
5.217540
9.222989
11.628158
10.061443
-0.234616
-2.448765
8.842464
4.444838
9.404646
4.657819
41.824447
86.738139
137.265268
161.954439
186.912804
174.947010
164.773137
158.832877
123.784183
86.139945
36.434132
21.578890
6.930762
-5.001870
-2.590092
-0.251527
-6.961305
-6.778514
-6.603339
-12.450195
-6.115895
-11.522416
-7.337895
-10.295354
-6.411850
-7.396418
-5.415346
-8.550062
-0.118382
-0.104423
-3.311615
-1.420986
0.488465
-3.837672
-6.731858
-5.245602
-0.516230
2.836462
5.257870
7.830871
5.309866
6.602215
5.173946
3.089163
4.291355
2.885734
0.111879
0.122304
1.354129
1.449381
1.547208
-1.336416
1.789200
5.338609
-3.398899
-5.398164
0.215114
2.260313
10.835078
-1.954018
0.247915
-4.425147
2.651621
0.267493
34.600343
81.654022
119.204842
151.841142
169.708493
159.741577
152.266467
147.008894
123.811541
89.136346
46.817525
17.253266
-2.125460
-13.884219
0.255288
-8.917316
-8.745829
-8.529214
-4.030436
-16.218944
-13.651777
-7.401011
-10.590817
-10.030529
-15.717841
-11.605881
-12.045371
-4.792606
-6.586805
-3.844915
-5.914705
-2.861123
-5.988841
-2.393951
-2.104498
-1.145920
-0.601285
0.057708
1.062918
1.257680
1.068994
1.867589
3.520187
2.031796
3.106297
3.506494
4.851053
5.390059
2.282609
3.745019
-0.153010
4.332611
3.037306
4.976839
7.012989
9.199033
3.727181
1.836106
12.594767
6.364408
-2.530300
4.449468
11.822195
4.648559
41.824447
89.400082
144.200283
167.437798
174.604648
184.416875
166.946298
141.987933
121.542442
83.919979
48.716949
9.452289
6.930762
-2.614552
-4.924362
-7.113632
-9.169852
-6.786130
-2.350923
-4.335298
-6.138744
-9.611589
-10.908885
-3.534379
-9.562109
-5.898500
-2.795467
-9.732701
-4.449039
-1.049082
-4.079919
-2.071636
-3.322047
0.782477
-1.735845
-0.464595
-0.076163
0.462328
0.670933
1.344358
0.047549
1.135525
0.713106
1.576031
0.929354
-1.754270
2.148688
-2.127053
2.564721
-1.164975
0.153326
4.674890
3.431049
0.188415
-1.609070
2.077532
-5.679807
-3.868166
-1.881724
-4.135692
7.048406
42.476822
65.347754
75.927836
93.719896
146.048948
169.550477
194.444103
199.423076
184.314841
172.200299
147.008894
133.820470
84.199442
44.241437
17.220277
2.646472
-4.469004
-9.079777
-13.528915
-15.490132
-19.470600
-10.415390
-10.075018
-1.759856
-16.892395
-19.581050
-11.701524
-12.521171
-13.056027
-10.690590
-10.993464
-9.982807
-6.889832
-4.231961
-2.843071
-5.445168
-3.420937
-1.066221
-0.697403
-0.533250
0.000000
0.622851
0.722102
2.106341
2.813264
2.258259
4.759141
2.293735
5.208145
6.801184
2.064997
3.454762
7.588599
-0.151400
5.783810
7.881464
3.241027
10.618268
-0.206966
7.651399
5.918404
4.032764
4.162405
6.583870
9.128319
2.156661
12.025820
46.730541
94.103422
121.542442
162.113374
171.937847
186.545949
171.937847
161.477635
123.539791
81.041163
46.175326
21.600665
6.909524
-0.259044
-4.929529
-0.250453
-9.220180
-6.801363
-2.350923
-14.522916
-6.100663
-9.599074
-9.085955
-6.854741
-3.281185
-3.027991
-8.005835
-4.901995
-0.117576
-1.999714
-3.281418
-3.454165
-3.337011
-0.888762
-0.031407
-0.441746
-0.104481
0.215358
0.023902
0.373286
0.048566
2.797679
-0.584553
3.098697
1.796284
1.037479
1.145603
1.246004
3.816384
5.406035
1.549782
6.206929
8.274491
3.626829
5.605539
-5.445104
2.188231
2.280909
2.358140
-1.949887
-4.280420
2.600133
-6.920379
14.897295
37.157871
76.866108
119.539687
159.444106
167.060991
165.031940
154.758274
146.734623
116.726956
81.500393
49.220611
5.109865
-4.517246
-9.170033
-11.391124
-6.632030
-13.200941
-17.317292
21.460944
43.489556
46.001389
36.177179
32.687406
23.994372
11.298745
4.588318
-1.198024
-3.567482
-4.341325
-2.863374
-3.321429
-4.318320
-2.961238
-2.883435
-2.461796
-1.598569
-0.735342
0.084382
1.024266
1.500407
2.178476
3.768527
4.676838
4.860399
3.077711
4.383914
5.857360
2.092778
1.075060
5.069171
2.625232
5.831452
7.881464
4.948522
5.252937
1.674738
9.642216
3.903123
6.159104
6.371487
8.842464
6.803332
11.822195
12.001864
51.575671
101.454009
132.004835
163.966216
171.769115
176.929396
167.273965
149.328723
121.183203
91.077611
41.452123
14.311579
2.137035
-2.611835
-7.243109
-2.527582
4.217966
-6.778514
-6.588106
-0.223610
-6.115895
-2.084576
-3.735901
-0.182807
-12.632649
-7.383903
-4.089957
-4.881864
-5.494124
-1.979046
-2.467684
-4.040328
-1.690820
-1.721235
-0.030065
-0.315200
-0.060930
0.595325
1.318219
0.699914
0.934851
-1.039405
2.679182
-0.669241
1.791389
-0.828289
2.163372
0.123576
5.015123
4.097743
0.154088
1.673353
6.683652
5.367466
-5.217107
7.722907
-3.723439
0.225284
-1.898248
-4.153235
7.077264
-2.086214
14.656331
10.030245
29.724013
84.278577
121.682727
159.444106
164.725189
164.878565
169.550477
149.077694
121.568792
86.668047
36.912489
7.538981
-2.127525
-9.188084
-9.043674
-13.515249
-17.701714
-6.296740
-8.267471
-16.237250
-3.758524
-16.892395
-5.196990
-10.003198
-7.771832
-16.069094
-12.004120
-10.993464
-8.841704
-6.857860
-5.962662
-7.319695
-4.268179
-2.938098
-1.792627
-1.694483
-0.669613
0.019326
0.598895
1.197791
1.391164
3.710549
1.706143
4.792894
4.688773
2.562754
1.856646
-20.828245
-28.698976
-33.445782
-35.811927
-28.410662
-28.964241
-15.573808
-12.886040
-0.205624
-2.185135
-4.340466
1.899344
4.167035
2.017099
6.775015
4.565219
11.965930
34.191623
76.869888
131.875292
168.776787
169.774483
174.262286
167.110132
146.691004
128.619247
98.484262
43.818471
21.557115
-0.261728
-0.257433
-7.243109
-4.810683
-4.712505
-0.238105
-4.459312
-6.329152
-4.144111
-17.135651
-3.741068
-10.145712
-6.381653
-11.619653
-5.375083
-6.057304
-8.580667
0.824285
-3.979799
-2.657345
-1.660355
-2.855825
-0.309833
-0.284197
-0.002718
-0.214898
0.509029
0.381010
1.897356
0.615279
2.063300
0.854697
1.820756
2.011642
-0.931567
-1.026582
5.110467
4.133815
4.436817
1.688799
5.086107
3.670880
2.028618
-1.689627
8.161492
0.226810
4.498051
9.067265
-8.854136
0.257577
-6.967319
7.603910
29.695919
82.114910
119.539687
162.233383
162.384438
165.031940
147.831705
145.196113
122.252403
82.038096
39.542446
17.286255
2.651621
-6.826498
0.255543
-18.086136
-10.948640
-10.733071
-16.841341
-18.398067
-13.635792
-7.401011
-14.205305
-10.016863
-10.982168
-16.069094
-5.252913
-7.270083
-4.377427
-2.863374
-2.474438
-5.784635
-5.965896
-2.897101
-2.118163
-0.677285
-0.683279
0.042477
0.646807
0.981437
2.149622
3.274019
4.657512
4.111694
0.710891
2.598151
2.874249
3.171585
1.068518
1.153563
8.136825
7.306524
6.250707
11.796594
10.603841
-0.206430
1.755422
5.946721
12.551486
6.378567
2.019280
11.498792
2.150119
14.441422
44.256656
91.619739
146.835243
158.989363
178.897086
181.563888
151.374790
101.554161
49.301553
19.441732
-7.593459
-36.563691
-26.475840
-30.824934
-16.508062
-16.212032
-13.617401
-11.075855
-2.348205
-12.450195
-8.052559
-11.447595
-5.506591
-5.171473
-6.351456
-5.888434
-5.354952
-6.044788
-1.187692
-2.909430
-0.880577
-3.354044
-2.690744
-2.064990
-0.568394
-0.725875
-0.010334
0.011442
0.707005
0.724387
1.385153
0.061279
0.072213
4.691727
-0.768388
1.060648
1.168773
2.408097
1.374724
1.475125
7.243143
-2.868232
1.802072
1.925643
3.832399
2.090404
0.216639
6.399116
-6.182742
2.445669
2.528050
0.257577
5.075603
12.482864
32.239527
89.136346
119.539687
157.250080
172.681306
162.082328
162.384438
139.677879
121.568792
79.188043
36.982598
19.698622
0.262154
-6.819792
-6.739322
-15.809845
-8.745829
-15.090489
-8.294548
-12.135026
-15.651464
-11.192102
-8.792949
-10.003198
-15.717841
-8.691303
-3.896066
-5.990551
-3.232192
-8.848397
-5.015264
-5.003520
-5.362665
-2.405297
-2.104498
-1.380223
-0.767313
0.071867
0.822339
0.729181
2.178476
0.912118
2.910632
0.628027
2.314974
-0.097712
5.842933
0.987834
9.527608
2.449291
1.240789
4.318452
4.672424
4.962681
-0.198108
12.961065
3.731812
8.013483
-2.369948
4.153145
8.871049
2.084700
4.560589
7.093589
36.652955
88.960553
128.873435
156.962890
174.433467
182.099475
171.431651
151.374790
131.227574
90.625837
51.012841
31.193259
-2.647166
-4.981201
-2.576503
-7.075550
-4.697004
-0.238374
-12.854228
-0.222804
3.690141
-0.204819
-7.277500
-5.179089
-9.487288
-7.333843
-2.759296
-2.516437
-3.328327
-1.958377
-0.877859
-0.731096
0.473201
-2.855825
-6.970536
-3.580114
0.074495
3.444275
3.890065
4.531783
4.620553
5.072272
4.053879
4.705901
5.301226
1.987170
3.232023
2.417886
7.512432
1.469976
-1.264122
4.725390
9.964604
3.651302
0.198840
-5.465222
2.198528
-1.836281
4.498051
2.453393
-2.026313
-4.455847
-2.141984
5.129443
27.320878
79.411528
117.273431
159.444106
162.686549
169.708493
167.216686
144.656852
106.916044
79.113548
29.583541
14.812249
-2.125460
-11.549964
-6.746028
-4.333048
-15.490132
-10.710379
-14.690847
-12.162358
-7.707882
-9.269470
-15.964242
-13.399850
-6.173526
-11.605881
-10.653979
-7.242752
-8.841704
-6.841874
-5.015264
-3.551217
-5.383291
-3.372980
-2.461796
-1.830581
-0.719356
0.059890
1.024266
2.543547
0.699136
2.371626
1.727381
4.154975
3.096768
4.359959
-0.109523
2.064997
2.277979
10.261988
5.402669
7.342458
4.651186
11.796594
-0.197571
-2.079140
3.731812
10.049465
6.173263
-0.241595
6.569711
2.084700
4.560589
9.547574
41.741709
91.529384
136.458616
174.091105
169.109353
181.206830
171.600383
151.225653
128.237965
85.798119
38.842153
7.015715
4.500398
-7.311656
-9.542283
-7.052701
4.213336
-15.445835
-17.161334
-0.223610
-13.930854
-7.710325
-9.060925
-5.156240
-6.351456
-5.888434
-2.748962
-10.709782
-6.494453
-6.582329
-3.210958
-4.649423
-2.703259
-0.044292
-1.631095
-0.523416
-0.029928
0.708720
0.494345
0.375861
1.414010
-0.493668
1.409618
-0.683700
5.315400
0.105268
3.253666
1.269174
0.135781
0.145189
0.155614
1.693948
1.817519
1.925643
3.842188
22.953231
55.954199
64.163352
57.989056
46.819837
32.145257
28.459759
17.154299
14.939819
47.039199
99.382680
124.741580
162.535494
170.182539
165.492067
167.528077
144.656852
121.682727
86.749502
34.567609
9.944435
2.646472
-6.819792
-2.073821
-13.501584
-13.214607
-1.945756
-10.392699
-16.200638
-11.656732
-18.700789
-14.241917
-13.381544
-6.164501
-14.524662
-6.591875
-8.472415
-6.573139
-4.799248
-6.699925
-5.674800
-1.140276
-4.352009
-2.819094
0.249716
-0.499213
0.047643
0.514540
1.485980
0.694506
0.902858
2.922610
2.031796
4.703200
2.591071
2.867169
4.268776
3.483080
5.031057
6.803452
7.306524
7.905419
8.396514
12.454773
7.336958
7.689513
-0.225757
14.665580
6.343169
-0.249917
11.486814
2.145758
11.965930
41.617600
96.206090
126.763687
166.290964
174.604648
174.604648
173.748743
143.774913
121.183203
85.712663
36.397661
11.822195
11.702416
2.089061
-0.254480
-7.067934
-4.666000
-4.583325
-6.557641
-4.288793
-13.896027
-2.068269
-1.959555
-10.130748
-6.361522
-5.868302
-5.344886
-8.375926
-5.431549
-6.582329
-2.414370
-3.965507
-0.573462
-1.640709
-1.056898
-0.146763
0.014429
0.360717
0.499240
1.790040
-0.406915
1.169787
2.736388
0.854697
2.705376
1.058074
4.300039
-2.166524
5.072329
0.145952
5.825551
7.776599
-3.096287
0.190195
7.446408
-3.578712
2.195954
8.514267
-1.904445
-1.966412
-4.333048
-2.098607
-2.148181
2.718555
34.698546
81.961281
122.138468
164.878565
167.683772
162.233383
160.039047
141.902375
121.910597
71.721960
39.467697
7.560624
2.643897
-9.215161
-9.079777
-11.209592
-13.214607
-10.664996
-16.823035
-3.894480
36.006564
38.256778
41.444142
32.408723
28.569969
16.366752
4.184315
1.359277
-0.995599
-1.868298
-2.481144
-2.834046
-4.741204
-2.382606
-2.077167
-1.111883
-0.642282
0.047643
0.658785
1.000494
1.076073
1.387568
1.727381
3.437660
4.732054
1.713114
3.897163
0.979111
4.668973
1.157924
2.629862
8.786040
4.644106
6.669962
3.407709
3.541980
7.641871
12.089822
-2.361794
6.378567
-0.249648
9.147376
-2.679780
16.859510
46.638005
79.045726
141.012550
159.145848
171.600383
179.073166
166.290964
150.927377
126.015818
85.798119
46.221594
11.834173
-0.261191
4.430947
6.697141
-11.614003
-9.149720
-0.237568
-8.626304
-4.288793
-10.012072
-11.417667
-8.998350
-10.175640
-7.884507
-4.425075
-5.324755
-4.861733
-5.394004
-6.582329
-0.086169
-3.291469
-2.133928
-0.440288
-0.792096
-0.940333
0.009789
0.592729
0.743077
0.383584
1.428439
3.444379
0.072976
-0.685765
3.546817
0.105014
4.309573
2.417886
6.354050
2.784974
1.572952
1.681076
1.814944
3.685563
2.015747
5.894113
-1.768118
-1.834216
10.929915
6.882477
-2.026313
0.258085
-2.152312
2.700534
34.665812
81.884466
124.741580
167.060991
167.216686
170.498570
160.039047
142.167365
114.570303
79.262538
37.017653
14.840598
2.654195
-9.188084
-6.746028
-4.333048
-15.474146
-8.520188
-10.370007
-14.179305
-11.643066
-16.830518
-14.223611
-15.056714
-9.333585
-8.581978
-14.704737
-10.890335
-7.689116
-8.807146
-7.610859
-4.249992
-4.759509
-1.877330
-1.690515
-1.566597
-0.397127
0.106695
0.646807
2.543547
3.633638
1.886646
3.520187
-4.264790
-15.118029
-20.489924
-24.907694
-21.015465
-24.282287
-20.912303
-12.650930
-7.659235
1.432686
1.524273
-0.198376
3.560500
-0.216630
-0.225220
8.327924
1.962583
4.301306
-4.960532
14.210590
7.072351
41.741709
96.396597
141.569912
158.832877
176.582135
171.262919
170.925456
158.676392
118.587123
85.627207
36.397661
19.055216
-2.641731
-0.257164
-7.197411
-4.800348
-0.244279
-0.238374
-8.656501
-4.283626
-6.070197
-13.234312
-7.247303
-3.498209
-14.034277
-5.838105
-4.029027
-3.655828
-7.574902
-6.530088
-1.653511
-3.995435
-0.587051
-1.241458
-1.056898
-0.380815
-0.008262
0.791737
0.962980
0.383584
2.323496
1.174682
2.070514
3.174973
1.825651
1.996959
5.287139
2.412992
3.830812
1.475125
5.825551
1.691374
5.100536
8.855365
5.656040
7.770580
-5.753571
6.420759
6.666047
4.659570
2.535773
-9.161007
-2.139918
10.068383
34.665812
86.912412
127.349641
164.725189
169.866508
162.686549
160.336518
144.926482
121.682727
86.586592
37.017653
22.043248
-6.927085
0.259102
-11.447852
-6.625324
0.246389
-17.280680
-4.017279
-5.934627
-17.593667
-3.569940
-15.964242
-9.948535
-10.870268
-11.550963
-10.599061
-8.472415
-5.445956
-4.810594
-5.028930
-6.414573
-4.777815
-0.433767
-1.690515
-0.884511
-0.655413
0.115416
0.822339
1.019551
1.448335
2.323714
5.334842
4.183829
5.535455
4.431826
2.909646
5.366103
4.707087
-0.142541
2.629862
5.821924
11.172168
8.384536
10.661549
9.199033
-2.196007
14.159288
10.468692
12.926588
4.301306
11.486814
11.810217
11.977908
61.390345
101.654313
156.038673
178.897086
188.850793
184.416875
141.430571
96.491851
49.350270
4.648559
-12.452514
-31.595557
-28.888757
-23.721457
-27.998960
-9.330903
-18.035291
-15.411008
-14.923428
-4.283626
-9.999557
-9.523983
-10.774207
-15.127567
-4.798274
-8.694187
-4.029027
-7.197769
-6.434596
-2.856115
-2.414370
-2.003089
-1.637506
-1.241458
-0.288090
-0.135891
0.019069
0.907199
0.962980
0.378435
0.504580
2.797679
2.056086
2.373517
-0.764257
1.045202
-4.025428
5.808740
2.598983
4.133815
-1.266187
-1.361203
3.455522
3.661091
2.018321
2.105850
-3.745367
6.427973
0.234692
0.241303
7.077264
0.257831
-2.141984
5.144126
37.192926
89.303895
124.392815
149.774970
170.182539
169.866508
162.233383
139.677879
111.980802
74.325634
41.877742
22.085517
-6.893556
-4.482161
-9.025623
-2.040772
-10.982677
-8.529214
-1.892051
-14.211277
-15.633158
-5.458516
-12.324965
-8.271045
-15.671949
-7.136471
-11.962868
-8.424458
-9.879679
-4.799248
-4.960602
-1.363945
-4.759509
-2.856104
-1.724553
-1.582583
-0.397127
0.108874
0.552654
0.495414
1.808664
1.422965
2.958543
2.053035
4.760908
3.487437
2.895487
5.390059
2.287239
6.360269
1.240789
7.366413
11.104662
11.864099
5.217540
7.336958
3.731812
10.037487
6.180342
-6.877526
-0.248574
-0.256896
4.565219
7.065271
49.057968
106.626268
148.741970
166.618631
166.782465
176.408505
168.610505
138.534074
120.704218
80.880047
33.885429
16.673869
-2.639013
-7.296423
-7.220260
-7.060317
-4.686669
-2.410715
-6.534792
-8.334399
-6.054965
-5.826476
-8.985835
-3.493041
-10.935721
-2.981486
-5.344886
-7.137912
-23.285622
-28.421189
-24.537429
-18.107115
-14.972525
-8.999718
-5.008140
-1.333316
0.028349
0.857715
1.221021
2.474178
2.792357
1.184471
2.745923
1.624976
5.272877
1.996959
-0.927436
3.563882
1.374724
2.799658
5.825551
1.693948
6.750393
0.190449
2.020895
5.901327
4.179909
-3.912023
4.502946
-4.175163
-4.311119
-4.455847
0.263934
7.618339
39.691945
89.220121
134.448146
154.758274
167.683772
164.878565
160.187782
137.444413
124.044050
74.325634
44.409496
2.685088
-6.906967
-11.572656
-9.079777
-8.944393
-13.214607
-12.900298
-14.642890
-22.360295
-9.689263
-16.789267
-8.770258
-13.381544
-12.429642
-7.136471
-6.591875
-3.547365
-8.823398
-8.807146
-7.631485
-7.159075
-4.814427
-1.904406
-2.477782
-1.393888
-0.499213
0.047912
0.533597
1.738268
0.703766
0.423046
5.204193
2.038876
1.495503
-0.097443
2.860090
4.259247
5.881153
6.288402
-0.151936
2.819694
6.279293
6.679490
5.210461
5.451161
9.654194
7.994426
8.289810
4.139255
8.823407
16.150702
2.152300
14.383714
46.591737
93.546597
143.065964
161.000831
178.192767
171.094188
166.127131
146.402526
118.235232
90.806546
48.570798
11.810217
4.509658
-0.257701
-2.568349
-13.901720
-6.892759
-6.725200
-14.906014
-2.247645
-11.896521
-13.164657
-7.237238
-10.040963
-7.834446
-8.634330
-6.557907
-7.107984
-5.356458
-2.825650
0.680362
-2.586885
-0.557155
-1.195760
-1.466489
-0.350350
0.018021
0.278987
1.268439
0.409328
-0.899064
1.796370
-0.607274
-0.700224
1.859912
-0.863403
2.241684
-3.373014
1.395319
-3.902772
3.024805
-2.907703
-1.470678
1.938515
2.031193
-1.697889
10.206786
41.895837
64.825365
71.291588
57.613819
52.269151
50.982689
34.665812
54.628701
102.146690
142.034870
165.031940
178.008480
180.344280
155.478750
142.167365
124.509070
84.278577
41.957132
12.423591
-9.323469
-13.952547
-2.082083
-13.528915
-4.249720
-15.106475
-14.674862
-12.148692
-7.698857
-13.060307
-8.770258
-13.344932
-10.886254
-2.776133
-9.239728
-7.147093
-6.532143
-8.704018
-6.681619
-4.971549
-5.321414
-2.371260
-2.709259
-0.884511
-0.719356
0.077303
1.175843
1.000494
1.808664
3.807178
1.734460
3.461615
3.928754
3.487437
5.857360
2.083518
3.468921
7.660734
6.815430
8.814894
7.905419
8.384536
3.421599
-3.978760
3.727181
1.829564
-0.233810
1.964764
6.576791
6.810412
6.980318
7.065271
34.293687
93.917813
140.873209
165.963297
173.919924
176.234874
166.127131
141.151890
123.173205
78.264642
43.555560
11.810217
6.867047
4.430947
-4.872689
-2.508557
-4.681502
-13.258261
-0.229784
-10.362494
-6.054965
-9.511468
-12.537769
-8.435171
-4.775425
-8.649294
-2.728293
-3.610130
-3.267396
-4.643098
-3.160629
-3.253923
-0.562591
-1.580315
-0.506388
-0.127738
0.076276
0.141591
0.027207
1.813749
1.464510
2.355010
1.419407
0.864995
0.970545
6.861720
1.179070
-1.034845
3.888527
2.824130
0.157140
4.783105
-1.468612
1.941089
3.856871
-5.518868
0.218673
-1.848675
0.235709
2.461116
-4.337433
-4.469004
-4.561103
10.058849
44.703598
74.674909
134.950286
162.535494
167.683772
180.511576
162.686549
140.198580
109.805590
79.337033
34.665812
9.944435
5.051131
-13.938882
-16.113573
-11.175555
18.231103
48.370765
51.348137
43.538531
35.880520
24.757524
12.766757
1.876730
0.173413
-1.299236
-6.557838
-6.013243
-7.673130
-6.793917
-2.420791
-3.505834
-3.471055
-0.429636
-3.093845
-1.502655
-0.532957
0.086562
0.263912
0.736261
2.548334
1.886646
2.315430
2.031796
5.484826
2.598151
2.888407
4.287833
4.707087
8.961361
5.440783
7.378391
9.536244
3.254917
5.224619
7.317901
13.585491
7.994426
4.032764
-0.241058
8.813878
6.796253
2.145758
14.412568
36.798838
103.935242
141.569912
168.776787
178.544927
178.897086
163.482064
151.076515
113.297566
83.006903
43.511742
9.366532
-0.260117
-2.592810
-2.568349
-16.177205
4.185555
-6.732816
-10.725432
-4.268124
-7.992165
-5.765545
-10.729315
-8.410140
-10.883480
-4.402226
-5.284492
-3.632979
-3.259780
-4.630583
-2.383904
-1.987856
-2.083600
-1.210993
-0.776863
-0.253194
0.000254
0.375145
0.026953
1.487375
0.993585
1.199154
1.434090
0.864995
0.960247
-0.846879
2.207422
-1.020386
0.136798
5.501380
3.000332
3.235269
0.180533
7.169909
0.199094
3.998812
0.218419
8.514267
2.381310
0.242829
-4.311119
-9.170033
0.263934
7.625553
39.766695
94.515631
135.201357
159.890312
170.498570
177.348578
152.408242
147.420299
111.876147
74.255779
32.057039
14.812249
0.261899
-6.839909
-11.470544
-4.328662
-15.442175
-4.126921
-8.231368
-7.996702
-9.689263
-13.044321
-10.577151
-11.637581
-10.918225
-13.035401
-6.557838
-8.472415
-7.705102
-4.810594
-8.444037
-3.562563
-4.172265
-1.904406
-4.930568
-1.812275
-0.655947
0.087099
1.043592
1.197791
1.772730
3.729875
2.910632
-4.962867
-16.803645
-21.435655
-21.715196
-21.868834
-20.450256
-25.858419
-18.173867
-15.129238
-6.633296
-0.188176
3.407709
-3.958091
-2.187853
8.013483
-0.233542
6.329011
11.115499
-2.603681
6.966159
14.383714
39.036753
101.153552
138.123400
173.577562
167.945375
181.206830
168.444223
140.873209
113.185168
78.420859
45.990255
9.357004
4.486508
6.767935
-4.872689
-4.764178
-9.129589
-2.394408
-10.712917
-6.291070
-2.155239
-2.051962
-10.669458
-9.996070
-4.737344
-9.977974
-6.495332
-7.078056
-7.418180
-2.795185
-1.596671
-0.687611
-2.553078
-2.304483
-0.731166
-0.119585
0.142255
0.440075
0.815220
1.168722
1.486153
0.643597
0.075773
4.054263
1.869701
2.055693
5.441248
4.786296
1.400468
1.500869
1.596121
7.906999
8.487873
1.951387
-1.640053
4.047757
-1.782577
-8.105010
-6.216271
6.932977
0.251729
2.625877
-9.449827
0.269019
44.787628
84.753386
132.456160
155.190559
172.841641
178.173455
162.988660
145.330928
112.399422
74.535199
44.535540
22.106651
-4.521632
-4.473389
-6.752734
-2.046968
-4.249720
-12.872967
-8.276496
-14.211277
-13.635792
-11.123774
-14.113776
-15.015462
-9.319919
-8.568313
-5.243887
-9.647159
-2.096353
-4.799248
-7.507731
-2.806969
-5.965896
-2.869770
-2.745871
-0.866460
-0.573954
0.118135
0.533597
1.245702
2.565211
1.373409
4.657512
1.347341
2.314974
3.525551
3.897163
2.088148
3.497238
5.059643
4.021116
5.860038
4.665344
8.420469
7.032046
5.429923
3.727181
5.946721
4.032764
4.162405
11.115499
4.435577
9.376061
21.753089
44.125200
49.106685
61.573236
96.491851
111.268376
118.821717
116.455639
104.037843
108.144901
68.516404
33.783365
6.973239
-7.380202
-4.934696
-4.872689
-11.551428
-0.242937
-11.038309
-2.321027
-2.242210
-6.016883
-13.182071
-8.960804
-3.456871
-9.322682
-4.356528
-5.254295
-4.761076
-8.540942
-1.911872
-3.130432
-3.830829
-2.565593
-1.939839
-0.754014
-0.011811
0.002034
0.533929
0.275460
0.763543
1.003374
-0.514324
1.448774
0.085435
4.492883
2.993949
4.347711
0.126627
0.137815
5.491845
-1.276515
1.706820
0.181295
3.695352
3.847082
2.123871
-5.780394
-1.850740
4.542102
0.243592
2.543496
-9.206136
0.265459
7.611125
42.195299
94.427216
129.841448
162.233383
170.182539
172.841641
150.472247
142.299861
122.024533
71.992099
36.947544
12.399882
2.654195
2.623302
-6.766146
-11.232283
-10.959986
-12.913964
-12.531328
-10.040981
-11.711394
-11.151105
-10.563486
-11.637581
-13.984181
-5.668091
-11.942243
-5.956514
-6.518477
-8.662767
-5.001599
-5.638188
-4.140293
-3.309037
-3.073220
-1.486669
-0.324922
0.083845
1.012583
0.785817
1.457863
1.905703
0.534259
5.623801
3.106297
0.800298
2.881328
5.366103
1.075060
5.050114
1.240789
5.869567
4.693662
6.698548
5.231699
3.569760
3.745702
8.023011
6.180342
4.153145
2.028003
4.454098
4.565219
9.499932
43.993745
98.581965
138.534074
168.776787
178.544927
181.206830
166.127131
152.951093
118.469826
77.952208
41.079798
14.181736
-0.261191
2.082519
2.051990
-4.779679
1.962583
-13.153512
-2.321027
-2.244928
-9.911951
-2.049244
-7.207040
-11.667090
-3.229513
-4.386993
-5.254295
-3.625363
-3.221698
-10.914849
-21.205291
-21.842343
-17.042993
-12.488583
-6.609441
-2.539210
0.640801
2.520880
3.568058
3.339246
1.471725
2.383613
1.453668
3.270318
3.623092
3.966333
1.184219
2.452148
5.186743
2.848603
1.598695
4.811962
1.840688
-1.559497
2.038916
4.018390
4.214170
-3.933951
-1.912707
11.332970
-2.040772
-4.464618
2.690236
2.726278
47.172204
89.722769
127.468216
160.187782
170.656585
172.841641
150.193336
144.791667
112.399422
69.649283
41.877742
9.992107
-6.920379
-4.473389
-9.079777
-11.220938
-13.214607
-12.900298
-8.276496
-10.040981
-11.615735
-9.224087
-15.922990
-11.589624
-6.155475
-12.994150
-10.599061
-8.408472
-10.945124
-3.772710
-7.466480
-4.208996
-1.127119
-4.228255
-2.690953
-0.630345
-0.442484
0.063715
0.562182
1.029080
1.820642
1.877118
2.344015
3.461615
2.336212
1.713114
5.842933
-2.335584
2.296499
7.689588
-0.153010
4.368008
9.550671
8.408492
1.613680
5.437002
13.636120
-4.355967
10.444736
-2.443329
2.021461
6.796253
9.423703
7.072351
46.452934
93.546597
143.349544
