161.350851
446.958477
888.880898
1384.493200
1917.312825
2383.578738
2760.953555
3051.638723
3217.474094
3354.529185
3513.635681
3683.874979
3924.434869
4184.603301
4458.633813
4693.485307
4838.543941
4825.223239
4674.289367
4548.385259
4476.443989
4464.214819
4404.783718
4263.041083
3888.838460
3347.518848
2749.442150
2166.627058
1649.360645
1248.603427
921.298156
670.308923
495.283942
323.415777
242.692246
174.612926
141.115773
131.383030
115.270525
105.362915
122.914740
108.937245
93.794060
81.585850
68.900963
52.831233
38.241073
38.980508
39.335842
29.787256
18.294541
17.947267
11.983129
5.890831
5.318499
-1.194416
-5.806016
-2.704344
-5.164605
-5.500451
-3.257545
0.277302
3.365280
9.680729
13.041186
20.734923
27.549067
35.472295
42.255759
55.891333
56.828366
68.156762
74.542161
81.820456
109.580163
106.503139
123.829137
138.545743
142.545652
157.328935
163.358307
174.818612
188.587719
210.242797
225.834302
233.362112
240.590542
280.875485
447.602798
629.823331
789.060761
870.467086
876.231789
820.294392
759.506321
637.554873
501.231424
382.095331
294.022128
263.192763
223.806848
213.675478
196.374300
199.030687
193.502057
173.344455
164.497304
156.001771
127.397198
128.229751
106.335026
100.300898
83.385282
78.331494
65.767660
56.718530
46.159461
35.885632
27.192818
22.441689
15.095119
6.528279
4.609196
1.517135
-0.797948
-1.383324
-2.193196
-0.279857
-2.384417
2.102227
5.417252
7.846238
21.266971
22.387574
27.635836
24.930682
41.874437
46.780240
55.780454
62.335002
63.124330
76.819114
94.909032
89.485145
89.960344
117.061657
111.985870
107.376022
126.848294
130.395643
144.717026
146.450963
122.614014
142.110449
162.486776
152.685331
147.784761
155.135768
147.251242
154.855740
144.284978
131.281083
145.784064
133.624636
133.001968
119.377064
110.153909
107.589705
96.526077
83.548029
97.306366
85.727066
76.044906
54.164430
49.719701
46.543344
39.103086
27.940332
26.865089
11.813190
13.689539
4.934162
2.673564
-0.482145
-7.267254
-3.468309
-5.273394
-4.071818
-1.956773
0.623200
4.714132
10.000369
16.743694
23.166261
29.545242
35.105417
45.759663
50.320778
58.616225
70.872648
81.116841
82.194778
92.504037
118.594015
119.022654
147.544634
155.629245
166.314992
161.146706
181.781087
194.564463
204.781156
221.881123
228.185506
239.749345
234.155475
234.155475
236.366575
218.278510
244.767885
246.351809
227.164891
243.627308
232.776624
223.205107
231.026423
227.526023
232.159604
210.292711
206.197430
208.387127
202.313532
175.104030
172.025530
162.249192
149.700642
142.100728
120.442513
110.134611
101.851507
88.302711
74.791542
63.239315
57.920450
47.069006
37.253853
32.140579
22.793716
15.169115
8.105828
3.406903
1.363892
-0.487227
-1.499709
-0.188599
0.119478
2.702041
2.043628
4.578656
9.431398
13.293611
19.033708
22.954196
36.668246
41.945895
39.382956
49.653357
62.595818
59.272258
73.728758
88.517404
88.583279
102.029991
98.038780
112.679998
105.362915
117.674919
130.640287
121.278834
142.239405
147.117862
144.940818
145.334323
169.684501
172.132423
270.057199
365.987493
408.119954
393.484283
317.692372
208.248459
175.099314
148.415085
126.236430
116.540156
101.309610
120.854498
87.707073
84.235334
79.432604
76.668955
65.046364
54.665434
46.737815
33.454771
29.645861
22.243971
17.879541
13.925058
7.034342
-3.041982
-1.231741
-4.692418
-4.649098
-5.867846
-3.642805
-1.983738
0.064655
2.807901
8.495917
15.450758
20.335191
27.205384
31.514464
43.377653
48.768518
56.391499
74.920933
77.491507
83.729538
105.341970
105.612586
116.511628
133.054547
152.926007
164.139647
169.083612
170.110874
193.936160
203.613394
225.149955
226.195516
227.088473
240.889922
236.181618
231.901524
238.416071
232.995398
223.675830
228.021309
244.508203
244.969105
233.492145
222.781568
214.592757
216.136196
216.004943
220.087672
201.283092
202.104098
183.502532
175.903526
170.110874
154.715537
142.807696
122.061580
108.155788
100.905120
88.005099
76.380380
64.815742
56.964597
46.727927
35.336982
28.186575
18.703372
14.833709
7.053122
5.476701
0.882275
-0.413557
-1.435436
-1.275145
-3.343032
0.157462
5.622107
9.626837
15.145972
17.049343
18.790724
20.775090
24.571321
36.815864
46.485561
49.285009
64.009662
68.378010
66.672495
85.376644
94.768688
88.025892
100.538146
112.448622
108.017073
116.049379
131.007254
135.741709
143.629137
137.734248
145.334323
137.609714
152.823133
159.603027
142.884190
145.203155
144.547314
153.875640
141.336708
139.789226
139.144441
122.976219
111.008644
116.767109
105.781437
102.851783
100.340651
92.791987
85.152360
57.516189
62.864516
51.483022
56.226648
38.986708
41.896991
19.369503
21.018073
9.658492
3.025156
4.323266
1.615873
-2.716163
-4.520551
-4.208835
-3.469041
-1.906599
0.741710
4.644806
8.457707
14.094200
20.326857
27.862125
36.381841
45.276397
55.635092
65.542795
69.723846
85.922104
85.960343
97.681723
118.417273
120.173604
138.545743
154.663803
165.721716
164.488815
171.462493
204.084517
206.182648
226.518649
224.681948
232.386596
231.682749
237.298845
237.969180
242.714846
246.582260
244.738654
237.969180
261.085044
311.109636
385.367317
351.189876
276.627840
266.895107
224.647746
219.212573
206.921087
185.171769
183.307109
171.837112
171.190861
156.123572
130.347737
128.320966
101.699370
91.572582
77.899558
69.705131
58.710277
49.387435
41.427954
34.888809
28.912076
20.500756
12.152399
9.745818
2.222092
0.507179
-0.757590
-2.663507
-1.084674
-0.697987
1.211904
3.992364
8.555804
8.825684
16.501122
22.340442
25.510497
26.252376
33.586683
40.071689
44.080047
56.539018
63.536907
59.451423
89.354448
101.107380
98.401309
100.751829
113.489813
130.246419
127.582228
138.628614
135.990776
137.236113
142.239405
132.962634
144.940818
148.184900
148.318280
155.555811
143.013147
145.203155
144.153809
136.613445
135.492642
129.119089
136.952175
119.150112
107.246264
108.123915
87.456099
95.597792
88.504815
71.069175
69.808083
66.589980
47.459906
39.744241
31.436867
32.851159
21.439972
14.984893
9.473148
5.723320
1.835754
-5.219466
-2.602125
-3.434306
-4.822380
-4.214587
-1.466787
1.106290
5.407386
9.990569
13.467214
25.184321
32.139816
41.622488
46.383700
52.404217
62.774704
75.829896
75.265136
83.837157
102.195229
120.877280
132.298322
141.118210
158.097496
166.305276
165.430904
197.335070
184.311025
202.313532
230.681161
217.275560
244.658048
246.287550
225.534572
228.449518
227.378995
223.885265
244.767885
225.534572
243.586401
235.924355
234.155475
215.821341
220.743750
203.493610
224.244398
206.606958
201.283092
186.716476
183.111685
180.158094
160.595463
149.887827
128.317035
121.885712
108.447312
94.352815
86.862210
78.192113
58.594249
52.212697
45.932074
33.779429
27.102476
17.331366
12.349097
6.859885
3.677904
0.732667
-1.505210
-2.197021
-1.748390
-1.541379
-0.899544
4.020283
8.605838
11.658188
10.957434
21.741352
25.707870
31.123659
49.756825
45.804631
53.024853
67.150728
63.454392
78.543234
92.204485
101.334333
105.192527
100.858671
121.669403
131.278073
134.759908
131.618866
153.315583
146.851102
142.626276
152.547528
142.497319
152.409726
148.051520
152.823133
147.651381
135.655504
146.184204
140.820880
142.317455
132.108156
117.718354
109.548135
116.199728
105.362915
111.774152
85.138200
83.687165
76.592939
77.017773
53.561113
43.758215
41.139705
30.965549
28.844621
17.598209
10.461650
10.422061
6.484532
5.740670
-3.760925
-4.783994
-4.962684
-5.485936
-3.705812
-1.153994
1.874994
4.913777
12.015431
16.803535
24.964941
30.157881
38.869453
44.978119
55.464878
58.421926
71.083740
82.627396
88.820675
103.497080
124.397172
139.602908
138.247793
148.284369
168.688095
180.601920
170.706605
191.454416
214.255576
212.193091
219.393256
235.511282
235.958173
238.639516
232.557849
242.714846
236.808795
236.587685
270.299221
334.959612
396.014275
427.043490
334.594995
274.721094
235.415151
223.150523
220.306448
201.283092
192.023611
182.720839
167.026631
157.050925
153.796799
120.089178
139.280733
111.907217
92.256553
91.016833
72.025165
63.311315
57.293606
39.972607
35.486903
29.788200
19.666475
12.588639
7.364119
3.665662
0.799953
-1.070236
-1.938548
-1.389182
-1.500602
-0.877149
2.080252
5.384910
11.363790
16.654264
16.017089
25.411810
24.795922
38.699689
42.701413
53.337223
66.785281
68.734610
72.657208
78.662281
99.582162
98.828677
109.093673
119.508952
108.551282
120.778150
124.595850
133.331379
132.001747
127.835110
138.232383
152.134121
155.275782
155.555811
152.271923
135.288537
151.996318
144.547314
126.331168
125.405665
122.100495
112.931796
121.587965
102.512098
114.384107
96.036097
101.713406
92.090535
73.356248
73.723964
64.564539
51.281917
52.821153
35.969600
30.987605
23.123930
15.249852
11.757977
3.069105
1.871549
-0.477582
-5.033761
-3.502312
-3.877097
-4.092683
-1.698028
0.553145
4.872909
9.125244
13.137205
19.242758
25.699623
38.263477
38.376108
48.967407
61.187768
77.150617
78.226886
90.623906
96.101112
112.365714
122.085064
133.793844
156.338686
159.877189
183.815971
167.880337
178.027499
228.670302
227.202994
224.681948
228.838674
230.151323
224.475725
232.339074
232.120299
245.660457
225.322803
226.950787
225.111033
216.230869
221.162619
224.052186
212.954644
226.432149
200.922748
211.346013
198.987537
187.215576
190.021067
161.188885
155.439228
148.992440
138.304937
119.494146
118.018244
97.709248
86.162802
71.258940
67.246201
52.792838
45.932074
40.361105
30.203740
22.495055
11.356949
9.374969
4.480476
1.309165
-0.533119
-1.649680
-2.193196
0.935774
-1.949152
3.301189
7.662610
12.185810
16.309693
22.340442
25.263780
27.188169
38.634865
45.090050
55.008345
60.153773
74.041366
98.130508
91.456592
88.000424
105.532956
94.595719
117.948786
117.307513
137.464233
143.783368
135.866242
146.450963
127.488047
135.410859
142.884190
135.900149
160.325213
152.547528
142.497319
147.651381
153.455598
141.207751
125.637041
123.901722
113.786531
112.504429
125.135781
107.910231
109.373480
99.294346
82.017952
78.986854
65.753941
62.395961
50.611565
44.204081
38.579384
24.905809
22.597466
14.896574
7.325419
4.769690
4.205786
-3.798660
-5.334679
-5.387308
-6.130602
-4.013893
-1.469545
1.327549
6.529270
10.698562
17.717165
21.964411
29.740471
35.420344
48.144481
54.274282
60.495106
70.386840
76.380175
83.045069
97.249782
108.107102
132.114574
137.889638
137.317013
150.962292
164.111979
166.730299
188.663667
204.357617
224.562466
211.111767
224.595636
226.950787
236.405064
242.486730
238.416071
235.261025
236.587685
223.256962
241.574269
237.745735
224.052186
220.324882
213.978465
211.316532
207.835542
219.431347
189.612803
189.650508
188.866096
169.576098
167.793814
144.758005
144.793163
125.383922
113.423686
97.884009
80.691089
76.937695
65.922457
51.168443
41.636659
37.285878
26.876284
19.359275
13.185519
7.852319
3.185635
0.512867
-0.749300
-2.890880
-1.861595
-0.296588
1.838533
3.500905
10.303954
19.786672
12.953543
21.921032
28.119732
32.876850
43.517972
50.291613
44.339342
54.294546
67.464382
78.926372
86.979962
94.272082
110.742139
110.019176
105.346028
127.148885
121.472277
139.015484
143.629137
146.851102
145.203155
154.995754
164.788049
155.555811
160.036339
143.271060
143.013147
142.626276
144.284978
144.022642
132.964412
134.247305
122.976219
116.160644
106.932372
89.595698
102.642522
86.793457
73.317691
76.071307
73.115393
49.901775
43.467269
43.577961
30.729891
27.221610
13.859402
11.379887
15.170520
5.527889
7.187236
-2.397701
-2.981068
-3.612012
-5.083327
-2.975606
-0.928141
2.133031
5.234880
11.013226
17.706951
24.940254
30.053528
41.998595
43.999289
49.544049
60.020971
62.378079
77.216454
84.603936
102.653628
108.271813
133.768303
146.023862
144.575119
174.663761
171.269405
174.938085
190.485527
225.841696
219.431347
227.088473
236.405064
233.713255
239.086406
223.047527
237.745735
234.308049
225.746342
228.449518
237.969180
234.155475
232.557849
222.358029
211.335696
201.090634
188.315917
196.205050
220.317006
202.451692
191.659180
169.387680
158.941734
148.813363
128.069499
121.722980
112.598198
93.344464
90.124512
68.952917
62.809839
53.381925
36.514675
34.988491
29.306599
19.273145
15.633222
9.081636
4.611680
0.829138
-1.010120
-1.044003
-2.689796
-1.557690
3.406073
-0.444121
7.822247
11.510989
19.360584
22.623232
23.133876
31.403548
37.817656
45.661715
53.571501
52.664607
62.155414
75.373266
78.845004
94.062821
103.031376
107.915958
111.660676
124.279524
128.683129
148.413449
131.281083
151.996318
152.271923
152.685331
164.936910
160.614088
160.325213
162.926722
145.071987
159.169716
146.584343
140.949837
140.047139
119.053534
117.829619
115.604319
115.972775
98.681990
110.866342
105.256676
87.642755
64.387291
59.953332
57.095008
47.021622
39.576307
26.890175
30.346142
22.759455
15.102653
9.411366
2.111884
2.629615
-0.463894
-2.038862
-3.349299
-5.951213
-3.570213
-1.770592
0.821254
3.761528
9.323456
16.646347
17.982256
25.894317
34.342256
45.258187
49.582576
60.484639
67.878002
81.603918
92.548661
106.911635
119.981893
141.001889
141.050855
156.338686
162.001162
166.442195
180.161656
198.688990
204.145848
223.668685
226.858845
219.277710
222.569799
230.807649
234.818805
227.378995
235.039915
254.418404
307.025693
410.120083
447.602798
415.970236
352.309104
275.565929
243.867498
223.763305
203.036114
206.898852
187.801846
181.157452
182.185945
158.390491
145.812314
128.883156
119.334842
110.010484
93.200414
83.349169
73.335424
69.550561
55.663809
46.516843
34.390397
27.432345
19.351811
14.317194
8.163919
4.093275
0.503674
-0.841767
-1.928197
-2.670583
-2.377307
1.278380
1.493148
8.605838
8.962517
14.899617
19.519675
27.958433
32.702283
39.088630
40.572585
46.321313
65.881812
74.999210
92.016143
100.648458
94.167451
105.532956
101.820248
114.646692
127.273419
136.049477
144.850406
136.115310
151.582910
142.755233
143.013147
136.389438
162.780074
155.415797
145.596659
153.236542
134.676925
142.368363
131.160972
132.964412
115.175474
103.189807
112.077062
114.157875
95.880216
104.704977
99.608237
81.661352
78.541104
65.363478
64.484235
48.876994
38.012716
35.593236
27.446211
22.516471
8.263331
11.407739
2.988532
8.073107
-2.430323
-3.119429
-3.247290
-3.411845
-2.631025
-0.991869
1.745684
4.736320
10.619896
15.083889
23.425343
30.299330
32.695798
46.887984
55.332504
60.362731
72.601250
77.643003
87.310119
98.630089
108.867211
113.329766
141.795187
150.734309
171.659646
172.247750
189.533749
197.580992
213.592246
212.193091
227.964395
239.064999
225.452055
253.699031
227.378995
243.399193
235.703245
234.155475
239.309852
227.164891
234.376585
230.370099
222.358029
229.733276
219.028919
223.763305
227.431110
215.140016
204.469812
178.413676
167.474630
152.351775
144.751860
124.235978
120.909324
106.299840
84.454874
79.209283
58.545370
59.917405
55.287702
41.428753
34.645040
23.250857
16.871016
10.781359
5.286987
2.620507
0.229869
-1.699976
-2.721713
-1.565422
0.142268
3.054481
6.363484
8.164328
13.917597
17.381692
16.829795
24.077200
30.646744
39.736866
51.384909
49.877742
54.662894
70.250159
75.738712
85.060543
96.691841
99.790253
117.307149
119.149894
118.811455
127.077206
149.240265
141.723578
145.071987
133.082745
138.481450
148.184900
155.835839
155.695825
145.596659
145.727827
135.043893
144.022642
133.820669
125.752728
119.498594
122.860531
116.716969
110.153909
107.376022
104.277609
94.796133
89.470364
70.025221
65.363478
53.091867
58.178962
46.857595
34.786743
32.259731
20.903973
15.540865
14.899617
2.004500
-0.520169
-0.444121
-5.056162
-4.626669
-3.451244
-3.384987
-0.590197
2.368160
7.094382
10.729374
17.887634
25.879427
32.161795
40.377819
45.134976
57.925156
68.279747
73.266725
83.684785
94.362441
103.985273
122.488977
131.801004
147.154369
152.401913
161.474129
166.372994
186.540078
200.122227
216.687786
211.319207
231.042378
223.628646
236.405064
251.941008
235.924355
234.597695
235.482135
227.807204
227.807204
237.298845
230.807649
235.734728
222.146259
218.230538
208.096835
199.736196
196.572059
215.582237
184.206327
183.124473
172.234847
153.111222
131.364564
122.655367
115.858743
99.106468
85.136508
74.706953
67.323121
52.490389
47.425020
40.861421
29.903065
24.729861
20.507540
13.373203
8.111079
3.097613
0.174555
-1.630589
-1.734155
-2.584231
-0.319402
1.882482
4.229673
7.393174
10.006789
20.258987
14.661055
25.026951
35.939296
45.380516
46.733586
61.030923
64.508468
65.187217
76.378242
87.080169
95.423017
93.693853
110.366240
121.466110
125.135781
129.294741
130.560418
144.153809
133.082745
143.013147
147.784761
146.383668
148.184900
154.063358
160.036339
142.884190
142.884190
144.809651
141.078794
149.791475
130.762609
106.219769
120.431086
97.891689
105.153654
118.775018
101.286039
81.572202
80.306789
68.982928
64.002410
55.399591
40.965137
36.889373
28.844621
18.929287
12.783673
7.341590
2.065862
0.245171
-1.097369
-4.783994
-4.092063
-5.496606
-2.533580
-1.471619
1.371040
4.727258
9.693434
13.467214
22.528202
22.834175
36.722921
48.581409
50.774421
59.171362
69.865562
74.150097
85.365461
99.262333
107.625913
119.859663
141.981270
151.111145
165.919474
161.147811
181.376230
203.460771
206.824962
224.339020
229.925151
237.924421
234.617501
215.821341
244.277753
234.155475
224.475725
237.075399
251.466095
233.713255
244.047302
219.696579
230.617715
228.848836
218.386606
204.250687
210.498934
192.221369
192.712244
180.375758
163.535425
159.473065
143.514665
126.604918
128.712539
102.617018
89.900024
78.939864
71.349808
62.575055
50.472274
41.394859
32.611265
25.837694
21.686381
10.031011
5.797086
3.484815
0.194842
-1.559126
-1.666149
-0.231186
-0.753975
1.309061
4.883612
8.780957
13.680558
21.020754
19.924647
33.246979
31.907348
33.066224
42.783576
57.760825
67.972981
69.029277
83.773327
93.593428
95.632278
108.283858
109.391150
104.002718
127.771554
129.661708
149.102462
142.368363
135.043893
154.855740
147.518001
155.975854
160.902962
160.469650
143.400017
154.855740
147.251242
134.799248
136.115310
135.990776
131.251899
126.957095
115.604319
115.859299
105.258284
112.911373
86.428011
89.176376
72.531093
59.738957
51.340291
50.142319
40.790570
40.885645
24.338848
27.286856
8.101622
10.194007
2.030068
-3.597360
-4.964443
-6.706077
-3.942092
-3.507362
-2.338689
-0.823514
2.737840
5.961990
11.583165
17.793954
23.724390
28.522688
31.232095
47.389460
54.146578
58.171188
71.424428
81.201293
85.133608
103.659811
120.877280
128.219456
150.085138
148.468117
173.230413
178.349515
175.490175
204.773421
216.741883
215.175038
229.291056
234.170611
230.370099
231.901524
240.889922
227.807204
218.278510
231.463974
244.738654
234.376585
230.588873
232.607705
223.525114
220.028564
203.098093
224.115575
217.681147
199.644979
182.854709
172.967619
162.432939
147.548521
142.316304
128.731957
118.631086
97.665967
88.366845
77.703779
62.259185
54.117988
49.660076
39.236551
34.673529
25.393454
15.909072
9.237525
5.863340
1.987385
-0.165311
-1.908136
-0.905255
-0.615871
-0.330049
-0.981660
3.712369
15.064977
16.846856
20.887869
20.491609
20.750830
31.399471
41.829956
48.621982
55.367630
59.987202
70.517609
84.174156
84.002947
101.473666
91.822268
107.259446
113.362820
110.047067
137.468002
157.292033
154.575712
159.891902
162.633425
155.695825
160.180776
160.758524
163.073371
165.383489
160.180776
155.415797
152.409726
131.401194
145.917444
131.251899
118.497209
111.649694
118.117328
116.266322
108.260830
94.395304
82.408104
75.288859
61.440504
61.146480
46.019830
37.259989
28.614134
22.818256
13.584216
14.307777
5.122130
5.360377
0.229287
-4.743423
-4.799069
-6.126179
-3.885659
-2.066663
-0.104770
2.490026
8.262118
11.035706
18.520025
25.418989
34.924493
40.020025
46.990298
60.909008
69.144048
74.906051
84.137952
101.780273
113.190295
124.996062
129.584575
146.075094
154.448826
177.120930
173.535941
191.632383
196.658806
212.430546
223.542196
216.136196
231.723265
234.376585
226.736682
235.703245
237.969180
242.030499
225.111033
224.687494
225.534572
223.628646
225.023846
220.324882
206.459990
223.369298
211.738076
200.809397
195.951105
185.456766
169.231603
168.257172
149.467000
142.141896
123.287611
117.249691
107.165385
90.697686
84.557408
63.442820
61.430781
51.369746
45.333209
35.313656
22.341116
18.792267
10.781359
7.166799
2.307902
0.101436
-1.290709
-1.098905
-1.596523
-2.135609
-0.393929
1.574964
10.657233
8.381676
22.303181
20.086636
26.201303
35.814072
35.902684
48.842991
50.663781
65.117039
63.520585
83.973742
97.913187
109.661142
108.399546
100.968434
129.214764
126.481327
141.916052
150.480489
154.015655
154.715725
147.784761
155.135768
176.000004
156.255882
162.780074
162.926722
159.891902
146.984482
144.153809
143.235633
125.289977
124.711538
127.197316
115.604319
98.179042
106.628129
104.170767
90.420503
82.956273
85.746516
59.167293
49.588714
48.228758
49.806284
30.918418
28.326172
18.590659
8.166306
6.211896
4.675706
2.556366
-3.037541
-0.368073
-3.128279
-3.282609
-3.140918
-0.802779
1.655057
6.169966
9.428263
16.105212
22.681865
30.299330
38.057255
46.137633
54.405883
56.666761
69.271801
77.498953
85.811622
109.353336
113.498396
127.784610
151.257678
152.618488
164.704400
176.517937
173.393377
198.216300
217.188773
224.562466
240.002328
231.502155
233.713255
223.416877
220.953185
237.522289
242.942961
226.950787
243.816852
241.118038
235.734728
233.271035
227.526023
231.712714
207.084691
206.402194
210.922473
205.204695
191.295242
173.156038
165.241635
156.001771
137.826223
124.146731
103.168618
97.377867
94.139960
76.512410
58.000255
58.564035
56.656248
37.281185
25.645083
16.888718
18.167336
12.110613
5.721761
2.860881
-0.173467
-1.550839
-1.358461
-0.615871
1.596813
-0.985393
5.126176
5.853867
12.158666
15.407559
20.208128
29.033758
41.374230
48.417391
47.876916
63.029013
54.236685
64.082714
83.773327
92.493363
90.254332
98.143410
107.704506
113.589773
135.234374
139.562924
142.842128
134.187636
145.203155
133.202855
138.481450
145.596659
148.585039
163.073371
155.555811
165.383489
137.858781
132.121858
136.737978
139.402355
133.749170
122.744843
104.215622
113.824080
99.906707
95.448121
94.395304
86.972264
77.917054
72.506823
56.666260
39.625703
38.624685
36.049706
29.408619
25.545400
16.660481
10.982451
1.973819
-1.265334
-2.307991
-4.884766
-3.663575
-4.197899
-3.143115
-0.366006
2.780163
7.866590
11.485221
20.434874
25.418989
34.692437
40.133718
46.635207
54.912803
66.205444
76.888403
77.913354
94.362441
103.776402
115.674619
131.263773
147.154369
170.270085
173.279076
177.125224
179.367060
186.288611
216.908896
220.962772
221.812278
230.151323
225.452055
226.736682
231.026423
244.047302
247.451479
263.581517
327.816911
409.346272
431.173713
371.570106
296.662228
252.039962
226.637736
223.321086
207.130521
204.781156
176.592694
168.864108
166.938247
143.427535
141.444268
128.062350
111.361738
101.811454
87.721669
68.058995
55.477647
54.301205
43.932414
38.610435
27.546073
21.917475
15.687085
8.463122
5.297927
1.480796
-0.522470
-2.289763
-2.057183
-1.419048
3.686966
1.406218
6.631203
8.711657
12.482505
21.916256
29.618260
27.040140
42.017353
36.484575
47.734000
62.595818
55.988948
71.498258
83.100623
80.580873
98.935519
104.811616
110.298960
116.497698
117.447967
133.500103
150.756094
144.940818
135.777827
160.180776
153.649949
146.908341
156.255882
148.718419
148.585039
155.835839
147.918140
144.940818
131.281083
142.710960
128.638646
113.252322
116.383174
115.972775
100.307536
108.149565
92.214252
78.592527
75.375798
60.703807
57.462342
41.199664
39.917733
35.825795
28.964529
10.976495
15.287653
2.193700
5.318499
-0.500397
-3.408731
-4.303673
-9.008432
-4.422082
-2.709378
0.221258
2.882474
8.338585
13.333825
21.496621
28.455012
31.931874
41.190017
45.477301
55.806733
69.720248
75.050102
83.432097
99.266067
106.100780
116.176825
131.849680
139.449594
153.518411
169.041204
178.137368
184.412662
201.900558
216.024457
225.311075
222.454592
225.237950
243.586401
235.734728
232.339074
237.522289
244.508203
234.376585
233.271035
253.699031
243.125499
222.146259
219.068276
221.169964
201.318266
203.845830
207.130521
180.692753
190.687956
171.648694
155.709877
152.573989
141.747243
130.018333
118.142893
93.802660
90.319412
80.282812
64.715719
60.051722
44.915556
40.338523
29.749266
18.371248
13.461119
10.280138
4.052706
0.972764
-0.312240
-1.178343
-0.929721
-1.378270
1.633438
3.782975
6.610610
7.599112
13.985323
18.750227
15.920682
31.771257
38.116276
40.644397
47.876916
64.098813
59.506536
69.811725
73.723964
88.984108
98.294468
106.894671
107.927036
107.589705
134.373038
128.158202
136.115310
147.651381
135.288537
143.013147
143.786888
153.236542
153.787752
145.990164
148.985178
135.900149
154.855740
124.937402
136.239844
139.789226
121.646590
122.397780
102.111851
108.871807
104.211979
101.177695
94.295097
80.769853
75.723552
72.072130
50.756878
46.145054
38.344796
30.635627
22.894827
13.534182
15.635819
9.081866
5.430174
-1.254136
-2.324302
-8.152945
-4.910307
-3.282891
-2.745046
-0.491369
2.844818
5.476138
12.333788
18.982676
21.862664
34.112295
39.217537
46.506734
53.763466
61.831736
68.028381
73.686186
87.298825
100.684882
113.665798
134.724036
150.029682
157.946306
167.897060
179.168571
183.198089
210.038525
214.180747
222.878866
235.871382
234.170611
235.064392
241.346154
230.807649
226.950787
234.818805
226.094368
236.181618
239.977460
235.064392
229.494998
210.525980
224.463173
205.667689
210.062601
207.957700
201.266361
177.301231
176.482791
162.822557
126.735623
140.223417
120.284452
105.888865
81.571334
81.277888
76.245670
63.731450
49.183068
44.917491
32.613313
25.029356
18.416730
14.873132
9.844216
5.246103
1.483720
-0.785229
-0.570881
-1.326980
-0.668126
-0.880882
-0.431953
5.352569
6.241968
16.539407
21.292150
24.272843
24.795922
37.316760
46.853910
45.449856
51.878568
68.467160
70.333357
89.249818
93.121146
107.242667
105.367941
110.752866
117.307513
120.431086
138.370700
126.678231
145.203155
148.184900
128.760613
161.480710
161.191836
155.975854
171.217333
155.835839
153.098739
145.203155
151.169502
136.862512
140.176096
130.884932
130.028675
121.009525
101.910854
98.388002
86.921199
90.420503
86.972264
77.203855
75.647350
57.830690
47.774993
37.259989
35.993728
22.741685
18.624522
14.454976
10.079980
-1.455694
-0.511044
-0.428912
-2.867862
-3.684999
-4.752704
-2.103567
-0.407193
2.421279
8.536643
11.642553
16.250599
26.609895
30.679643
41.954487
46.043390
53.407169
64.951025
68.297800
82.174230
96.499635
96.826620
119.120141
141.147616
143.469933
160.051729
160.720457
171.190861
177.444408
183.697956
217.351116
222.275423
226.432149
233.053385
235.287837
242.203697
236.628509
224.687494
221.162619
241.574269
233.049925
221.162619
224.809741
218.439973
209.513837
214.041853
205.465260
217.899922
189.998979
176.765258
179.958382
166.291641
168.759255
147.402994
133.754010
123.675756
100.476031
95.073065
81.145514
75.706831
68.971348
53.024895
43.718237
38.087538
27.463842
18.646912
15.654514
7.909977
3.999721
1.013177
-0.673414
-2.501098
-1.399549
-1.516913
1.735985
5.869233
6.837141
13.172616
13.863337
19.236194
24.461370
29.894017
42.589018
35.769817
54.526520
66.054389
61.191764
77.585390
76.490655
101.561286
107.474043
110.019176
118.068897
121.912442
128.316162
134.122771
141.336708
133.082745
143.271060
153.512147
148.585039
144.560629
156.255882
153.787752
149.118558
148.184900
153.236542
145.334323
132.962634
135.368108
131.251899
122.629156
119.968334
117.423201
99.706292
101.596217
89.845797
64.026442
67.471978
55.102922
55.380014
48.801615
30.321100
29.692993
19.606542
15.485371
11.883062
6.807950
2.724838
-3.338185
-5.129825
-4.584825
-5.609513
-4.816671
-2.358162
0.331887
3.178756
8.111079
16.646946
21.730744
25.894317
36.780944
41.270651
47.455540
62.163427
70.296448
75.534167
84.621860
92.446008
106.503139
124.603250
133.440360
150.169055
153.613051
182.417274
175.099328
186.032093
202.875231
212.391679
238.140041
228.838674
225.023846
231.026423
244.047302
231.682749
244.277753
232.339074
236.851954
216.640398
231.463974
233.049925
205.389948
221.299181
218.546178
212.575813
197.560852
206.292784
187.606423
198.639840
161.012143
154.472681
155.751406
138.653752
129.169650
107.551566
92.965129
87.296523
75.437412
62.870214
56.964597
39.912294
32.432630
29.788200
22.089662
15.654514
8.474475
4.091668
0.873365
-0.682118
-1.628255
-3.535421
-0.683056
-1.957307
4.657220
9.921236
14.548553
19.315664
19.114702
24.225711
27.385543
39.818900
41.227809
44.274518
56.617111
63.371876
70.681111
74.419473
89.986182
103.253906
107.802482
109.373480
124.034880
134.888865
148.689054
136.364377
152.685331
146.121332
136.022472
146.777173
146.908341
155.975854
146.777173
146.252500
148.184900
143.142104
144.547314
141.207751
115.709683
124.133098
126.476652
99.041102
106.932372
114.878067
97.301317
99.897095
72.273737
69.382788
63.957812
57.093994
42.419865
50.611063
30.164310
34.157011
18.184306
15.287653
6.044384
5.374337
-2.740230
-4.743423
-3.859344
-3.663575
-5.007005
-2.881188
-0.327579
3.403801
6.336186
11.563887
20.974858
22.133689
31.259520
43.547130
45.451572
52.043249
64.951025
73.177450
83.382674
89.575952
103.455609
119.992177
135.054537
148.096459
160.442576
159.100899
177.327653
170.079791
186.288611
223.781263
216.245560
221.169964
211.740554
215.002285
246.054764
233.713255
226.308473
226.950787
240.205576
232.828816
232.607705
230.838826
229.276224
222.026383
217.275560
211.947509
220.667766
200.259271
193.521959
176.170724
171.083441
160.227967
148.813363
146.998136
126.723135
115.213730
101.698116
76.725791
70.331975
63.362349
53.372979
43.741991
39.139270
24.307763
20.817296
13.060301
8.849439
4.299506
1.245534
-0.659174
-2.359150
-1.622606
-3.077274
0.160915
2.080252
5.320227
12.090856
13.515172
21.292150
29.851016
27.237513
40.221111
45.590257
49.874366
60.071258
63.454392
80.062747
89.668340
89.585352
107.705419
105.813001
111.660676
124.524169
118.809682
144.050128
146.317583
142.626276
146.121332
153.236542
148.585039
163.659966
147.039509
144.689586
165.830070
138.605983
135.900149
147.117862
133.698346
130.079975
138.112786
128.560807
126.848294
106.932372
103.688827
101.386956
81.026809
88.196416
78.936365
51.404463
52.153374
52.235859
36.776093
21.604445
17.281203
18.082718
15.161047
6.937317
1.958478
-2.715764
-5.891714
-1.810509
-4.629718
-3.746885
-2.516292
0.057650
2.710412
8.333641
12.636180
15.957227
25.319307
31.259520
41.339319
48.267042
53.891170
63.178833
75.996081
84.518344
86.430059
95.478443
105.379496
135.238284
145.702928
153.937413
168.885853
155.533135
195.049213
186.881887
209.180112
217.744292
216.973933
212.954644
233.053385
231.026423
224.475725
226.522578
246.054764
309.642137
389.087521
408.185554
407.024836
349.624844
286.360874
234.046458
217.530188
223.221794
205.036178
177.895274
184.311025
182.388374
159.860472
153.980547
138.130530
123.187562
115.539193
87.234737
85.439868
75.572122
67.643324
52.298896
42.367127
41.538102
28.266437
22.856422
15.811846
7.629015
4.978307
1.379214
-0.909213
-2.509519
-1.358081
0.910207
2.690293
