114.637052
206.713998
296.410292
379.728720
453.752611
536.569644
640.909265
745.069019
850.865534
953.272150
1065.150983
1184.965978
1300.087784
1391.183129
1470.432229
1530.236334
1599.815231
1648.827762
1693.839674
1730.972155
1739.368708
1740.218095
1733.613853
1755.077643
1695.639452
1730.311730
1689.948152
1639.321975
1592.893556
1520.632355
1429.079146
1342.453338
1263.565326
1168.084653
1069.842092
977.206544
856.666570
745.079778
629.704390
523.543185
432.263832
352.835255
272.480243
196.338166
136.117944
88.354495
51.058929
25.973348
7.714498
0.892664
-0.008472
1.358075
3.061405
7.847073
19.177459
36.129916
64.256101
91.251177
129.172891
171.004998
220.365403
276.466557
336.834672
399.454639
473.989347
568.735588
660.979246
748.036037
834.487717
918.397842
1000.833569
1073.857460
1151.867992
1232.475573
1307.551793
1388.669945
1456.181604
1480.409191
1521.483807
1529.762010
1542.544139
1534.278188
1528.139047
1508.531803
1457.270485
1396.307562
1348.765896
1318.604669
1282.887262
1246.301279
1201.664441
1157.860499
1094.021597
1041.947239
970.181733
901.094290
814.562059
738.988000
662.936605
587.710606
509.520589
430.183487
357.593543
285.172176
221.922420
177.245756
132.217453
86.864729
50.563826
25.866506
9.004729
2.282106
-0.080217
0.059142
0.091568
0.187723
0.584342
1.546476
3.860454
10.187700
18.776203
32.388252
42.847742
62.801772
84.582144
111.426985
142.077858
166.262610
201.532784
247.384936
287.581393
327.925858
356.050062
386.738372
421.184877
452.932128
472.438713
501.759775
541.080105
550.629278
575.370668
579.254469
572.212872
574.093537
568.285369
555.897204
545.554227
538.553526
532.619494
505.867900
484.860688
460.793345
434.369539
411.401159
378.506382
345.539979
318.632057
302.766065
283.635781
244.704452
203.820833
165.938684
134.485924
98.710532
76.003556
50.443023
21.428554
7.327985
-10.807761
-13.369480
-16.866201
-13.665738
-10.779095
-8.294695
-4.715990
-3.817352
-3.753523
-1.384128
0.139826
1.150685
3.048125
3.607139
4.775648
5.408220
3.044494
4.280143
-0.308662
1.542530
7.951174
22.464923
34.390269
38.370481
52.765601
63.379901
61.691125
66.881005
60.100228
61.356610
63.623479
57.691161
37.952162
45.739278
47.316495
60.373599
49.583743
52.813584
38.390866
33.577746
28.763447
13.944115
23.842197
6.539281
1.572567
13.930655
1.555886
3.979338
3.959812
6.312703
8.612749
1.481580
8.317554
1.430020
3.581013
-5.044816
5.412687
-4.683261
-2.592184
-2.468280
1.081235
-0.584191
-12.387904
-4.565399
-2.943280
-2.666465
-17.296216
-26.670735
-28.019855
-19.617967
-14.084545
-8.179150
-4.632166
-2.141149
0.827693
2.782355
3.314367
1.975805
4.928448
3.126273
1.587645
1.819176
1.170883
1.304516
-0.665902
-3.040092
0.457751
-0.839036
6.267297
9.925092
10.711384
4.211669
2.526307
4.581017
0.732572
0.763202
2.933571
-1.408752
-3.742098
-1.494579
-1.524175
-6.393405
-6.479387
-11.440512
-16.377071
-4.054574
-16.500788
-21.414260
-21.414260
-13.908944
-23.669776
-28.311841
-25.705158
-25.432490
-27.552519
-24.812790
-24.366606
-21.738466
-29.937174
-24.813539
-24.027099
-25.032101
-24.030817
-30.087752
-28.459291
-25.035632
-26.059616
-22.604587
-15.667150
-18.843618
-14.599533
-18.607505
-9.851936
-9.887083
-5.477962
-5.815931
-3.050922
-1.334778
0.195409
1.758679
2.806868
4.436379
4.441645
3.740117
6.466851
8.128763
9.144859
10.160954
9.178135
18.261803
12.197263
18.433563
21.148694
26.184628
24.679302
17.099182
17.858634
18.595072
15.428195
20.252059
22.887549
28.127249
17.415988
18.017797
23.220827
21.078772
21.243773
18.820209
1.574084
16.513569
18.911392
4.061346
-0.906804
-0.898084
-0.895469
-8.190391
6.369348
1.516459
1.496745
-7.844771
-14.549676
-14.260811
-22.678193
-19.930932
-15.146802
-14.583855
-12.010704
-9.662539
-12.437618
-19.670257
-18.134441
-13.963429
-13.926020
-2.615621
-0.356618
-3.617946
-3.741991
-5.867611
-4.940615
-2.339750
-1.767165
-0.074994
0.073180
-0.102105
-0.176094
0.141239
-1.283594
-1.553825
-0.438015
-2.051294
0.319064
1.310880
-1.752918
-1.912966
-3.341030
1.835868
-0.926343
3.732068
7.366109
0.650891
-8.588486
-3.178116
2.755393
34.367684
54.982489
65.706529
69.642807
71.695288
58.721207
44.774513
30.348078
28.079059
18.265285
15.800034
13.305419
-1.574487
-1.577447
0.904441
-8.946663
-6.411829
-13.606862
-20.669591
-20.508582
-20.166437
-28.948888
-21.671095
-38.801700
-26.887421
-26.092284
-19.066072
-25.964619
-26.470182
-26.675520
-21.801381
-26.224030
-19.886747
-16.938974
-15.477074
-19.679085
-10.896326
-14.370308
-8.834764
-7.507045
-4.894188
-3.411106
-1.430120
0.103125
1.113751
1.359417
2.644312
5.734096
6.503040
10.419311
6.661882
9.893514
11.005145
18.575920
16.849042
20.780820
11.591262
13.923291
12.017944
21.336872
20.676333
19.686848
30.249612
21.414211
18.026269
27.252045
25.873207
31.232840
22.645484
15.958891
13.715302
11.391944
-3.371469
6.514105
-8.335069
-5.852664
1.577117
6.514105
1.561952
6.444873
-0.885005
-0.879774
-17.556921
-12.648443
-14.762524
-9.946744
-9.759070
-11.661685
-11.405384
-23.291472
-22.314208
-8.205543
-15.005348
-14.186148
-3.762427
-0.536235
-5.880465
-13.926020
-10.289819
-9.104253
-3.638798
-5.101710
-3.049979
-1.045119
0.523289
-0.651052
-0.492579
0.252207
0.369348
0.909820
1.617695
1.607871
0.213560
0.249296
-0.494247
-0.548999
0.350545
2.508258
9.709626
8.026120
8.545370
12.146781
16.307365
14.135500
6.000106
9.966559
8.454747
10.866926
15.449959
9.411120
7.513858
-8.311246
-8.582357
-1.528614
-6.417971
-13.869542
-18.898890
-23.894347
-21.374008
-9.048329
-11.537740
-13.948347
-21.353881
-23.602405
-28.366078
-35.407279
-32.638511
-39.354469
-29.449530
-35.858896
-30.636343
-16.745626
7.176597
44.021342
34.686692
29.223428
20.582480
12.634633
10.117956
-2.427410
-2.229254
-2.019666
-4.109026
-4.623739
-2.235542
-1.185125
-5.704102
-4.581247
-3.413478
-2.630506
-0.711374
0.162841
1.726111
3.425739
4.345841
4.826453
8.214782
9.682956
13.394881
10.834423
6.291638
8.060593
17.963041
18.387129
19.610607
24.038998
24.647832
24.749215
29.522274
21.565638
20.728346
27.487505
24.400296
22.989159
23.675023
24.335485
17.981324
13.526868
23.543019
8.907944
8.951355
6.545575
13.944115
1.569535
4.030105
1.566502
4.034010
8.881898
6.407111
-3.293214
-3.250826
-5.553252
-10.144845
-18.981466
-0.815251
-2.983457
-2.888899
-8.945814
-6.598931
-4.445991
-7.819767
-7.361008
-13.207104
-16.532059
-9.851579
-7.723339
-0.405446
-1.340110
-5.260384
-2.330926
-1.321934
-1.908023
-1.052935
-0.961128
-0.217017
0.394832
0.742715
0.103802
-0.242684
0.179527
0.795437
3.676497
4.251732
2.100322
2.293265
1.466785
3.945168
-3.334888
-2.210200
3.461948
13.258124
15.956377
6.015792
11.927913
0.710450
6.807963
2.869936
5.126770
5.297662
-1.460544
-1.503458
-16.036848
-8.861941
-1.564129
-16.438929
-11.483724
-23.916804
-23.894347
-23.916804
-23.916804
-18.863299
-26.151342
-18.596365
-23.265548
-25.407702
-20.428077
-29.508429
-26.657605
-23.920422
-32.064395
-22.581870
-23.972861
-28.926178
-22.047439
-31.773002
-24.866962
-24.744096
-18.523755
-17.051278
-13.063277
-16.475641
-14.463089
-14.113327
-11.825727
-10.902036
-8.179596
-6.681736
-3.425545
-1.685243
0.468996
2.304565
4.172058
5.208521
8.679635
10.067222
12.730131
9.838501
-3.774341
-9.952657
-20.537132
-19.114692
-14.441799
-11.288977
-12.108177
-5.328978
-4.039242
-6.020219
-6.253311
-6.542667
1.282924
-4.943129
-9.477558
-0.810892
8.326236
6.212002
11.181597
6.413404
1.558919
-5.841366
-13.289195
11.491582
6.526693
9.029495
4.030105
-0.898084
6.451167
6.400817
-5.705783
-15.173016
1.495228
3.784081
5.998012
5.878429
-0.791709
-0.771655
-14.988473
-4.638067
-10.046990
-6.004143
1.063037
-2.145480
-4.878869
-5.755349
-5.275736
-7.008778
-4.212248
-1.915109
-1.576152
-3.481584
-0.988626
-1.303295
-0.570675
-0.351842
-0.042914
1.373330
2.145828
2.935492
2.688595
1.427778
3.113300
3.469397
4.751935
6.275506
12.344190
13.509736
19.732976
7.340490
7.928229
5.380487
7.467851
-2.945664
-3.075227
-5.165085
2.780847
-1.333283
0.794683
-3.665884
14.642848
10.347145
3.289926
5.788289
-11.408103
-8.997496
-11.494528
-14.000883
-21.494765
-23.984175
-23.871890
-26.324858
-23.647319
-28.311841
-20.870853
-18.240454
-18.098089
-20.166437
-8.328191
-19.441894
-25.491504
-18.395332
-23.945743
-17.026752
-6.879441
-19.136337
-17.971301
-12.189962
-22.994881
-15.674563
-14.345751
-9.620316
-9.544265
-13.228434
-10.403873
-9.074050
-8.730315
-6.297989
-3.240551
-1.644140
0.194535
1.196251
2.462466
5.999816
6.886434
8.424521
5.857506
10.486939
11.015500
15.012770
12.422474
21.676832
15.964930
15.840739
21.358433
28.011308
21.487770
20.787496
25.468280
26.510461
27.682913
26.527738
20.873429
17.051255
28.972274
25.072154
25.605604
23.473978
13.836438
13.890276
-30.598177
-57.762555
-69.920112
-67.520662
-62.343301
-54.969746
-47.179898
-39.558422
-36.847471
-22.190218
-24.386485
-10.071860
-14.488862
-18.601836
-22.455373
-17.642773
-10.905597
-2.676959
-10.046990
-7.778062
-9.008972
-6.818837
-4.878869
-8.483510
-5.296589
-1.493359
-1.304243
-4.305853
-2.282700
-1.299337
-1.824612
-1.355426
-0.063651
-0.061952
0.095452
-0.113943
1.575642
0.531352
3.160007
5.609835
5.115653
2.674557
0.322468
1.323607
4.720821
1.613146
5.544930
0.494337
3.495024
2.176315
5.756964
4.250258
-6.786247
10.479268
10.929451
15.501459
2.968570
9.787565
-10.684293
-6.239865
-8.760274
-8.870413
-11.397299
-18.898890
-26.399222
-11.505331
-28.962688
-28.908450
-31.304851
-11.462118
-18.738730
-18.596365
-20.890979
-25.482066
-22.816407
-20.106058
-12.871356
-21.603723
-18.938739
-26.946320
-21.887806
-28.926178
-25.742156
-20.908457
-29.800034
-20.084580
-21.455856
-17.021828
-22.803062
-19.729678
-17.181261
-13.919463
-11.041916
-10.234770
-8.970001
-4.299631
-2.860239
-0.805047
0.314609
2.537124
4.132324
5.564435
8.171720
6.096572
11.878479
13.689737
9.144859
10.211759
11.329464
17.128694
13.463264
15.812948
18.439645
24.909248
16.362743
19.000984
14.279287
10.983009
23.594364
13.930353
16.522393
14.754446
10.661266
6.193121
8.760347
3.983243
4.014484
8.951355
8.960037
6.514105
-0.901572
6.514105
13.890276
-3.355166
16.180762
1.536172
-5.677536
-15.127406
-0.854488
8.378330
-7.675980
5.834373
1.379977
1.339033
3.334990
3.182689
1.185871
-2.422632
-5.626372
-0.568496
-7.701838
-0.479560
3.153205
-5.830842
-1.294461
-1.892512
-6.240999
-14.106395
-14.679443
-10.474556
-4.793002
-0.870353
2.212267
4.737970
6.772514
7.163996
9.066300
9.562077
12.385213
9.244898
11.211208
7.347314
8.068312
4.023600
3.042986
4.643219
-0.944101
13.492091
10.993263
16.873160
-1.198623
-3.208601
-15.660097
-9.798437
-1.388035
-8.184163
-10.749112
-8.667080
-11.224449
-8.878885
-8.946663
-13.961481
-23.939261
-18.987867
-26.547950
-19.005663
-16.531717
-18.845503
-11.364890
-8.861941
-11.224449
-3.913579
-3.879283
-22.524464
-10.630277
-19.401642
-16.745626
-9.874058
-7.480969
-17.046878
-20.152646
-20.772864
-23.009038
-24.634770
-19.862774
-20.917689
-21.373818
-22.749376
-15.123416
-12.041204
-12.125531
-8.891840
-6.923974
-5.993948
-3.097567
-1.233105
0.524348
2.542968
4.675572
6.198486
6.578763
5.592330
11.562560
13.032713
11.045679
15.274187
9.301885
12.548778
13.564874
17.262646
15.597064
23.385911
19.870401
20.870868
18.019730
16.891893
21.592027
5.551151
-0.795197
1.416372
6.048363
10.971250
18.455476
13.688383
6.457461
21.264398
21.223148
11.447299
-0.904188
11.447299
1.563469
-15.659526
-15.522695
-8.126089
3.936381
6.256059
13.176919
6.092419
8.230732
1.408790
-0.788222
1.332967
3.315464
1.237430
-11.949891
-14.785563
-10.611989
-17.645055
-14.829954
-9.675658
-4.018837
-6.902354
-10.668472
-7.448934
-9.504420
-6.674892
-4.961867
-2.111053
-0.546562
-0.192226
0.170892
0.463063
0.413627
-0.258962
2.738615
-0.998401
-4.005881
-0.513484
-3.278749
-3.609165
-0.695497
-4.337776
6.927822
-2.240686
-5.405275
-4.237703
-1.095038
0.658549
6.368740
34.160522
62.069859
57.914758
55.396335
54.802674
47.182188
36.636724
37.317171
22.941385
27.973100
15.755527
13.342934
18.282452
8.368775
8.368775
-6.553086
-8.997496
-8.904302
-23.490119
-30.568612
-13.449253
-20.387825
-20.106058
-17.475245
-17.083742
-14.459453
-35.283317
-30.017732
-24.914303
-21.830490
-24.248475
-27.994017
-26.171692
-22.776230
-18.146631
-14.101683
-10.644662
-16.051971
-16.881672
-8.687611
-11.398736
-8.165668
-4.570882
-3.101830
-0.989221
0.556274
2.427438
3.647631
5.558086
6.546195
11.083226
8.059323
8.408189
11.106038
13.385503
20.252482
16.218930
17.554224
18.759245
12.766889
25.208010
21.638667
24.491236
23.721049
22.788432
21.642832
9.742382
16.595339
30.451205
15.293277
18.054270
30.511426
18.637843
11.403015
11.458370
4.041820
-0.899828
-0.902444
6.488930
6.488930
11.380873
11.303377
1.540722
6.331585
6.262353
-3.201917
-0.844897
-9.925891
3.631780
-0.789094
-0.767295
-6.807911
-8.455775
-2.526971
-5.931804
-8.893636
-9.851818
-10.432118
-13.468272
-12.255137
-7.916447
-5.023495
-4.241778
-2.856822
-1.792401
-3.316761
-2.317737
-1.601628
-0.152034
0.226019
0.705895
1.035312
0.588623
-0.857405
2.109841
3.133649
4.401793
1.247245
6.394192
5.939919
1.641781
4.392234
0.507100
-5.439164
7.081232
-1.102437
-1.146831
4.492814
-1.256334
-1.305167
-1.349561
0.799788
-5.969634
-1.473862
-11.062402
-11.235253
-6.460962
-4.031710
-18.970072
-6.540803
-24.029090
-18.970072
-18.987867
-33.877948
-21.353881
-21.192872
-28.338959
-28.122010
-20.649465
-34.554502
-38.734103
-28.948888
-41.870766
-40.741472
-14.041907
25.304475
28.258905
30.782154
22.076570
17.442840
10.043777
0.529221
3.147726
-3.181348
-0.699937
-8.291988
-6.317425
-3.927077
-3.757911
-3.345566
-4.005136
-1.958252
-1.057443
0.709559
2.427438
4.257353
2.503977
6.676467
6.274389
8.114905
10.714916
12.082777
9.366577
6.110645
8.990662
11.096262
13.255893
20.289947
20.280592
25.098780
13.732188
14.315760
16.912518
25.682713
28.692526
18.768770
19.346271
26.706930
25.173764
8.777711
1.549821
-0.895469
-0.902444
13.890276
11.447299
8.968720
16.355090
1.563469
13.782600
18.601370
8.795076
11.115172
3.873899
6.155358
-3.139966
-0.825714
-7.434849
-0.786478
-9.164767
-4.779299
-12.405993
-13.616289
-16.418972
-18.839489
-12.947358
-13.376765
-13.517788
-8.778460
-5.753952
-9.655563
-8.903966
-5.394732
-3.344753
-2.508565
-0.924333
-0.625581
-0.140965
0.282358
1.087943
0.733183
0.150598
1.733364
4.514821
3.123475
-2.131135
-0.571196
-2.622463
2.579923
1.635418
-0.822758
0.502845
3.533612
-1.026968
-1.097998
6.078538
-1.198623
0.717257
2.803119
2.895390
7.364836
3.070386
12.442568
12.792710
-3.959307
-11.332481
-18.863299
-6.540803
0.908695
-1.581886
-9.073746
-16.500788
-13.987749
-21.333755
-28.474552
-16.145101
-25.754734
-18.276045
-25.110246
-29.449530
-26.630486
-23.771694
-21.019839
-20.323669
-13.562503
-20.871498
-19.904765
-31.361967
-26.274659
-22.786187
-25.484167
-25.948933
-15.343205
-21.463932
-18.068712
-13.609280
-12.682846
-9.823736
-10.301525
-5.631179
-2.032616
-1.281429
0.734087
3.142275
5.766698
2.899625
-4.976328
-10.835005
-14.057967
-14.519784
-11.715962
-11.021373
-5.805212
-8.620131
-0.466481
-3.225744
0.940204
1.025126
13.112142
10.135056
20.017079
22.816222
23.816690
20.275073
21.011511
10.395564
22.254251
22.829594
25.656409
18.601370
16.275850
23.796169
6.507812
16.434330
16.370938
8.986084
11.403015
8.933991
13.742221
8.786393
-0.876286
-3.234523
3.823132
8.369647
-0.824843
-5.236892
-11.584794
1.329934
-6.751647
-10.380181
-9.880394
-9.393423
-12.120960
-18.872814
-16.124866
-17.334516
-14.590250
-10.021389
-5.883725
-5.770210
-4.785053
-2.262519
-0.932133
-0.932370
-0.897002
-0.140737
0.942203
2.865938
2.968628
0.992278
1.756894
2.109841
3.153997
3.581313
-0.575635
3.364765
3.709869
6.415113
3.070549
1.886776
6.511478
0.591333
2.364038
9.703952
8.251263
2.707667
-1.302208
0.775114
5.187409
0.823611
10.164010
3.258109
5.733162
5.799314
-1.570048
-11.516134
-6.565369
-6.571511
-18.987867
-24.051547
-18.987867
-13.935212
-26.151342
-23.467662
-20.850727
-32.606730
-20.267067
-10.803127
-6.031050
-23.821270
-25.355911
-30.904619
-29.813065
-20.821922
-27.425291
-25.992627
-32.859495
-22.786187
-28.374494
-23.346786
-22.368718
-15.929864
-14.868323
-13.492961
-10.531729
-8.050210
-6.242324
-4.258579
-2.694774
-0.921633
0.586226
1.917563
3.440458
3.682193
6.643899
7.484504
5.270388
7.617536
6.729319
8.435634
10.425208
12.675790
17.489088
17.202288
24.793942
20.522027
35.339507
30.038815
16.314392
13.058715
25.863790
16.139424
18.830645
26.206696
33.872866
25.249971
32.926383
21.016897
33.512609
21.285023
31.205553
13.930655
-18.225421
-50.297362
-64.801254
-64.675305
-51.797647
-56.423133
-43.866417
-45.745999
-35.856553
-28.412593
-27.910499
-36.157649
-24.404468
-29.817116
-24.868403
-25.858117
-24.581173
-18.172264
-15.412359
-15.894542
-13.287288
-13.369241
-9.850382
-6.735116
-4.024574
-2.604207
-4.044111
-3.268736
-3.511960
-2.217834
-1.386440
-0.029345
0.133633
-0.552744
0.429536
0.588623
-0.334431
-0.401021
0.992705
4.426803
4.839471
3.396138
4.842912
1.651327
3.081575
4.658906
-2.465517
8.778575
9.328799
0.663654
4.481789
6.635411
8.993979
9.309379
7.388365
7.615820
-1.479781
-3.909768
13.030307
-1.558210
-4.035521
-4.069817
-16.547182
-16.531717
-14.014017
-28.908450
-26.424010
-23.826976
-28.610146
-23.512576
-25.680370
-18.222658
-27.444045
-29.449530
-31.144830
-21.536352
-27.623659
-24.569471
-25.856688
-28.687400
-27.357069
-24.216695
-24.457629
-19.642837
-23.845319
-20.662596
-11.542946
-19.318643
-13.917312
-15.028304
-9.892207
-5.210046
-3.743470
-2.941879
-1.589969
-0.448475
0.119583
0.915251
1.284223
1.804555
3.312223
4.559159
6.696988
6.868132
9.449687
12.494293
10.494249
18.747290
16.236545
14.580969
14.406578
17.121208
25.203650
19.229606
27.580693
28.804171
13.550002
26.618277
25.317392
17.142439
22.277265
18.108980
8.786393
13.715302
11.369802
11.414086
8.994766
4.030105
4.041820
11.414086
1.561952
-3.345384
11.270164
-5.734029
3.912950
3.869994
1.483096
-5.445915
1.433053
1.401208
-0.783862
1.320835
-0.729803
1.211650
1.166157
-11.113702
-0.597270
-9.699784
-0.510949
0.809789
-8.584947
-2.474389
-14.775774
-23.674023
-20.800359
-16.257752
-9.935276
-6.360473
-2.896849
-0.000000
2.256804
4.603880
5.492726
7.323635
7.901779
10.489582
10.781241
11.986597
14.217771
10.678304
10.630309
-0.781325
1.800869
0.513906
5.145189
5.592255
9.391325
4.321922
-1.211941
0.727467
0.758097
0.776815
-1.398393
0.830418
-10.824734
-3.913579
-11.300071
-8.912774
-9.005968
-19.005663
-11.526937
-6.565369
-16.516252
-19.023459
-21.474638
-18.916685
-31.069254
-18.560774
-25.705158
-32.606730
-25.135034
-15.402797
-28.831090
-28.271549
-20.974925
-26.651825
-27.744323
-26.727349
-27.288847
-31.156450
-24.457629
-27.457135
-22.484694
-21.906675
-13.938971
-15.963975
-17.590934
-12.645363
-9.789874
-7.500184
-6.595996
-3.857888
-2.208715
-0.852776
0.821594
2.247201
5.163270
4.919251
5.309099
9.973204
8.114905
13.191649
10.310376
10.465783
10.494249
7.939826
9.847784
10.559013
17.480395
22.146331
23.611897
24.458668
20.093287
16.912518
21.693637
24.567041
14.453335
8.161274
24.614911
29.968196
11.192668
13.742221
11.358732
11.403015
4.022294
8.942673
1.564985
11.403015
13.822978
8.907944
6.375641
3.940286
6.262353
-0.862335
-0.851872
-5.417669
-9.873760
-14.002353
-9.373295
-2.830208
-12.740469
-0.699285
2.983527
-11.052889
-5.481694
-6.599884
-21.396490
-11.945138
-8.532171
-1.405322
-8.388439
-4.789078
-2.073720
-4.115981
-0.858692
0.154679
-0.361695
-0.003261
-0.079908
0.084233
0.123372
0.617259
0.747711
-0.415819
-2.002161
-2.217117
0.342037
-2.696162
1.539966
-6.908503
0.482425
0.515608
-5.566248
-1.052125
-4.636907
-6.650692
-5.036111
34.686692
52.795013
58.743934
67.236450
60.345731
57.244658
48.938467
42.417331
20.628081
25.753556
15.859377
15.918720
0.910397
-1.584846
-6.571511
-18.970072
-16.408000
-18.756525
-25.878674
-23.310463
-23.040977
-22.771492
-20.186563
-22.052865
-25.952521
-29.651150
-35.166999
-25.768339
-32.452898
-21.613541
-20.501678
-24.287074
-22.649743
-26.668724
-19.102193
-13.803378
-12.474566
-9.939989
-9.924492
-5.071736
-4.075184
-4.962708
-4.004335
-0.945651
-0.462902
1.083652
2.353997
4.334608
5.070148
6.871876
8.337442
3.254841
6.950632
3.290556
12.615011
15.079046
15.331162
15.145970
20.379650
20.680765
23.980172
27.149960
19.280410
21.899127
24.837689
17.716894
22.531916
23.268585
14.928774
8.421741
10.971250
11.225881
16.149066
8.907944
1.560436
1.564985
-10.760000
-13.225119
-5.818768
-15.644323
-3.342123
6.400817
-5.711432
-15.233830
-15.005779
-10.155271
-0.833562
-12.084581
-14.032760
-2.928026
-6.968664
1.269276
-6.430140
-22.594214
-12.701500
-15.255775
-9.623767
-4.669889
-6.804785
-9.630596
-2.451792
-5.670877
-5.453553
-3.280650
-2.550193
-2.310920
-1.053062
-0.143467
0.005105
0.650265
1.313035
0.477262
0.617259
2.951202
4.168835
6.336603
6.231484
5.963956
5.589777
6.077475
11.612576
12.376561
13.315171
15.920820
17.273727
14.817903
4.343973
4.542428
2.733121
2.831755
5.077156
-5.840661
-12.792551
-6.184590
3.274018
10.652371
0.899336
-11.505331
-14.053419
-24.029090
-26.547950
-24.141375
-21.514891
-26.424010
-28.854213
-23.602405
-30.892557
-30.568612
-25.382914
-27.471163
3.184929
37.419198
45.520843
31.272296
28.160952
27.226407
12.461999
9.979064
7.722206
7.244019
-5.608609
-6.557498
-8.644743
-7.902439
-12.528803
-15.354059
-9.166094
-8.245868
-7.277721
-6.707708
-3.622292
-2.587380
-0.540268
1.112549
3.705071
3.742252
4.420015
4.413755
7.876837
8.392813
7.074383
16.090706
15.722329
16.254781
18.896671
21.575498
21.809597
23.602166
25.618807
23.742169
19.229606
22.065872
21.007772
17.675644
18.335644
23.243182
24.030656
17.671301
13.365353
6.356760
8.838487
8.916626
8.942673
11.447299
8.951355
6.488930
13.822978
6.482636
1.546788
6.375641
-8.126089
-0.872799
3.858278
13.096162
1.458833
3.682547
-0.802172
-5.050465
-4.897934
-0.726315
-8.361938
-2.481323
-4.067489
-3.830218
-8.009399
-0.503974
-5.463411
-2.700361
-6.507065
-6.438710
-1.723033
-3.861670
-2.995074
-1.189576
-1.429122
-0.608137
0.148357
0.978497
1.098812
3.002575
5.821759
0.205903
4.875320
4.101671
1.167701
3.192213
6.646399
11.910416
4.196152
8.515699
6.246949
6.725136
13.921030
9.491366
0.672162
-8.934186
0.732572
-3.402946
-1.361399
14.108763
12.229981
12.567618
-1.524175
-6.430254
-21.293503
-11.462118
-21.474638
-21.494765
-16.578111
-21.615522
-21.595396
-16.547182
-28.772857
-23.714690
-25.853886
-16.005919
-25.457278
-25.060670
-24.788002
-26.494893
-34.947847
-27.388063
-24.406759
-17.570159
-18.819044
-14.200861
-20.501678
-25.910239
-21.070431
-20.875968
-20.298176
-16.208024
-16.653979
-19.094085
-15.422911
-9.585207
-12.449972
-8.512980
-5.014627
-2.478054
-0.912123
1.118609
3.795177
6.252880
7.832238
9.391810
6.553815
-5.189671
-17.146807
-18.192663
-15.267478
-15.817826
-16.153342
-12.101722
-11.608665
-12.667631
-3.858465
-0.633891
1.146443
-0.691438
3.217835
1.302638
-2.888899
-0.796941
1.431537
8.387012
6.262353
8.786393
1.542238
-5.807470
1.558919
-3.358426
-3.361687
-3.361687
4.026199
-3.351905
8.890580
3.959812
13.540327
6.281234
-3.205178
-0.849257
-12.263992
-3.058450
-5.191697
-5.050465
1.308704
1.260177
3.120207
2.979622
-5.803201
-5.417393
-3.553403
-3.265289
0.799174
-7.312847
-6.507065
-3.857752
-5.453553
-4.433210
-3.956137
-2.877191
-1.011357
-0.623340
0.071219
0.830800
1.988719
2.540660
3.381824
4.620846
4.257849
6.356101
9.562774
10.648851
9.648042
11.789621
14.066019
8.471192
10.420139
-0.978136
3.947062
5.937359
13.527298
14.162463
6.737374
-1.328844
-7.819858
-5.846802
-10.576262
-17.955725
-6.350413
-6.424113
-21.253251
-18.934481
-11.516134
-21.595396
-21.535017
-19.094641
-19.005663
-6.565369
-21.394134
-13.843274
-23.490119
-11.224449
-20.709844
-29.861824
-24.788002
-26.576249
-17.048151
-10.090121
-16.069395
-9.420327
4.586530
-16.040569
-4.630766
-14.249338
-10.191208
-16.515240
-15.105072
-13.830497
-17.719204
-15.276513
-14.507091
-8.245868
-6.155927
-5.124218
-3.877214
-2.836141
-0.588991
1.013739
3.327659
4.103585
4.780012
5.947225
8.983825
11.240905
7.870687
11.407833
14.716694
16.045042
12.802802
15.062598
21.846942
20.745901
19.036678
18.492936
19.204203
18.272881
13.122107
17.778769
26.829533
21.057539
17.215385
31.558521
25.326178
13.580706
23.450964
13.822978
8.925309
-30.361898
-62.403887
-72.174809
-64.738280
-47.596191
-54.382120
-51.644551
-34.620795
-36.480464
-29.121431
-19.401056
-14.504066
-0.817867
1.389076
-2.918244
-6.952589
-2.716087
-2.592184
-9.739429
-12.683908
-0.585935
-6.506046
-10.115460
-4.251930
-8.321066
-1.382498
-6.368342
-7.476872
-2.009419
-2.447672
-3.176422
-1.178983
-0.385775
0.034999
1.397002
-0.675576
1.587173
0.639531
2.451978
1.554569
0.280777
-0.541600
3.160840
-0.655543
1.562238
-0.793163
3.164264
10.540306
17.642126
12.342801
-1.127593
0.673864
-8.934186
-5.281775
4.950365
2.939934
3.038568
-6.006484
-3.841176
-3.928822
-21.152620
-21.273377
-21.454512
-11.548543
-21.615522
-24.141375
-14.079687
-24.118918
-11.537740
-11.451315
-6.467104
-25.953038
-13.606862
-22.996063
-22.704121
-24.713638
-24.168302
-19.200380
-22.978478
-22.383566
-23.457608
-24.472560
-15.919812
-23.835329
-29.019068
-28.362666
-22.010948
-17.542802
-6.606420
-11.154601
-13.269202
-10.614667
-14.455544
-9.468700
-5.901213
-5.899940
-2.002168
-0.452139
1.509888
3.006261
4.544347
5.371942
9.182654
9.193564
11.240905
8.763823
12.538731
11.672123
15.339591
16.772589
21.654966
17.805877
14.820825
20.914360
13.385691
24.849486
18.364935
32.939388
30.167475
14.136376
14.548423
23.979852
22.346306
22.967676
20.913772
28.374376
16.323394
21.264398
16.355090
-5.835716
8.968720
11.380873
8.925309
1.549821
6.400817
6.312703
8.647478
3.850468
-3.172572
12.853889
-3.071493
1.386043
9.875232
-0.751601
-0.725443
5.016176
2.967907
-4.044891
-0.584191
-2.031359
-3.220095
-0.454274
-4.931667
-5.382316
-8.052902
-23.037330
-17.552117
-14.982634
-9.539139
-6.242525
-1.757003
0.892959
3.748162
5.008239
6.763263
8.903536
7.147506
7.006127
6.453587
3.784797
8.993198
9.866324
11.958734
5.494059
4.494197
-2.358817
3.687967
-1.068402
-1.129073
-1.174946
-3.174305
-1.278531
-5.515156
-12.122716
-10.295380
-10.619474
-13.252243
3.280381
-4.008846
-1.567088
-11.526937
-16.562646
-16.562646
-19.094641
-24.051547
-29.152518
-26.498374
-21.374008
-26.151342
-23.490119
-8.768746
-20.609213
-13.278511
-22.322350
-28.772191
-23.722118
-27.417513
-20.121555
-21.466410
-20.648406
-36.291894
-20.366085
-23.877741
-22.376854
-20.466635
-23.758619
-18.148100
-21.595074
-16.809115
-13.481947
-10.623768
-9.425266
-4.918072
-3.990994
-1.906826
-0.381365
1.172453
2.971304
4.929566
7.539886
10.892651
11.246645
8.503976
14.616427
10.727237
10.770611
7.496083
10.560011
12.588496
7.927687
14.774798
12.637989
15.180016
21.287730
16.417517
17.201268
11.655988
7.779257
14.580119
19.449396
24.767325
25.351580
18.437240
13.728761
4.014484
1.561952
11.425157
16.339242
16.355090
-3.374729
11.369802
6.425992
13.661464
13.621085
-0.870183
8.560656
1.473998
-0.830946
5.878429
-5.174749
-9.279457
-17.163241
-10.610852
-15.864509
-2.465020
-14.246089
-11.716342
-16.912106
-16.775835
-16.440655
-18.254726
-12.286527
-8.739522
-3.806066
-4.257289
-4.679234
-2.757308
-1.698342
-0.175128
-0.025156
0.732541
0.622930
1.270611
1.141120
-2.126527
3.651487
-2.069719
2.933385
-2.536480
1.454058
0.423717
-0.802042
0.492635
-3.813933
8.415928
39.646463
50.907312
53.022941
61.189580
55.427230
53.327102
44.239234
32.075867
35.275829
26.913513
20.238136
25.367012
18.196619
15.814870
8.407991
-9.090691
-14.119089
-6.577653
-11.591756
-19.041254
-18.898890
-11.375693
-16.145101
-15.990454
-23.018520
-27.444045
-29.361182
-24.217878
-39.212735
-27.299715
-34.779270
-29.540177
-14.805910
-12.217078
-18.566213
-32.127250
-28.406101
-30.256105
-19.933756
-21.847506
-20.502860
-16.809115
-11.989407
-11.221254
-6.832794
-5.370894
-4.381335
-2.080775
-0.444926
1.223478
2.866435
3.953508
4.918966
6.669659
7.967375
9.295271
5.451697
10.671656
6.751229
6.339458
12.879009
16.508160
13.601099
14.774798
17.476841
22.031000
17.559456
12.646668
13.137955
26.135405
33.349264
21.195621
17.270095
3.799701
-0.867567
6.344172
16.196610
1.560436
8.916626
11.414086
8.942673
8.925309
8.916626
6.451167
11.303377
8.777711
3.916856
-3.247566
-0.857976
-7.780469
1.445185
-0.817867
10.085579
-11.379754
-13.044537
-18.476936
-19.558704
-16.911094
-17.553318
-18.106541
-12.268021
-12.683320
-14.007459
-3.761632
-8.331864
-4.523708
-2.395227
-5.435709
-1.067716
-1.101161
-1.277088
-0.257206
0.050908
0.964321
1.139509
1.963300
1.124582
3.063748
0.246743
-2.032869
0.316512
0.348844
-0.668861
3.882421
2.976834
-0.847915
1.972683
3.698992
3.980137
5.984419
0.676416
-3.170494
6.784433
2.863572
-1.374717
0.815954
-3.753530
-6.221440
-3.944064
-8.887357
-11.451315
-18.970072
-19.059050
-26.523162
-19.041254
-29.016925
-26.547950
-19.005663
-23.849433
-8.938191
-25.953038
-23.265548
-42.048876
-39.160605
-29.331732
-30.922367
-3.627777
33.234486
40.441929
39.223254
21.986433
19.037338
16.305628
2.233586
6.653916
-3.715667
-3.359455
-5.433973
-5.910316
-5.922963
-5.072407
-2.960057
-1.855416
-2.206518
-1.747506
-1.766972
-0.124569
1.205021
2.159203
3.353115
4.891176
5.063015
6.121645
8.531766
10.321373
13.388347
7.677624
14.154163
15.572597
15.284924
13.670140
24.162345
24.294780
22.272435
17.559456
24.053023
15.136409
9.576319
16.267080
23.420999
17.270095
29.424966
18.181927
16.053979
13.701842
18.747263
13.836438
-0.898956
18.783736
11.391944
4.026199
1.554370
11.314448
1.536172
11.115172
6.249765
-0.857104
-0.844897
-14.549676
-5.253840
-9.477558
-15.586605
-2.791081
-8.580891
-6.333688
-9.636909
-12.472802
-17.889371
-9.334902
-16.657695
-8.989566
-8.285881
-6.218200
-6.933230
-3.716361
-0.772764
-3.219355
-1.976445
-1.025203
-0.693220
0.523876
1.235997
1.735778
0.142090
-0.307795
0.795437
-0.432096
0.290136
0.319064
0.354800
1.463604
6.240041
4.274585
-2.214011
-0.930782
