158.621129
440.301358
879.041851
1397.302284
1904.076998
2387.602472
2771.865125
3035.696764
3198.260203
3361.547265
3508.768029
3668.254310
3906.289198
4164.000068
4421.585333
4712.537283
4894.362672
4923.001942
4759.752056
4603.695749
4483.537331
4470.742274
4431.763407
4293.146555
3923.055554
3394.814011
2796.503364
2212.672944
1685.978828
1287.934365
971.083510
717.169033
513.196612
378.586084
246.314885
186.798744
147.556927
137.799648
137.860987
121.930071
112.441045
110.169509
98.297946
78.381630
84.487933
60.685337
55.641223
42.626539
42.959914
31.719973
22.487639
18.178372
14.517401
0.084351
5.344357
2.346193
-1.221482
-3.116361
-5.835868
-5.172335
-3.068865
-0.664693
2.131987
7.781622
11.696189
17.078415
26.635701
31.453859
37.869797
47.297879
55.546641
66.672604
76.023788
78.171788
95.228725
98.815204
116.322911
142.391423
145.301289
155.092516
163.445112
170.791899
195.162564
217.769954
226.027450
223.855978
219.173136
242.503783
364.717196
541.217976
729.540712
817.780598
853.579980
830.870755
728.236802
651.977062
546.893285
419.271434
332.345957
267.924770
237.630501
224.076309
211.799372
205.039739
203.267676
187.595596
173.515232
155.365097
154.523021
130.418177
124.020750
101.814896
90.747871
81.386467
66.167374
61.840079
47.437963
40.147036
24.783142
23.927571
13.765216
10.292340
5.250132
2.023807
-0.232108
-1.430381
-2.380546
-2.903282
0.040747
1.824817
2.167827
11.399050
18.130207
18.013738
19.903572
23.846134
28.086416
38.526551
46.439020
62.562910
54.727141
75.578909
83.798303
93.436726
101.331642
99.851146
102.630728
115.915974
135.172391
148.811651
142.528712
136.164825
146.544092
137.411756
147.746368
133.353500
147.746368
162.205820
159.317428
155.263428
141.536900
143.448252
130.948567
122.662959
130.797642
112.252359
103.545032
108.510614
94.928643
107.678789
106.762205
82.575011
75.079522
66.508838
64.229446
43.032506
33.733161
35.972895
26.614786
18.312530
16.669098
8.988921
-0.804940
1.608988
-2.515017
-1.021449
-3.967576
-5.172335
-3.187790
-0.886258
2.683523
5.319051
12.364061
18.585226
26.195441
34.194119
37.755040
44.912840
58.615124
63.253731
72.337597
76.171047
94.096974
106.797809
119.337771
135.739527
152.574241
153.550653
168.126971
172.654980
176.433089
193.878903
218.000659
216.932438
223.832873
226.204897
224.810210
236.260163
225.663380
236.037486
233.770859
239.199203
303.182252
385.248146
466.432315
475.460574
388.262951
305.744637
255.192820
214.785466
218.568042
201.097798
184.408565
189.226862
160.778515
168.323840
152.184545
135.683003
120.558255
103.712347
91.947187
72.995152
61.165460
57.932786
51.056973
35.584020
29.353525
22.525747
14.604131
9.995140
5.967252
2.573725
-0.035382
-1.297938
-1.125362
-0.327261
2.419625
-0.524430
1.465245
8.921949
10.031031
17.131630
24.158246
28.380889
37.182430
35.551113
47.009700
58.457865
59.930159
75.770491
87.515530
97.434272
111.692369
107.694162
115.797494
120.126372
136.925884
136.629599
144.406712
136.289518
144.499155
153.860868
142.699156
152.526103
145.155969
148.147127
145.155969
141.795179
152.388070
131.670047
125.643189
141.740534
128.663882
119.709962
118.233463
102.241948
115.568574
107.567436
77.668983
66.643534
82.763216
68.104650
64.394348
42.568544
44.424921
31.278054
26.346852
26.564250
14.255564
20.392383
7.857731
-0.680947
0.052362
-4.011807
-6.204835
-3.215732
-2.871059
-0.206192
3.143490
8.928387
14.514535
20.740168
28.006860
34.886116
43.946061
50.760398
56.042571
69.577729
79.794437
81.343483
103.322115
106.944193
119.402046
144.920233
149.207732
156.611170
173.118603
168.570568
186.779963
195.322681
216.144404
223.635647
233.348611
242.579189
237.624044
243.498050
229.439477
224.868685
237.596224
234.872513
246.912943
237.818901
243.268334
222.548276
213.899761
214.710572
211.823013
206.559064
202.888715
211.110195
186.239010
175.974005
169.519727
144.590398
138.516589
131.430479
117.863736
101.664948
91.033691
81.948723
68.152920
60.207960
49.230736
42.919104
30.714628
21.880626
19.569017
9.761335
6.488073
2.351853
-0.354199
-1.993068
-2.005904
-1.418504
0.987650
2.973651
1.479156
10.851684
13.885325
13.266402
18.992938
16.754098
32.180404
38.838760
53.030569
64.123516
78.094002
77.626964
89.374259
97.211565
106.188759
105.967167
109.374472
106.907009
119.158379
132.049954
149.489384
136.164825
132.271280
137.162369
125.161649
138.035221
148.013541
148.147127
160.185643
152.388070
159.606832
146.811265
142.922800
139.599807
127.942402
127.341169
117.892732
108.938242
95.790760
108.235557
100.599495
88.702529
75.687805
54.982084
57.816576
48.895260
44.230926
35.638264
23.643031
16.816731
14.139192
13.653807
2.641182
-1.430028
-3.668627
-2.447388
-4.909734
-4.958785
-2.612217
-0.206192
2.307478
6.078915
13.965162
16.470144
27.468267
32.454822
44.523534
47.182372
58.560731
66.627263
66.026376
75.308426
93.093510
104.929444
122.889745
139.301752
144.778970
156.611170
173.048720
172.737137
193.859588
209.754814
200.849632
219.520101
240.879356
221.493545
238.074089
246.448821
236.482840
235.092843
237.150870
286.852560
390.661406
450.258982
510.071210
461.904262
356.542309
287.978636
238.790806
214.743265
220.110356
200.479036
195.548018
174.645183
182.701798
155.004202
145.330482
126.432704
132.809188
108.505408
89.258043
82.229850
60.935946
57.932786
51.004741
37.367122
35.439450
22.607659
15.720647
11.395152
5.397332
3.029666
-0.019819
-1.350915
-0.922463
-0.689478
-4.261086
1.811096
4.946561
12.107735
16.445578
22.292365
24.109144
28.702182
37.182430
39.833699
54.252857
56.159453
66.216869
68.475305
73.792151
91.388825
117.775231
97.669844
120.204113
110.462626
116.529811
122.284984
139.599807
134.104324
143.973703
137.411756
135.573961
145.024606
145.812783
159.896237
147.746368
147.879955
132.391527
124.934495
136.912983
132.267279
121.413614
127.581662
115.918945
118.463578
113.349660
97.029613
91.097012
95.471487
71.979854
61.568033
56.354571
46.831302
43.584331
35.020946
40.400461
17.411736
15.751984
10.157702
1.868652
5.576696
-2.602042
-2.687757
-3.745792
-4.963868
-3.820850
-1.273617
2.226639
5.177742
11.459087
15.399420
20.221919
30.452739
38.099311
45.271187
55.279590
60.887664
74.074461
76.171047
87.721457
94.879284
126.365250
122.481182
144.461940
171.077395
168.935070
184.999846
177.576730
206.866815
225.331266
222.454196
233.123588
232.008213
221.282598
235.592132
233.330197
228.576922
236.260163
237.399021
232.889536
216.142752
225.450087
234.478748
216.360605
228.042261
219.691192
207.491677
210.735287
194.434703
179.770640
173.049148
177.379860
159.034700
140.271745
123.641991
120.230205
104.169230
90.890781
82.370414
67.544224
59.960304
53.629092
42.044784
32.450395
22.119324
18.705275
9.761335
6.283751
2.182537
0.020914
-0.644311
-0.455396
-0.329294
2.936014
3.558395
4.946561
16.477946
12.015404
20.362991
24.354654
29.670667
25.632361
38.651434
38.044911
54.525289
58.035501
69.781707
80.959435
85.762113
91.015381
99.958053
100.600986
119.885879
123.132537
141.067057
168.595862
133.981855
137.162369
135.206552
132.872513
138.159914
153.078234
160.909155
145.812783
152.802169
142.440877
146.811265
140.632924
130.467581
129.144868
113.428336
125.417223
115.734773
111.687514
104.234334
100.920217
89.094584
77.178747
68.846710
69.959949
41.159685
40.248732
34.431908
18.633063
13.481508
15.407507
8.887922
6.222584
-1.468333
-3.760672
-4.736742
-4.688471
-3.474139
-2.523090
-0.399044
2.737077
7.956591
12.554441
21.328301
24.878636
35.365151
42.046063
44.869972
53.504950
66.767827
75.387977
79.029248
91.681106
105.303945
112.685063
143.169518
136.737534
173.608750
172.720171
171.959042
186.779963
195.322681
206.727309
235.309891
230.247887
243.664088
247.534027
232.228544
229.439477
218.629401
224.024900
250.346914
225.876672
234.431851
236.260163
221.704491
231.347222
212.472403
210.025504
218.226269
216.069883
210.894557
204.547430
171.439037
176.986120
162.875617
148.147206
138.319331
126.244570
106.547223
91.891151
79.314194
77.028988
63.643748
44.601429
37.082295
31.223322
23.754425
20.137661
11.555204
6.073699
2.554279
0.436507
-1.344505
-1.618799
-1.932933
-0.851207
0.048364
3.991355
7.069938
8.946850
19.871778
19.421061
17.608202
32.651349
48.618041
42.096977
44.748246
61.261204
57.228112
79.123167
96.877504
102.787016
93.220600
109.033741
119.404892
123.373030
137.799648
144.540299
141.407761
146.944851
154.562148
145.418695
152.802169
153.078234
160.475048
154.562148
142.828295
135.206552
146.811265
145.876161
125.295788
129.024622
120.391422
104.346929
107.300740
100.638153
110.623816
100.813309
79.250606
72.639463
62.009381
64.021776
53.857850
40.828685
35.288690
28.830611
17.537000
11.480670
9.372718
8.241528
5.639709
1.395693
-2.731460
-5.244730
-4.776530
-3.896188
-1.151146
0.873015
4.846214
9.501122
15.299413
20.085178
27.687117
39.973536
45.478224
53.276706
56.160366
70.013498
84.127541
92.318509
104.604489
105.478091
124.083161
136.598581
154.840946
165.370791
185.351112
178.298216
181.490708
207.659977
219.229034
227.381269
221.824116
233.365364
227.498729
224.383625
246.448821
229.655115
225.663380
238.749157
233.550529
238.074089
248.002842
233.810717
222.037408
217.696513
206.559064
225.247791
206.305416
190.450385
199.215120
158.531177
164.014607
136.140614
112.327286
115.671006
107.938986
94.126030
80.115347
71.116090
58.200264
52.110901
41.727628
38.522708
26.507123
19.254951
15.235596
7.181430
3.983450
0.424173
-1.260017
-1.644977
-3.840838
-2.577244
-2.132108
2.030623
10.066174
4.466130
17.531227
22.361303
19.866614
29.933805
37.402600
45.797006
50.240104
65.325660
74.429420
73.257425
90.865407
102.787016
97.460477
102.310008
123.820212
140.517261
138.062374
134.169736
145.876161
134.471734
147.746368
143.086575
135.451491
137.910528
148.280713
165.257006
145.550058
152.526103
152.250038
153.860868
140.891203
134.045043
129.205536
109.708464
102.642897
107.869172
89.151782
95.425818
101.665703
78.248198
56.386736
46.106256
41.884720
51.931937
34.860299
38.027017
16.117515
7.892442
13.237309
1.868652
1.632172
0.056742
-2.654979
-3.666516
-4.705766
-4.043551
-0.930914
1.753533
6.246150
9.299492
17.345265
24.163302
30.663484
42.332223
47.422021
55.947217
58.943087
72.773366
83.457219
96.610629
100.538785
112.028963
134.040888
130.863275
159.661561
165.734280
164.612300
186.453753
185.868420
206.467062
223.567581
219.691192
230.025238
243.432027
235.592132
245.984699
243.727765
236.482840
269.831260
366.799311
439.543686
457.250532
429.605857
371.055419
272.183957
240.501811
224.458289
189.262226
183.735824
194.936293
179.739994
160.825276
155.725991
154.035938
124.757319
124.850519
94.566748
82.839939
80.571957
70.471923
61.077577
47.503944
41.306137
33.532075
28.895282
17.670156
11.113202
6.719879
3.091199
0.489862
-1.326334
-1.882806
-2.621751
-1.749199
1.187034
1.377145
8.798717
9.957092
16.827743
24.158246
19.904599
35.217139
34.020878
37.638944
55.597858
52.431152
70.882974
78.835795
96.320737
88.506501
114.019293
99.972884
105.944846
124.551688
138.062374
144.273126
133.981855
141.795179
137.910528
133.233253
143.473993
145.944146
148.414299
155.684196
133.113007
143.215714
137.037676
142.182598
133.491976
129.625855
132.174647
126.619689
116.643388
100.638153
108.792324
101.775473
79.511299
72.639463
67.391343
58.478598
48.434157
34.224182
30.752651
26.972032
17.286472
16.870334
9.029321
2.757806
-3.037166
-1.234251
-3.208405
-4.900379
-5.298490
-3.440848
-0.775476
2.526533
6.035605
13.420551
17.885652
23.993625
31.190349
31.651050
50.116230
59.880199
60.294077
72.884117
77.885968
85.846426
100.857450
112.028963
127.422509
140.027079
153.738139
170.329581
171.764517
178.167340
199.215120
205.400600
216.069883
235.687735
231.347222
232.228544
210.571189
232.889536
247.534027
209.075928
223.392061
234.652182
232.889536
234.652182
237.849066
214.511486
215.741843
205.192360
213.055696
223.122227
209.453156
204.760723
166.524510
172.557034
152.907012
141.640250
135.824104
119.818012
113.821769
97.916240
84.760000
74.907850
71.125306
56.360203
42.465238
42.643308
25.277399
18.194271
13.755566
7.574165
3.924544
0.992062
-0.955306
-2.553192
0.026276
-0.384176
1.667032
4.584233
4.559616
8.812311
10.671834
21.211449
28.889860
34.592721
46.880828
52.768736
42.585264
63.695937
60.219633
79.881283
92.688377
99.884048
104.717822
108.238703
103.741496
124.796627
126.379196
138.824970
143.448252
144.236429
144.499155
132.992760
145.287332
155.824452
138.409300
155.123172
147.746368
144.761881
132.992760
153.440100
132.389748
129.986594
130.062824
109.813147
116.870541
116.263375
98.332697
101.882379
83.853828
63.060052
69.918575
59.067062
54.642534
52.373285
41.898405
27.597211
21.424034
12.865351
7.388334
9.417737
2.545139
0.059788
-7.493805
-4.122353
-6.265674
-3.952841
-1.766922
0.560649
4.322299
8.281412
14.854663
21.917542
29.057128
32.244077
41.220308
47.301821
52.318681
67.751774
73.374328
85.589338
102.073735
110.678298
126.313087
150.009561
156.511641
155.987965
195.094740
183.153687
187.799504
202.508384
220.004751
234.998589
231.806625
231.583949
236.273907
222.337330
233.109867
228.792560
234.701425
248.237249
238.074089
241.660329
227.283091
223.317163
228.923584
211.204251
196.663564
204.112165
212.188388
190.848817
182.892219
175.071422
152.907012
149.070604
129.251571
122.854602
109.949312
97.766292
88.606294
75.544701
70.422487
52.329175
39.628816
37.407343
28.027953
20.895983
15.049582
9.103024
3.293647
0.933408
-0.861357
-2.210816
-2.975682
-0.804391
4.767158
3.278931
7.691152
12.056688
13.434595
25.275056
22.819053
26.064747
34.449203
45.297662
53.043200
53.476655
66.476660
79.783269
84.389919
96.002494
97.041742
94.924632
105.731032
113.135109
126.258949
139.341529
140.632924
137.661141
154.702404
154.842660
165.704452
138.035221
133.473746
153.078234
147.746368
154.702404
147.879955
147.212024
143.579615
134.169736
132.922805
126.018456
114.805410
108.189893
98.733646
106.676608
88.798034
65.393048
73.949853
59.140620
47.455719
52.299727
26.658724
29.065006
17.630948
20.546920
6.142628
0.077496
4.070397
-1.289579
-4.416507
-5.138776
-4.048377
-4.330297
-1.276026
1.128940
6.092322
8.461188
16.633664
23.010280
30.484390
41.711516
46.304748
51.394546
66.382092
67.528267
73.914240
84.539119
99.582790
106.115421
122.481182
128.731008
152.434872
152.297493
171.867500
185.422482
182.074279
195.751926
224.797746
215.797996
239.133462
226.636174
232.889536
245.752637
238.299112
246.680881
239.199203
228.576922
227.156426
214.919302
208.977462
232.448875
228.703253
210.025504
207.170789
203.704348
200.645725
187.131898
177.302828
178.167340
164.612300
148.892504
134.129950
120.774007
109.330750
99.600404
86.031840
73.973171
64.803249
54.349314
36.518505
36.880480
28.186290
20.558951
14.225973
7.630270
4.798883
0.559037
-1.094225
-1.495630
-0.600101
-0.825671
1.136029
3.991355
4.681386
13.315155
12.859101
19.461271
25.680412
27.497190
34.623189
45.511667
44.360256
63.087654
74.046257
72.366215
83.997864
88.310473
105.740013
110.010165
118.442919
126.438766
130.054865
141.477809
146.009747
134.716673
142.440877
138.159914
143.086575
155.824452
170.490857
165.555303
148.147127
155.403685
132.632020
144.236429
141.020342
131.899870
118.257367
116.698419
123.854017
87.853468
96.249595
93.799249
75.937509
78.961166
62.156497
50.265597
44.192412
34.764305
38.508873
30.148705
21.234105
17.272808
9.312118
1.896473
4.938456
-1.293835
-4.994390
-5.191753
-3.628929
-3.158825
-1.273617
1.684355
4.988312
11.459087
17.042873
19.800629
30.708102
31.089197
43.148618
46.117185
58.232741
72.918622
77.600148
81.105340
95.945343
110.060665
129.380690
145.031435
148.852036
174.697266
175.309978
175.071422
193.260140
216.696926
228.107135
241.439440
207.383735
223.743748
237.173998
238.299112
224.024900
235.814809
218.010638
239.649248
243.498050
249.174877
227.930006
236.048884
240.282038
219.384083
213.899480
225.247791
215.924074
186.937374
193.260140
171.987539
161.441512
141.216060
130.071695
133.222430
108.128879
89.539493
79.103767
66.533117
63.560405
61.288240
40.876253
39.101886
28.210545
20.289308
10.913083
6.967465
4.838313
0.999835
-0.663167
-1.302078
-4.635003
-1.999429
2.668371
3.815465
4.532556
11.084428
13.371963
13.673704
24.142707
25.877231
31.861564
39.463177
49.651640
52.520401
63.322483
73.805984
88.876418
89.612061
96.623008
107.784396
109.349091
114.712582
128.225779
128.663882
145.341816
144.367792
141.924319
143.215714
145.550058
153.354299
156.245221
145.418695
153.078234
159.606832
144.893243
124.253034
133.491976
124.485187
124.137787
112.145452
108.033525
108.831335
103.741496
87.781621
82.971609
77.165064
76.644021
63.651840
43.167474
48.627707
39.204817
29.580675
19.452871
23.578200
19.220015
10.573249
5.970530
5.119848
-5.885238
-4.717007
-3.131403
-3.679697
-2.547233
0.053759
3.788591
8.513553
12.942066
15.798317
25.472148
32.244077
36.458988
45.436022
60.161326
67.979911
73.027027
86.134693
96.198797
103.797693
112.204983
140.475473
156.384469
148.508101
170.095671
182.122416
194.070535
209.534483
218.891366
227.948064
237.295741
232.474656
235.598839
234.256071
237.624044
235.146779
254.000656
311.357341
390.115350
422.631741
418.963268
357.319976
286.085140
232.223497
213.688534
199.614316
219.336720
190.848817
177.492659
173.885857
156.016547
151.395257
131.219869
124.658875
120.126445
94.177712
92.518102
76.359932
61.635706
51.620429
40.612161
32.957951
25.951463
25.566978
15.498823
9.757917
6.156002
1.456116
-0.639286
-0.907295
-3.231601
-3.167216
1.061839
-1.170410
8.182561
5.954777
13.152750
25.060860
24.845676
31.839415
31.379624
44.869653
49.725198
59.199926
61.213804
66.785431
85.702809
87.624377
92.719414
109.431165
114.178972
126.064687
120.663781
140.820994
140.762063
141.536900
152.388070
145.155969
148.147127
153.354299
153.078234
143.861411
143.086575
145.681421
142.957435
137.411756
145.475402
129.986594
133.296884
122.169183
110.648754
102.141711
110.685333
94.485346
89.468569
93.691866
74.558136
63.885854
63.487385
35.451735
36.466765
34.857457
28.381029
15.302911
21.122137
9.529853
0.070261
3.618130
-2.949977
-2.283501
-4.249360
-1.942263
-1.193700
0.384891
3.702925
8.070868
14.660891
20.102717
23.927571
29.871848
48.870362
46.247055
49.419131
63.514914
67.379919
85.320583
92.817998
107.928342
114.306806
135.155003
142.553341
163.008351
153.701232
173.639330
181.120390
196.560206
220.004751
239.329774
213.679301
225.989259
224.596917
237.849066
248.002842
245.288515
248.940471
234.924101
233.550529
245.056455
227.498729
223.103871
222.677286
219.264607
202.602554
223.567581
209.026571
204.406900
177.302828
180.489591
158.613147
149.426807
134.973534
123.037453
107.976585
96.159617
81.794802
76.224060
65.962751
57.678214
44.356147
32.866655
25.867205
21.401531
16.767341
7.854689
4.366932
0.810604
-0.895275
-2.124680
-1.474989
-0.774599
-0.481744
1.326140
2.305032
8.745041
12.597264
15.864151
23.086987
25.924110
33.184299
35.359404
44.681304
70.765995
67.910167
74.080016
91.298585
92.959080
97.251110
107.784396
104.341241
121.689578
130.054865
142.937264
146.276919
134.716673
144.761881
145.812783
135.941370
155.684196
143.473993
160.475048
153.768397
135.696431
138.035221
135.329022
126.685390
123.230843
130.552703
126.619689
110.969475
112.912402
103.636812
107.122022
89.372779
87.624377
83.703823
73.988671
56.271859
46.623534
32.996629
36.189062
26.955449
15.070168
14.749870
9.350467
1.724909
0.060931
-3.471389
-4.082715
-2.972851
-3.910790
-1.513854
0.785469
3.702925
11.412033
13.924035
20.882201
27.485756
38.582041
46.547331
52.365747
58.361574
73.474667
75.313587
86.220273
100.240763
102.681214
121.112677
136.418133
156.397137
159.458646
164.394271
174.623680
197.740601
205.503591
207.360147
229.073179
238.674032
221.282598
241.660329
227.930006
226.089965
234.211520
228.576922
234.211520
236.928194
227.714368
238.299112
240.511753
229.584576
218.118405
217.344975
200.012748
201.257449
196.771467
183.241422
177.405708
156.550850
150.495413
136.154552
125.150950
117.277758
94.740032
87.430712
66.983001
66.026376
56.738295
44.467321
33.178379
29.671285
24.721530
16.172685
8.046932
5.537180
1.749506
-0.373255
-0.802101
-2.041095
-0.710758
0.042461
-2.982755
5.119848
9.168411
10.277493
22.439672
22.506463
30.395702
32.403492
42.005777
47.723048
56.961731
62.662874
71.207643
88.562367
87.624377
90.270750
106.535051
117.721440
107.762265
115.473531
143.204437
135.291973
153.299844
146.811265
137.661141
138.409300
137.910528
155.684196
160.330345
147.746368
160.475048
147.078437
143.710978
158.015105
139.728947
143.204437
126.499443
136.091931
108.617521
112.781776
103.485984
89.564360
86.307474
67.630079
60.685337
55.213213
51.931808
39.204817
24.045060
13.162408
10.645306
14.051913
4.839249
-0.770384
-4.312938
-2.358372
-4.717007
-3.482650
-3.873321
-2.392549
0.140363
3.929363
7.531279
14.498863
22.971270
28.947063
37.121698
41.427263
49.656566
59.151831
67.892338
76.695284
86.350809
99.235026
114.065115
126.132640
122.362528
142.733788
163.598961
166.123328
182.328670
186.983871
193.508935
212.619665
213.477588
237.755171
224.810210
231.126891
245.752637
232.669206
232.889536
238.299112
233.330197
228.145645
228.145645
234.256071
232.448875
202.499278
205.192360
208.190330
199.614316
220.672781
208.522532
176.048917
173.885857
157.085153
145.061512
132.368043
123.684167
117.933857
97.031154
81.984705
72.146758
61.516257
48.998351
48.246497
39.101886
28.301842
25.763647
16.955744
8.767667
5.442178
0.907131
-0.530726
-1.854197
-1.617352
0.834633
1.066476
1.886559
4.451376
11.837475
13.340647
20.854203
22.685086
36.587834
26.391508
36.653024
55.407173
63.721483
65.955274
64.583371
84.499963
94.826517
106.304560
113.753301
111.418854
123.694400
118.006309
149.653187
150.455613
146.677678
145.024606
148.147127
148.013541
160.330345
175.110633
156.245221
145.944146
145.812783
147.746368
151.559874
146.009747
144.807471
137.404436
127.100676
119.968980
106.986689
110.796686
103.592892
92.231027
90.915144
77.178747
58.993963
50.891430
46.019559
43.022356
31.670871
27.705514
15.826585
7.829429
8.908122
5.357887
-0.685012
-3.773821
-4.637647
-5.053294
-5.486758
-1.993068
-0.354199
3.191216
5.498283
11.959124
14.899835
29.392890
29.499365
33.929304
45.390636
49.183322
61.555292
73.209134
75.623349
93.368824
102.019228
124.969060
137.426897
137.850236
158.536899
150.973704
174.712330
185.148697
203.131567
201.922814
205.743431
231.323406
224.695427
240.971183
226.204897
225.023502
233.550529
217.391876
245.288515
244.824393
242.349474
236.948975
225.342343
224.911066
220.813932
214.743265
216.285521
218.223336
203.985007
183.241422
172.557034
173.442460
157.368446
143.015168
130.521148
110.877154
96.595386
84.648110
75.174901
65.267452
55.543805
34.714294
42.001048
25.698689
16.699791
15.085750
8.767667
4.485193
1.428570
-0.530533
-1.952409
-1.656799
-1.540339
-0.467516
1.927720
5.167108
8.543233
14.388416
21.986271
22.729742
24.426658
28.724744
36.537033
49.136734
51.147124
55.756953
57.353260
90.657143
99.549987
105.399283
95.225344
121.575736
123.571930
127.368491
121.527191
152.738820
142.699156
138.035221
153.354299
148.280713
148.547886
156.104965
155.824452
156.104965
145.812783
155.263428
137.661141
136.788290
142.134623
138.050134
129.817885
115.362178
108.724428
106.693195
112.673569
99.554150
83.031732
78.069956
59.635977
56.283236
53.144501
32.346539
30.471377
26.927376
16.030236
11.234015
10.023163
5.357887
4.667856
-1.212970
-0.489875
-3.547602
-5.622908
-2.519539
-0.744731
2.737077
7.240498
13.164611
17.802771
23.035971
34.197575
37.532124
43.378132
53.377645
58.748075
72.628110
78.293102
94.743689
100.698117
113.377768
134.411167
137.315933
157.564280
173.525926
172.458110
186.866262
202.269012
213.941097
222.899550
237.066026
224.479788
225.989259
240.282038
226.851813
222.126383
235.592132
221.915437
242.119759
235.369455
234.923771
215.741843
214.298063
205.391576
226.017026
219.890026
219.114044
198.003986
182.074279
176.433089
157.263254
158.987734
129.019562
121.570670
117.217021
96.595386
84.104623
71.381314
65.393940
56.260499
44.256576
36.446314
26.204237
23.571770
12.450087
10.878126
4.531914
1.686234
-0.431058
-2.009833
-1.322027
-0.740550
0.043413
0.052553
7.466920
5.141407
6.616419
21.077482
20.265455
31.781419
36.590857
48.752941
52.341157
69.981885
69.238782
73.440607
75.039844
89.311349
105.058553
107.443666
121.326350
116.494975
133.788530
142.937264
146.143334
147.612782
145.024606
135.941370
146.338235
156.245221
146.600961
153.768397
148.815058
143.861411
165.853601
161.765044
147.479196
135.666052
122.208651
132.922805
120.895382
115.848350
107.762265
102.694659
95.125107
89.780681
68.254117
59.849982
56.283236
53.215836
45.071572
30.612014
33.574702
21.158133
6.832659
13.266402
5.439067
-3.054571
-3.905313
-4.222955
-6.101135
-4.813448
-3.187790
-1.555776
2.095660
6.672543
9.936288
18.486892
25.078726
29.399011
38.409833
43.957248
48.615760
60.754138
69.740096
77.131052
86.970014
89.461680
113.040335
116.949708
140.520765
161.364866
168.935070
164.963765
171.228213
181.296184
199.860273
205.131706
226.499947
232.697333
215.329334
222.890578
244.360271
231.567552
242.579189
242.967905
241.200898
222.759222
220.860706
220.860706
211.452862
209.209871
202.204122
211.790018
207.149201
198.829002
184.860919
170.799322
163.663184
144.206197
137.705799
116.809648
110.413233
102.835854
88.461310
76.243106
69.299775
54.687170
38.861496
35.793769
28.758323
21.005401
15.303333
10.085364
3.658958
0.815641
-0.708398
-2.929371
-1.630501
-3.061642
0.043032
-1.200202
7.377227
14.282690
9.664392
22.979795
23.814553
33.905862
39.263362
54.745485
53.672391
63.543241
79.350206
84.270337
89.190469
103.177955
115.465776
113.272315
128.341522
134.922090
145.024738
157.357277
146.143334
144.893243
128.422393
153.216266
153.630365
146.995049
166.599346
174.361155
166.897644
155.684196
156.665988
152.388070
169.415689
146.009747
155.989271
113.855965
116.698419
123.733771
122.959581
121.575736
94.824395
87.648545
79.560658
60.979570
51.020761
64.564913
44.618916
37.464958
19.922423
13.259692
11.032206
4.952316
1.803736
-0.691110
-4.944377
-3.037466
-3.061642
-4.033514
-3.107625
-0.124122
3.191216
5.786660
13.609362
20.035405
23.504182
29.500359
40.971022
49.962488
53.380809
64.674960
72.952636
70.987257
91.071929
103.088104
115.908523
149.668660
139.809348
156.421338
163.634944
172.153565
192.804857
209.093822
215.703743
217.148076
213.266793
224.695427
236.948975
234.033394
218.216892
245.520577
216.979368
243.268334
232.889536
224.810210
227.067452
225.773620
228.703253
221.184239
222.754325
207.285422
209.047717
191.446464
183.241422
172.111721
158.331860
157.368446
149.962872
122.208000
105.165502
97.321667
93.867636
78.669752
62.830197
61.346346
46.887639
43.913680
30.433701
19.437409
18.266333
10.608056
5.891017
2.016161
-0.099095
-1.090045
-0.948570
0.774354
2.908954
5.393353
6.996033
7.372935
12.996170
17.397532
24.403757
36.052729
33.579274
39.898364
54.830015
44.083865
66.662474
72.618511
81.841560
88.409214
96.308957
106.989358
116.518973
113.917544
124.695744
123.327185
135.416667
147.212024
135.818901
135.941370
145.812783
146.075509
156.385477
156.665988
146.206872
163.968927
147.345609
152.664136
146.944851
133.491976
141.477809
132.673419
116.475712
114.025936
116.726575
104.448148
105.785781
91.717042
88.008265
80.751610
51.538081
50.233023
39.374983
30.705772
23.285342
21.310077
11.458246
13.324588
2.771526
4.884336
-3.310530
-3.274151
-5.570108
-5.076683
-3.409165
-1.606342
1.740663
5.895243
9.501122
14.907949
23.156498
29.514922
34.577701
42.643308
52.048733
64.639017
71.030291
79.022754
90.819504
94.879284
107.516302
120.295162
132.695165
158.974275
156.813028
164.963765
169.899390
183.677045
217.371995
214.560413
230.198292
233.573634
221.610824
236.498930
213.899761
231.347222
233.330197
221.493545
273.745241
341.221920
391.467406
400.938566
348.700119
265.088223
243.403092
220.330687
192.189517
190.373279
185.451530
179.939170
166.299669
157.738725
150.703430
117.723413
111.936234
102.414689
86.414442
77.578361
67.291249
60.332728
47.437963
37.465456
24.708269
25.471657
17.981896
10.544913
6.236047
2.616363
0.140162
-1.842648
-2.041358
-0.668198
2.841304
5.312553
1.460609
5.718476
9.081389
15.159823
28.417693
33.219003
41.017568
41.203119
35.235141
51.858379
48.563487
65.466213
76.454961
94.185075
98.568262
105.117660
116.759467
120.487112
133.142832
139.507366
143.054163
137.287063
148.280713
138.533993
143.473993
144.248830
143.473993
146.600961
148.948644
143.603132
161.053857
142.311738
144.499155
136.414211
142.265986
120.504999
128.960597
103.344557
98.405899
104.768869
100.182252
90.270750
76.730576
69.588771
63.941548
43.554464
44.333632
42.872959
23.209371
27.448088
7.955456
13.382774
4.601810
0.067404
-0.619966
-4.363720
-2.472050
-4.882675
-3.630539
-1.239696
1.344376
4.432289
9.646177
15.756245
19.632113
28.794602
36.211346
41.274330
44.703258
66.527348
72.918622
72.419651
89.691422
96.031677
112.365467
132.004355
127.549989
157.889731
174.697266
160.330676
175.071422
189.430770
205.827185
211.790018
227.798441
221.824116
229.364245
223.743748
216.979368
227.714368
233.330197
238.074089
217.598130
231.347222
236.273907
220.227867
240.647295
213.060538
209.966726
205.335614
203.160339
198.210240
188.856658
174.455351
160.598068
151.207817
151.113341
117.875707
116.893664
98.193204
91.366162
71.505455
65.298385
51.597254
38.709616
39.830918
30.152775
22.443836
17.424935
8.762722
5.752216
1.069949
-0.258407
-0.710057
-2.219729
-0.341490
3.003664
1.247313
7.152995
15.038255
20.721097
17.473503
24.796574
36.253394
28.184620
44.298973
44.346863
47.691272
60.331298
71.796415
77.185713
86.448210
95.994906
94.323209
112.210368
113.576814
127.001082
130.307764
123.798727
145.418695
147.479196
155.824452
148.815058
146.075509
164.262778
156.245221
149.349403
148.280713
146.075509
143.473993
131.910540
131.670047
129.986594
114.176685
126.379196
114.694057
105.835169
113.599970
95.526055
87.361173
70.680683
69.341417
53.109215
48.498822
40.306727
31.867280
27.150654
18.379609
15.658036
13.120937
5.371417
4.721976
3.346771
-5.378270
-3.255194
-4.078476
-3.668016
-0.775476
1.989084
7.001800
12.364061
16.261793
22.755044
35.013841
38.673096
49.729730
54.496569
65.502753
74.371184
78.886338
97.430753
103.474336
123.967272
126.719489
144.926318
154.902685
166.123328
175.110762
178.561080
207.331177
219.172177
213.719004
222.754679
207.782167
221.071652
227.067452
216.773113
238.299112
243.038620
232.889536
228.145645
205.028088
231.347222
223.957040
215.123080
205.192360
208.802055
215.425344
197.024509
194.434703
185.845270
180.726650
160.778515
152.454525
134.500366
130.249460
116.153366
95.442852
96.402226
89.244399
71.740292
61.346346
46.103601
43.607646
32.843733
21.960192
18.102510
12.329700
5.967252
2.053497
0.174951
-1.080062
-3.129597
