232.618297
309.281226
367.652941
428.206545
481.486943
515.640033
543.933378
556.089072
566.255945
556.885632
525.138964
499.876481
466.110263
417.819332
376.033174
318.343542
269.106724
230.882236
195.587889
160.828415
124.348778
82.630954
51.132437
26.087554
9.261029
2.207869
-0.585307
-1.876955
-1.693865
1.521995
13.951722
35.575939
72.044448
103.390787
144.599680
193.959283
250.910341
323.192044
400.883566
475.054616
562.242508
682.035714
810.403578
918.106837
1029.078128
1130.650210
1243.672715
1367.175362
1452.857368
1572.868746
1701.052108
1797.712595
1866.685273
2008.998491
2004.043650
2083.587665
2053.462088
2046.104794
2078.983127
2075.392568
2041.787426
1972.353035
1956.437556
1921.907233
1841.614094
1789.983795
1701.276005
1632.288211
1555.554669
1471.693633
1382.013212
1291.488917
1171.063173
1066.688359
958.409024
838.003604
737.723909
620.310177
515.821124
423.813543
341.660162
273.421476
204.132123
138.237239
88.284047
51.665452
26.326085
8.694130
0.821877
-0.120683
0.340827
1.880455
2.062903
5.478225
13.160267
27.188799
44.297224
67.232984
90.455916
117.150049
161.087688
199.548293
242.845865
285.435807
333.775290
402.323576
472.302895
521.246292
572.075308
621.635450
674.320343
738.729136
788.495489
833.175798
870.739246
905.436864
945.289564
958.358569
955.838287
958.123923
940.948177
947.690447
936.993691
911.202503
894.596132
873.889860
848.442859
819.932256
783.939805
747.619854
723.974476
683.645235
631.369183
592.577346
545.663814
487.299314
436.780871
385.384712
338.318268
283.872152
234.813711
191.411824
144.802103
104.766019
66.154527
47.731586
24.275623
8.922872
-3.700177
-4.179816
-2.405115
-1.776085
-1.334303
-0.197875
0.364741
0.788023
0.856379
1.938786
1.549267
5.378821
4.267679
9.408660
20.885551
27.950994
37.092991
45.565489
59.532821
60.866224
63.706969
64.853753
66.353003
73.045806
76.166588
94.879761
108.734483
117.127150
127.429454
142.578136
153.362725
152.813957
156.360598
160.007834
151.971933
135.156811
131.149510
128.688655
118.845539
113.814801
110.821455
86.439171
83.504164
53.865912
27.131224
-6.416068
-15.688041
-22.456914
-21.929864
-19.361447
-21.059086
-11.973808
-9.530216
-13.107667
-25.500700
-19.058550
-24.688024
-21.520261
-18.449952
-15.505062
-16.666066
-18.381835
-14.097522
-10.379973
-9.965489
-5.453822
-5.002524
-3.387063
-2.238699
-0.798628
0.545059
2.169891
3.490641
4.703491
5.134390
7.977540
7.352646
7.524391
9.197038
11.228221
12.318340
17.016735
16.062867
9.006872
15.627487
24.829432
21.594646
20.875771
12.456644
16.841899
13.533723
9.835465
16.664665
1.570797
13.042028
13.467023
11.281213
6.578430
-3.182283
11.598839
16.593249
11.675508
-0.735001
-8.183393
-3.203417
1.736230
-0.728093
-3.161148
1.696919
-0.708751
-3.052455
3.958762
3.887361
3.804061
-7.208448
-13.313702
-17.020800
-16.363924
-13.728826
-11.275591
-14.045541
-17.914251
-15.105547
-15.125836
-12.587956
-11.413080
-10.969519
-11.115716
-5.757319
-4.213798
-4.178125
-2.782060
-1.861755
-0.618236
0.223049
1.085574
0.596595
1.901261
4.790259
4.118289
4.928162
5.600184
4.578037
4.139826
6.661743
9.639756
5.418301
11.148417
7.692603
13.068531
14.087367
4.078543
7.965106
-1.362110
-3.415336
4.789033
-3.668771
0.655020
5.244615
3.040495
7.894253
5.553760
3.153786
-11.507347
-4.199777
-9.121882
-9.121882
-6.633129
-4.179663
-13.967198
-13.899853
-6.518214
-4.075071
-15.846346
-1.644498
-1.617920
-19.669750
-43.506205
-68.056387
-85.357776
-82.185697
-71.248702
-66.356368
-63.152375
-52.857876
-47.782671
-45.370925
-39.211879
-36.833986
-26.894021
-22.726690
-20.880837
-15.334005
-14.143125
-8.702841
-6.453792
-2.744262
-1.023675
0.797754
2.632871
3.040755
3.705706
6.764954
6.280904
6.039574
9.184249
8.563796
12.217245
12.536364
10.174047
14.825613
22.520842
27.220990
32.831542
25.062877
15.544809
8.751154
17.004035
11.541265
14.095676
21.104448
15.047876
17.794777
18.261173
16.187394
6.616201
4.192797
11.653602
4.224530
-3.212475
-3.212475
9.184444
-3.206437
-0.730856
-5.626081
-3.136994
8.925727
4.073796
-3.061513
-3.019243
1.608469
1.580624
-7.208448
-2.747512
-12.888485
-10.422166
-13.694843
-11.216940
-10.601108
-16.160538
-7.684035
-9.701930
-2.770257
-3.623416
-13.849364
-6.877871
-8.533008
-4.733367
-2.873883
-3.332811
-1.246327
-0.743289
0.092201
0.506042
1.665436
0.851504
1.580408
3.687751
3.652423
1.004313
2.857190
1.240081
5.641242
7.390371
7.955430
8.505618
0.432944
3.633808
-1.194338
-3.017081
-4.998787
-7.162820
-13.471769
-9.841225
-1.513271
-1.563104
-10.729824
3.040495
0.711765
0.717369
0.722974
-1.729215
-14.021073
-23.900573
-26.312931
-11.562884
-11.540670
-11.462917
-13.845978
-4.099207
-23.236032
-11.096370
-15.672210
-10.796468
-15.165634
-16.973031
-5.803190
-22.420336
-23.658347
-22.746285
-23.609938
-20.645778
-24.444964
-21.261370
-23.943720
-20.470713
-13.957319
-16.984758
-15.699507
-10.938117
-10.457864
-8.529464
-5.598504
-3.210127
-2.265291
-0.390517
0.747727
1.694683
3.040755
9.836805
17.875140
25.346248
28.198734
29.851208
30.789270
30.933007
32.301735
31.464425
32.919653
30.980634
21.844420
23.659082
27.023490
15.666411
18.234785
13.096647
17.774182
18.382193
21.127044
12.789687
8.529028
13.506866
16.234223
13.931861
11.565981
-0.735691
1.749333
1.749333
4.228497
4.236430
-0.737073
4.200730
-3.188321
1.713298
-5.561906
1.678901
8.744626
-0.688718
-7.523194
-5.166155
-0.647961
-13.343027
-12.903147
-14.340506
-13.711835
-14.799015
-2.179894
-3.620587
-0.432435
-7.092007
-5.192690
-10.304599
-8.919107
-7.685152
-8.475740
-5.922334
-4.221422
-2.743421
-1.478228
-0.671098
0.252789
0.482686
0.324564
0.846081
1.079295
5.378821
4.997087
3.348388
1.979612
5.053352
-0.740855
-0.812282
2.885352
4.414242
7.692603
9.977745
7.295428
9.406239
2.403614
8.289798
8.634783
2.694497
-3.668771
2.875151
12.095523
5.385629
3.104795
-1.695993
-4.143458
-13.953729
-4.171617
-6.633129
-16.479567
-6.626745
-9.060662
-4.147481
-1.702637
-18.519342
-20.738535
-13.455381
-15.593058
-22.273593
-24.139144
-14.785702
-18.703733
-24.487495
-27.636545
-28.403381
-29.037261
-31.104901
-29.390787
-25.797682
-28.104543
-24.425638
-17.500372
-16.984758
-18.519219
-13.490531
-9.791875
-8.492379
-4.055994
-4.444539
-2.159994
-0.788920
0.925395
2.533679
2.779280
4.187269
6.271322
7.031265
9.604958
10.087362
11.122722
11.391739
6.082738
16.050811
12.314694
7.729593
12.849295
10.708343
11.504445
17.376146
10.651432
15.068158
11.647514
9.901181
10.240713
8.304807
6.251083
8.796369
-0.717731
1.714936
-10.575478
-0.732928
38.944543
71.384964
78.919773
68.962378
66.411079
66.286713
58.177342
45.600603
42.873836
39.790710
30.055015
22.550577
19.861685
19.415811
5.873374
7.804622
5.527141
-0.582336
-8.064177
-14.760376
-8.929761
-12.963628
-12.055595
-13.690901
-12.420117
-9.099656
-10.864296
-5.946892
-6.429550
-5.826425
-4.483710
-2.627501
-1.173013
-0.357684
0.202933
0.800531
1.620826
2.304844
0.624633
0.759358
5.031550
-0.546505
5.487016
-0.682716
3.511152
3.861489
2.912470
4.453168
4.819075
13.107717
15.807148
5.846730
2.409738
0.573755
0.598975
4.805304
4.957165
2.881275
-8.448455
-11.040833
-13.617007
-6.562903
-8.999441
-4.175640
-14.021073
-16.432075
-4.191731
-18.919563
-16.432075
-16.384584
-16.194617
-16.147126
-4.075071
-13.482319
-15.656380
-24.518293
-12.849283
-16.973031
-22.976421
-24.459857
-25.589933
-24.689936
-27.188077
-22.319942
-22.717628
-27.258596
-22.547452
-21.774191
-17.465649
-13.709964
-14.685512
-11.805806
-11.044879
-6.273884
-5.695588
-5.049088
-2.633008
-0.497489
1.283571
3.487035
5.487752
7.049448
8.245973
7.543335
6.733539
6.911056
12.839589
13.242717
14.710584
16.210362
8.522967
14.530822
17.223874
23.453649
21.831300
21.012036
20.039075
17.044569
15.695998
20.449171
8.071962
15.016656
13.161558
15.953246
13.759207
6.597316
4.192797
6.672858
14.131077
9.201692
4.224530
6.704333
6.691743
-0.733619
6.635087
-5.583297
-3.127936
4.069829
-7.768849
-7.669052
-12.124248
-0.663849
-0.649343
-11.199204
-19.115464
-16.363924
-19.277556
-14.760376
-20.673933
-14.547669
9.709314
26.244526
28.702294
22.948332
17.231984
13.808115
10.134715
6.206131
4.360983
3.489391
1.326836
0.515124
-0.253288
-0.099667
-0.181061
0.829810
0.138710
2.496071
0.881835
0.229782
4.603053
6.995922
7.805795
3.853703
6.704447
11.148417
7.730127
2.048430
8.968449
7.589680
6.103643
-5.235001
-1.413604
-1.468421
2.795541
-1.556459
7.520560
0.693551
0.710364
0.716669
-11.474025
-13.899853
-6.620360
-9.104391
-18.937755
-4.163572
-16.400414
-9.025678
-11.396272
-18.446574
-13.590070
-20.512446
-8.614625
-17.718899
-24.012761
-16.991223
-25.095537
-26.489931
-23.575433
-24.569936
-21.668393
-25.660267
-29.098133
-27.174981
-22.250775
-20.322374
-17.361480
-17.829591
-12.685627
-11.632191
-6.278770
-6.659983
-5.129987
-4.413070
-3.080219
-0.312507
0.790852
2.961979
1.739822
4.311890
4.971069
4.681892
8.312154
8.648705
8.676775
8.613486
12.699882
12.786126
15.043636
13.263716
18.902711
18.913557
23.709249
22.955405
10.757681
19.025637
13.752260
20.516958
21.194831
12.829530
13.201401
11.204544
8.968847
13.971704
6.679153
6.704333
-0.736382
6.723219
6.716924
-3.221533
-0.735691
1.742782
-0.728783
9.011966
-0.717040
-5.481686
-3.064532
-7.676729
-5.241026
-9.624985
-7.200771
-13.299039
-6.724814
-8.444374
-11.788785
-11.202278
-15.565140
-9.838650
-9.105516
-14.915390
-8.801401
-9.118976
-7.921144
-6.781272
-6.299660
-2.960142
-1.840954
-2.627501
-1.710217
-0.458760
0.250166
1.351917
2.480844
2.408934
5.495607
4.325065
6.454585
4.981437
4.615562
4.190559
6.721223
12.133703
11.877315
9.890786
10.769584
19.485220
7.315721
-26.181111
-55.275422
-63.406556
-57.956012
-45.257051
-51.051087
-48.076006
-42.844248
-34.375730
-37.566725
-35.556310
-35.729925
-40.787161
-33.558662
-23.900573
-23.763082
-21.355142
-31.079919
-16.352923
-16.257939
-16.083804
-18.410191
-15.703871
-15.593058
-22.181932
-24.113868
-12.552968
-18.683180
-11.866057
-25.469934
-24.389936
-30.649540
-16.934347
-25.847984
-23.993752
-17.969953
-15.062850
-17.292034
-11.273360
-14.537173
-14.355032
-12.102396
-7.847389
-6.230217
-2.703996
-1.329083
-0.127343
0.922196
2.544027
2.914854
4.436512
5.483329
8.583833
7.004688
10.324016
7.863606
8.633753
14.997776
12.860899
16.447429
16.188261
13.011431
27.149477
21.979209
17.511721
18.279977
20.936347
19.839085
18.361926
10.295476
28.605511
24.849449
20.672367
11.401692
11.533123
18.996642
11.653602
1.747695
1.750971
-0.738454
-5.706301
11.664555
16.577639
9.089581
1.713298
-0.717040
-5.492382
-7.768849
-14.677330
-2.967916
-14.134811
-2.832050
-6.970470
-12.888485
-8.444374
-11.818110
-13.015199
-8.892760
-11.418033
-13.508550
-7.030337
-6.388973
-6.906116
-6.949368
-5.175922
-4.310824
-3.577691
-2.331112
-1.751417
-0.250597
-0.475751
0.417133
0.800531
1.635696
1.206715
0.618510
2.526511
1.572842
3.338242
5.442406
5.078369
6.646873
2.679255
-4.679010
3.091448
7.767652
10.037225
15.829102
11.167342
15.400098
4.452770
0.600377
6.882169
2.789417
2.875151
7.512775
-6.339458
-1.682704
-1.697654
-6.569287
-1.717587
-9.043170
-11.529562
-9.069407
-4.163572
-13.940260
-16.273770
-4.127367
-8.868254
7.847541
-11.085263
-13.212942
-58.514903
-86.738876
-87.104858
-76.305607
-73.944771
-67.335298
-53.385286
-52.736582
-43.112108
-37.209090
-30.151894
-23.667598
-25.312701
-19.644107
-14.433137
-15.265601
-12.163757
-9.305753
-7.151846
-4.615589
-3.206038
-1.889995
-0.161806
1.021893
2.425514
2.385792
6.060286
2.948401
6.010474
6.262511
8.673629
13.284694
7.641709
9.566036
14.062530
13.808019
13.376695
13.031698
17.397107
18.568546
10.292843
16.456825
15.139911
23.928103
9.999755
14.657630
15.157145
13.254525
13.613115
13.812331
11.522171
4.208664
4.232464
11.675508
9.236188
6.729514
9.227564
-8.183393
-0.734310
-3.191340
-3.152090
-5.561906
-3.091705
-5.401466
-14.677330
-7.538548
-9.614980
-7.200771
-13.284377
-10.816852
-8.394348
-8.064177
-7.633954
-10.542458
-6.713477
-9.076191
-8.328395
-6.351971
-6.876791
-8.810865
-4.304540
-4.266836
-4.598127
-4.048235
-1.591076
-1.710217
-0.463677
0.179061
1.206193
2.869292
0.889469
3.996972
4.898250
3.702456
1.827751
-2.394055
-5.603042
5.691275
3.900415
5.479181
7.192271
13.611711
14.841156
14.165739
12.975195
11.732400
4.463618
8.695663
8.989915
4.968012
7.341499
0.677438
5.407323
-1.681043
-8.973204
-6.575671
-6.626745
-6.633129
-18.883180
-16.384584
-26.211825
-18.810412
-16.273770
-18.664877
-23.350608
-20.697428
-15.830516
-27.140768
-24.467740
-17.336869
-12.566437
-16.427275
-15.990669
-19.386275
-22.497541
-14.116905
-22.139942
-19.153312
-16.328678
-19.319693
-16.379957
-17.187865
-11.298636
-9.857870
-9.689975
-4.258409
-7.151846
-2.659527
-4.301816
-1.335981
-0.161626
0.310460
1.311226
2.614446
4.769269
16.241675
26.451254
28.568554
32.636568
30.451400
35.583999
38.143137
38.167935
31.926471
28.492571
35.436294
36.848980
34.273883
39.167906
39.002522
33.061685
28.049031
31.157402
25.699546
19.618481
20.226492
13.599833
18.709630
23.838536
16.562030
11.675508
-0.737764
6.716924
-3.224552
-0.739145
-3.218514
4.216597
6.641382
-0.721185
-3.130956
-3.091705
-0.699770
-3.010186
-9.785068
-9.594970
-7.162388
-6.970470
-14.850240
-6.440775
-11.730134
-12.913252
-10.527795
-8.239062
-9.032203
-12.144706
-12.300232
-4.672420
-5.894392
-5.043958
-4.237511
-3.992913
-3.535535
-2.530902
-1.601975
-0.605033
0.504951
1.391103
2.016066
0.113490
-1.819129
-1.021785
3.023696
1.800633
7.308189
6.200774
4.637011
12.255283
2.934164
8.624578
7.867719
10.066964
14.185332
4.089390
13.629986
0.577959
4.648020
6.913310
0.641009
-1.568087
7.543916
-6.371379
-4.071048
-11.396272
-1.712604
0.726477
-11.518455
-14.007604
-6.626745
-16.416245
-21.231820
-16.321262
-28.218660
-16.131295
-23.052710
-15.719702
-27.251321
-19.813625
-6.064940
-16.900264
-16.427275
-26.309931
-39.132319
-33.989630
-30.491756
-20.286480
-15.880247
-14.688655
-12.229364
-17.475099
-17.014250
-12.188471
-14.203411
-15.938911
-11.925719
-5.969863
-4.505036
-5.118377
-2.169530
-0.138892
1.272013
2.691935
4.082276
4.932787
5.129239
6.754464
7.095071
8.848099
7.924407
8.755355
11.888854
6.932728
12.676226
14.854836
17.578162
19.104328
18.643318
12.160058
16.517626
9.309739
13.799090
12.152195
5.955211
19.598214
3.966695
13.613115
50.283844
80.190421
85.822059
76.215855
73.802893
56.568735
46.558782
34.207692
34.016231
28.969901
28.751878
33.314208
28.234071
18.404679
11.127876
-5.353334
-2.961878
-2.898474
-11.519886
-15.376964
-23.017577
-16.228685
-13.558914
-18.270519
-7.153705
-12.944308
-10.466530
-16.149720
-5.142664
-11.197287
-11.596873
-9.075502
-4.193523
-4.578808
-4.004939
-3.212926
-1.506949
-0.647381
0.275183
1.492897
1.156716
3.490745
4.911840
4.342296
3.689948
5.789728
7.249410
7.064847
11.161061
8.667361
10.560627
4.468739
6.392378
11.700076
10.750983
9.431256
2.418923
2.519967
2.617949
2.715930
11.457600
2.884337
-1.609615
-6.352226
-1.686026
-8.973204
-13.899853
-9.051916
-6.582056
-6.626745
-18.919563
-11.507347
-16.384584
-11.429595
-8.973204
-18.428382
-6.454373
-22.800643
-15.513905
-15.292278
-21.746543
-8.133606
-18.642073
-15.917902
-15.353953
-14.699045
-21.336734
-13.371038
-14.161398
-13.154274
-19.028441
-16.079958
-12.436083
-12.160833
-10.474899
-9.659975
-9.790341
-6.957678
-5.896455
-3.495020
-1.944486
0.031910
1.253636
2.317953
3.539240
2.856599
5.151835
2.990069
6.404380
7.174527
7.049745
12.838461
9.687638
13.035368
10.099254
10.727093
14.755037
12.610613
20.330712
13.938046
10.784243
23.165020
13.814700
14.267385
14.751289
6.118885
22.550577
4.073796
8.986095
4.172963
4.208664
9.201692
-0.737764
1.752609
-0.739145
1.752609
1.747695
9.175820
1.726402
-5.599341
-10.375374
-3.091705
-10.125244
-9.945151
-12.062578
-7.361983
-18.025433
-6.970470
-8.754534
-12.301978
-13.592897
-9.361449
-20.444858
-15.992699
-16.178068
-17.463131
-7.595262
13.785076
21.411531
16.729141
13.305791
10.919925
5.069051
3.050429
1.944089
0.466142
-0.140451
-0.285617
0.352122
3.056508
1.611549
1.361322
5.066012
5.703572
4.653086
4.180412
6.721223
3.900415
1.650379
5.854606
9.382946
10.096704
10.780723
9.481289
8.036132
6.399483
-5.471214
-1.475065
0.639608
2.884337
-1.609615
0.696353
-4.087139
-8.955712
-1.710943
-16.384584
-11.507347
-6.626745
-9.051916
-9.051916
-1.717587
-8.999441
-11.362950
-11.240768
-20.656321
-22.777727
-17.809858
-15.228956
-17.282293
-10.329954
-22.748932
-13.820040
-23.216135
-18.515497
-14.044137
-16.751025
-17.390295
-14.619910
-23.273138
-21.143054
-14.759962
-13.199966
-10.474899
-9.629975
-7.949979
-8.401997
-5.113084
-3.239992
-1.339659
-0.075830
1.372137
3.437359
4.171021
5.935290
4.661416
6.191241
9.406983
4.714786
8.025742
10.866961
10.868565
11.862779
14.007413
12.139949
16.175820
19.267846
16.946826
15.848814
5.162022
7.373427
11.780325
3.637459
10.361192
-0.672829
8.641139
1.682177
9.029214
-3.188321
4.216597
-3.227571
1.754247
-8.206423
1.750971
1.754247
-3.227571
-8.145009
-0.727402
-10.455415
-7.945414
-7.876324
-14.867945
-5.337290
-9.815084
-0.661777
-11.495218
-11.174536
-14.884222
-22.096874
-4.273041
-14.605817
-13.833022
-15.896790
-18.949355
-5.602902
-12.252277
-7.815916
-5.879730
-5.776981
-6.169770
-6.102946
-3.496895
-2.453623
-1.223361
-0.307916
0.800331
1.947472
2.966557
4.791447
3.137562
6.249222
6.542403
5.070657
6.513444
8.131095
11.209693
9.874872
10.658592
11.344347
4.904713
-23.681058
-45.782846
-46.010681
-46.145707
-42.181826
-44.026961
-26.639931
-31.632616
-28.289926
-35.972086
-18.064545
-8.885745
-13.805571
-1.710943
-9.060662
-1.719248
-11.507347
-11.507347
-16.352923
0.723674
-4.143458
-11.396272
-8.885745
-4.042889
-11.063048
-6.250080
-15.292278
-17.209526
-12.499093
-14.279125
-11.744837
-15.281186
-18.515497
-19.488252
-23.688467
-17.339741
-16.050635
-16.251295
-16.049958
-13.432193
-7.986239
-13.125279
-10.258530
-6.571914
-5.181701
-3.247461
-2.654042
-1.122846
0.054506
0.912016
1.261703
3.186003
4.180217
5.807344
6.259028
6.485448
6.386029
6.243932
10.842037
10.845969
8.195161
12.721418
9.397118
13.153300
25.853326
13.471651
19.391045
18.505934
7.373427
24.173380
12.205319
10.372144
15.235194
17.956222
11.248355
16.281053
6.635087
4.224530
1.744420
4.244364
1.750971
-3.224552
4.244364
-0.734310
-0.732928
4.184863
1.711660
-5.556558
-5.487034
-5.412162
-7.661375
-7.507841
6.043343
-15.835725
-2.729396
-20.884019
-14.170595
-9.854806
-14.586497
-12.097678
-11.282104
-14.721915
-10.838443
-11.083938
-8.829178
-11.425068
-9.678378
-6.857439
-5.022410
-3.041411
-2.706040
-1.410350
-0.503518
0.431229
2.177931
1.903355
2.483284
6.185323
2.024167
3.815031
5.893116
3.804987
8.189874
5.741308
6.354215
4.227396
11.422719
4.928069
5.332903
12.527180
4.111084
4.300910
8.370971
10.744627
2.715930
9.314608
7.364855
9.852379
5.412747
5.499524
12.833513
-1.715926
-6.601208
3.169096
-1.725893
-1.722570
-6.601208
3.166034
-8.999441
0.715268
0.706861
-11.140800
-6.345842
5.304275
-22.090271
-62.021141
-80.089782
-80.135027
-77.641937
-70.572147
-62.248093
-62.940838
-53.075744
-41.761673
-37.336602
-32.746585
-27.472003
-15.792312
-17.277347
-8.593207
-11.718742
-9.716172
-6.828233
-4.739988
-3.592104
-1.770871
-0.030000
1.016810
2.691935
3.140812
3.264768
5.682723
4.897151
6.384113
7.215061
7.964941
9.806564
6.348360
11.772395
8.741505
10.745032
14.664654
14.328787
13.489589
12.144448
14.619701
7.338931
13.861529
1.503640
8.175449
12.935779
13.334212
11.259308
6.565840
-5.652821
4.220564
1.752609
1.750971
-0.737764
-0.738454
-10.685535
-0.739145
-13.098628
-8.083595
-3.158129
-5.540514
1.675626
-3.061513
-9.975167
-7.507841
-14.046835
-9.304819
-13.211063
-16.788961
-8.354327
1.300534
1.235016
-8.806422
-12.751110
-17.466896
-13.379199
-14.574836
-7.798924
-10.390792
-5.709017
-6.761531
-3.907958
-3.496895
-2.997132
-0.529694
-0.209677
0.753797
1.275119
1.799265
2.088886
5.130684
2.658417
5.238326
5.055787
1.163533
1.286010
7.943645
5.154489
6.804514
8.654318
10.941897
11.889621
-1.212610
2.314818
8.056425
0.580060
0.601778
9.050795
2.807788
2.893522
2.982318
7.769689
-6.486293
-4.127367
-1.712604
-4.167595
-4.159549
-9.060662
-11.485132
-6.607592
-18.774028
-16.273770
-6.492678
-8.868254
-11.163015
-15.688041
-8.570896
-24.316081
-14.975668
-14.674888
-20.577866
-15.899710
-19.202953
-18.469666
-23.129940
-16.751025
-15.696925
-17.522655
-16.168380
-21.103609
-16.944804
-11.096423
-12.200208
-7.287040
-7.859980
-3.276917
-3.247461
-2.679319
-0.744034
-0.034723
3.574853
9.128534
14.081249
19.030906
17.972605
20.228267
21.255074
22.137026
16.160138
12.868043
18.592336
14.226048
13.932640
12.160216
22.323765
19.295099
18.743015
8.554007
7.037095
19.274191
17.997119
18.625397
8.166825
17.453950
1.642866
13.639677
11.401692
4.176930
11.609792
4.228497
4.228497
-0.737764
-0.737073
1.752609
1.742782
-5.679561
-3.170206
1.710023
-10.385379
-7.868647
-7.753496
-3.004147
1.603556
-0.660395
5.879669
-4.813187
-12.756521
-16.190046
-11.656821
-18.078703
-10.395831
-9.677360
-16.072845
-14.599720
-12.228300
-6.730164
-13.183529
-7.317131
-5.467521
-3.873976
-3.041411
-1.300674
-1.726348
-0.305840
0.529011
1.489068
1.784395
2.101394
0.148518
3.239649
5.203863
2.623632
1.157409
5.215960
-0.767433
2.738915
8.089259
8.654318
1.938201
11.820696
7.386748
11.301171
4.306333
6.415054
10.744627
-7.766281
7.139083
14.081854
0.681641
3.055805
10.288684
-1.700976
0.721573
0.722974
-6.607592
-4.167595
-4.175640
-9.060662
-11.462917
-23.602675
-8.929475
-16.036312
-4.046911
-22.731897
-22.342338
-12.970503
-14.896515
-14.627396
-18.498198
-15.826942
-19.271699
-22.165882
-23.069940
-26.886353
-26.941616
-20.581783
-24.290252
-14.648276
-14.549962
-11.967365
-8.524461
-13.085798
-8.316853
-7.565263
-4.228653
-1.800997
-1.298998
0.041225
1.746184
2.670791
3.978933
3.408274
4.783018
6.259028
8.720949
8.179668
7.121499
9.919542
7.492718
9.417599
11.450870
16.433538
16.300441
21.062176
18.817788
19.540590
14.763207
13.393234
11.833449
7.916732
12.656876
1.600280
6.339215
6.477708
4.149163
-3.188321
26.494448
66.473261
74.148736
76.644838
74.217904
61.724511
58.950096
41.424346
45.949032
35.882371
25.871343
25.547328
29.936688
20.185958
6.162951
-2.892435
-9.274804
-11.125200
-12.727195
-14.187586
-15.378611
-16.279534
-10.395831
-12.751110
-18.794540
-13.187383
-8.614498
-9.806688
-10.364486
-6.491474
-5.974935
-5.466770
-3.723511
-1.759520
-0.938411
-0.335679
0.344985
1.945283
2.527497
1.775661
2.211966
1.415558
2.351148
8.364717
3.865867
10.237052
1.408487
3.970482
8.089259
8.684058
9.442426
13.440798
0.512807
0.533123
0.556242
2.547524
6.687538
11.169909
0.643811
5.125296
12.195589
3.058866
-1.686026
-1.699315
-6.582056
-9.025678
-4.163572
-4.183686
-1.717587
-13.940260
-11.451810
-18.701261
-11.329627
-20.841303
-23.075625
-13.374568
-17.809858
-10.696501
-19.423108
-23.431400
-22.673102
-17.881591
-29.097840
-18.378005
-15.764575
-16.453127
-17.162805
-20.419977
-18.672467
-15.809959
-15.436337
-9.784798
-10.143240
-12.267705
-8.819632
-7.968091
-7.072666
-4.055343
-1.259997
0.143506
1.134953
2.517346
3.951680
3.952070
4.823552
5.076534
8.911719
9.147190
7.247067
8.998560
15.572158
17.008116
22.092985
18.044841
19.523927
12.861749
18.942409
26.980256
20.537559
13.424454
18.179522
12.218600
10.459765
6.156655
8.675635
23.341429
13.945142
11.609792
6.723219
-5.722345
9.253435
-5.754433
1.759161
-5.733041
6.742104
-3.206437
-0.728783
1.716574
-22.514250
-5.492382
-19.532382
-14.618679
-16.583334
-11.778898
-11.495218
-6.909056
-18.855684
-25.792177
-15.397931
-14.547857
-20.244419
-21.939257
-1.832681
20.368179
23.262193
21.984116
16.242588
12.213594
10.348644
4.620882
4.851028
1.920009
1.400938
0.249757
-0.404066
-1.203119
-0.494801
0.520528
1.666045
3.925670
3.043989
5.858654
4.778169
6.230514
5.828866
3.962697
9.373846
7.304845
1.950448
0.480581
-1.212610
4.121931
2.431171
10.344362
12.803038
11.182417
9.324754
7.380426
5.288004
3.058866
0.712466
0.715968
0.720172
-4.163572
-4.163572
-4.171617
-11.496240
-6.588440
-16.337092
-11.396272
-16.194617
-23.075625
-20.615214
-25.049102
-20.039714
-24.290804
-23.835825
-25.537749
-14.199972
-17.799377
-27.118764
-23.999937
-21.143266
-26.886353
-21.876235
-23.400398
-21.509082
-19.469428
-16.736467
-25.202207
-16.254313
-12.228259
-8.819632
-4.674705
-5.636863
-2.245691
-1.319997
0.149545
1.074152
2.067237
3.663861
5.590943
5.332601
7.603577
7.208050
8.972720
5.259311
8.937759
12.013475
15.530396
15.343419
20.783014
25.515841
24.412338
20.575988
19.540590
24.375327
19.364574
24.336897
16.521159
14.813729
13.002185
11.040255
6.477708
9.029214
9.106829
14.144358
9.193068
6.735809
11.730271
11.686460
16.686908
6.710629
-0.732928
-5.642125
-8.022181
4.113463
-12.679275
-5.401466
-12.296923
-9.745047
-9.554949
-15.750769
-11.075864
-16.750322
-10.237158
-15.301332
-10.997000
-13.639824
-14.244593
-11.727157
-14.573414
-8.546534
-4.542353
-7.534747
-4.882668
-6.018232
-3.856984
-3.380976
-2.619446
-1.363844
-0.209677
0.666162
0.975647
1.613570
3.291624
3.721968
6.370802
4.505599
5.979273
5.635716
7.237161
4.708037
8.736287
5.509621
12.821353
15.513632
2.106607
-27.145945
-53.100882
-48.256585
-46.516944
-54.170062
-45.667080
-42.715183
-41.828354
-36.157509
-32.296571
-32.911436
-33.105604
-40.550485
-35.834094
-43.187315
-35.972986
-33.493939
-38.345502
-28.467404
-25.959059
-20.902964
-13.590070
-15.862177
-24.998548
-17.773474
-19.710858
-17.173142
-16.736537
-20.554951
-19.821664
-21.055400
-20.221273
-21.143266
-16.567703
-13.832541
-23.252060
-16.002550
-14.565361
-17.763535
-12.839967
-9.200679
-13.559984
-5.117835
-5.999984
-5.877454
-2.451829
-1.354195
0.207072
1.818879
3.693332
3.276386
4.383579
7.562708
6.372007
8.075448
12.497200
9.994613
7.946660
7.648817
9.525229
12.834397
18.015260
21.060706
22.815765
22.393352
17.760274
18.641509
17.368841
22.232406
20.833299
21.488576
10.733581
13.427179
8.917104
6.609906
16.499590
14.131077
24.132281
1.757523
-0.738454
6.729514
1.750971
9.236188
-8.145009
-8.091272
-8.014505
-3.124917
-7.853293
-12.469598
-5.315898
-9.775063
-16.209529
-11.458216
-13.196401
-6.640370
-12.170014
-9.780802
-12.709358
-16.855873
-17.203995
-8.812263
-9.379099
-8.512552
-5.537932
-10.127734
-7.912430
-7.207790
-3.755038
-2.463328
-2.260424
-1.438624
-0.231838
0.654791
1.050697
2.274536
1.795954
2.764334
1.448100
1.648773
0.243093
2.989540
4.322465
3.659072
6.429265
12.009042
5.956073
9.561386
15.236334
10.988902
7.762173
9.994129
8.462291
8.776836
4.854116
9.314608
5.136143
0.684443
3.064990
0.711064
-11.351842
-6.575671
-9.051916
-13.953729
-4.163572
-1.719248
-4.171617
-9.016933
-8.990695
-4.087139
-35.139635
-79.592550
-94.585644
-91.136622
-85.566401
-70.452211
-68.730213
-58.422868
-52.323492
-48.595921
-46.495738
-48.053070
-31.713577
-29.770127
-29.221280
-20.000425
-15.689959
-15.501060
-8.796921
-10.087964
-7.785190
-8.187407
-5.030042
-5.956346
-3.125066
-1.036340
0.311169
1.526166
1.607812
3.344174
4.860223
5.931965
7.685336
11.127644
9.865573
9.060903
13.015951
14.435873
14.525830
12.856992
12.383153
16.449987
22.911495
17.104997
19.640287
22.429190
15.426924
20.245809
18.706465
17.113122
10.733581
18.117666
28.125060
28.533854
11.565981
9.167196
-3.233610
-0.737073
-10.735560
-5.722345
4.236430
-3.212475
-10.605493
-0.726711
-5.577949
-5.540514
-5.465642
1.655970
-0.687336
-14.325426
-0.659014
-7.116327
-11.088198
-6.632694
-15.996847
-9.719133
-10.997000
-15.197118
-11.078211
-11.572598
-7.991154
-4.982581
-8.616659
-4.723893
-4.809355
-3.973583
-3.738047
-2.072099
-3.321574
-1.718055
-0.123339
0.505579
0.059547
0.092473
1.795954
2.272845
4.635229
3.927605
4.365396
6.651295
4.363052
7.003752
7.658031
4.281893
3.216191
6.544577
8.730791
0.514208
0.535225
4.338875
-1.383704
2.651630
4.848693
-3.713021
-6.045787
0.684443
0.702658
0.711064
-13.845978
-13.886384
-9.043170
-21.252374
-23.808912
-18.864988
-6.613976
-11.462917
-11.385165
-18.555726
-8.824525
-8.780796
-18.028161
-10.829791
-6.128781
-19.361447
-21.082001
-22.673102
-23.879453
-13.202650
-16.360628
-15.661808
-21.509944
-17.011146
-12.866524
-17.129955
-19.246920
-14.219963
-10.616168
-9.949772
-6.851650
-6.218041
-4.491383
-3.690382
-2.350723
-1.109997
0.327036
0.810146
2.417747
8.035933
16.837379
23.316768
31.756518
33.787490
29.738717
29.170797
27.982196
30.718233
30.833493
31.738114
32.566674
37.036999
29.846786
27.901114
21.611601
12.909329
21.559452
26.564373
18.828067
17.184876
8.468661
13.453741
1.692005
6.603611
4.188830
1.739506
4.252297
1.754247
-0.739836
-3.227571
-5.727693
-5.711649
1.737868
1.724764
-0.721876
-3.127936
-7.860970
-0.696316
-7.622992
-0.672829
-2.874320
-4.952235
-0.618257
-4.609964
-10.175488
-9.719133
-16.149644
-3.759634
-14.157999
-10.228655
-11.863278
-12.012507
-7.646004
-9.183214
-5.573088
-5.216363
-4.762630
-2.871499
0.452203
-0.315531
-0.021135
0.200673
1.088222
1.359649
3.448368
1.736113
2.719297
4.609688
2.701485
1.178842
1.313567
-1.890704
7.643161
2.972129
10.200950
9.576256
10.319754
2.253579
5.955723
2.443419
2.556710
4.669714
0.628399
2.832284
2.911894
0.686545
-4.034843
-8.894491
-11.396272
-11.418487
-13.926791
-11.540670
-9.051916
-16.416245
-11.462917
-18.755836
-16.210448
-18.555726
-13.617007
-20.594660
-29.669923
-36.157509
-24.214974
-23.785272
-16.718345
-18.374877
-19.752918
-17.121110
-31.517352
-13.807643
-18.123316
-20.219947
-17.301548
-15.836721
-15.629959
-16.528129
-12.689967
-15.989297
-11.162472
-8.090324
-6.342814
-5.104275
-2.759993
-1.483385
0.308150
1.607925
2.888814
5.135836
4.496558
7.722259
5.755835
8.938972
6.547473
10.119234
7.982536
8.789759
9.561105
4.881122
11.049983
15.048782
22.847675
19.017181
23.310385
22.538202
17.409375
11.926416
10.142139
6.018162
6.194426
-0.697007
6.528069
40.763112
65.913618
78.772121
76.287353
81.713506
59.115686
66.597627
54.026441
48.910253
36.258999
31.090374
28.452095
