174.931813
274.858576
368.237207
465.961636
568.778057
667.292152
778.571770
869.075930
994.450270
1084.201276
1184.942853
1255.164654
1321.802204
1391.584066
1441.828792
1489.388179
1524.758049
1554.133127
1581.462400
1598.716146
1578.535107
1595.913814
1540.825522
1564.153066
1512.175959
1452.251079
1397.719122
1326.211581
1248.147522
1160.249090
1064.571281
974.225331
877.950468
773.933032
670.850000
562.946103
464.563504
383.129125
309.924268
233.676546
166.034055
108.454501
68.097592
36.799770
16.860962
3.916219
0.101256
0.289149
1.839832
3.862489
14.112256
29.622070
52.410757
79.427268
115.506658
149.429658
198.434822
253.324894
318.167001
376.274129
446.136493
525.416617
635.790959
734.032191
816.559525
894.144136
980.253247
1073.383415
1151.252640
1236.295776
1319.754629
1381.790029
1464.269858
1519.895362
1546.179815
1589.941566
1644.733340
1679.322469
1687.440594
1659.878841
1646.660638
1615.798553
1567.417830
1516.863387
1465.632310
1413.611960
1372.610073
1299.536514
1237.318437
1146.308382
1083.832578
998.054327
922.954101
827.542364
740.966400
656.441445
584.121022
498.148407
418.943279
335.777823
271.317464
209.876326
160.063340
115.971415
72.416254
37.889866
17.961651
5.544541
0.718157
-0.090602
-0.256180
0.694215
1.483400
1.062989
2.640108
7.407441
18.241602
32.893431
47.814454
63.439896
81.757898
110.252987
144.282392
173.445221
202.679924
243.152357
296.955550
347.848956
372.484240
400.151786
434.784841
472.342436
505.686361
529.571706
547.300348
573.127927
609.605769
637.423077
625.934495
624.620287
629.474635
602.201951
603.345735
591.186169
574.732638
547.661675
530.353199
506.841570
476.395442
464.021710
439.177004
396.863235
376.348743
344.682591
307.104272
275.277749
237.763912
204.666608
166.024065
136.350219
110.110561
79.214003
48.062652
28.887016
9.627473
-6.389334
-13.053574
-10.444850
-7.222552
-9.136472
-4.292968
-4.414834
-2.466779
-1.172616
-0.039750
0.841993
2.440025
3.660038
3.583364
5.495289
5.867838
6.875004
5.293763
2.239965
10.506411
22.583262
36.861105
39.539349
43.894670
53.495298
66.280248
61.864194
57.070351
50.144041
50.311057
46.254599
51.900874
55.672071
48.366667
33.529722
46.291534
42.221742
35.437101
23.339981
20.814843
13.550553
-1.328007
-1.331731
-6.290735
-3.796240
-8.746465
-3.750031
-6.132293
-8.476462
-10.789186
-8.255550
-10.442840
-17.069943
1.022152
3.139057
-17.695814
-15.099664
-20.208439
-19.282117
-16.569460
-15.576616
-20.544392
-18.884556
-16.039201
-14.589002
-17.331081
-7.702419
-8.068749
6.560455
8.929191
8.679234
6.405648
2.325472
0.368091
-1.201415
-2.288176
-4.009730
-4.000183
-1.838173
-2.155380
-2.545789
-2.042149
1.410663
3.587589
3.936382
6.760563
7.254604
7.722643
11.503415
9.061754
16.661166
4.604157
4.806668
12.939601
9.257194
13.799171
3.355285
5.688189
8.180035
13.131093
6.122992
6.170642
-6.045455
1.317687
-1.140901
1.323986
-1.140901
-11.026647
-15.846222
-8.458850
-15.694439
-3.516083
-5.877687
-17.596574
-12.663199
-12.470749
-25.735249
-20.689835
-17.927117
-17.330872
-20.639919
-17.934153
-22.536439
-24.896038
-20.019382
-17.094020
-8.803457
-13.047377
-13.056063
-11.656237
-10.975538
-8.345112
-8.062130
-4.466871
-3.636557
-1.735120
-1.130628
0.266629
2.563019
2.998913
4.084390
3.916245
3.633854
4.903980
4.120784
4.664323
8.933126
6.699451
13.154918
11.757570
13.774534
9.226699
11.500179
17.429991
11.424957
13.693156
16.174093
4.930203
13.398902
18.073472
14.251288
7.877120
10.460998
8.261761
10.843088
10.936029
1.145497
6.104332
-1.328007
-6.308339
3.626677
-3.803349
-8.738283
-1.319319
-11.104045
-15.833465
-3.686050
-6.003192
-15.258802
-10.463831
-7.985547
-7.797363
-11.822714
-15.622747
-14.995047
-12.415735
-19.087102
-11.205919
-16.966313
-14.208698
-17.112349
-16.880225
-11.920297
-9.729869
-6.555974
-7.727473
-7.541035
-5.524949
-2.389386
-1.557638
-0.653259
0.035395
0.884878
2.301046
3.612394
4.800031
4.690751
8.213454
6.514933
8.017066
10.890506
8.920446
13.111952
8.119868
12.652633
17.869415
13.250371
12.618361
20.426471
4.633938
-25.703967
-48.887624
-48.377074
-54.414044
-46.975040
-41.796667
-42.793891
-34.304227
-34.983519
-37.692859
-30.526631
-35.628846
-28.158024
-15.922114
-20.828846
-3.598571
-13.407338
-13.291868
-8.385649
-5.923968
-17.771838
-3.430157
-14.920342
-3.323609
-14.389099
-16.194456
-13.630180
-13.144472
-16.555752
-15.860133
-18.575927
-19.436036
-21.340932
-19.760122
-11.428040
-15.190145
-12.786866
-9.289314
-9.610339
-10.189374
-8.355287
-3.312502
-3.439986
-2.782225
-0.687997
0.461371
1.993543
1.208230
3.132996
5.156372
4.351419
4.471285
5.039543
7.323379
6.265781
7.925799
12.176785
9.428074
10.049706
13.750008
11.724657
12.639836
9.720499
15.625819
10.617971
19.092368
17.642685
16.093343
5.477370
19.326670
5.773752
15.477527
3.562338
3.589428
-1.325525
1.147642
8.598322
-8.795557
-3.806904
6.127131
-3.799795
6.047336
-3.742922
-18.255598
-10.883643
3.453978
3.409957
-5.815409
1.038240
-3.369696
-18.150059
-9.298851
-14.872995
-12.340122
-11.750336
-12.780662
-15.223605
-11.106797
-10.200119
-14.226078
-7.364754
-8.512160
-8.970694
-3.983601
-6.191729
-4.500892
-3.001968
-2.364558
-0.868991
0.180414
1.385576
1.858244
1.565946
2.087929
4.831073
4.359249
6.555025
4.719393
5.239436
10.985637
8.654108
5.677888
12.742209
10.848605
14.892037
12.689152
11.558149
13.910283
12.509816
5.056829
9.438290
7.590408
3.402187
10.279853
12.910075
10.801835
1.297532
3.744931
3.770186
-1.137635
-3.602008
1.317687
1.318947
-6.039670
-13.407338
-3.550453
-5.935538
-5.912397
-3.467964
1.252181
-5.669422
-1.050543
1.184155
-3.158631
-17.708494
-49.462097
-74.697288
-73.025211
-66.333232
-62.374352
-56.856145
-46.807353
-38.745622
-30.555578
-31.147681
-24.456422
-19.991649
-12.530329
-10.878010
-7.804357
-6.124594
-4.220063
-0.853637
0.430787
1.429430
2.054837
3.970165
4.663617
3.261234
5.874368
2.740565
5.652662
6.220919
7.994869
8.720105
9.462609
7.407299
10.913082
16.558491
12.657104
9.745780
8.333688
14.470195
11.035105
17.740591
11.869374
7.724867
12.514037
20.012013
17.958237
15.746701
3.602973
-1.324284
11.070277
18.510798
-3.810458
-13.769683
-8.795557
-16.135919
-3.778467
-8.640100
-1.296979
1.106884
-1.264710
-12.885861
-3.504768
-12.399119
-20.783530
-11.669006
-25.610515
-14.785814
-21.512605
-15.246840
-17.746373
-7.157806
-19.792768
-11.415380
-11.649367
-10.546208
-8.255413
-11.939133
-7.264312
-7.221991
-4.236134
-3.388387
-1.499505
-0.631993
0.280643
1.733812
2.485738
1.295518
3.131291
2.652522
3.770314
4.277356
8.241007
5.382448
5.902491
11.241808
9.521288
6.093343
15.389789
2.446111
2.612071
4.520770
0.990155
6.842993
11.102924
3.207364
11.908992
5.628626
8.038856
15.334118
-1.107153
1.296272
1.307610
-6.039670
-3.591697
-1.140901
-6.039670
-10.953276
-10.953276
-13.356018
3.723284
-3.519520
-10.680754
-8.166044
-15.117660
-26.381323
-10.030895
-14.267671
-18.225240
-21.819343
-19.045315
-20.123921
-21.131978
-20.028269
-18.870722
-17.632415
-17.619398
-14.832764
-13.513698
-12.248471
-11.590168
-12.951455
-10.670453
-8.025166
-4.917041
-2.997703
-0.846779
-0.218623
0.783249
1.683985
3.500905
5.637988
15.337447
23.937984
28.760281
32.412380
29.742458
34.525081
32.583555
29.544445
29.311903
29.745004
29.089816
33.235745
35.460930
31.676407
29.157837
34.302640
19.377001
17.936403
20.668802
10.006621
12.653082
13.007014
13.221902
1.134771
3.599587
-1.329248
-11.282465
-3.824676
-8.795557
-16.287146
-13.756874
-1.326766
-11.156522
-8.607373
-13.359795
-6.044269
-5.967982
-10.526803
-10.316896
-14.578281
-9.834112
-9.571729
-17.300818
-8.826561
-15.839333
-13.303746
-15.841375
-10.101962
-13.679181
-15.053485
-6.571021
-8.125223
-7.026749
-7.655929
-6.265948
-4.601702
-2.797699
-1.996196
-0.776653
-0.560502
0.559851
2.237357
2.405514
3.739805
3.716488
2.737743
4.666238
2.840174
4.090636
5.486457
6.110509
9.043454
5.827025
14.474319
12.749222
5.730176
-0.795800
6.353022
2.879051
10.777897
11.258937
11.570963
3.326422
5.652451
12.702058
5.980043
6.063430
1.300051
-3.584823
6.230204
-6.057026
-3.598571
-1.135458
-6.028100
-8.499518
-8.450717
-8.401916
-8.336848
-17.771838
-10.492085
-19.676104
-17.053253
-19.000359
-27.248603
-15.931559
-17.489870
-14.844918
-18.156385
-11.732883
-12.917007
-15.400704
-21.941119
-10.410722
-15.921848
-13.352180
-9.933787
-10.391011
-9.570669
-6.585117
-4.213469
-4.054270
-2.533449
-1.034062
-0.146341
1.040958
2.275582
2.702209
3.661689
2.919942
6.705705
9.083246
6.216313
6.855212
8.556996
11.692619
11.494831
16.147993
9.002388
11.241166
17.187907
11.260461
11.709085
12.292297
8.819045
7.139892
13.772756
3.216940
3.311755
5.711056
5.859247
3.548793
1.135844
-3.785576
-8.762829
-8.787375
-6.308339
-8.803739
43.433849
73.210749
67.987093
79.688758
52.140658
49.238140
39.194497
36.313134
38.127980
10.161523
14.385875
13.982113
5.158189
-5.081881
-10.682712
-13.879137
-14.851844
-12.414504
-14.517583
-14.772393
-9.624728
-8.787795
-9.084904
-5.021131
-5.806222
-4.847236
-7.499794
-2.964137
-4.035763
-1.115910
-0.125944
0.598629
0.730805
2.666111
1.917486
2.912242
4.725249
2.591036
3.739097
2.322925
8.599711
8.441737
6.721560
11.125500
7.670639
12.889544
5.821527
9.620801
8.223882
8.543463
6.959258
11.362946
9.587428
12.039002
7.930896
5.854963
-1.096266
-1.116951
13.443119
1.311389
-1.136546
-6.062811
-6.051240
-6.062811
-6.045455
-10.953276
-10.869423
-10.806533
-13.125079
-17.789365
-3.443905
-10.376788
-10.177637
-21.200969
-16.282088
-13.690893
-13.174829
-18.645297
-15.979382
-24.312855
-26.435839
-15.156248
-17.040181
-17.004767
-9.253975
-14.195030
-22.893842
-15.255514
-9.190184
-8.093746
-4.489094
-2.576391
-1.927861
-0.874494
0.137069
0.966982
3.413205
2.624665
2.044697
2.519727
8.939793
6.520548
8.035434
12.677686
7.770391
7.387341
9.393539
8.568718
12.062035
11.517446
9.088477
18.519365
15.508331
14.314787
8.911986
17.583941
20.318483
12.096902
12.463475
10.460998
10.708840
1.130481
8.502161
6.092933
-6.296603
-1.335454
-1.335454
11.121910
3.643608
-8.762829
-8.713738
-18.447395
-15.848588
-20.520034
-1.270915
-15.304170
-12.757771
-10.285410
-5.610021
-11.886759
-21.866067
-21.037253
-20.159685
-10.055071
-14.733345
-23.575585
-20.419122
-22.955074
-15.778165
-12.115313
-13.967681
-6.730335
8.646176
12.688290
10.226383
7.005585
4.304158
1.868946
0.230686
-0.526030
-1.180359
-2.064259
-2.347888
-2.925237
-2.220448
0.399337
5.403013
6.047690
7.680742
2.858985
4.368221
9.963727
4.974458
17.636118
10.821375
9.659804
13.680215
14.246537
10.985915
7.308051
13.845220
7.756500
3.470736
12.819067
1.272337
1.293752
1.301311
-10.911349
-13.407338
-10.963757
-3.595134
-13.420168
-15.846222
-6.028100
-15.739974
-3.547016
-5.906612
-12.983949
-15.072125
-14.844450
-14.631952
-5.443802
-18.344489
-17.807868
-19.200878
-20.467919
-19.583351
-18.698783
-14.290019
-21.372548
-18.380368
-22.152787
-17.797441
-13.843812
-8.466687
-10.624321
-8.838967
-6.191976
-4.766838
-2.861979
-1.808612
-0.866706
0.139045
0.783707
1.644955
2.676468
5.824812
7.756127
2.994758
4.964772
6.440791
11.764966
10.917953
13.234484
18.002984
9.946100
13.531059
19.435263
19.175414
25.532113
11.903489
14.332055
13.010095
11.389038
5.329179
3.254189
14.774682
8.125534
8.293814
8.414015
3.589428
1.143351
-3.814013
1.150859
8.582295
1.155150
-1.334213
1.147642
-13.603166
-6.196843
-13.423840
-8.484644
-8.394643
-19.907791
-10.421850
-16.965327
-14.366563
-13.928005
-15.535567
-16.886072
-12.430858
-19.013971
-7.777030
-15.267731
-15.649961
-14.479871
-13.114765
-12.042182
-7.654449
-9.141332
-6.201435
-5.824684
-5.046015
-1.985396
-2.559573
-0.987490
0.000000
1.062435
1.287107
1.544641
5.593392
4.690751
4.990712
4.957878
7.236587
3.321841
5.759480
6.318526
10.604306
11.325960
14.969167
14.802461
15.899769
18.556819
13.768703
16.297355
-0.917728
-44.303712
-54.414044
-71.202065
-59.720420
-61.460453
-55.815463
-61.589522
-49.736210
-52.569706
-42.813861
-42.813861
-47.945514
-35.492987
-28.131104
-15.785509
-18.104841
-17.964629
-17.859471
-12.894139
-17.351203
-26.381323
-21.378755
-7.661766
-13.979282
-19.778682
-25.287640
-16.416628
-17.689697
-9.635322
-12.478845
-16.266222
-13.689515
-15.101961
-13.782895
-7.027587
-10.983244
-11.751745
-7.027401
-8.460921
-4.471982
-3.169702
-1.314485
-0.488911
0.636528
1.620224
3.262207
3.250484
3.747055
5.051956
4.501194
4.373593
4.866570
6.385414
2.673139
8.771908
14.640150
8.793030
10.999420
23.022404
17.938365
13.382340
15.802050
8.695124
9.035907
13.638168
5.340578
12.223307
1.068272
1.096159
10.770801
8.478121
1.141206
1.150859
-1.332972
-1.334213
-6.308339
1.150859
-8.787375
-13.756874
-8.705556
-3.760695
-13.398222
1.112247
-15.440275
-10.579279
-12.732153
-16.878146
-12.104512
-18.110559
-17.439067
-16.846573
-14.175551
-11.659600
-9.337766
-19.722707
-16.948516
-14.041087
-14.065934
-13.892907
-11.210042
-10.586453
-8.087245
-5.449609
-6.138264
-4.118565
-2.267050
-0.877568
0.352181
1.079551
3.034171
3.471076
3.574907
6.111379
7.883426
6.595116
7.437046
7.256000
9.100860
8.866478
8.273363
8.841293
16.796303
19.900699
14.413036
15.234919
12.141429
10.647887
7.117045
19.841120
11.908992
14.443849
3.477951
10.620739
10.833793
6.140861
-3.567638
6.212336
-1.136546
1.315168
-3.605445
-8.499518
6.212336
-6.004959
-3.550453
-5.935538
-8.271780
3.636696
-10.408232
1.228246
-16.807882
-69.452258
-75.949845
-67.237924
-70.703309
-58.660336
-44.981210
-42.855661
-27.294708
-22.212836
-19.127798
-13.612518
-10.036801
-10.178243
-8.911518
-9.260383
-6.830830
-5.577692
-5.034114
-2.155756
-1.555627
-0.526826
0.552561
1.546917
1.944037
2.212077
3.816125
3.932937
6.011436
5.204038
3.965472
4.430176
4.832919
8.858246
8.284589
12.918001
11.051223
15.173177
14.548851
11.619361
15.880374
4.816210
11.123588
7.316186
14.086792
7.772947
7.997320
3.470909
10.791454
10.894722
3.616518
-8.754647
-3.821122
-1.331731
11.101257
-6.302471
-11.261475
-3.792685
-11.135531
-11.041073
1.117610
-13.218896
-10.694728
-15.213434
-10.327392
-12.399119
-14.200213
-13.746533
-19.393549
-12.718189
-12.204017
-18.697072
-19.297287
-17.989449
-6.517592
-11.198132
-11.362546
-12.571262
-10.943137
-9.341702
-6.376264
-8.590799
-5.249720
-2.912342
-1.500984
-0.493745
0.802643
1.059113
2.365422
3.367719
4.702748
6.358803
8.100152
6.815622
7.577368
6.431427
9.281273
8.990361
8.380809
3.472475
6.764463
13.671336
18.086713
13.520937
6.568941
12.663311
11.180931
13.722424
9.779176
14.505247
1.230765
17.750654
10.887057
13.365113
6.176598
3.766578
-3.591697
-1.141989
-1.137635
-10.963757
-10.953276
-3.564201
-15.664082
-13.163568
-5.854546
-12.804329
-1.074493
-5.617356
-18.980484
-14.222136
-24.470023
-17.489870
-16.893625
-6.596276
-20.970459
-14.647767
-13.872647
-18.994998
-10.480828
-12.067218
-14.604783
-14.100823
-11.326756
-8.802747
-5.366210
-3.855823
-4.712164
-3.365832
-1.034062
-0.052408
0.673434
0.960388
1.414765
3.563783
2.364826
4.082478
4.710552
13.560001
26.993908
38.050494
43.825190
45.504577
42.060042
38.250682
44.308181
38.379601
39.186481
31.595600
27.372567
18.720154
17.368548
24.400250
11.995779
10.078909
3.406571
10.626226
10.781128
6.047336
-3.778467
-8.762829
-1.332972
-1.329248
3.653767
-6.314207
-8.771011
-11.198503
-16.014937
-13.487885
-13.359795
-6.056006
-13.039570
-8.181913
-8.067366
-23.377434
-18.466056
-22.061082
-13.186993
-12.627453
-15.740584
-18.428926
-19.030381
-17.642471
-14.918654
-16.126213
-14.676014
-9.025655
-8.781152
-9.021415
-5.569441
-3.975431
-4.988685
-3.336322
-1.478234
-0.390030
0.816500
1.663814
1.071294
4.354667
4.949083
4.082958
8.316879
5.280217
5.924895
3.554370
10.547593
11.555325
11.005225
11.827108
17.338119
12.352898
16.526802
15.355195
6.668597
6.926039
9.235889
1.133766
12.039002
7.897678
12.728060
13.066088
13.287106
6.152774
8.595265
-10.953276
-8.499518
-6.062811
-1.136546
-6.039670
-13.407338
-10.869423
-3.550453
-3.519520
-1.103887
-5.790910
-14.981055
-14.707844
-9.978487
-22.875910
-17.986742
-25.697394
-20.689061
-17.934153
-15.343386
-11.110570
-16.929648
-17.174779
-11.666539
-16.914665
-8.552916
-10.713101
-9.287963
-8.533550
-6.999126
-5.135408
-4.565824
-2.086860
-1.292146
-0.053839
0.979061
2.101912
2.858859
1.546576
2.983144
7.479207
6.344317
4.613761
4.182334
3.525873
11.837869
16.446728
5.886248
9.077158
17.531049
10.722113
9.556174
9.935387
8.478262
6.859425
5.089793
7.396319
9.862047
7.845067
5.745254
8.277788
3.542021
3.582656
-8.697374
-6.284866
-13.769683
6.149929
58.465107
68.368329
75.695653
55.557491
50.137683
39.918205
32.363920
13.007014
1.084361
-8.141004
-5.727385
-10.075504
-9.718663
-11.553725
-15.064792
-18.290389
-17.451988
-18.258288
-18.870238
-17.455637
-17.431392
-19.805566
-11.009535
-12.993783
-11.195537
-7.898111
-5.912936
-4.765650
-2.480122
-2.426952
-1.125738
-0.235420
0.861976
2.649501
3.765623
3.203259
3.499679
6.113573
7.744379
4.615384
6.990537
6.769115
4.011124
8.073820
9.963727
7.774647
14.578520
14.052209
14.954276
11.865139
16.177079
3.034188
15.396878
11.752979
5.557152
5.694145
10.482254
10.759224
6.122992
8.578655
1.315168
-3.595134
-3.598571
-1.139812
1.315168
-1.139812
-6.028100
-3.567638
-13.240548
-3.509209
-8.231112
-17.561521
-5.692563
-5.605786
-16.597565
-5.362811
-17.867493
-13.190007
-16.595502
-12.127521
-13.407748
-16.045178
-15.067355
-15.455368
-22.423415
-12.998235
-14.165761
-11.548559
-10.712125
-6.022080
-6.729929
-4.865124
-4.584348
-2.751202
-1.103708
0.189943
1.452499
3.426402
2.659200
2.515448
4.247814
2.275791
8.778786
8.035434
7.062422
5.675558
8.564698
10.495537
12.501998
12.042454
9.974406
12.518963
7.889638
10.036510
2.817362
4.918804
3.051014
5.294981
9.882700
3.338845
3.423502
1.109029
8.414015
1.139061
-3.799795
-11.250980
-11.292961
-8.771011
1.153005
-13.782492
-8.730101
-13.641593
-15.969569
-8.566463
-10.904634
-13.090806
-13.001143
-15.031962
-17.035071
-14.396809
-22.475489
-17.577315
-18.908159
-14.315039
-22.739121
-14.654346
-15.289795
-23.220319
-13.039349
-18.160935
-20.123785
-13.905046
-14.461696
-10.728404
-3.368769
5.132164
6.962868
5.457003
2.431656
0.045031
-1.561458
-2.133431
-0.833058
-0.203577
3.055254
3.588299
3.408863
2.138282
4.261079
9.920560
3.994514
10.544168
9.910634
12.147844
14.712884
22.537188
15.034460
11.941886
10.569880
10.998916
7.316356
7.540580
5.569064
8.005638
12.845069
6.021737
3.712460
8.595265
-1.136546
-1.138723
3.773793
-1.137635
-6.051240
-6.051240
-8.491384
-3.550453
-8.353115
-13.086589
-1.099532
1.257220
-10.292935
-5.576860
-9.926079
-7.499096
-9.381035
-17.171873
-16.516003
-15.780633
-13.250010
-17.543931
-14.845123
-13.778408
-16.624282
-13.917494
-11.573097
-7.238431
-9.556499
-6.555855
-4.730215
-3.617223
-2.933467
-2.458521
-0.984973
0.332881
1.409848
2.539810
3.211321
2.667133
5.495624
3.766852
6.618454
7.362541
4.306255
10.137346
8.720105
9.497145
4.695821
9.406149
16.534283
22.769996
16.880981
11.993214
16.389486
13.040003
-1.121980
9.655512
5.488769
3.355777
3.460751
1.116537
18.234518
-3.792685
1.149787
6.115731
-16.302269
-1.335454
-13.769683
-3.817567
-3.817567
-11.167017
-3.757140
-10.978101
-6.067742
-15.440275
-15.273925
-17.314049
-19.236298
-20.827657
-24.448569
-17.518066
-16.807073
-16.115830
-17.121040
-19.564193
-19.925735
-16.895135
-8.771165
-17.723728
-8.351893
-14.293329
-7.149425
-8.817210
-7.250995
-3.890709
-3.221227
-3.060454
-0.999452
0.230068
1.366036
2.328980
2.379167
2.626219
4.951349
6.471878
5.822498
6.530400
7.291395
5.876489
11.197020
7.007583
11.486327
12.408441
16.577425
21.225450
-9.737961
-30.310271
-47.164206
-46.889396
-46.737198
-37.441623
-31.858777
-30.604478
-26.596680
-15.390871
-5.947108
-1.126748
3.755754
-10.921831
-8.515785
-10.942794
-6.062811
-3.588260
-1.135458
-5.987604
-3.516083
-8.271780
-10.586420
-10.429196
-12.547729
-12.316789
-16.492406
-13.888212
-11.393030
-21.131345
-18.311948
-8.228059
-11.292710
-7.389531
-14.622891
-13.422836
-17.578605
-14.809660
-15.589743
-13.653762
-8.403395
-5.604709
-5.089122
-4.299983
-2.777905
-0.846779
-0.337872
0.722532
1.586079
3.074457
2.661835
3.833393
5.267350
3.221946
3.624689
4.891851
7.355970
14.671229
7.716332
8.344406
6.123763
9.585599
13.687277
14.529270
11.634315
10.276679
8.695124
11.174150
9.428323
14.116701
3.281279
5.688257
5.836448
5.950441
-11.146026
8.526201
-6.278998
-3.817567
1.155150
-11.292961
-8.787375
-13.782492
-16.135919
-11.135531
-8.607373
-13.411031
-18.028929
-13.039570
-10.589775
-21.842564
-12.411928
-18.584555
-18.071060
-15.326333
-14.733506
-12.204017
-16.944534
-19.377359
-18.042830
-10.897563
-11.277131
-10.289642
-19.231198
-10.018900
-9.421774
-6.508643
-5.899207
-5.856405
-2.705722
-1.998905
-0.774027
0.403093
2.193323
3.142534
3.958788
5.195909
5.031533
5.993738
7.479609
9.303152
6.431427
9.181044
12.494925
9.592078
8.948740
12.689084
20.106772
11.128364
11.634897
12.187477
10.751895
9.161320
3.218187
9.757871
14.520596
5.789444
5.938350
13.248103
8.553742
1.308869
8.678311
3.773793
-1.137635
3.784617
1.315168
1.313908
-3.581386
-1.125660
1.288713
-5.866116
-10.523530
-10.376788
-12.509239
-5.524794
-14.206958
-5.281819
-11.316050
-36.853908
-62.130281
-66.531964
-66.748847
-60.878775
-49.551758
-44.183457
-35.341688
-22.944374
-20.521960
-12.298700
-11.174347
-7.960924
-7.050412
-4.917041
-1.501109
-1.615183
-0.151784
0.763668
1.074438
2.604303
3.941085
3.867928
4.644967
3.221946
4.512638
4.942413
4.481810
8.202079
7.776149
8.389268
7.533703
14.187906
12.070007
14.646757
8.054866
-1.015243
10.719094
11.186791
13.683031
7.588640
7.796987
10.357731
5.853547
10.801781
3.582656
-6.261393
-1.324284
-8.795557
-13.756874
-13.769683
-3.824676
-11.271970
-8.746465
-6.226184
-15.863710
-1.293256
-8.435553
-10.673737
-10.516307
-12.591254
-10.127981
-20.651151
-11.604961
-17.241569
-16.510826
-15.819584
-18.477680
-15.841375
-16.259383
-17.866452
-13.797318
-17.219257
-13.486851
-11.630596
-8.410026
-7.606814
-6.192214
-4.485347
-4.039980
-1.948412
-0.485390
0.501149
2.119601
2.993833
2.578711
4.329924
5.211946
5.993738
7.591580
5.817448
7.468371
12.597227
11.420961
11.025271
11.706833
9.762261
8.996749
19.776292
13.538634
6.618769
12.755408
9.246541
7.449229
5.503546
5.658407
15.027129
3.618657
10.855099
-1.122394
-3.567638
8.661702
-1.135458
-1.135458
-6.045455
-3.595134
-6.033885
-3.560764
-13.202058
-13.125079
-17.719259
-3.443905
-19.676104
-10.209082
-7.726834
-16.247036
-9.485851
-15.353186
-18.800859
-14.178912
-11.687348
-14.548392
-16.880505
-11.164360
-14.374229
-9.359134
-10.778270
-11.736997
-7.492820
-9.219452
-7.551170
-5.037123
-3.857699
-2.530847
-0.973868
0.017268
0.747707
1.918960
1.518032
0.653547
0.257415
4.142295
14.680000
28.258632
34.082124
34.684567
35.741763
34.057086
28.354586
27.603804
22.085445
20.617527
25.465188
15.488750
16.193674
4.896005
7.179959
0.992120
5.431773
7.869107
15.088719
20.227407
5.990339
-1.319319
3.633449
1.148714
-8.803739
-8.803739
-6.314207
-6.308339
-6.290735
-11.208998
-6.208579
-13.513503
-18.150982
-8.419189
-8.321006
-17.401229
-14.835367
-14.472422
-9.750149
-17.755063
-19.128791
-20.281569
-21.192318
-14.891343
-15.620743
-16.113122
-20.380605
-13.529172
-10.013145
-8.966406
-10.462706
-7.236728
-7.286528
-5.387292
-4.192824
-2.603457
-1.973013
-0.341276
0.701608
1.274006
2.371473
4.404152
4.881901
5.352268
4.043337
4.550379
5.096424
5.525460
9.501779
8.012422
11.145546
3.561819
12.949681
18.882295
13.096195
11.788391
10.452870
6.917735
13.323338
9.598080
12.026001
16.918869
5.854963
5.997912
6.093211
8.545437
-1.128926
-3.591697
6.218292
-3.591697
-1.138723
-8.483251
1.313908
1.300051
-8.353115
-1.109330
-3.478275
-5.779340
-10.303416
-12.406599
-21.089853
-7.515363
-20.045361
-19.267547
-16.615377
-23.414482
-15.184388
-10.958786
-13.395651
-11.024148
-19.529634
-15.336486
-16.201105
-10.491959
-12.431037
-7.494256
-5.489140
-6.165158
-2.200864
-1.154699
-0.794994
0.224478
1.787813
1.644955
3.093834
3.035689
3.708625
1.675699
8.037162
9.839666
4.244295
12.067515
8.633768
10.632606
16.724707
10.705872
17.875835
12.484428
18.591990
6.394651
10.567409
2.942654
7.220026
24.745036
-1.191483
-5.803672
1.090796
-6.085347
1.132626
-3.782022
-1.331731
-6.325944
-6.314207
-11.334942
-16.272023
23.537036
50.847849
67.860014
65.021943
49.853617
51.693738
43.870343
31.585193
21.873022
3.318528
-3.383914
-11.861141
-1.108328
-11.041364
-14.332475
-17.363735
-18.233911
-16.990690
-15.820599
-13.083475
-15.691153
-12.090936
-13.873728
-12.847180
-9.339282
-7.019622
-6.061832
-4.611633
-2.962654
-1.243221
-0.048754
1.164905
1.964503
3.538167
4.232474
5.150629
4.955317
4.881131
3.824318
4.261079
7.822322
6.318526
13.088743
15.279217
7.839653
5.472734
15.854981
13.220078
13.751005
8.596727
14.883649
7.266528
5.396334
18.662776
5.729882
10.535518
13.144094
6.111080
-3.560764
3.766578
3.766578
3.777401
-1.138723
3.762970
-3.577949
-13.368848
-10.848460
-5.929753
-8.279913
-5.837191
-17.351203
-12.586219
-10.051858
-5.484298
-18.324614
-19.867575
-13.083758
-22.316445
-12.066807
-16.845214
-10.837359
-14.822900
-19.507193
-13.931945
-11.422744
-9.261681
-10.123389
-6.169317
-7.887477
-8.015641
-6.317412
-2.643355
-0.838528
-0.853637
0.692057
1.532644
1.554774
3.656451
5.649188
3.261234
4.471285
8.327662
5.682570
7.269632
10.093557
9.966844
4.439394
11.494180
8.001399
11.810994
14.529270
13.382340
21.350219
10.630611
11.047746
11.439599
9.634858
7.724867
7.957254
15.283123
1.116537
3.582656
6.075834
1.150859
-3.824676
-13.808110
-6.314207
-16.347637
-11.313951
-3.806904
-11.208998
-8.664646
-18.342779
-10.883643
-15.485643
-12.962715
-12.744962
-7.977365
-16.529424
-16.041213
-21.792936
-20.915369
-19.964670
-22.623105
-18.014519
-18.443189
-18.504540
-15.667369
-16.786272
-11.895921
0.463347
13.201524
11.922136
11.191850
6.416716
5.153271
1.778556
0.485357
-0.006874
1.022343
1.313109
2.566146
4.849515
3.120260
4.374598
3.451474
6.371122
9.047192
6.830513
10.995474
10.724581
12.697421
13.615576
8.658721
17.616607
13.326264
4.651807
14.405815
15.060625
11.453954
11.843986
18.803098
8.030552
12.910075
3.643912
8.545437
3.730500
8.636788
-6.039670
-6.028100
-1.134369
-6.039670
-6.028100
1.306350
-5.952893
-1.114773
-1.106064
-15.254266
-24.276476
-19.397856
-10.062339
-7.645499
-16.036718
-11.380200
-8.972253
-12.476623
-19.362209
-18.403927
-9.032312
-10.032905
-13.622845
-14.994282
-14.956000
-11.253670
-10.902485
-9.233463
-6.978258
-4.083667
-6.463708
-2.822351
-1.622296
-0.403109
0.483491
1.181376
2.447653
3.722136
3.274955
3.903028
8.168779
5.940032
8.341963
4.388869
7.013488
12.394660
8.269635
7.445220
11.033955
13.511046
17.865740
9.783702
10.213477
6.755252
11.085667
5.203786
11.932577
12.248588
24.135695
-1.275880
10.801781
6.018837
3.602973
-1.326766
1.157295
-11.303456
3.650381
-1.336695
-3.821122
-6.284866
-8.697374
-11.093550
-6.138161
-18.046365
-5.979719
-17.523282
-8.108276
-12.399119
-14.306072
-13.867514
-9.277860
-14.838122
-19.794032
-18.843333
-7.651086
-15.091226
-15.357438
-7.365179
-17.690096
-9.440401
-11.316805
-11.180409
-10.190303
-7.192987
-5.655776
-3.510272
-1.963624
-0.877568
0.220505
1.459803
2.979989
4.171985
4.009189
3.791319
6.471878
6.655254
4.810401
5.330444
10.234076
12.296985
8.304062
4.783452
12.448533
18.286297
14.453127
22.079178
15.776160
8.777823
7.117045
-21.770200
-52.621697
-56.327504
-57.643009
-61.646885
-48.727070
-51.712865
-49.592047
-42.608813
-35.425058
-25.701613
-8.475117
-10.953276
-10.921831
-5.999174
-8.361248
-10.712199
-1.104975
-15.208731
-3.382038
-17.035727
-9.999450
-18.602862
-7.385227
-15.493397
-12.901618
-16.237755
-11.778418
-16.400750
-15.556267
-11.374677
-14.718228
-13.415947
-12.236523
-6.845447
-12.172235
-10.370112
-6.683402
-6.351178
-4.468673
-3.307296
-1.425137
-0.234145
0.919916
2.333937
2.348385
3.544202
3.379634
3.463481
3.273580
7.794590
6.872479
7.528646
9.438151
9.048189
4.527541
4.832048
14.209801
13.824346
19.918030
11.709085
12.247434
14.729208
9.159828
5.249384
1.014644
10.099562
14.969086
13.019655
20.521125
3.589428
1.146569
-8.795557
3.640222
-3.835340
-3.831785
3.643608
-13.756874
-6.284866
-1.319319
-13.500694
-6.138161
-8.484644
-13.077997
-15.198312
-17.261741
-21.357174
-14.230459
-11.617770
-15.343769
-20.549715
-13.983753
-9.747655
-20.853862
-14.782341
-20.851444
-15.106867
-10.230392
-13.602867
-15.647709
-9.208249
-10.352092
-5.704191
-2.331239
-2.934405
-1.852643
-0.493745
0.704361
1.806197
2.345376
3.407811
0.761253
3.960163
6.114014
5.999473
4.966414
7.379883
10.435623
7.828229
7.098591
6.231828
12.689084
15.295130
12.919220
8.096050
12.218176
2.980070
13.185193
9.480901
7.640235
-1.032036
8.096988
5.968131
3.679990
1.293752
11.046847
6.212336
-1.139812
1.321467
1.316428
-10.921831
-15.785509
1.305090
-8.393782
-5.906612
-1.106064
-5.796695
-1.073405
-3.344231
-7.734968
-11.957550
-15.826400
-41.999466
-65.851598
-76.491078
-69.639189
-63.957904
-55.437217
-42.443728
-40.821280
-30.734288
-26.943496
-20.019195
-11.919306
-12.216895
-9.368745
-5.037123
-4.145636
-1.805226
-1.203995
0.043790
0.632022
1.289325
2.183303
3.367169
3.544129
5.561068
5.611949
4.613761
7.027887
11.828817
7.372387
4.271114
12.611472
6.288991
12.845284
15.632971
14.842569
13.641353
10.415724
18.763944
13.368994
9.541918
9.820740
7.829040
8.085467
-6.050137
5.984639
10.997989
-6.273130
1.153005
-8.836466
-8.820102
-3.835340
-6.325944
-1.336695
-13.744065
-8.705556
-11.062064
-8.525554
-6.061874
-13.026760
-12.847434
-14.865612
-21.268921
-11.989231
-7.388268
-13.171870
-18.511021
-15.760334
-16.679776
-14.101352
-17.722543
-10.618586
-9.746781
-12.407835
-13.341831
-10.649540
-9.803345
-8.737630
-6.612908
-5.017689
-4.136658
-1.895031
-0.353011
0.416035
1.603676
1.374198
2.686157
3.875766
4.036910
7.496955
2.840174
5.005417
5.512459
6.084507
6.708559
7.098591
11.787017
9.869708
15.451888
18.235168
18.903213
10.374864
6.926039
11.232935
