552.212149
781.742499
998.757210
1274.908818
1579.796768
1868.434906
2140.955073
2270.690319
2345.025486
2336.240870
2173.587846
1943.833249
1674.842719
1383.763359
1123.829799
820.088124
568.552918
328.512317
124.747236
-26.673365
-164.719986
-258.697423
-306.798819
-319.625709
-296.655173
-251.256432
-184.370373
-111.703077
-38.560171
33.557888
106.000130
180.434486
255.121776
349.726614
449.476113
558.018643
723.907398
970.319349
1359.436172
1892.567520
2586.000140
3443.085999
4392.597741
5210.415783
5713.320768
5936.766591
6028.682134
6022.428313
6031.937437
6006.882656
6000.618961
5959.120844
5915.257696
5883.926876
5858.862240
5793.917056
5775.125970
5714.740488
5668.643190
5595.683392
5513.964949
5411.689415
5311.612617
5159.401199
4961.236649
4780.395159
4545.592301
4357.615627
4109.879651
3877.592150
3623.919157
3337.492543
3072.314158
2782.910577
2513.801202
2201.702710
1870.015703
1594.961599
1217.722911
837.957785
525.642918
251.529213
46.736974
-101.672239
-206.076079
-262.906709
-286.778604
-279.156155
-254.714174
-206.712557
-155.548376
-107.277930
-43.137933
18.401804
74.304984
120.579667
172.235299
265.556165
395.713694
558.387010
790.139174
1100.408964
1524.335884
2060.877270
2726.701572
3540.470260
4387.544874
5123.056384
5609.508667
5905.472066
5998.455809
6069.791182
6116.162535
6122.581756
6137.215106
6123.431113
6054.962884
6052.633098
6021.101810
5975.730250
5944.313811
5908.034028
5809.566807
5778.795785
5676.001556
5561.067935
5464.834512
5325.479243
5177.890890
4973.512380
4767.245244
4537.684950
4327.821094
4063.045019
3778.342264
3474.494829
3247.849541
2979.604596
2723.245274
2297.757818
1856.749535
1449.728934
1082.882587
765.393753
496.645252
281.752892
100.970661
-28.249690
-119.019539
-169.383553
-183.567489
-179.175780
-154.060728
-125.721654
-97.897634
-68.714794
-27.488365
27.843139
78.818585
124.032208
211.362762
324.381818
463.918632
661.929584
944.996294
1260.625092
1664.403645
2230.182407
2902.679803
3599.891681
4341.669186
5106.587690
5695.587346
6016.991729
6112.822611
6099.881122
6153.371888
6115.774904
6113.365456
6094.574370
6063.255914
6071.911776
6028.048628
5994.355265
5938.731609
5887.872465
5844.026618
5743.807513
5674.906865
5612.269932
5445.118629
5324.140008
5121.878295
4940.913599
4717.906321
4505.444314
4253.808051
4005.443380
3681.418134
3424.665853
3153.164526
2829.227103
2448.997608
1947.350512
1475.004705
1116.150399
780.269334
518.536718
284.083118
111.915514
-10.153255
-93.502808
-145.765578
-162.894783
-152.430524
-134.098374
-103.975086
-66.986272
-37.517607
-13.434507
29.596429
68.634992
104.141793
148.811580
214.640199
317.779692
471.414117
666.256032
952.717298
1320.943051
1748.644415
2279.495547
2844.568983
3422.199067
4088.771709
4737.656407
5351.244229
5799.094703
6037.158982
6181.799141
6240.364261
6287.502089
6273.867792
6258.823556
6251.273164
6218.111273
6178.818935
6168.858902
6115.777571
6082.667268
6031.118071
5891.234540
5836.405435
5729.562164
5608.356881
5473.067574
5274.379182
5108.298621
4896.089709
4677.772233
4436.975631
4174.786412
3894.693163
3582.233950
3142.478665
2713.824484
2307.702737
1808.524567
1406.985895
1069.696005
780.822878
535.363172
325.652716
159.904358
50.954185
-27.655937
-78.291502
-101.273266
-104.563815
-91.284240
-73.579254
-51.401296
-17.475875
2.231931
34.110905
72.506940
123.055745
189.531289
270.047846
367.357710
480.313581
681.488730
978.014554
1336.333129
1778.519111
2285.708676
2812.038479
3430.343771
4070.629527
4697.109513
5409.310922
5835.125367
6104.298119
6166.266172
6209.767344
6207.320866
6233.473300
6178.436544
6184.702708
6140.839560
6153.371888
6103.242576
6070.424712
6006.882656
5952.854680
5858.862240
5800.767405
5658.345032
5574.352902
5395.048563
5215.685587
5013.264392
4809.187314
4578.621589
4333.298155
4030.249639
3700.168874
3214.004404
2761.006711
2321.302191
1889.993926
1480.667221
1104.875218
809.755627
561.456126
340.787780
168.527558
58.031289
-31.017347
-69.823943
-98.798694
-99.758915
-85.237546
-72.547838
-56.569938
-27.524169
3.395037
35.399181
85.631106
116.235712
173.200253
239.762081
336.634331
457.822489
611.358164
799.878291
1027.028782
1336.139852
1750.996925
2173.274626
2661.349402
3238.945542
3809.708122
4401.597126
4934.339636
5441.258644
5817.360004
6115.928697
6246.950169
6306.525095
6369.924485
6361.183750
6362.462448
6326.519778
6359.711820
6285.833275
6249.867596
6199.641641
6082.667268
6048.029785
5928.753612
5886.216520
5743.646209
5590.143602
5415.657144
5184.455902
4981.986032
4776.510477
4410.147839
3943.967668
3468.234489
3045.782213
2602.918066
2203.357880
1819.377602
1397.408757
1079.819945
801.051348
564.497005
364.492713
209.200431
100.889497
18.593747
-21.662699
-55.027622
-67.505543
-66.468173
-54.475409
-41.317069
-15.488822
22.515416
53.298411
75.034731
113.228288
167.326032
232.143673
309.404923
432.211041
583.105640
787.037579
1078.925292
1413.519316
1814.635904
2206.129035
2693.393675
3196.065278
3732.495965
4304.044618
4830.226481
5363.037639
5800.674736
6095.956939
6270.203432
6290.050828
6303.759804
6303.759804
6283.642109
6308.726513
6252.286603
6157.211323
6150.947628
6101.780197
5996.717808
5976.358216
5840.063748
5714.740488
5645.812704
5443.150199
5301.167210
5055.345983
4831.405012
4522.406383
4104.262965
3629.362914
3165.755782
2707.788395
2269.834601
1919.057352
1536.392294
1157.666511
855.239712
596.680342
398.272577
239.519268
115.824623
22.322171
-24.398406
-55.827008
-70.192115
-69.452815
-62.142960
-53.820363
-37.800060
-12.184869
7.180157
45.414781
78.028117
122.998162
187.214939
253.567168
325.910548
429.469045
566.662978
746.995416
987.912326
1314.893480
1701.981225
2097.503552
2537.876188
3020.424625
3518.218714
3999.853570
4455.093837
4871.419290
5290.563218
5631.967383
5938.866306
6187.626007
6313.384971
6382.098382
6384.607351
6416.445001
6370.896648
6353.555277
6337.497613
6243.703999
6157.413923
6081.869477
6021.101810
5877.263028
5755.945233
5625.555284
5351.218728
5047.674948
4725.473836
4358.021961
3945.308312
3486.470606
3056.328845
2608.152125
2188.418216
1827.326495
1479.871958
1134.380065
856.160305
622.403046
437.163374
282.075678
161.271998
74.821833
16.718447
-21.246674
-39.468336
-49.947182
-49.241501
-39.447381
-29.292830
-13.803804
11.312803
37.214304
77.328413
125.766528
158.445410
215.974238
299.662209
439.799304
598.481361
801.470875
1042.429128
1336.834702
1690.971293
2088.202509
2523.581014
2909.228746
3378.473578
3857.720408
4307.153260
4727.824999
5192.067440
5534.735709
5825.276675
6078.840229
6297.654370
6346.353100
6333.810897
6304.936452
6273.568603
6261.021464
6173.191507
6122.041068
6057.882510
5975.564200
5896.459204
5756.334904
5653.004829
5425.501215
5142.259282
4767.856065
4401.037346
4017.763009
3596.572231
3157.982700
2705.584429
2314.741526
1927.456318
1578.343142
1250.599122
942.709866
678.427275
487.620487
314.474190
183.519661
83.088081
15.852698
-23.728435
-47.717550
-56.218228
-57.576301
-46.556528
-31.058391
-12.232869
7.289863
29.960276
66.377686
109.359172
150.996532
212.688275
271.585337
356.791034
475.669932
633.819953
817.072472
1058.279961
1330.642382
1678.813836
2022.876590
2380.586723
2780.335954
3232.860997
3688.073699
4098.573892
4427.566119
4776.613468
5064.541820
5371.246793
5608.735605
5787.575779
5932.046767
6032.763867
6108.766791
6167.031355
6217.547025
6178.314953
6131.357407
6050.031276
5921.813796
5788.194054
5577.609717
5366.331685
5145.585944
4864.299520
4581.122587
4246.898868
3835.311939
3471.173098
3075.487212
2668.114995
2278.975740
1908.326676
1579.200336
1254.483378
956.103327
716.239585
507.249716
354.731368
220.370873
127.126439
58.487278
9.831646
-17.350356
-33.920314
-40.319703
-35.496385
-24.673576
-15.814304
3.996450
31.818623
66.776897
105.715826
149.340369
185.517941
233.083206
311.491972
435.420147
597.642856
799.671195
1021.512538
1304.460239
1607.977232
1950.076094
2334.097710
2723.218597
3136.870893
3543.808319
3978.689775
4373.485202
4709.320565
5012.301101
5227.967746
5494.025891
5637.586999
5755.371608
5852.626466
5934.328892
6008.682956
6036.584152
6012.876926
5972.744564
5877.037461
5703.229592
5571.247537
5365.156213
5143.356949
4942.893496
4590.187508
4259.228357
3928.435445
3534.852449
3186.316904
2798.567938
2396.529067
1989.190262
1664.363986
1346.084313
1043.072745
788.017596
570.860419
403.909403
251.151885
143.760005
63.975198
4.015905
-23.566445
-40.623178
-46.058518
-45.741977
-36.707887
-23.041017
-1.030090
23.102698
47.470356
85.243262
112.368081
152.410356
204.787321
271.799795
352.758358
467.986387
623.216174
827.577680
1054.393989
1319.915183
1622.754952
1948.688715
2286.914576
2635.341042
3018.221309
3435.465874
3772.154846
4109.516284
4447.215148
4730.908121
4982.620770
5184.615269
5339.817467
5460.525491
5567.758510
5638.993749
5670.762513
5688.578303
5643.026360
5576.409586
5544.382346
5383.271876
5274.612440
5094.361561
4887.647058
4638.680646
4390.217358
4104.569984
3776.172604
3466.084113
3125.370019
2738.455158
2341.438485
1974.728094
1646.586909
1350.910212
1061.638944
794.944682
588.940659
419.932620
282.893550
179.045352
96.225214
38.240907
2.796717
-18.923128
-31.338464
-35.466050
-31.287745
-23.893781
-5.672966
16.241021
41.664433
70.446727
108.761826
149.161499
195.956141
258.034178
359.875051
464.437284
602.818184
798.256071
1017.536786
1261.467013
1526.135905
1843.250582
2161.455167
2487.326539
2878.287808
3207.665082
3601.916369
3955.756057
4274.013559
4544.338599
4806.076561
5009.915963
5191.564500
5366.421110
5462.345289
5537.955043
5539.687607
5541.635592
5513.871881
5418.179000
5334.878411
5205.469052
5112.857622
4917.749664
4754.732657
4509.012940
4156.267653
3815.392812
3449.973906
3102.496038
2747.535851
2396.947965
2060.468244
1715.627704
1428.649113
1161.340056
878.875890
653.571665
460.086470
315.836138
200.711739
111.004800
42.663967
-1.229887
-20.766525
-34.426336
-38.024912
-35.264377
-27.431133
-14.779879
2.823511
21.541399
45.366649
73.941698
107.610889
154.243829
200.708945
274.696789
369.955448
468.543697
586.660739
753.915282
956.041010
1229.426701
1506.545395
1780.233236
2123.021816
2469.507857
2842.918557
3199.770692
3553.166823
3871.378416
4104.676298
4357.687559
4491.075510
4666.311694
4832.018260
4947.676571
5036.677047
5123.151253
5191.763818
5184.091201
5188.174655
5126.580885
4982.367273
4885.521814
4770.587787
4635.399117
4461.769286
4221.725789
3955.362372
3690.286447
3403.812754
3101.190384
2773.708992
2419.243824
2080.781569
1726.512047
1428.916543
1180.355592
896.289229
677.653564
496.407412
343.741127
233.982295
144.464676
73.528894
27.967177
2.327940
-15.752573
-27.297874
-27.271922
-24.039767
-13.685455
-2.398747
18.762547
45.627653
71.533309
103.343306
155.517540
188.961922
252.574044
337.296854
440.779163
572.274226
739.119577
951.754566
1164.940198
1423.676364
1726.511733
2018.902308
2344.146313
2642.591057
2982.117288
3318.088088
3665.543193
3960.502885
4216.511203
4470.772021
4664.264929
4787.199745
4874.907821
4950.125425
5019.842813
5051.996871
5029.079926
4993.437704
4984.930615
4888.797789
4808.991260
4624.337869
4454.140666
4266.216600
4017.541681
3724.049917
3426.382980
3105.600981
2793.836846
2480.385869
2168.522936
1827.175580
1512.614026
1245.021329
984.547392
751.323672
558.813794
382.081915
262.075765
158.480335
88.151995
32.944946
-2.582502
-19.680848
-31.777269
-35.865079
-32.615947
-24.595044
-7.018129
12.987226
34.234011
67.248974
93.413496
126.475010
164.024759
223.388077
298.317259
385.329441
501.376505
640.544834
822.734791
1004.830026
1241.217781
1464.100622
1700.778457
1975.524057
2271.821239
2556.949040
2874.025158
3163.681415
3409.270373
3684.326638
3913.423271
4138.989974
4277.053708
4438.005756
4513.771321
4588.025595
4667.302336
4727.265367
4711.755801
4753.934325
4734.429905
4667.621571
4597.766425
4429.733477
4253.938610
4092.566184
3848.885109
3604.454906
3330.475560
3050.201272
2738.825477
2441.171083
2155.622638
1805.316605
1508.381427
1236.687501
1014.553173
785.873502
592.878101
415.017144
297.910260
197.295152
121.706369
65.240903
24.802934
1.976358
-15.061850
-24.070529
-25.086353
-19.472905
-9.365235
4.942340
27.409313
49.061871
69.759320
93.589890
136.637679
181.215473
235.621317
325.893033
432.998349
575.048731
748.408276
942.657367
1115.691902
1371.470885
1642.044092
1927.695602
2236.601666
2521.694673
2841.093581
3162.786137
3479.287845
3758.240466
3915.801442
4083.601941
4224.547225
4311.044604
4448.897135
4548.140032
4622.499294
4695.374099
4704.203943
4688.812510
4667.156047
4517.630013
4437.592148
4261.805759
4143.379967
3986.589169
3726.949111
3505.082288
3207.674932
2948.405971
2640.345100
2279.983355
1977.222597
1583.519787
1331.518475
1083.992296
856.630495
643.720783
465.514362
330.201684
219.988186
137.300356
71.786260
22.867368
-4.310984
-21.023625
-28.949243
-31.043924
-25.992692
-16.884469
-5.037730
10.869459
24.682485
52.804326
92.249083
136.500449
186.460021
254.814453
315.940744
389.207606
508.256426
616.786865
780.267779
969.263079
1205.468453
1432.844787
1677.676464
1876.377589
2161.489473
2474.521366
2813.943040
3092.736199
3324.821311
3555.374982
3737.983024
3913.497041
4079.285706
4142.905763
4267.819285
4395.848570
4478.047502
4447.158013
4486.347728
4423.279996
4390.000696
4358.905707
4282.953460
4153.354753
4003.031532
3830.990494
3660.714814
3437.188290
3194.706586
2896.716712
2616.082482
2330.258273
2004.941022
1695.408255
1423.119498
1168.793760
953.352829
719.722903
540.379290
382.205932
271.733945
178.656760
109.896378
54.214792
20.349553
0.301516
-10.740056
-15.395714
-17.277985
-11.434958
-2.679876
9.037050
25.941421
54.227749
84.288047
123.153107
164.269646
208.328046
267.780669
355.920819
476.862044
611.390237
738.308444
947.008645
1147.568969
1385.813503
1636.430703
1857.400628
2108.277464
2379.106744
2707.858468
2997.751501
3255.408653
3489.415950
3732.182139
3938.859147
4070.484148
4179.534874
4266.888185
4360.959480
4400.161834
4423.552276
4424.580275
4410.934292
4390.027182
4334.960753
4174.614912
4062.985068
3798.840700
3657.973905
3443.478753
3186.820083
2934.684393
2694.581645
2418.254425
2125.926022
1828.104910
1542.570214
1270.338164
1041.039600
808.450740
612.628686
432.833026
303.748811
201.792028
117.132277
62.755949
19.938731
-5.465213
-20.068354
-28.419913
-28.815884
-25.039763
-12.121699
0.446571
21.291946
38.377668
65.386812
100.737539
133.034237
177.748274
232.006722
307.097156
397.457720
485.594031
591.321097
719.437841
906.958435
1132.732966
1341.821831
1545.344022
1807.794745
2115.963886
2413.042996
2691.138985
2962.037939
3204.086092
3429.859731
3625.739865
3802.904409
3971.876626
4087.249126
4187.542584
4244.578813
4261.541175
4250.983547
4219.465788
4208.882951
4160.364990
4043.427949
3961.759735
3896.958574
3779.934205
3632.370987
3458.557760
3224.729765
2987.118718
2692.837883
2407.451204
2134.504789
1828.538864
1560.471620
1283.429166
1043.211972
824.442135
630.390062
466.842123
336.377607
227.988023
147.921947
85.807711
47.570904
19.459070
-1.809959
-14.520146
-21.012228
-21.058558
-15.860945
-3.327156
12.600295
34.680785
59.214838
76.909130
110.376152
155.942786
209.286511
265.513430
355.816408
471.463189
611.430500
781.229436
952.755533
1161.248603
1401.633431
1628.386341
1863.778594
2112.439058
2404.604760
2710.245697
2979.534935
3216.997930
3489.543331
3646.308333
3818.099268
3958.064668
4071.453634
4180.269802
4236.172446
4271.281969
4286.530421
4245.078185
4200.639812
4125.659513
4058.276317
3951.900790
3815.930443
3706.092014
3549.015010
3333.594641
3040.962558
2756.547840
2450.122578
2214.843364
1936.135349
1649.291666
1389.675406
1147.801386
937.363676
738.734408
553.291775
402.659703
266.452066
180.279001
99.271648
50.878304
13.842494
-7.908123
-18.032555
-26.151225
-25.197787
-19.281719
-9.855321
6.034387
27.929629
52.148589
79.519609
104.910562
145.405458
197.972047
258.365964
317.973942
406.971841
518.237309
648.818129
800.115679
948.509788
1132.620090
1316.019562
1556.125848
1823.760845
2062.959671
2326.662248
2614.804514
2879.048819
3100.008742
3258.092939
3433.044215
3619.977257
3740.791407
3833.847544
3898.673624
4008.994684
4042.972131
4049.707232
4008.631925
4002.339326
3918.537392
3896.363018
3821.164006
3715.587179
3578.371016
3436.295606
3268.377744
3014.129404
2771.470518
2522.601287
2255.039828
1990.579441
1672.836874
1404.544147
1178.484861
969.208817
760.826885
585.222483
425.808513
307.029965
217.770187
135.357843
79.195413
42.663672
15.321640
-0.654863
-13.528252
-18.215321
-18.126102
-13.432758
-0.380367
14.711834
39.657991
69.831899
95.104090
119.838965
162.301686
219.379650
279.947936
362.339062
475.747781
615.805665
778.043484
941.261758
1134.251358
1371.405760
1596.430651
1841.364122
2060.791582
2326.100574
2619.210656
2878.379038
3060.742432
3252.634369
3426.655386
3583.333276
3700.915194
3801.932404
3870.457846
3968.748579
4044.986955
4034.560718
4033.283143
4015.413346
3957.005941
3882.177355
3765.317953
3672.782944
3542.186714
3350.326792
3140.060555
2881.322496
2598.953795
2375.131456
2098.055087
1830.987194
1580.372058
1333.333025
1100.437271
896.834026
709.957992
525.775122
369.323548
251.199629
165.798071
97.817855
49.385685
13.341375
-6.428091
-18.744451
-25.054271
-24.664862
-19.866153
-5.748330
9.494792
30.789641
47.748290
69.179568
101.381916
143.927405
189.547754
234.350224
298.540576
393.930543
506.890116
605.277943
744.616896
892.820427
1079.431958
1299.218612
1520.095475
1767.190920
2011.487598
2291.421358
2528.882112
2777.797340
3000.003583
3183.178316
3375.923277
3518.830955
3652.306390
3751.092299
3849.906949
3878.853446
3909.801577
3891.294562
3887.160616
3878.176174
3808.157067
3753.002927
3681.056078
3570.610062
3445.047693
3285.638405
3086.047983
2884.068662
2625.755983
2378.347765
2145.878628
1865.741267
1582.374731
1323.475466
1086.039747
882.723774
711.253651
535.417802
395.424031
276.516110
191.955002
122.129538
73.839176
40.811534
14.956839
-2.461463
-13.869399
-17.712028
-14.775828
-9.550831
3.162754
14.173939
34.680785
63.223709
92.242459
128.450711
172.553166
222.471021
278.132884
374.770542
479.070440
613.962707
758.744976
909.161664
1075.818393
1301.425417
1524.822305
1708.348515
1940.173540
2175.109381
2469.309888
2714.495402
2916.446869
3104.436626
3293.881303
3450.014003
3566.278674
3654.664901
3723.081751
3771.975274
3798.096752
3782.909636
3796.581798
3833.928907
3731.519409
3642.353831
3527.119210
3417.869072
3297.672489
3150.492308
2934.552725
2727.947214
2497.169820
2222.982684
1976.988702
1704.451606
1464.508531
1206.952487
967.426671
782.073872
615.170173
455.946457
312.673564
215.959217
140.234378
82.274345
37.697023
10.356652
-8.186580
-17.877793
-22.665579
-21.915407
-16.733444
-3.329674
9.878420
28.416774
50.715157
75.599843
109.621813
139.305067
180.630678
249.655719
302.751964
361.636103
458.004174
576.322143
721.975108
880.419567
1064.113719
1284.604222
1508.212481
1756.346154
1980.931076
2220.631137
2473.698373
2705.221070
2871.610443
3080.217823
3203.858162
3374.468327
3474.036764
3543.760072
3605.273996
3650.770384
3686.054039
3724.362472
3727.419157
3705.935480
3647.256858
3539.310645
3455.431346
3352.805233
3259.566102
3044.221142
2853.300897
2662.424791
2475.962337
2207.208280
1978.441980
1738.199662
1489.722824
1246.952234
1020.404949
833.672009
666.630236
503.759952
369.799553
261.449843
185.092078
114.410282
69.102999
35.408223
11.455459
-2.244228
-13.128826
-16.466267
-16.266828
-8.297270
3.799878
22.141157
38.113944
64.265858
85.973808
123.957822
173.246150
226.784687
285.818728
359.648625
474.960691
613.050141
758.744976
890.626571
1041.202180
1249.958138
1461.190229
1679.929446
1921.601785
2124.004732
2385.746678
2620.110559
2778.897194
2978.512621
3157.108186
3322.578443
3384.269723
3484.954385
3578.922379
3616.144178
3620.036272
3586.391975
3573.180092
3520.303789
3447.746833
3418.132454
3330.823518
3244.772775
3091.875325
2872.635128
2704.492767
2491.518798
2246.791249
2035.594130
1802.052940
1563.422859
1328.955093
1091.468153
908.129782
725.673103
573.386867
420.801758
287.793385
204.352821
128.028567
76.580904
36.839722
6.992250
-8.358532
-19.381264
-22.591241
-21.787992
-15.002321
-6.923326
9.154216
26.029844
49.535487
78.140818
111.633675
146.472290
196.145763
245.008622
297.510883
395.329904
492.630510
604.758969
729.354904
903.175509
1100.908615
1285.350136
1455.330143
1628.102972
1840.952484
2019.258663
2254.218925
2456.406717
2693.540377
2901.610886
3044.735073
3104.307498
3220.292457
3273.701735
3329.083487
3326.373755
3358.930574
3359.460634
3335.342197
3338.818017
3328.815160
3326.161812
3250.200417
3162.153226
3034.479529
2922.716488
2740.752117
2531.277922
2293.433851
2081.839574
1868.412195
1625.684048
1386.513150
1168.054415
959.518710
775.372035
616.875525
460.489191
338.404303
243.581914
165.825237
107.663235
63.573509
32.559285
9.326745
-3.486412
-13.761772
-16.915347
-16.549230
-10.393815
3.281853
18.343284
35.965258
62.024575
91.767352
130.426876
177.120565
223.184041
291.234588
359.965063
435.827412
534.720197
642.120859
782.644325
956.377135
1167.504005
1390.236754
1595.972641
1822.375610
2046.375496
2287.454620
2503.256092
2710.387582
2886.604057
3020.252132
3160.508157
3271.788908
3370.985612
3455.643004
3540.330398
3567.055242
3587.501458
3575.643545
3484.189672
3406.343996
3278.347637
3194.211544
3054.801704
2945.310948
2819.218184
2632.889870
2417.015022
2202.432451
1967.073881
1749.369856
1504.071287
1254.892605
1057.013264
856.310468
681.231650
528.851357
386.167098
273.506633
188.213721
115.393287
65.667350
31.115355
3.736467
-8.603988
-17.968093
-21.622286
-19.648432
-10.833172
-3.392498
11.620262
30.155949
56.426267
89.961258
116.197695
157.962873
203.658857
258.425470
320.914542
418.529377
505.231342
607.761547
718.599298
898.744296
1071.053464
1252.135421
1432.891279
1648.388324
1878.472586
2096.596980
2328.835657
2544.024058
2735.380487
2916.115557
3090.275336
3228.152813
3317.848662
3354.554702
3424.985225
3483.270141
3533.724062
3484.858361
3415.845627
3417.250704
3380.932099
3296.243583
3191.018224
3107.561231
2982.995976
2869.239136
2690.959121
2521.397848
2282.503577
2033.663175
1794.375180
1559.845814
1331.379337
1104.955398
913.410737
744.025733
593.034279
427.656158
311.584197
219.319669
148.800102
94.668286
59.153796
27.723195
6.254949
-3.049956
-7.773866
-8.051143
-3.831097
3.187501
16.398511
32.960230
54.387253
77.677895
106.913631
143.591153
172.485383
216.152650
284.038694
370.102130
487.058277
568.206189
706.116122
872.171900
1028.805446
1197.420291
1399.971119
1614.201721
1835.018399
2036.442249
2220.371376
2447.225895
2617.122804
2798.764295
2949.134426
3069.568521
3190.456835
3247.858958
3280.523123
3358.501655
3405.382399
3408.115567
3397.421070
3371.015975
3325.499867
3210.030093
3075.028727
2971.582131
2850.560846
2701.385660
2513.436617
2311.611663
2128.350522
1900.482967
1634.765033
1430.853925
1174.436874
960.709895
778.961028
627.453124
486.913688
350.628012
247.669936
164.647934
103.003941
60.286541
25.381111
2.138201
-11.587864
-18.617543
-20.609437
-19.547564
-11.565460
0.421095
15.383681
33.056651
59.090540
83.920196
119.273194
151.962959
200.326490
258.696261
327.488123
430.255684
507.246892
591.866749
706.976493
859.956761
1020.504794
1171.499204
1370.364121
1585.062565
1810.089344
1996.380109
2195.481011
2362.750743
2501.866530
2627.675207
2794.338268
2954.081938
3071.970794
3149.354268
3236.177359
3253.237945
3300.399243
3282.633313
3293.822549
3273.381468
3228.966935
3174.502946
3093.165601
3007.478704
2870.358779
2771.598801
2581.403280
2386.439301
2169.768747
1928.087022
1723.496174
1480.874885
1233.433350
1018.525582
841.813808
684.739023
531.085131
394.568398
290.850340
201.832974
138.352738
92.756352
55.827822
26.481119
7.412828
-4.338560
-12.731470
-14.288391
-9.914352
-2.909522
11.376526
26.479053
48.650308
73.120381
96.105477
140.691291
181.570751
237.761344
303.529629
396.161698
477.164913
585.243613
737.842420
866.584696
1027.543108
1219.744503
1454.467908
1689.763206
1856.120406
2050.697304
2255.911301
2432.546859
2627.466189
2794.421230
2922.611039
3015.158684
3059.605170
3141.801959
3242.153362
3296.039395
3297.155529
3268.515098
3260.286119
3224.133756
3165.296625
3143.266445
3027.715311
2934.632037
2813.508750
2670.164645
2493.469124
2256.632093
2038.664334
1838.197908
1609.623312
1366.620565
1144.820382
948.279265
765.483760
605.580301
467.402462
331.297485
234.197817
157.714215
101.888614
58.713848
22.858701
1.009855
-10.820571
-18.607040
-20.278975
-18.225608
-11.262681
0.421095
18.596060
40.447374
62.118006
88.414552
120.287469
149.605613
204.787321
255.649001
316.325772
393.805649
497.481327
614.694188
720.213112
880.071745
1054.452183
1239.051564
1414.940770
1618.717486
1830.466216
2007.850081
2236.348104
2445.918302
2600.494551
2692.064664
2799.745627
2896.540387
3047.370868
3136.873133
3185.288421
3243.887396
3265.678177
3253.296453
3191.862783
3141.301595
3065.868799
2966.533696
2898.621312
2817.539843
2672.962381
2531.050836
2355.580309
2199.541737
1967.362223
1791.749367
1594.520047
1377.898556
1179.508345
975.038985
801.208488
657.689629
498.400497
377.778709
282.042218
201.832974
136.788490
89.002912
48.906693
23.526314
5.498913
-5.014551
-12.538708
-13.857762
-10.036001
-0.841773
11.557825
24.047286
46.469850
75.518075
104.302343
139.308984
167.898296
211.253489
280.680714
368.381354
456.442770
569.555272
711.714894
856.609961
989.375832
1143.121175
1323.565412
1482.116869
1696.053960
1910.136119
2148.195687
2344.503830
2501.341797
2682.779356
2797.201750
2895.212212
2945.453721
3008.795107
3088.921420
3130.602447
3165.210891
3155.743658
3158.166692
3149.061832
3116.145593
3033.301887
2960.263180
2804.060098
2677.226921
2521.385471
2349.538245
2119.106763
1954.079598
1775.054083
1594.926114
1339.255128
1132.218782
919.357195
733.195903
590.477485
439.125068
320.891472
224.449172
145.622650
90.438897
49.164722
20.199832
0.331681
-12.078777
-17.705494
-18.730028
-16.813257
-7.547124
3.767112
18.711564
39.687178
61.306132
89.670077
121.216545
158.047970
212.678962
268.319762
329.307693
417.855110
500.758543
600.446702
725.495850
869.023309
1026.706739
1224.867488
1386.502362
1575.305456
1782.010107
1962.737338
2184.242466
2367.463563
2518.892167
2662.445605
2812.063639
2940.440996
3007.068456
3092.345208
3156.843012
3166.348257
3155.426797
3164.612857
3146.546567
3104.306519
3050.132821
2920.426411
2781.434952
2649.096964
2507.266757
2412.268836
2293.931235
2120.415440
1923.736109
1733.295349
1535.194864
1327.048614
1138.817174
954.205715
760.759675
622.179773
465.805211
340.811043
242.727783
166.226051
120.054195
78.065444
45.275373
21.270206
4.330349
-4.777563
-10.856719
-12.631074
-8.406762
-0.337753
10.885529
24.623762
45.491731
69.754959
97.718759
133.282303
179.016992
212.827072
283.079694
364.168352
452.249853
563.923641
683.658780
846.010704
1010.461087
1148.526004
1320.547018
1506.583016
1700.635577
1896.649575
2109.041692
2300.929715
2479.268407
2637.506845
2760.461048
2858.523360
2918.421335
2949.134426
3007.785524
3046.082917
3047.475921
3047.237458
3055.757284
3017.164427
2932.005192
2873.987674
2778.479107
2671.322389
2544.967058
2441.833070
2253.711199
2075.551047
1897.291951
1690.145937
1478.299721
1256.480641
1058.992925
858.424667
703.363178
544.506930
413.175783
303.530415
206.952104
136.654938
82.140896
42.423514
15.703244
-1.892746
-11.744639
-18.126467
-18.900030
-13.694779
-5.925341
2.456710
9.139237
18.044381
38.650626
68.316809
107.610889
151.552155
190.160629
248.774736
317.275699
407.230758
502.069429
603.824979
732.177445
891.209563
1055.692257
1231.603959
1395.371249
1594.825754
1785.389363
1964.233290
2144.988511
2290.656468
2410.456233
2578.131541
2719.806458
2855.329702
2900.173742
2961.556618
3029.534686
3070.784997
3089.847053
3068.080821
3055.924657
3046.173955
2950.333723
2904.436024
2774.892190
2644.512401
2531.811928
2420.562570
2269.040061
2080.188667
1849.859909
1609.081251
1423.925435
1230.331547
1047.023113
866.881317
709.756634
573.890968
443.130660
329.288931
241.971860
171.248393
117.363148
77.892143
43.190533
19.747058
3.608624
-6.528071
-11.435744
-13.788922
-10.037207
-1.958527
10.581582
26.536405
49.271384
74.096928
103.107255
146.685789
181.337721
220.588619
287.397860
373.415080
467.952708
565.704849
681.710210
826.931242
966.938353
1138.034564
1345.040887
1514.376922
1688.708213
1905.710200
2115.777885
2283.050242
2432.576053
2593.563281
2693.090167
2795.857519
2889.877932
2913.921420
2985.806247
2986.422236
3008.165070
2993.929145
2987.899075
2922.146591
2838.042672
2761.095812
2676.504688
2580.788027
2449.838722
2289.840839
2118.139771
1932.134229
1783.835821
1595.290715
1355.885755
1130.707669
945.158247
785.005393
646.126811
517.609020
398.561780
280.833996
197.257241
126.210140
75.096021
39.763741
15.703244
-2.219392
-11.597818
-16.745078
-16.116343
-11.888521
-3.128637
7.829734
27.361294
44.096237
68.065536
94.022715
127.319153
164.326275
220.764218
269.618084
338.641013
427.615341
502.069429
595.959889
690.471840
840.874593
1013.072631
1205.481136
1374.619692
1525.699457
1726.093391
1905.614913
2093.896598
2292.840124
2452.414188
2635.163294
2715.008398
2782.520980
2827.647025
2869.369106
2936.909824
2960.025541
2976.360467
2967.538912
2895.383933
2882.817914
2838.971023
2776.772382
2661.797433
2568.686542
2454.057335
2299.247216
2153.035740
1991.917085
1794.966273
1609.774613
1450.048141
1252.810342
1056.867032
880.511330
710.813288
589.002654
449.282695
328.410136
238.993510
164.364400
111.198902
72.229506
40.332686
19.747058
3.503148
-6.291095
-12.094442
-11.923058
-8.006206
0.732218
11.056955
27.017610
46.028506
63.687433
101.810310
144.041084
174.876270
222.750474
299.227303
387.690831
501.029601
587.125268
706.001646
847.621500
1005.988353
1182.059493
1349.175685
1524.442085
1700.174739
1886.850237
2084.672712
2268.970892
2430.015599
2550.855254
2688.475557
2775.391107
2816.095731
2851.036113
2893.095143
2929.667972
2920.772903
2915.969650
2924.143328
2914.704936
2822.651593
2754.611599
2659.585206
2530.112648
2439.957735
2310.638925
2132.096236
1920.058388
1745.891654
1526.358101
1329.047551
1155.219863
962.890348
780.710683
632.442745
496.504077
370.971070
260.125713
184.868828
125.304010
77.951479
42.856407
13.563461
-2.106885
-11.310374
-16.907652
-18.286393
-12.233688
-4.209610
12.625940
27.280103
43.863539
66.605444
89.982881
124.298524
158.229011
202.099076
244.505401
311.478530
397.626975
484.208828
570.958040
682.142933
797.507173
953.694549
1093.241022
1293.057531
1476.173041
1699.445972
1917.040646
2065.142652
2224.270646
2343.817272
2488.727721
2625.248306
2752.767362
2819.850494
2890.170207
2893.812949
2938.576339
2954.430032
2948.148520
2957.173911
2907.833035
2858.078353
2780.365990
2676.960404
2583.836560
2476.394743
2341.432484
2185.066038
2016.021448
1799.652859
1601.093617
1393.424826
1171.681596
999.465534
821.979682
681.689960
547.422516
410.943493
292.956045
196.101155
132.820912
93.293480
58.377726
31.804317
13.078423
1.162183
-6.086482
-10.446135
-10.075482
-5.171890
0.755730
13.269220
33.075193
56.471916
80.105848
105.030001
145.868244
182.743440
228.881969
295.731538
369.869946
472.659128
583.638495
716.359905
864.809822
1003.502671
1168.407046
1328.399667
1512.646625
1711.155418
1904.222895
2097.475208
2253.813897
2390.316048
2511.610883
2598.719463
2721.059417
2818.297042
2889.534019
2881.336419
2837.270378
2819.869153
2797.130511
2797.455809
2752.743954
2731.289386
2690.757914
2570.736797
2452.532929
2345.471588
2212.113352
2065.299498
1877.202606
1716.945773
1506.215071
1310.596845
1138.330126
934.097045
755.623757
603.204142
480.071885
358.761943
244.948937
169.473420
110.131637
64.916526
34.572789
10.375226
-3.988760
-12.347601
-17.004967
-16.428272
-11.933610
-3.153767
12.975447
25.214094
45.696767
69.044897
91.747250
126.031770
162.849882
219.845750
263.143597
325.523793
389.250602
474.625292
580.902788
708.285724
868.056536
1024.102508
1153.228577
1315.709623
1482.291891
1670.346088
1855.611842
2037.976690
2190.581211
2323.268242
2441.740520
2590.258322
2692.542478
2797.635798
2822.498240
2847.129594
2827.178466
2817.900290
2826.661346
2827.606166
2820.172098
2757.444488
2710.792485
2613.326230
2517.859800
2394.519930
2267.103296
2117.152937
1934.364752
1750.291027
1567.590201
1349.251638
1161.657688
962.189472
785.134276
649.234464
522.668450
399.202440
289.712260
200.679766
140.791846
97.347118
61.341921
34.436044
14.241188
0.000000
-7.564070
-11.406699
-10.856527
-7.516834
0.775883
18.025347
31.085707
54.076275
78.954145
113.354211
152.256136
178.633377
228.746339
297.719708
381.445511
464.219200
557.818773
676.197268
814.414436
1021.451338
1202.308355
1371.746422
1540.735969
1728.223657
1918.518697
2098.051292
2275.696299
2385.544958
2506.649883
2593.902428
2666.351413
2755.965239
2823.877829
2871.343756
2876.340087
2860.285314
2865.286334
2843.820505
2820.274623
2747.052066
2693.573522
2612.757470
2462.424069
2333.506490
2154.224018
1997.343756
1833.009289
1661.302743
1465.619109
1254.782061
1073.449075
883.708269
724.973012
574.175848
456.008660
341.447759
235.249695
161.363003
105.052710
63.439418
33.407414
9.876370
-4.487355
-12.547861
-17.770957
-14.761125
-10.901471
-3.786835
10.887123
28.568793
52.641038
72.530074
96.135066
131.060972
167.039920
221.240425
275.244143
331.918004
405.326528
492.162962
603.488556
724.304348
856.926879
1015.530240
1151.720401
1301.293569
1467.835926
1635.187669
1822.619175
2013.013468
2176.779597
2303.467123
2399.150453
2490.653331
2602.727738
2687.549776
2750.039495
2782.036654
2789.364626
2801.316262
2782.207998
2760.969767
2734.421980
2694.600306
2651.278120
2564.543243
2409.575467
2283.036910
2155.598369
1952.711556
