468.092922
772.121748
1142.005755
1617.497777
2186.205012
2799.632713
3394.641376
3907.178636
4195.568001
4154.693900
3990.941664
3699.033510
3393.571951
3134.532320
2832.042311
2579.998151
2228.309006
1879.969609
1608.040601
1284.230321
924.020410
605.754637
298.971880
67.911398
-117.542662
-265.288553
-344.824054
-389.404965
-398.243572
-373.709074
-326.928676
-265.919023
-205.095349
-134.443014
-79.731685
-22.031420
37.510571
97.070942
170.531290
268.953911
381.084060
571.655676
877.497523
1333.099302
1901.551142
2609.070333
3381.387932
4222.720004
4956.270278
5489.276174
5824.206259
5953.414053
6029.178845
6090.908215
6034.190720
6044.955227
6017.290675
6018.027312
6011.867608
5952.541281
5897.082812
5843.325003
5806.380905
5740.421469
5660.764682
5625.952567
5529.300159
5420.483738
5293.201821
5110.897931
4929.252445
4728.490374
4546.080895
4358.367670
4086.571372
3835.372821
3584.174291
3284.833902
3046.713968
2781.683776
2475.428746
2186.183693
1841.891275
1464.823705
1119.393265
776.577362
485.821375
248.077293
55.534826
-75.798152
-180.483356
-225.801837
-240.962111
-221.984208
-186.785790
-129.961443
-77.215846
-31.878354
8.081506
45.411700
99.379067
183.904897
272.589519
375.555947
493.885627
669.281415
958.091877
1426.998805
2019.048583
2709.721370
3490.389306
4324.102341
5092.022974
5654.883825
5955.934966
6035.005735
6076.765586
6066.610469
6080.052909
6054.928719
6033.713159
6046.270316
5977.205969
5948.999642
5920.698759
5869.816914
5847.033047
5763.734327
5678.472319
5630.703750
5580.572941
5395.550261
5282.299818
5091.926507
4943.183498
4727.768993
4482.123022
4257.682464
4030.685903
3713.721708
3436.373032
3149.488900
2881.836471
2620.417171
2248.431187
1879.970747
1443.132941
1070.902912
734.904907
435.566434
205.003220
19.999822
-96.093333
-172.214901
-212.073213
-219.897283
-203.796317
-166.477069
-133.310619
-96.676783
-59.882770
-8.972691
30.338933
70.975928
133.299446
202.156382
276.967844
398.696220
583.928891
814.447138
1122.357308
1580.321608
2114.782968
2685.258619
3345.143653
4082.039071
4819.075496
5443.964181
5842.293929
6038.231337
6140.581769
6184.682901
6212.208568
6235.995634
6195.717487
6191.418909
6180.537166
6129.751377
6088.106393
6068.083867
6000.249601
5937.951205
5878.596670
5804.652060
5658.274490
5620.052371
5471.901292
5285.125450
5127.388689
4894.808414
4720.541872
4482.854524
4226.219287
3991.604483
3685.952498
3421.307742
3127.155590
2728.516313
2242.669027
1802.805024
1394.547268
1055.896029
761.358674
487.249588
287.668869
131.666095
14.528059
-52.089014
-107.290988
-119.927833
-113.994067
-94.597050
-63.725867
-29.245786
-5.857998
28.173307
63.185708
100.868968
158.520945
223.096186
316.391234
464.166829
621.955525
910.458354
1227.405191
1626.142616
2162.543888
2735.224625
3375.653379
4078.119512
4760.580064
5442.570226
5890.553702
6087.687429
6162.135562
6174.268603
6197.979713
6174.268603
6140.448980
6174.268603
6109.056085
6122.547897
6047.789544
6061.209766
5992.118263
5914.420180
5860.216284
5721.560231
5650.719927
5501.982808
5407.878201
5205.072686
5040.037620
4823.099907
4575.204032
4368.019244
4099.314187
3826.069593
3502.201131
3163.773350
2738.574231
2266.198154
1823.456583
1377.244303
1030.744940
722.817672
476.903296
265.880034
99.210399
-5.425317
-74.608776
-119.794591
-133.849276
-128.841558
-115.458178
-91.864464
-61.048086
-31.609602
10.524230
56.408532
97.829785
144.032936
206.439559
269.122201
387.200549
510.265296
694.200407
949.446766
1284.821859
1685.283132
2129.671731
2625.035244
3165.367294
3740.482399
4352.979187
4982.384778
5538.759361
5956.126442
6152.208231
6262.177452
6304.607582
6338.534467
6331.075775
6311.283593
6285.292027
6290.086930
6211.347417
6184.339230
6128.901917
6089.618984
6008.705829
5904.898493
5833.747293
5724.545395
5568.147309
5418.467864
5221.603320
5015.192094
4827.336101
4601.292150
4346.123099
3956.590527
3540.940681
3052.688637
2650.345178
2226.400527
1769.771570
1391.222166
1036.412503
774.797041
521.878492
332.431631
183.901456
81.294212
4.537466
-41.176177
-62.289737
-65.764702
-58.133919
-40.439241
-22.733668
-5.156343
25.510159
55.681317
95.540848
147.110449
196.949939
284.281931
392.771500
548.895983
746.629326
981.176350
1292.125051
1672.107435
2122.327628
2614.819199
3137.251112
3692.585610
4330.758920
4882.087500
5479.705573
5887.749047
6140.190924
6244.974826
6255.922201
6259.741958
6248.267570
6255.922201
6228.349064
6197.979713
6167.987555
6098.896052
6111.458127
6021.156001
5966.994073
5816.248951
5747.157448
5627.455624
5455.919570
5315.860587
5077.649848
4904.056438
4688.990237
4396.076681
4099.764143
3600.693260
3099.151826
2649.780502
2190.988040
1812.403778
1383.242570
1014.475253
722.712885
481.612332
302.603086
163.549423
49.720427
-11.291484
-55.143653
-75.250332
-76.968380
-72.258286
-61.008710
-46.109368
-27.564008
-0.354635
29.857570
65.292426
103.429737
153.977515
208.535392
282.704305
383.620794
537.862446
724.182482
931.720052
1244.809374
1606.237303
2001.002755
2435.744192
2864.467394
3340.302506
3786.016636
4282.561839
4721.587801
5185.675149
5528.692836
5885.960499
6099.050940
6273.677360
6365.533773
6371.865393
6407.406820
6337.228427
6292.811534
6322.264332
6229.833580
6178.179526
6131.240752
6020.323837
5923.370553
5801.947971
5654.604999
5455.203491
5305.679175
5000.058023
4673.047539
4330.161102
3894.900806
3473.572463
3015.028589
2554.598573
2177.845248
1805.474938
1388.764271
1068.810016
780.721208
564.182277
382.452927
239.591215
126.831594
44.128528
-5.044954
-35.112083
-46.838440
-51.762484
-47.437697
-34.290167
-18.675299
8.997392
37.191473
67.361744
118.972570
170.327478
225.570715
303.783693
405.480300
545.528478
731.860903
978.322331
1262.348619
1622.419658
2006.758253
2464.278693
2915.249050
3412.076848
3853.424211
4333.846914
4788.678502
5161.797561
5546.634971
5874.918242
6082.229925
6277.782293
6317.556080
6318.732677
6279.697493
6268.484296
6254.553555
6171.841874
6128.833881
6086.333957
5996.041706
5883.027306
5776.291485
5707.227117
5531.426949
5347.204111
5098.193393
4794.085315
4407.762782
3983.433619
3582.305205
3088.090994
2650.917512
2234.396576
1870.752206
1485.356890
1140.167985
831.700857
585.047496
400.214299
244.444834
122.832272
37.948289
-18.973542
-45.588429
-62.544549
-65.313116
-55.267044
-45.363867
-30.588466
-10.192792
13.324305
47.437884
87.397122
132.238336
188.719210
240.809925
308.277808
427.909705
570.709974
756.646801
968.998197
1241.506437
1551.659155
1936.609048
2308.647791
2666.251313
3119.213968
3588.319329
4073.152357
4441.219438
4813.464365
5147.225126
5466.980332
5730.607198
5958.531625
6165.646872
6324.224320
6355.830563
6371.865393
6352.117586
6340.750496
6301.373539
6200.451278
6149.726915
6097.275113
5953.681190
5767.484524
5540.546473
5302.570792
4979.380541
4622.585057
4215.759280
3811.180976
3386.600942
2967.181967
2524.183533
2144.882486
1832.014421
1488.420070
1154.134640
873.372377
649.957711
464.801889
309.268716
183.805619
91.938959
35.846855
-3.229037
-26.342159
-38.779180
-38.994101
-29.657556
-19.159213
-3.877762
24.718875
54.413387
86.797154
123.990724
171.359766
223.350356
300.608253
404.960865
545.473551
734.944587
957.772724
1208.411755
1512.308418
1860.839028
2244.276930
2647.637344
3048.042502
3509.947989
3980.640570
4404.885640
4776.002734
5061.146963
5331.029120
5599.140694
5791.326034
5962.386190
6071.455115
6172.333574
6244.137957
6263.766128
6195.917855
6154.441434
6085.431395
5985.645564
5886.412883
5661.579060
5470.893073
5184.707296
4901.908678
4585.694776
4221.800315
3859.910461
3479.923109
3104.388843
2703.472951
2307.744937
1933.023670
1589.142883
1270.701459
950.610865
696.369620
491.693512
331.319029
193.972228
96.456512
27.661263
-14.876651
-37.365393
-49.768497
-47.584773
-45.484972
-37.473621
-20.486086
2.952919
30.731049
64.310657
99.139681
144.302088
196.309698
248.811914
322.339878
416.782145
545.740622
717.813571
934.064003
1205.844030
1512.167300
1839.796786
2163.951273
2522.870543
2901.629350
3303.080836
3735.488428
4105.920324
4476.787220
4776.795485
5046.461444
5275.637961
5403.300105
5573.889111
5709.500481
5766.329267
5831.974627
5848.162674
5876.370204
5841.755678
5818.846840
5694.304689
5620.770002
5438.907991
5234.031473
4984.469330
4714.586874
4421.347831
4109.991254
3740.187488
3410.254836
3023.441869
2640.131361
2281.955444
1913.754391
1587.147085
1299.277539
993.197044
743.106196
547.724294
383.487287
255.207070
147.425241
75.817505
22.729087
-2.574861
-20.231857
-31.065408
-30.385601
-25.098585
-11.025762
5.799099
30.325950
60.720571
95.839615
139.600598
200.864254
272.362682
352.375743
450.061827
582.186967
740.540268
925.131603
1168.865585
1456.654595
1757.158405
2104.714432
2456.065090
2834.404462
3204.383286
3626.615680
4021.678096
4387.293760
4689.051541
4923.237929
5146.847213
5316.346171
5469.957830
5550.481652
5621.467528
5686.860967
5695.340231
5722.124114
5702.950571
5608.949690
5487.617024
5310.394544
5144.803688
4926.015992
4703.997819
4410.443205
4088.912672
3808.346950
3462.610408
3128.870241
2761.994044
2395.778404
2025.230148
1644.030367
1348.131045
1069.151954
791.171363
568.848067
398.252245
262.454096
154.571272
72.593345
16.453591
-15.763580
-33.653363
-43.699059
-45.926136
-37.950379
-28.895271
-11.358553
11.356594
39.761239
72.859866
112.565686
153.822443
202.410768
262.636637
341.956950
450.237399
590.398849
735.226186
939.655356
1180.492484
1427.358156
1719.023964
2049.420174
2387.531070
2756.705671
3131.493891
3476.813093
3816.969647
4114.370988
4407.321366
4651.232086
4865.326316
5033.470319
5174.449428
5315.461668
5381.946960
5430.370607
5442.103768
5386.894582
5362.041019
5296.286643
5158.847301
5049.576843
4895.489517
4736.749176
4510.078783
4254.378193
4001.949826
3714.881584
3377.245892
3039.520080
2679.070504
2339.308523
1993.935218
1660.253341
1380.452136
1100.014637
841.920764
639.068533
461.865762
321.110033
211.117989
119.020456
59.631953
18.313450
-4.768597
-19.345345
-23.573766
-22.570743
-15.450375
-3.365344
9.288157
33.513196
65.583120
96.781528
136.345992
189.495052
249.190946
321.905098
426.929241
540.191582
686.482247
890.598929
1108.912108
1380.765396
1682.093316
1953.254098
2260.071042
2586.465099
2923.944904
3347.142830
3719.041117
4020.952705
4287.074154
4521.678893
4726.601495
4875.878525
5047.339428
5169.085730
5288.407401
5322.221443
5315.052007
5286.652102
5252.152655
5151.565098
5043.949702
4878.535350
4761.275646
4539.948774
4313.425011
4084.710084
3787.176392
3477.585796
3170.755780
2847.908756
2483.661964
2142.887156
1756.442894
1455.265205
1195.906104
919.018111
689.524990
492.025712
339.421067
224.269600
129.721089
60.711634
10.160328
-13.859690
-32.265936
-37.069647
-35.902621
-28.486684
-16.623782
1.914152
23.940206
45.817137
75.094352
104.921135
151.954217
218.625430
266.683436
340.057863
442.332470
571.709908
716.128041
886.181511
1106.871919
1360.149484
1624.138273
1931.833031
2227.389587
2559.289692
2870.850885
3226.853977
3565.040789
3850.435620
4116.220105
4311.439466
4514.676173
4644.973253
4791.115832
4885.965915
4924.671204
4961.986074
4954.174720
4973.961505
4966.943530
4904.208067
4827.209528
4725.500624
4520.289212
4371.729871
4158.904717
3899.813630
3638.433393
3370.396635
3061.963023
2745.983247
2434.096115
2096.699407
1771.570021
1469.683481
1218.591677
959.837304
734.903131
535.099424
381.554248
267.735151
170.370276
97.796401
47.531542
15.327820
-3.866057
-18.581178
-22.765150
-19.739824
-10.615945
3.246489
23.027712
48.748432
75.659832
104.641865
145.970450
204.139633
247.484655
307.859268
424.968082
554.605155
706.124157
880.646515
1063.060921
1287.244389
1538.937173
1841.356969
2139.362333
2486.737590
2808.550673
3157.780214
3478.075380
3781.116379
4053.493734
4274.896228
4453.956318
4567.506037
4696.458540
4788.054855
4804.046417
4849.173366
4852.102261
4866.725857
4851.760489
4778.018579
4673.484291
4528.476706
4385.576556
4180.494431
3994.004676
3699.413448
3445.153718
3169.901302
2864.606239
2566.327986
2248.889120
1902.376526
1583.097743
1312.373442
1053.646571
816.746129
599.587119
420.791398
291.426363
185.085819
113.071967
51.548369
7.152208
-15.824576
-33.002941
-36.385122
-35.869178
-29.148110
-17.575558
-1.797522
15.834880
41.616966
72.973409
110.134029
158.971113
205.539441
267.671441
353.955571
447.895164
567.200748
708.781429
858.755063
1044.196835
1292.263874
1540.097656
1818.086772
2100.074257
2403.776472
2744.362822
3053.983821
3365.975131
3630.822086
3866.405614
4074.657625
4235.404135
4365.064557
4445.449066
4501.838224
4585.319273
4644.835703
4686.415742
4681.749379
4680.002471
4550.157450
4474.659776
4338.631635
4201.845141
4007.291168
3849.053351
3598.188595
3345.801887
3050.670650
2748.308470
2442.083525
2140.852901
1850.974715
1564.010571
1288.063123
1058.025862
847.392105
647.236717
475.191197
341.078878
240.387815
149.272379
81.749123
38.736439
11.607404
-5.158759
-16.392084
-19.861254
-17.729968
-11.442107
0.850916
20.113779
44.442114
73.100862
107.707859
150.008525
197.520786
245.300965
315.011006
396.880537
522.408858
674.320849
849.088081
1034.315108
1251.118978
1514.921836
1793.653087
2066.913091
2349.757177
2681.396551
2935.990506
3248.797508
3507.082150
3711.222057
3885.002618
4069.397915
4226.262453
4343.777942
4456.449702
4558.195928
4557.973105
4579.395456
4563.988119
4510.118472
4438.403462
4336.840199
4237.800676
4097.518458
3928.705087
3743.977329
3488.530870
3217.991391
2914.591730
2633.064614
2306.633694
2014.660930
1724.794239
1441.314526
1174.892096
958.085738
727.250658
533.087922
368.097039
251.979968
163.284398
91.092363
38.156400
6.559203
-15.636292
-26.649061
-32.238745
-30.173437
-23.016077
-11.404019
2.698357
25.612088
53.460690
80.131484
111.042351
146.790055
200.193161
253.821549
325.290543
438.483057
558.409985
702.144412
857.268460
1071.569913
1296.968816
1514.180398
1770.184543
2009.946483
2284.192946
2571.937318
2891.759231
3183.614223
3435.352361
3652.221900
3831.206731
3975.494448
4109.163370
4193.704829
4272.920475
4346.837909
4378.981648
4367.373301
4346.775555
4305.345071
4233.154482
4191.537470
4066.651265
3946.096530
3754.448671
3567.497096
3381.901408
3170.949455
2904.529360
2645.257553
2336.868291
2025.605033
1732.264843
1453.211055
1197.924840
994.039975
772.779086
591.054889
427.837698
305.547464
212.444659
136.186189
75.406999
38.098538
11.113798
-5.187417
-16.638095
-18.215146
-15.938329
-7.357566
7.029213
24.619382
49.344743
81.387819
119.811750
155.673902
200.397608
249.270464
328.378872
433.507355
562.010318
691.408796
858.791418
1042.702357
1272.948694
1509.169773
1752.453292
2020.470028
2268.177355
2564.522653
2842.425103
3084.860273
3347.483277
3550.789647
3763.316239
3896.588103
3993.270862
4103.033949
4177.224860
4254.286766
4267.099924
4259.448040
4261.932484
4190.456145
4144.813179
4016.281463
3962.954127
3802.292233
3669.623895
3460.434700
3221.883002
2959.430953
2709.397549
2454.617658
2170.955547
1888.376995
1603.281634
1320.442368
1079.652721
857.845537
668.505748
495.240645
348.249622
234.822344
151.680617
82.112324
37.252894
2.894021
-13.611210
-24.736174
-28.670714
-26.543815
-17.412409
-7.442525
10.268920
28.053731
53.329979
86.512222
117.456324
159.213276
217.446569
272.307759
340.685388
430.971915
547.562908
699.402231
861.486265
1050.590366
1272.898120
1494.919139
1743.783829
1991.204681
2249.526156
2494.229236
2768.942282
3024.261848
3218.565999
3441.842028
3657.524550
3793.602034
3936.836953
4040.396100
4074.914313
4119.335449
4127.433218
4115.726005
4095.475975
4080.858462
4007.113990
3964.453552
3840.155259
3728.425779
3517.505822
3353.156785
3132.961123
2908.670934
2646.848211
2400.358528
2171.785356
1876.470638
1615.612786
1322.302212
1085.419275
890.390176
691.909278
511.841068
381.233757
266.288188
179.601616
116.984957
66.671569
32.632103
8.383332
-6.677611
-15.004855
-16.581602
-12.960644
-6.412596
5.177767
22.549194
50.616418
76.578074
112.876046
152.129369
201.991228
261.426542
325.490677
416.778716
529.936632
673.561006
841.292665
1003.832433
1208.330850
1449.422066
1681.091433
1929.245283
2192.994988
2461.465019
2712.720514
2944.235680
3125.299378
3304.754507
3489.154012
3668.776003
3818.171993
3871.463522
3911.237309
3921.180602
3979.884925
3980.072137
3986.954662
3987.034993
3931.535477
3893.151788
3773.511646
3639.042644
3438.497635
3251.848216
3037.017196
2762.081677
2552.540578
2266.882775
2028.853239
1753.876152
1488.682165
1227.681729
1003.444592
813.698132
616.528693
448.816571
315.680172
217.812835
132.926379
72.354542
28.573062
1.741735
-14.209037
-22.381898
-24.495244
-22.173179
-15.129144
-2.920116
12.649568
30.969374
59.808049
87.572337
120.975077
168.316841
222.065340
275.535893
348.441944
430.971915
551.943411
686.437076
848.194588
1017.353159
1225.797724
1450.409174
1679.574820
1930.405828
2179.471571
2422.956924
2689.154136
2925.482370
3150.683370
3343.536931
3535.325083
3651.926271
3757.278869
3835.957469
3894.441561
3913.194395
3883.660849
3882.429237
3886.954202
3880.985993
3852.182426
3748.634610
3610.314853
3420.490612
3298.445416
3118.144097
2914.422246
2738.781146
2508.224632
2284.612270
2029.823758
1749.051645
1491.308662
1246.209445
1008.223603
835.420312
647.677820
496.129091
360.379275
255.348009
176.339646
106.977427
62.114899
31.066698
6.960772
-6.109832
-14.793519
-14.519782
-6.955517
7.978180
26.156641
43.828866
66.045551
89.010748
120.673705
163.799791
202.841983
252.463623
331.833516
433.507355
545.727951
665.556166
821.878206
996.724391
1195.976893
1400.383057
1616.217040
1850.490013
2069.732554
2315.584282
2573.884332
2840.337219
3055.283299
3241.280205
3389.022241
3522.967575
3613.200471
3739.667580
3780.699875
3839.872910
3885.097074
3879.913777
3881.341570
3837.817685
3730.198643
3661.505074
3523.103793
3380.577479
3250.679257
3078.534625
2896.952139
2677.469979
2436.314151
2180.016657
1900.306748
1657.470001
1389.291959
1146.536940
931.376707
764.437708
571.436699
412.962916
292.438582
198.232131
123.759528
65.873543
26.108443
0.398405
-14.514997
-23.756425
-27.430886
-23.643151
-15.257902
-5.501936
14.260141
35.317746
60.631557
86.512222
124.444402
169.272110
227.136324
278.427116
347.941738
441.958594
561.861053
682.475098
838.687604
1003.704452
1208.416692
1412.771177
1620.878032
1869.101940
2116.829944
2368.110241
2589.781809
2806.310215
2972.250560
3171.169496
3315.231666
3420.607538
3531.995132
3632.261899
3725.304848
3775.975145
3784.961409
3782.678482
3742.974799
3693.575726
3640.857134
3592.106312
3506.825356
3403.401901
3231.461903
3046.161944
2842.214500
2620.942910
2382.457726
2141.475958
1902.088043
1669.376899
1401.429811
1191.391470
973.274821
787.317521
616.369410
462.674568
330.970407
231.188747
157.922547
98.653453
58.192847
27.470857
6.249493
-5.664522
-13.247338
-14.497701
-10.557897
-1.372437
7.707558
28.587764
46.772307
74.472728
105.371979
138.443624
189.849277
236.005068
303.592237
386.540769
505.579903
637.640362
771.489489
948.236277
1129.014053
1350.577448
1557.051773
1779.973448
2023.712186
2278.233721
2505.978049
2737.133455
2943.537483
3116.318663
3271.603394
3380.872847
3518.470464
3645.016836
3692.342053
3709.777839
3698.861703
3724.489960
3717.930999
3659.383525
3586.118488
3503.572862
3418.273796
3297.205262
3136.888335
2986.505769
2762.456154
2547.138088
2325.081038
2046.797665
1806.164709
1543.942762
1277.801900
1045.845930
857.758628
689.820746
524.318424
383.994576
272.146212
184.753626
115.413259
63.289886
21.973685
-0.372293
-13.520739
-21.972808
-24.840248
-21.163921
-12.577847
-5.561097
17.484647
37.157228
64.505207
89.692436
119.088129
163.899753
205.617981
259.029090
338.067969
437.201230
541.645653
656.146708
807.768734
983.951521
1178.061690
1364.013692
1565.579554
1809.543538
2047.591226
2301.063289
2533.977158
2739.881666
2937.764259
3111.131933
3256.159655
3359.398110
3474.528083
3571.108135
3591.561724
3634.145245
3638.348317
3623.460349
3576.345489
3515.770164
3480.579516
3426.682965
3362.642913
3269.209870
3102.942555
2937.804671
2748.973973
2528.002817
2307.041972
2071.820580
1845.273547
1589.818664
1346.033267
1130.871618
915.024203
729.663394
562.483884
416.800382
306.231419
212.670553
148.511675
93.194552
54.891349
25.399565
4.859323
-7.078735
-13.595952
-15.043816
-11.518706
-1.398211
14.896916
32.240643
57.738638
83.569798
121.141560
155.751497
205.648098
257.019499
343.057401
419.730408
528.333138
653.057198
798.672064
960.889271
1120.897482
1341.080207
1554.485481
1761.318773
1968.014836
2205.181659
2458.466653
2696.292670
2914.532350
3070.607138
3227.624064
3350.269107
3426.493310
3501.069239
3576.707820
3638.916194
3626.154781
3634.721653
3561.929245
3549.931205
3436.051321
3334.559224
3258.842380
3132.607345
3006.560095
2856.222645
2639.228805
2424.054769
2194.052669
1980.212324
1716.196737
1488.218921
1248.355491
1020.448075
837.572981
678.707289
528.947001
369.489295
259.727866
169.574989
103.868480
60.025587
21.260804
-2.219654
-16.899581
-22.629898
-25.337927
-21.480636
-13.930670
-0.262998
16.762098
32.973907
64.153626
84.625543
121.767003
164.813692
220.969721
269.732874
332.253948
441.042998
543.072915
661.385757
805.929753
991.726877
1165.947356
1362.852826
1566.205476
1760.132439
1994.685732
2197.807018
2388.367617
2614.997913
2817.284629
3021.233085
3156.258050
3272.721886
3351.441170
3423.490127
3455.288389
3506.206482
3502.737252
3502.554442
3472.015774
3425.669795
3393.915350
3318.818661
3176.860283
3079.724718
2949.737371
2768.839921
2622.068039
2408.802717
2203.018622
1979.778247
1718.901601
1499.030723
1273.075497
1058.963134
850.237178
677.923927
518.290902
389.090078
272.791411
190.260077
126.646827
79.581783
46.756601
19.305432
2.989135
-7.874704
-14.252850
-13.674262
-8.269321
-1.996234
10.762286
29.949086
59.953186
85.315381
113.719918
164.821944
208.053338
260.799197
336.994398
427.498323
542.661342
661.163448
785.136542
947.116902
1128.396290
1325.569968
1517.032953
1721.980603
1951.268196
2195.127304
2383.887326
2566.896761
2780.590639
2961.178673
3095.281980
3222.279947
3318.721525
3389.329215
3416.549709
3442.016407
3474.263424
3483.530344
3438.844114
3371.272586
3323.806066
3233.595810
3103.024322
2994.483889
2859.805380
2705.935624
2487.091051
2285.693492
2073.449318
1838.266285
1594.016472
1358.952012
1151.449875
947.886980
772.013907
614.943396
462.398560
335.797494
230.009112
149.790734
90.864916
48.200202
18.181519
-2.677480
-14.529382
-21.498925
-24.755402
-18.054119
-9.399864
1.082371
16.180178
35.192961
66.109194
95.835389
127.898468
171.804514
224.200158
283.513167
353.721367
451.377633
561.697136
661.162893
735.071336
886.613341
1065.172345
1253.374694
1453.620917
1689.636986
1929.721434
2171.460464
2346.487580
2536.353963
2726.550035
2876.037145
3039.046532
3144.255519
3216.645836
3277.255812
3351.441170
3373.986513
3390.838532
3416.503070
3385.493506
3344.046347
3288.315479
3200.727778
3066.039135
2934.957697
2802.280125
2655.321539
2470.465504
2269.488025
2081.444419
1858.487355
1630.185880
1417.279354
1208.491369
1004.236432
810.857979
650.623677
501.358560
372.387562
263.387610
181.637558
119.518685
78.102004
45.580438
19.169098
3.758778
-7.569558
-12.982907
-12.162533
-7.134624
1.291991
15.834802
31.916138
58.582770
84.660788
113.194654
151.081013
196.783323
257.176431
320.620273
412.945959
532.690625
646.687685
776.021548
948.305254
1122.256896
1310.708942
1499.555395
1714.524986
1915.849489
2116.496614
2318.495019
2523.519705
2691.029947
2880.544216
2999.898650
3074.063942
3188.689427
3250.735895
3315.432405
3346.945426
3350.834112
3336.536291
3282.016431
3233.367039
3176.931158
3087.479823
2986.327871
2860.975539
2750.678017
2571.761760
2387.390498
2183.875375
1991.300864
1774.102579
1536.778915
1324.954658
1119.201114
925.021455
728.306129
584.785174
443.343963
312.269556
216.566682
138.515312
87.902618
47.262571
15.738709
-2.885239
-14.135420
-19.559270
-20.865994
-17.313215
-9.891658
1.086156
19.089084
38.541820
64.462057
87.572337
126.214951
168.316841
214.976028
265.087335
339.041118
430.388878
518.955553
632.212431
781.667227
937.302190
1102.483354
1287.974010
1476.893313
1679.448110
1850.882759
2042.895657
2245.545006
2405.855415
2578.070855
2737.200689
2861.565778
3000.122178
3068.166159
3145.330219
3237.164480
3246.917958
3261.782463
3208.128697
3180.550107
3114.274806
3047.426630
3037.571387
2936.450420
2878.021698
2736.737270
2550.229196
2358.692632
2175.144352
1964.703750
1759.865683
1558.150872
1350.729006
1139.426929
936.533891
762.646706
612.174755
462.036116
347.460539
242.407141
172.191339
115.363441
74.316699
43.721222
16.755551
1.835449
-7.568185
-12.402499
-13.333190
-7.781484
2.980384
18.255823
37.186524
56.658646
81.871227
109.126325
151.890353
187.554236
241.665706
306.264365
404.080275
497.005581
603.912440
742.026141
896.761188
1074.635962
1284.164174
1452.027950
1646.615096
1880.803996
2097.856814
2335.301707
2523.349830
2711.946181
2843.302364
2910.229736
3025.811130
3104.512435
3156.830803
3181.727394
3224.418886
3264.322915
3242.334571
3187.912009
3158.018356
3079.514288
2973.785090
2869.898044
2769.250911
2648.917209
2497.778945
2312.722308
2111.746237
1921.772739
1718.808357
1489.202527
1292.502708
1078.359010
866.069263
699.011917
543.154521
411.664158
300.183286
205.720390
137.329467
86.365216
44.643514
15.152694
-2.694849
-14.094937
-19.099866
-22.143503
-17.401099
-8.898739
5.151588
19.985170
37.758154
65.601169
88.238630
120.832892
156.355875
197.484075
263.012246
337.904576
419.089080
508.631757
627.132535
777.784296
908.936549
1066.068888
1239.583623
1417.699566
1629.288822
1812.375174
1994.220039
2197.946458
2376.697274
2568.107629
2739.167974
2882.368414
2971.712328
3054.769251
3128.825574
3174.700390
3164.706310
3152.776198
3115.502281
3092.717265
3080.413734
3041.496942
3006.205010
2922.841879
2794.802263
2674.673265
2518.220462
2343.549343
2142.523061
1937.420333
1721.322478
1514.429175
1309.246907
1091.267397
897.294760
737.144497
597.851827
462.126948
336.830632
238.620848
167.093017
108.603744
70.992061
38.651511
15.841612
0.236483
-8.755697
-10.930806
-6.385754
5.627741
22.081082
31.469219
48.206651
67.629388
88.138444
124.812517
157.852108
207.967299
248.515999
333.785030
421.263066
509.877865
619.981741
727.795102
851.301468
1015.313222
1183.953911
1379.950693
1577.343191
1781.962133
2015.017432
2257.830367
2459.657269
2612.868496
2737.186896
2885.688027
2946.773788
2988.374896
3054.696303
3107.589257
3122.551302
3164.600930
3182.532020
3150.398973
3075.996748
3030.189866
2909.928808
2811.660765
2701.656437
2556.159183
2420.276254
2238.872092
2034.698307
1841.978925
1615.201983
1408.439805
1201.328944
995.001511
823.365357
656.154391
524.199737
387.227829
281.300830
196.385700
128.156307
80.476274
41.421595
12.118919
-3.395693
-14.107092
-19.315084
-19.451260
-14.786177
-7.994030
2.511678
22.389527
42.069625
69.210206
93.272178
124.909225
162.975026
213.431007
262.170943
328.632580
407.737306
491.467225
600.610341
738.954266
891.768069
1036.078480
1234.096333
1413.266632
1625.794151
1836.336903
2009.841526
2217.130344
2400.763635
2533.423887
2677.367618
2792.153934
2892.137884
2969.818325
3033.690584
3081.029265
3112.970908
3077.696451
3075.245022
3080.518318
3038.759458
2956.044117
2895.696341
2789.139983
2667.518854
2544.163137
2381.673335
2231.024472
2061.489464
1854.780582
1653.517435
1460.656558
1240.575908
1062.219019
873.911567
711.658027
571.508810
433.935937
316.139227
221.247916
150.811108
103.445445
62.793982
34.348566
13.775941
0.000000
-8.288170
-12.597650
-12.381426
-6.282790
4.268787
12.971552
36.967558
58.111432
82.547869
111.128643
151.362955
186.773923
239.589844
313.319476
399.704697
494.246662
617.994049
749.660716
909.786201
1071.628026
1256.303300
1443.736340
1598.836595
1790.810532
2004.347152
2251.952228
2444.918450
2603.111199
2741.078282
2838.630269
2906.762706
2956.664558
3050.244221
3114.475785
3131.295732
3096.569704
3095.824361
3033.745557
2972.129693
2892.772702
2795.135009
2684.686916
2572.486653
2478.085043
2332.046013
2114.238844
1912.705947
1705.689484
1524.167446
1335.632729
1156.640203
974.557528
782.358688
630.088045
485.995082
372.558964
268.059289
186.792333
126.955493
74.100443
39.849091
10.896552
-4.377157
-13.311704
-19.320193
-20.071287
-14.571884
-5.561839
3.903226
19.551849
38.951840
57.008291
84.643501
115.356880
148.913304
199.523498
268.502309
328.901278
430.054338
516.033049
633.250380
753.952528
880.570909
1040.502698
1205.831589
1367.281722
1540.560106
1749.038120
1947.737238
2115.986350
2274.540836
2422.779659
2577.945143
2702.194323
2819.586410
2888.705161
2931.262329
2954.255128
2947.467865
2939.086435
2923.748210
2923.991264
2910.278347
2859.138993
2803.660730
2726.891056
2634.318685
2498.031313
2341.305094
2205.422669
2009.217906
1792.411810
1601.031272
1376.248845
1169.229879
985.552380
803.410261
669.710859
536.609779
405.355521
300.072189
216.229136
146.082887
105.411888
63.747751
35.252167
12.705030
0.215328
-7.612317
-11.639825
-11.532773
-5.758885
6.494993
18.391051
39.183394
63.091131
92.737770
119.903118
163.100210
196.576220
240.551692
307.778380
383.135078
473.243860
569.117128
691.736895
850.243950
1010.320210
1159.518747
1320.596305
1471.645756
1689.682969
1906.978523
2101.513620
2268.738004
2437.239843
2528.953314
2641.795645
2714.210598
2789.230872
2838.315906
2900.647709
2921.021094
2917.458588
2933.111531
2956.418093
2893.524427
2821.036961
2764.698459
2677.780816
2549.406810
2425.751978
2236.991306
2077.022880
1893.482768
1731.747890
1519.880055
1312.903024
1122.217847
953.954450
808.135189
665.632330
512.199682
381.352166
268.273680
176.486113
114.201497
67.276434
33.074034
9.023987
-5.242536
-14.192619
-18.756461
-19.948909
-13.262143
-5.068092
6.686150
26.214142
43.084158
63.543689
93.868802
124.445877
163.270270
218.358152
264.258291
343.818675
417.994111
507.868470
630.452639
761.922449
906.057216
1062.454765
1254.195801
1408.093390
1568.935647
1724.156008
1866.142494
2049.405337
2225.526868
2360.472625
2505.736414
2620.129592
2739.868896
2832.228881
2888.946544
2945.102093
2944.674055
2957.827228
2924.442200
2872.129731
2809.211214
2725.971301
2669.549061
2556.259898
2489.617214
2379.353820
2238.954836
2101.648838
1937.406959
1756.010915
1558.737035
1369.053351
1179.076455
971.939729
800.836928
635.004022
502.090416
380.045453
282.406853
202.775389
139.003208
98.093397
60.908373
31.467791
12.122519
-0.437484
-8.076418
-11.165332
-9.817114
-4.412538
5.354526
21.908310
36.733586
61.666134
84.877806
116.909674
160.361478
195.828781
247.414684
318.840636
415.787040
504.416650
593.381355
714.193497
826.549363
972.174151
1141.595507
1327.078119
1524.348399
1704.635704
1944.049005
2138.798569
2312.282793
2437.457139
2583.701991
2711.158918
2753.775320
2814.237836
2840.487213
2876.412956
2895.284865
2879.334212
2901.781310
2855.596623
2828.013449
2787.322610
2739.633305
2662.832915
2527.017873
2418.746282
2243.837585
2034.027533
1840.961195
1636.191787
1426.028037
1244.018679
1066.960614
883.496149
725.496482
583.352955
452.812382
343.346895
241.534063
168.848330
109.783299
64.479130
30.693918
6.448414
-5.001353
-14.214054
-18.904841
-17.923613
-12.325490
-6.907092
9.725083
27.492044
47.552999
73.558331
89.241694
103.832187
135.891975
176.261033
233.354272
299.283611
388.937895
483.217549
593.393958
720.627349
892.833027
1031.135159
1207.135192
1373.843970
1572.153973
1745.876574
1885.341205
2086.859050
2198.404655
2346.846808
2467.951854
2595.138960
2695.065044
2770.233433
2829.561997
2899.626548
2910.547677
2917.422566
2886.332796
2888.113965
2801.650708
2732.505064
2665.452561
2550.476530
2454.384730
2319.065756
2181.140076
2037.309021
1863.779006
1710.210249
1530.081353
1327.982856
1139.558523
979.380524
777.827873
632.628957
499.809655
364.789741
272.461482
190.948151
136.139796
94.289314
54.739154
30.462699
11.777504
-0.221211
-7.380274
-11.275989
-11.002540
-2.645188
7.218189
17.980232
32.491452
53.220765
78.392345
108.691088
155.035082
191.948151
237.651508
310.300799
399.106336
511.115868
611.297240
708.523526
849.638618
996.142607
1155.243230
1345.669357
1524.348399
1716.552872
1913.422666
2117.971081
2293.201572
2457.120947
2548.982465
2643.581912
2767.175992
2758.997145
2809.236257
2830.524172
2830.524172
2840.569620
2820.805801
2842.778760
2767.965089
2699.729670
2600.896803
2504.083117
2389.189607
2217.333325
2098.453749
1957.951124
1757.128774
1597.472986
1382.950509
1194.515756
1018.533365
845.864491
701.369044
551.932515
446.884778
329.597926
229.999830
158.690612
104.982448
63.165824
31.454644
7.191877
-4.856540
-13.328438
-18.646927
-18.318511
-13.150156
-5.087812
10.508344
25.558839
44.331793
66.853697
97.814875
130.261924
167.369587
219.821188
261.436381
323.470162
411.054916
500.344177
611.181553
720.144008
865.253455
1018.661528
1176.294074
1345.951714
1513.241777
1678.328271
1855.961371
2003.539066
2153.189169
2264.515754
2377.917933
2480.099689
2585.163373
2665.000941
2717.518676
2769.590247
2813.925627
2790.162417
2754.778052
2711.932928
2661.817128
2596.785959
2537.790331
2452.689761
2384.862755
2251.995938
2144.302677
1979.565778
1827.729185
1650.938499
1473.350882
1292.293993
1084.287212
924.780367
747.138548
607.035022
471.287731
356.192607
257.909452
183.943659
133.693449
87.798083
53.035062
27.629728
10.081256
-1.007308
-8.093395
-11.621173
-8.991332
-3.116651
7.340531
19.553116
37.669474
61.452819
86.507536
122.327390
155.035082
199.755530
248.728389
324.580810
410.825165
502.315401
603.718183
712.359881
855.840930
993.728093
1139.778038
1317.638007
1484.569102
1693.443443
1891.258909
2063.243658
2255.401086
2385.772940
2519.151970
2621.296602
2711.531218
2739.217563
2759.222948
2754.000813
2759.760574
2748.776451
2756.862881
2726.724054
2690.107167
2636.563108
