452.529504
738.483813
1024.673161
1343.902940
1744.753531
2141.632596
2497.994548
2800.604974
2949.698988
2982.775975
2898.386986
2726.166078
2515.079339
2139.331976
1760.573358
1410.563303
1084.445734
785.680093
462.014073
210.929836
3.872603
-147.948516
-268.297626
-346.160179
-378.842281
-388.116514
-362.882798
-318.912857
-261.043664
-189.052251
-109.787013
-36.115203
45.831220
118.355476
194.643976
292.346793
397.938544
537.565060
723.288673
1018.573096
1442.407551
2020.282901
2736.133691
3560.830981
4450.086927
5094.120934
5548.110857
5816.748431
5946.217831
6001.800231
6031.907328
6027.463873
6028.270566
5992.300613
5993.842744
5957.108268
5931.029647
5848.549727
5787.372430
5779.558278
5732.312858
5626.497945
5563.145115
5457.015000
5379.590950
5220.541736
5065.774202
4917.232392
4693.729838
4492.308397
4251.000411
4026.883149
3792.380342
3498.843986
3239.532034
2979.968185
2736.918011
2428.795201
2114.978492
1782.492706
1423.105816
1075.632169
720.651846
450.454097
216.256301
39.103446
-99.187240
-187.968909
-226.648018
-234.488807
-213.890089
-175.321186
-130.566124
-84.444158
-36.275977
17.028825
91.551503
147.051645
189.493576
252.578362
350.354242
491.684130
747.963094
1096.991769
1538.590789
2105.855389
2773.773279
3540.627012
4453.070858
5247.611627
5739.733046
5989.004994
6103.785998
6085.678268
6079.352199
6092.844997
6050.095959
6039.024451
6031.110300
5959.156877
5942.510559
5902.222271
5876.917993
5860.239391
5737.744463
5676.711376
5604.897022
5526.814006
5381.371517
5261.223394
5061.213863
4896.929770
4665.789277
4444.122181
4223.491998
3954.057500
3658.647952
3395.962846
3076.654561
2846.104977
2552.474877
2191.958336
1791.279794
1392.997412
1021.304614
678.601687
389.743509
162.879936
-5.416244
-118.904179
-199.329601
-231.996380
-237.416269
-221.729372
-189.765373
-140.095632
-88.323292
-39.383383
8.294658
65.239595
127.024207
177.170986
233.122796
347.819180
465.777609
601.836354
854.092155
1216.625792
1642.805326
2129.573527
2754.677799
3446.373881
4167.912685
4867.418230
5475.553122
5870.354605
6035.748673
6110.319015
6133.625633
6180.290033
6165.270325
6140.780667
6151.605121
6096.461268
6071.952877
6041.317394
5994.590894
6000.720328
5920.373792
5822.966610
5765.598025
5669.354830
5514.184534
5412.213479
5242.894460
5033.291274
4850.040381
4658.141454
4425.167923
4175.879479
3926.300685
3649.090735
3349.435796
3078.313415
2689.723319
2181.794888
1703.945420
1327.387666
1011.214440
714.310581
474.154345
265.184605
118.745433
8.764038
-63.910272
-102.485270
-119.427371
-112.183427
-90.174196
-67.715234
-37.643867
-6.741823
27.500346
86.413135
138.540998
192.665499
255.829139
344.845334
495.070491
680.747494
922.175267
1278.811527
1703.755209
2228.554556
2783.387213
3422.701271
4115.985933
4852.672503
5469.531155
5940.067723
6128.608258
6151.916448
6195.652656
6183.938023
6181.514248
6196.610029
6137.179612
6149.846651
6092.844997
6069.081618
6025.537975
5980.481877
5934.507012
5828.596626
5744.070532
5638.740059
5535.310277
5394.018690
5198.179912
5033.574300
4793.947206
4573.797479
4324.852040
4087.890673
3755.907980
3456.350292
3111.266597
2647.206363
2231.646414
1752.081174
1316.767793
985.036970
685.284629
444.863515
239.192227
77.569241
-26.255552
-85.774595
-126.428541
-134.686741
-128.527841
-106.394433
-81.763326
-51.432852
-17.972417
0.526484
31.656674
77.198908
125.894099
206.934958
270.543353
387.570941
524.695591
737.328123
983.919332
1302.027591
1704.738796
2151.502775
2681.323599
3247.332468
3868.179356
4476.200742
5102.251077
5613.714408
5949.734146
6117.100072
6193.865585
6216.421857
6280.686622
6246.202158
6280.274167
6238.739297
6202.991805
6163.859327
6139.350936
6071.952877
6029.063188
5943.283831
5902.006544
5780.060549
5636.585964
5516.294497
5389.719977
5143.241818
4978.316023
4764.523294
4545.496877
4257.099424
3952.881999
3464.728344
3006.505231
2578.253654
2154.041295
1732.280339
1340.933313
1021.469687
750.777768
523.856847
326.220862
179.871717
74.584304
1.165041
-43.581165
-69.604878
-67.770664
-56.265455
-37.383913
-25.121114
-0.413565
33.691921
70.049724
117.790500
168.215862
218.110465
280.060867
386.884484
542.944094
741.355460
1001.755033
1299.731652
1634.131958
2077.411876
2540.262715
3072.497382
3631.823281
4247.678018
4856.615885
5397.980494
5830.985096
6115.078921
6253.289666
6237.503917
6284.252397
6259.970056
6270.183519
6215.618037
6177.602020
6145.024233
6095.234005
6081.738724
6004.175725
5967.824771
5822.268073
5731.834433
5649.498680
5429.897832
5301.245724
5073.851103
4886.767122
4644.185001
4368.477560
4058.423639
3529.801234
3035.484897
2557.471334
2151.385041
1761.255230
1330.469054
994.685905
701.197742
489.032299
304.473646
150.351421
46.075470
-25.053977
-61.565934
-85.682821
-89.203648
-86.007086
-74.481372
-59.622573
-34.093531
-5.017121
27.076874
66.901855
100.870215
152.321755
201.244992
269.044787
381.650122
507.580603
660.096530
882.094706
1165.232837
1521.991579
1937.222686
2363.856118
2870.995569
3344.743633
3886.129845
4436.152408
4914.404425
5355.778395
5730.089547
6016.775201
6212.543566
6289.378163
6331.991346
6320.986267
6299.963430
6273.073427
6252.027321
6226.133689
6206.748995
6129.438552
6017.573546
5988.461460
5820.188131
5777.852231
5636.929000
5414.190900
5247.242140
4911.549809
4550.291110
4207.186270
3798.760878
3363.387958
2913.295325
2473.051577
2087.389469
1699.980489
1328.903111
1007.695690
755.966742
546.156598
371.636803
235.104242
121.867688
45.261294
-2.477211
-32.050482
-42.904701
-42.534616
-37.827504
-24.642384
-6.572436
23.645382
49.379813
79.123606
120.838517
160.444508
209.366962
286.260367
398.754322
524.423907
710.846963
966.604444
1275.239314
1630.235192
2016.462519
2450.567127
2948.235871
3430.663787
3906.000555
4426.311407
4812.142118
5218.928019
5566.360203
5909.978081
6152.327474
6297.594443
6319.742801
6314.518134
6301.851096
6277.923844
6220.490120
6162.513689
6149.846651
6095.234005
5991.508686
5917.825948
5834.925179
5676.711376
5516.332069
5341.342508
5085.071193
4692.640227
4337.085317
3895.600241
3445.975204
3022.489997
2608.480977
2178.999287
1808.936733
1452.745867
1096.823808
793.623934
594.378663
392.551499
235.838982
111.817604
31.280382
-23.591342
-51.895473
-63.730361
-63.666971
-57.155907
-47.192333
-28.751718
-6.235277
13.600989
40.627202
74.259679
106.367406
164.292546
223.163435
288.822817
398.605487
530.008045
728.535129
955.022153
1227.963461
1576.531250
1954.108792
2345.457908
2753.299620
3193.265394
3643.223817
4093.399685
4496.896663
4868.231542
5168.769652
5468.692472
5681.467161
5866.182357
6069.094988
6232.585384
6272.330759
6289.413123
6320.890109
6295.144004
6237.384478
6169.986419
6122.413440
6034.390634
5904.669226
5683.886995
5444.639450
5180.829652
4889.570371
4520.028731
4140.407622
3785.452779
3405.469565
2945.340003
2526.584843
2147.135457
1798.602109
1467.181795
1140.418577
853.620038
636.136231
446.825107
300.226706
180.815189
93.757797
33.392259
-5.822475
-28.646226
-39.463289
-42.094100
-34.009621
-22.454770
-7.288940
18.774491
41.561071
76.200443
122.569556
177.261187
227.862331
312.154489
431.242652
571.566239
780.713510
996.715360
1279.014900
1576.047954
1942.065247
2328.946274
2714.227772
3158.334945
3603.728445
4064.109924
4513.062322
4866.377332
5190.497604
5393.051498
5618.338285
5815.335303
5955.533427
6084.921414
6147.370654
6204.187954
6196.179819
6195.529584
6163.586382
6088.755101
5975.926002
5877.038109
5788.300309
5525.841565
5265.368133
4927.186316
4575.733829
4257.396962
3917.691612
3469.825819
3069.334465
2645.508177
2247.356346
1886.635881
1547.191986
1243.328421
922.621737
663.092460
475.866608
308.319620
183.289731
87.825691
15.514629
-19.567091
-44.475465
-54.444026
-53.252262
-47.460130
-38.238683
-18.056964
-2.892508
24.023971
53.566526
93.348222
139.122082
194.576663
249.897464
319.940846
433.994308
590.406734
761.497223
968.019837
1231.372282
1527.259879
1870.500058
2200.483558
2589.182883
2990.404521
3393.492638
3767.955469
4112.041378
4443.822478
4759.671014
5047.197310
5296.739050
5509.894751
5656.002500
5770.153295
5814.158046
5846.276382
5880.211109
5886.619037
5798.677414
5716.609687
5641.918348
5518.518246
5364.746288
5214.700116
4982.026983
4714.586279
4435.180800
4053.242143
3703.549045
3358.109492
2971.552988
2603.459527
2218.945736
1860.066732
1562.377795
1260.411093
970.188914
722.669930
525.058553
375.313127
242.826814
142.736584
75.546320
23.611924
-4.102762
-23.320913
-28.291185
-25.056537
-17.865919
-6.296181
11.622178
34.810998
55.418930
92.345415
135.591694
187.587778
234.899611
309.818797
423.825520
582.550771
762.908584
966.214351
1184.403703
1465.881788
1809.366683
2185.591136
2532.890883
2907.631603
3283.102781
3680.523459
4068.424918
4389.327274
4706.274738
4985.122754
5159.299069
5336.307386
5469.342161
5605.906846
5664.816240
5744.224115
5806.078578
5814.338325
5763.271423
5679.192355
5563.425616
5401.357117
5225.986337
5019.631736
4803.146566
4478.771781
4165.541870
3830.451790
3485.515409
3118.777643
2730.890270
2351.870525
1960.798801
1624.313970
1333.666135
1061.531366
792.224154
560.988086
396.410939
253.487984
142.439203
69.440972
11.072171
-16.874043
-38.451305
-47.923344
-45.629706
-41.907486
-31.219183
-14.551272
9.792782
31.476357
67.969086
99.478850
148.205835
204.650657
275.816821
344.372061
432.164496
572.694247
735.149584
918.648806
1152.915818
1461.063626
1751.772793
2048.149458
2374.540823
2749.565946
3141.433675
3520.608048
3868.098846
4163.437268
4459.840173
4685.257917
4877.042868
5044.122005
5154.885342
5248.462031
5311.421535
5387.280835
5357.865336
5370.635464
5376.673447
5261.243282
5213.035662
5065.665905
4943.707366
4761.242766
4501.679526
4249.314662
3970.364215
3682.452180
3346.411098
3028.499425
2639.427919
2265.434136
1959.818544
1596.353989
1337.232734
1081.517157
811.141729
603.464487
436.472199
307.696570
196.711695
113.092954
54.982376
16.224802
-3.625976
-20.249215
-24.276933
-21.645895
-13.303197
2.747597
19.652852
39.366717
69.172247
89.935243
129.627956
183.328808
241.104068
329.645210
431.242652
571.496210
727.298510
950.145130
1169.515229
1416.488030
1723.759399
2046.579060
2382.680326
2705.408226
3066.940711
3468.610128
3782.547774
4101.845458
4362.787009
4646.378986
4805.784787
4962.728591
5114.746416
5201.379247
5238.665295
5254.544824
5256.502200
5257.663130
5192.658036
5121.102052
5036.600807
4895.580746
4780.488423
4596.378905
4411.138305
4116.614729
3790.516578
3490.688729
3151.171088
2808.722218
2457.785761
2111.227436
1755.185763
1446.654916
1172.991443
895.687900
659.253113
466.583323
328.455194
207.902812
121.723600
52.681726
5.910959
-17.332735
-35.954876
-45.041940
-44.395565
-40.637183
-34.955420
-13.847510
13.192971
42.326841
74.695774
113.959902
157.252952
212.097480
270.056348
325.468607
412.996523
540.089721
721.538805
913.689334
1134.251829
1385.712868
1683.514718
1976.056098
2252.162712
2598.255217
2954.159156
3294.376963
3617.060980
3905.507925
4116.291089
4320.551643
4492.830300
4652.303584
4776.232916
4886.878127
4975.017483
4929.850444
4914.595501
4776.520144
4758.676007
4735.773873
4642.497380
4558.935682
4448.500301
4305.693500
4116.658821
3876.114871
3620.129534
3345.812333
3002.635817
2712.106553
2381.280148
2031.277263
1731.942920
1441.940027
1184.330192
948.824487
711.885188
536.241338
374.055255
252.200425
161.796803
92.730571
44.415416
14.631423
-5.122498
-16.225232
-18.779177
-20.072908
-13.237339
-0.316636
18.740373
45.050624
73.082149
108.440600
160.020594
206.697605
267.494799
330.779961
428.763115
556.975213
682.904989
855.094058
1033.931580
1264.796616
1537.821320
1846.052989
2152.993131
2472.220838
2836.276323
3214.451409
3534.653133
3826.500865
4090.382450
4282.341157
4449.062323
4617.807586
4725.807677
4845.480992
4935.236133
4925.569043
4883.544937
4773.351745
4720.049032
4702.932353
4587.332254
4475.325238
4347.785717
4179.628733
3981.507234
3699.377701
3433.553310
3142.521377
2854.999571
2539.900170
2208.810044
1873.134659
1565.325252
1296.475818
1039.794198
811.564985
595.539045
427.579949
290.441729
184.169228
102.395546
46.416533
5.822750
-18.045447
-31.246652
-34.658629
-33.669262
-29.724864
-19.328993
-3.356707
17.779498
39.766330
75.365691
119.752247
163.822597
227.131295
274.919856
351.577448
451.817340
578.936086
748.338674
902.280551
1116.358868
1350.840296
1616.716744
1858.777951
2132.360604
2399.169905
2716.701680
3031.054189
3342.673677
3598.470691
3806.303287
4007.731478
4185.756720
4332.054336
4439.734783
4530.969711
4592.363963
4606.664713
4614.005956
4538.803034
4479.216959
4388.415845
4300.185979
4208.040586
4088.753784
3924.064690
3774.163645
3518.614986
3305.404456
3029.823686
2738.874275
2449.157696
2146.332964
1867.446553
1563.111051
1304.216929
1067.025310
839.857283
609.708751
440.437520
312.242408
216.553791
135.188837
80.224588
37.835066
11.942964
-5.552204
-16.805241
-19.282191
-17.973266
-10.344426
4.569129
23.860811
43.426836
80.317180
114.952685
155.095024
198.347648
262.496073
335.993528
428.950402
531.539216
672.192146
853.962981
1036.586091
1278.668891
1508.548574
1785.088476
2036.947744
2341.765736
2604.407409
2910.946574
3212.762149
3505.525218
3785.551573
3992.806996
4106.776771
4218.977739
4219.688004
4300.858905
4381.081859
4419.559208
4466.094639
4498.729853
4430.085724
4423.390748
4275.370645
4161.252893
3984.420713
3859.079906
3652.053890
3417.667480
3147.513480
2895.965481
2633.031834
2334.639782
2036.634071
1711.893630
1383.720668
1136.240732
908.907780
709.853041
526.591033
366.199985
251.616006
161.293522
92.193019
40.300366
2.725131
-17.039733
-30.264356
-34.007649
-32.614391
-25.359951
-13.475856
-0.363880
15.221234
32.104314
67.084215
101.099687
138.978543
197.302781
256.853695
338.759052
434.192618
549.721422
701.126532
872.330335
1083.271878
1308.458223
1506.029517
1743.355719
2033.638470
2330.560783
2647.792890
2921.886668
3206.852293
3399.410133
3590.647127
3791.410422
3941.763917
4040.274080
4128.028097
4205.795844
4302.491588
4302.318854
4310.394088
4269.027543
4254.472447
4214.122264
4132.041864
4040.743052
3919.425760
3781.237841
3611.091292
3354.417493
3091.588874
2751.647583
2509.166647
2242.945478
1948.698363
1669.488648
1411.369152
1158.622472
963.669732
761.574166
567.775713
418.669103
297.766048
204.673134
128.646241
72.124475
35.615031
10.925447
-6.389266
-15.338910
-16.561927
-11.949079
-7.862466
7.654521
28.235047
53.800320
80.746684
109.750269
155.285981
197.487090
261.645444
335.392425
440.306453
568.996956
701.890698
869.243815
1054.933243
1255.764838
1478.924306
1665.450852
1910.122257
2206.150959
2500.642822
2820.299064
3118.826106
3335.437691
3588.644774
3804.388259
3969.728604
4091.620021
4204.789514
4268.813305
4288.646318
4322.700682
4340.841398
4353.104963
4327.408664
4233.808416
4042.732120
3898.565710
3770.649823
3614.477081
3423.174951
3217.861511
2978.885112
2743.146381
2436.516254
2153.361666
1867.774772
1585.403829
1305.482860
1054.270990
852.607219
661.634358
481.353811
345.802483
233.997308
147.320247
78.246000
32.885533
-0.000000
-15.435478
-24.611306
-29.293617
-27.353645
-23.214683
-10.882425
2.670999
24.844478
42.848108
73.746457
100.491873
160.579722
199.688004
247.171121
304.469951
400.453644
535.536705
666.775102
826.580708
1018.552367
1238.235373
1482.114906
1714.367852
1984.110391
2254.720367
2514.807845
2773.133262
2939.958431
3148.209254
3365.845353
3551.759835
3718.998225
3856.302610
3931.835443
3961.565264
4005.527899
4026.708402
4069.304935
4056.961360
4072.785172
4035.470950
3900.921937
3816.323981
3687.738407
3553.862567
3360.700811
3149.541358
2924.540306
2671.985163
2430.514931
2160.664940
1897.882529
1581.940743
1302.669755
1067.048277
870.432687
686.158420
508.522460
378.281712
268.206708
184.452475
115.855722
68.196349
32.582452
7.897352
-5.867783
-14.052775
-15.054681
-11.875772
-5.434048
5.955656
36.854155
68.614238
98.072266
131.183260
171.029882
213.366333
267.990160
340.048548
448.051744
569.745466
715.609383
866.358188
1024.350781
1241.069867
1483.853543
1733.184474
1981.227906
2229.800009
2421.757900
2709.367396
2960.290865
3175.962553
3401.414964
3580.958917
3775.926110
3838.047423
3924.409292
3985.327375
4047.991431
4087.904040
4075.598559
4082.606841
4061.487006
4022.846738
3935.442693
3838.659169
3612.771411
3449.221811
3231.498116
2995.167414
2765.267061
2528.000354
2282.377456
2010.268516
1746.355553
1470.882042
1212.466309
987.189261
785.838384
597.361570
432.698190
303.990767
210.886839
133.250158
69.438053
28.359924
-0.000000
-15.351088
-24.611306
-27.173072
-27.641577
-21.239288
-8.240955
7.267860
28.405123
54.662100
83.293585
117.458783
151.415364
214.782701
273.824184
346.514150
418.359714
529.875573
659.541486
827.778793
1008.576791
1230.692919
1450.655501
1670.491775
1906.693915
2166.730166
2435.078114
2693.575275
2896.563088
3132.168653
3328.719126
3512.767489
3655.087689
3757.533638
3756.857737
3767.678638
3825.604030
3861.573311
3903.192249
3906.033280
3879.355094
3830.297110
3775.952129
3622.517024
3504.677301
3367.768324
3143.437808
2974.515073
2735.170609
2516.020141
2276.959276
2018.585112
1714.620079
1453.785270
1228.071755
994.843140
820.670371
635.640667
482.616139
354.482946
249.013833
174.559832
110.877352
59.857264
29.028870
6.172545
-5.491617
-12.783837
-12.475851
-11.756760
-1.818380
12.917437
31.013434
55.633078
86.096704
122.063385
161.167771
209.163183
267.990160
354.124512
464.208663
565.365982
695.068968
832.565797
1021.097578
1230.888275
1457.049035
1649.657110
1864.845864
2112.047655
2345.966309
2614.952541
2873.801342
3115.322288
3316.350808
3471.297831
3607.750608
3717.342038
3813.296713
3835.559389
3955.409201
4004.581677
4038.693601
3996.349220
3941.166364
3769.096673
3628.852598
3515.227755
3398.193583
3276.394293
3122.161050
2907.961401
2683.302173
2454.726506
2176.887247
1909.516296
1643.288780
1350.246375
1118.241291
912.186115
738.139951
559.326788
404.806154
278.748476
186.054466
110.808129
63.299431
24.643868
-2.325017
-15.545347
-25.682293
-28.931609
-25.922536
-18.060280
-9.629545
8.983461
28.557430
55.456222
84.764553
116.989510
151.258764
197.240117
251.686052
317.267614
420.696920
531.186149
663.715799
817.207214
1007.977503
1205.790281
1430.654226
1633.967351
1857.082759
2115.105220
2368.551618
2633.351716
2866.194080
3055.534506
3232.686404
3368.232241
3459.105123
3577.430032
3651.186364
3745.873940
3783.830406
3829.506366
3813.812986
3788.265906
3767.547333
3703.547263
3603.052671
3518.932099
3426.967145
3256.782183
3076.223660
2779.203121
2583.802460
2334.861870
2096.699957
1873.016840
1636.463491
1393.734758
1177.482602
964.992333
783.858660
600.889775
444.811677
318.591477
225.360413
149.766922
95.007400
55.286281
25.378068
5.680792
-5.495492
-11.271638
-12.276023
-6.513513
0.786247
11.793629
32.805023
58.489794
89.858658
110.006987
149.418980
196.137326
260.095574
332.035973
419.785260
511.685051
647.145454
800.058490
961.169914
1142.571256
1380.582719
1609.050570
1831.077192
2056.506711
2310.890027
2582.587778
2771.140465
2957.799595
3137.555707
3315.518790
3432.089050
3491.673944
3558.585634
3615.222779
3657.728999
3695.074771
3719.625031
3708.887877
3695.555480
3659.965937
3545.485501
3438.419048
3330.292248
3129.425635
2921.702052
2723.217623
2526.360936
2284.851498
2038.086088
1768.644302
1498.464038
1257.973420
1029.092437
854.560722
675.374715
520.050295
375.448022
271.084066
188.912950
117.140462
63.442367
23.865519
-1.190610
-17.372705
-25.688118
-28.117639
-26.650728
-15.636760
-3.042016
14.442005
36.752257
59.522679
88.384922
118.387791
160.486189
212.103979
273.692603
338.642651
444.123626
549.451276
692.381828
848.319193
1020.414546
1190.363224
1384.868278
1590.016170
1788.628179
2040.502369
2292.247466
2538.895986
2749.150106
2932.147080
3119.044017
3257.936120
3339.177481
3441.779060
3548.353332
3634.628393
3643.628595
3633.898550
3595.460316
3599.322922
3545.433019
3479.575553
3429.073817
3346.663982
3248.151667
3111.164982
2935.264770
2732.363408
2524.570274
2280.899801
2026.834001
1818.667153
1579.824677
1344.495661
1135.390732
911.945781
745.586215
558.983980
413.546656
291.719244
206.940387
140.631844
86.753850
51.976131
23.458821
4.911398
-6.446788
-11.722504
-13.487836
-10.290521
1.849067
10.476329
26.343443
49.776054
82.679450
115.543351
158.291517
200.224535
238.405575
317.968078
411.740958
523.979775
653.489106
811.853903
975.216472
1176.308489
1380.478645
1600.972435
1787.725453
2017.767774
2280.189177
2492.559686
2726.977922
2936.554227
3087.283027
3197.865265
3319.560116
3410.298755
3482.102083
3513.618511
3545.870237
3576.504274
3597.744951
3574.709272
3472.801175
3351.675949
3288.738236
3191.559082
3101.513106
2986.913859
2840.580009
2675.844171
2446.301613
2179.493059
1981.267823
1712.149152
1472.118933
1229.373728
1005.241943
818.721348
650.714595
484.928576
343.835039
244.009094
160.348019
99.407570
54.142642
19.164901
-2.515818
-15.449146
-24.444566
-27.042797
-23.404953
-15.958504
-3.746801
11.526838
29.827969
55.588576
79.711295
115.271078
149.524767
202.376914
251.833887
330.196217
436.796384
536.560360
674.539414
839.717078
965.913726
1110.632279
1299.457405
1491.068961
1701.976207
1923.452861
2134.783622
2368.894691
2568.263594
2750.355388
2962.864808
3125.270817
3245.524883
3326.255202
3383.453253
3426.466993
3433.412233
3392.840415
3402.704941
3422.954338
3408.436537
3389.629940
3323.286838
3199.979104
3106.277703
2943.441933
2783.268762
2605.375570
2429.357077
2195.397167
1958.983579
1733.757323
1490.581449
1264.075120
1043.437744
847.879106
691.685922
538.587694
398.783215
281.521274
198.225861
127.301486
81.729786
47.670873
20.475395
4.320072
-6.814410
-12.461304
-14.129926
-9.395267
0.253680
16.964969
34.626321
63.253766
89.139660
123.509634
169.703502
212.039691
267.551237
339.971162
435.642296
551.380112
666.143720
822.676149
992.717262
1164.488326
1340.279583
1563.924811
1766.399325
1996.927031
2242.129321
2412.543952
2629.044156
2798.186617
2943.860961
3081.625014
3218.131020
3336.175372
3403.699290
3420.281310
3440.514091
3461.881277
3446.213874
3432.543821
3410.441674
3344.700556
3247.845303
3128.271885
3023.591881
2900.719698
2712.125872
2518.773043
2318.727934
2124.097275
1898.868452
1656.998122
1418.588607
1186.081804
983.774992
781.534482
629.089036
479.291325
329.242134
230.306655
150.909242
94.076057
48.839883
16.316799
-3.289604
-15.005155
-22.670687
-26.279193
-22.704860
-15.501751
-2.379190
17.083735
39.824762
59.664400
88.957611
117.222557
162.061085
215.959678
259.588426
335.919435
428.780781
532.854767
657.920328
783.340622
968.154828
1146.547858
1321.690752
1490.435480
1706.005244
1923.053544
2127.336076
2314.435053
2470.526927
2669.214413
2822.585205
2984.894147
3118.244776
3231.753496
3298.277554
3337.366311
3360.799672
3367.351251
3363.551548
3356.404647
3321.690751
3295.026698
3201.454726
3120.122657
2977.571046
2838.995275
2667.543143
2488.076237
2306.896548
2095.927872
1881.680680
1662.193781
1425.497458
1206.831997
994.851141
806.207321
666.722198
505.477078
372.668426
262.981733
182.208423
124.372126
79.355298
46.960235
20.475395
3.916084
-5.668235
-11.872793
-10.937652
-7.483366
2.952774
15.159527
37.480926
61.060932
83.635431
113.434844
154.107304
201.006662
249.684453
319.450470
427.251208
532.584248
653.471541
778.298935
946.174638
1110.724150
1292.528862
1504.038427
1715.456192
1904.343302
2123.180896
2308.600658
2518.232266
2702.302430
2869.746557
2994.034003
3111.483590
3206.344100
3259.050322
3288.939007
3298.974283
3330.124419
3319.166079
3315.730920
3299.747880
3216.524310
3124.122498
2992.757650
2892.246905
2750.432329
2577.838257
2401.186820
2230.112551
2018.254629
1812.052074
1557.748278
1329.089177
1108.615012
902.225003
731.157747
580.392430
439.370765
319.690183
218.378303
144.050566
87.352886
46.885641
15.296282
-3.891324
-16.741285
-22.629679
-26.646856
-21.248166
-13.855437
-3.785296
17.184524
36.341599
59.096638
84.411100
115.045056
153.201536
204.148388
247.823766
328.369967
419.679771
528.292871
655.829121
794.960169
937.806594
1097.203733
1287.914022
1494.228008
1691.663255
1891.859785
2060.156238
2266.156365
2428.514577
2590.380128
2778.871743
2938.851822
3056.707209
3125.388337
3129.967503
3151.201455
3170.076982
3160.813565
3186.107261
3200.691198
3170.939087
3119.603188
3035.427688
2943.103250
2835.603346
2701.214460
2548.486426
2408.231572
2216.230706
2010.047483
1771.318583
1557.725722
1362.024653
1136.824620
957.420188
775.080314
622.504891
480.308656
348.828681
248.277139
169.112421
115.081339
74.772429
40.716785
19.560907
2.666548
-6.477983
-11.237276
-10.987696
-7.956499
5.178831
29.589675
53.783321
80.239324
106.299882
129.414711
170.062284
218.446484
266.499720
330.933085
413.288948
510.427182
623.392951
745.538153
898.360359
1055.288960
1235.269533
1414.340183
1622.752076
1846.669458
2055.089953
2259.794161
2434.983195
2609.576471
2801.993238
2945.663476
3031.860309
3086.006811
3172.544484
3217.020059
3266.788775
3280.002295
3251.929403
3246.277451
3101.253291
3077.237727
2984.473935
2863.061750
2780.445565
2665.210882
2531.863341
2348.593374
2115.020819
1910.727998
1678.168573
1464.454723
1256.086503
1064.650236
865.137520
701.111637
554.204086
416.482575
299.094094
207.382442
133.506839
83.388316
42.232196
13.687224
-4.032950
-15.241575
-21.825051
-23.635328
-18.079724
-8.612339
1.723391
20.617587
38.828393
60.089562
89.339403
129.163328
163.838721
213.222412
256.129947
334.121284
419.702086
518.429945
638.713853
771.692987
934.840702
1106.445139
1292.104629
1467.644984
1665.607554
1849.793704
2067.321853
2282.961644
2467.543742
2639.858129
2731.890519
2851.260607
2930.565582
3007.934349
3085.027416
3165.098313
3159.092740
3144.976741
3154.975673
3136.843621
3085.549329
3041.842446
2995.999575
2913.587373
2811.147796
2645.657715
2485.099270
2293.110110
2096.840308
1916.929695
1689.794710
1519.962579
1298.520997
1093.935180
905.844154
729.672506
594.897517
459.849100
333.122855
238.617550
165.988497
110.490291
73.551153
43.227384
17.214338
2.684159
-6.755122
-10.825036
-11.378687
-4.949236
5.108211
19.179845
39.226535
64.852824
88.368385
116.373731
157.582332
194.852901
235.143647
312.115963
403.544581
519.320763
608.151943
745.538153
880.801185
1036.029790
1223.282835
1429.087049
1622.286313
1832.149737
2049.902181
2264.536015
2469.407302
2608.492187
2760.099106
2935.690854
3033.450665
3076.063680
3110.816856
3125.778720
3153.783574
3111.778433
3103.745629
3121.042954
3087.557893
3005.851614
2891.526272
2774.998633
2640.139876
2497.629962
2374.924357
2160.865324
2012.542617
1824.048373
1604.783198
1406.109362
1194.167722
1010.865408
828.875897
674.610186
527.644480
390.953515
279.746165
195.172504
128.289500
75.925190
40.935954
12.355107
-5.849816
-15.957930
-22.480643
-23.034648
-16.955514
-9.315828
3.878141
19.867085
33.738843
58.651863
88.620549
129.666890
170.852298
223.755548
281.368772
347.897554
431.769091
532.240391
627.601601
755.769751
932.196140
1092.470286
1263.374177
1427.192660
1597.112994
1786.250798
1982.907618
2151.694274
2327.526842
2486.361992
2622.447823
2764.442528
2859.315019
2923.111938
2980.256439
3060.550903
3079.217575
3062.917899
3061.537345
3048.401292
3022.046236
2952.957474
2902.196899
2798.341939
2687.292874
2589.591705
2435.168178
2285.371827
2094.384985
1878.940075
1679.293302
1474.425541
1281.139938
1068.805410
858.689115
700.778129
565.125139
428.463049
316.705239
228.323450
152.547008
107.000048
66.550536
38.506415
14.624232
1.451015
-6.905507
-9.947468
-11.699003
-4.255534
6.300024
19.326256
37.352751
61.238435
91.970220
119.616636
160.295207
202.961980
249.215980
329.323442
424.278375
530.028602
647.876403
777.887732
937.337391
1088.686146
1254.506136
1443.328646
1638.518196
1831.095416
2020.885109
2230.795889
2425.200365
2565.926830
2692.838862
2851.938745
2932.771363
2963.727050
3021.982683
2998.492781
3037.667625
3013.341966
3010.380861
2978.050520
2949.487084
2881.439964
2782.939699
2706.992100
2612.145810
2467.865652
2342.597511
2161.200415
1951.997255
1790.390311
1571.695207
1372.242426
1142.411454
950.157322
768.079579
616.329727
495.297876
386.945837
285.062901
198.513827
128.141865
77.838514
39.053841
10.532589
-5.876702
-16.392176
-21.861213
-20.794648
-16.620595
-11.078008
1.764705
18.404867
37.821767
64.406796
91.057468
125.804202
172.074855
216.777457
258.553891
311.567301
401.835396
483.735775
580.416421
694.860100
820.828675
976.881867
1138.604215
1341.549613
1538.752183
1702.991622
1911.301880
2138.362003
2332.204231
2488.837276
2600.044740
2687.284871
2752.326712
2782.231190
2850.028083
2811.307895
2848.373314
2881.072348
2903.830935
2891.697128
2856.636747
2834.822095
2794.286726
2734.011949
2644.211756
2472.320650
2302.324076
2110.203760
1906.138486
1731.463983
1498.166797
1322.072489
1155.176137
990.767990
814.302396
657.183856
534.412393
404.713351
303.037692
215.909984
145.952678
104.982674
63.090528
34.383538
14.624232
0.593764
-7.103078
-10.964520
-9.852739
-2.440141
6.328531
20.133246
36.597804
57.979051
83.967961
116.912499
158.898259
195.229065
240.469898
313.257911
396.373894
507.100500
622.420620
763.850678
888.968564
1058.338116
1242.501791
1428.377977
1599.738373
1779.232410
1954.273968
2145.411387
2312.558198
2491.879152
2603.402674
2726.037205
2816.929654
2851.938745
2916.557006
2928.211233
2951.872140
2971.767235
3012.829471
2994.495821
2894.085343
2828.490275
2699.301784
2584.749754
2501.157745
2399.891178
2257.431624
2104.979381
1921.484049
1750.664272
1524.359041
1325.948576
1132.614989
934.012542
776.426938
625.848006
488.647559
366.501079
252.636586
174.603939
114.906246
71.036946
35.756045
8.551147
-6.488908
-15.978732
-19.583857
-21.560095
-15.488140
-9.994851
3.916922
21.736023
36.370138
66.281366
89.751875
124.842929
161.978566
204.407452
237.576843
293.629014
385.758381
490.391873
601.177891
726.855866
879.105364
1033.590653
1195.319241
1337.911918
1543.462651
1727.988451
1916.639754
2129.816081
2284.619963
2394.780801
2502.827970
2604.982365
2682.308731
2724.577256
2804.586333
2851.456392
2880.161872
2886.549678
2871.988646
2860.698026
2852.532013
2809.785985
2752.355244
2676.501011
2544.846352
2424.976186
2304.480607
2135.990357
1973.892939
1772.065255
1559.670142
1368.440511
1156.766220
981.736071
796.330714
663.392842
529.915103
392.978940
293.661439
200.407569
141.740002
97.683254
60.100079
34.020657
12.849032
1.013023
-6.833601
-9.176453
-8.098457
-1.582341
8.126218
22.031759
38.859823
56.585867
84.397465
123.178589
162.496523
198.328295
240.384012
307.712866
408.680789
482.282772
594.657481
710.311452
857.021355
1032.373043
1196.218776
1349.082349
1490.014955
1660.537405
1889.219922
2098.930752
2277.843198
2425.011264
2548.880118
2651.751441
2720.601437
2828.804582
2886.578924
2939.795619
2940.451341
2953.757213
2957.603721
2882.370299
2864.376716
2746.335696
2675.157271
2605.923234
2498.400129
2351.651281
2168.797603
1967.283683
1774.541651
1583.662659
1421.586932
1255.128472
1076.228776
879.960474
724.872125
585.977951
462.369597
348.812827
244.934747
169.654880
110.945530
65.868184
31.874905
9.540475
-6.273475
-14.995216
-20.420774
-19.185607
-15.345392
-4.606398
7.513934
21.860228
43.732418
66.127937
95.002211
122.401938
156.809544
206.162664
254.757956
326.082744
404.013366
492.345280
581.136540
708.308598
846.213968
978.989227
1140.111141
1313.363927
1506.587866
1707.443567
1887.276195
2089.072692
2260.591753
2402.001390
2508.071063
2609.878945
2694.840502
2754.570906
2829.704349
2881.760252
2920.081801
2910.934874
2876.276030
2856.424390
2769.890961
2741.475472
2618.955535
2533.815601
2445.257511
2331.590528
2202.635406
2021.236634
1875.813258
1698.798011
1510.294246
1327.520586
1120.195893
944.912897
757.499470
620.087776
499.728064
378.005172
283.432981
196.848208
138.191054
96.259384
59.004162
31.542957
13.090326
0.000000
-7.159011
-9.382665
-8.890750
-1.591083
6.385544
22.861016
40.637957
64.918339
87.325245
123.710158
154.419723
193.940353
245.486007
308.728420
393.091074
492.088031
606.474086
722.781294
861.468738
1025.764989
1187.040705
1366.039147
1529.839367
1722.472202
1896.371751
2094.931411
2273.086748
2427.587639
2551.504718
2603.884399
2691.357294
2725.807664
2813.523919
2830.313453
2828.205511
2844.741760
2826.743366
2814.409203
2768.829508
2708.943838
2662.187109
2579.660249
2490.639932
2326.179367
2178.985029
1976.657998
1787.266250
1640.016433
1435.693389
1257.797970
1067.921220
886.402255
729.204030
569.748725
455.184299
337.335279
237.429182
165.178726
109.437013
64.221891
31.874905
7.716770
-5.794644
-16.066303
-20.174810
-19.412655
-15.049002
-8.917501
6.821979
25.300219
43.398582
67.048512
90.128983
123.857405
162.101685
211.829646
255.556571
322.158140
405.102350
498.403026
606.087228
732.293565
861.639815
1004.279630
1164.066683
1325.065322
1479.869012
1650.726097
1810.393467
1990.436881
2161.329652
2324.337927
2440.925350
2552.465148
2639.833713
2702.308017
2731.890519
2791.714838
2813.268754
2801.181712
2783.809743
2747.491761
2710.508238
2620.697267
2573.496375
2482.632987
2388.080422
2282.654996
2158.765938
1998.491748
1819.658063
1658.456178
1479.364932
1296.251560
1099.457739
930.175340
750.687628
601.636323
476.298147
346.467996
259.243066
187.288397
130.907279
90.897016
55.362734
30.160020
12.240194
0.467312
-4.536673
-6.124739
-4.566165
0.215568
13.859949
27.502282
40.372350
67.231318
92.674073
124.555558
162.966794
194.314032
247.689652
318.358282
410.332029
506.792612
613.983537
728.465372
857.021355
1029.897328
1192.050765
1373.963294
1551.287198
1733.681837
1901.540742
2091.926534
2258.846588
2437.390281
2541.511149
2601.602153
2663.932120
2696.343605
2748.453718
2796.071677
2786.480242
2809.085647
2791.291187
2776.679760
2729.048782
2665.001244
2630.423627
2515.047048
2392.877528
