677.600626
1113.016713
1681.134259
2505.708563
3506.359243
4505.408663
5166.531854
5560.276215
5763.457280
5802.096982
5783.868925
5756.425178
5696.302528
5628.999260
5560.376862
5480.592204
5357.820871
5196.441842
5037.441492
4833.042327
4655.401996
4443.006694
4224.227174
3983.117352
3696.402214
3426.176293
3199.773923
2925.314606
2687.577710
2357.229285
2066.362954
1813.683728
1486.629722
1162.051608
793.075314
496.257538
225.091943
62.027603
-110.866905
-216.096462
-274.471072
-296.231234
-283.454349
-247.814619
-195.775930
-136.165440
-66.691894
-5.607888
46.343780
102.929321
169.438075
240.243540
338.448290
464.521543
646.431478
959.005528
1462.459302
2087.391623
2812.914688
3641.781290
4507.159598
5299.846316
5755.026454
5975.244482
6039.064105
6029.631004
6049.354027
6020.138227
6017.781207
6020.138227
5979.893818
5962.589633
5906.431522
5855.326117
5843.261128
5796.771403
5741.752980
5653.418326
5550.287938
5455.680763
5348.466516
5188.935172
5025.206635
4855.180844
4616.735959
4394.224639
4179.447975
3942.079394
3700.842356
3374.322781
3067.966074
2835.598347
2552.914395
2233.990383
1863.099713
1489.556567
1099.268110
777.627379
438.719234
206.499399
-3.083666
-125.676910
-206.532633
-259.489270
-262.619526
-254.952873
-220.633375
-176.053506
-122.870804
-84.424311
-43.734072
1.290138
55.783310
119.565827
182.245779
262.559243
377.440221
562.094006
820.265092
1161.156528
1561.122914
2140.354680
2807.212862
3498.991269
4262.880085
4917.601850
5497.872161
5868.136997
6008.244922
6078.900387
6113.257666
6156.156587
6161.830421
6118.869450
6121.212986
6088.183047
6072.095925
6039.119802
5963.152929
5966.147113
5873.982134
5800.250122
5694.983507
5628.208816
5531.808319
5368.064613
5227.081235
5026.788448
4845.293392
4644.932677
4425.358688
4167.682542
3897.590288
3629.305809
3347.063872
3108.525630
2762.489146
2302.344371
1857.877802
1470.808542
1119.024695
800.006290
525.860617
319.872743
134.269093
19.933790
-71.480589
-120.886811
-142.318357
-133.649319
-111.748105
-89.155464
-59.835242
-25.135571
9.896234
52.872317
121.352620
167.649981
229.899775
341.077280
487.398601
689.256204
966.001018
1283.676333
1702.020376
2234.751624
2819.326778
3471.178723
4177.102026
4898.709181
5511.177187
5929.468284
6093.532152
6154.831310
6175.645349
6152.796056
6137.757961
6165.430118
6127.527890
6106.185120
6083.308621
6011.466638
5998.837502
5956.280012
5900.114481
5811.158790
5714.682037
5607.052248
5510.283172
5333.752356
5168.012861
4976.782746
4781.491259
4566.417312
4319.414781
4053.750305
3767.962413
3461.063935
3168.708543
2802.854546
2348.525984
1864.945336
1427.306421
1081.401383
758.473338
501.962016
279.016223
107.627254
-21.251205
-89.889277
-135.792630
-153.412459
-148.610010
-135.481156
-113.855740
-88.587498
-55.749689
-11.999574
37.640420
72.717164
123.383057
173.519439
222.050216
297.236371
421.660200
605.510128
878.801243
1247.858275
1678.297968
2144.734698
2682.069348
3270.337994
3928.778253
4572.250463
5256.941235
5761.735522
6010.866078
6131.773223
6225.538816
6292.211236
6276.034413
6291.796759
6260.026912
6248.786427
6236.497755
6162.765764
6169.838391
6085.216519
6048.336419
5956.136161
5906.325879
5771.253967
5676.592807
5486.555684
5363.983859
5165.611905
4949.427377
4743.641731
4546.900930
4287.405140
3997.999361
3588.734209
3152.544976
2732.174932
2270.975368
1822.037388
1427.198897
1077.588305
803.556474
565.209286
354.150059
199.244590
74.922734
3.758933
-47.112780
-75.646006
-78.741058
-70.882936
-52.578344
-30.546653
-2.439207
20.472777
52.758759
101.638855
169.004191
221.035580
319.586958
440.332294
597.850031
776.519837
1024.889046
1322.955747
1702.625536
2129.797675
2644.870918
3213.992212
3799.592328
4453.921857
5105.614473
5655.517147
6021.162033
6194.802851
6225.152503
6227.593614
6233.903235
6238.791010
6213.532738
6219.847306
6178.064201
6163.016213
6113.360651
6074.612300
6031.174841
5916.748157
5804.849169
5710.204874
5626.278124
5417.837897
5295.924331
5056.346794
4882.286856
4661.796501
4393.134035
4126.812843
3627.211083
3174.991270
2652.213365
2251.928501
1844.521298
1406.551823
1047.645627
749.974314
519.986068
329.551089
175.434094
57.476980
-21.654470
-64.975320
-92.062544
-95.185569
-87.166990
-77.253775
-64.891848
-54.902203
-34.946429
-3.000538
37.002056
71.661183
101.025411
148.923016
202.872667
306.347748
450.524419
644.576141
875.300173
1180.786552
1535.695899
1957.463006
2483.637857
2993.428354
3533.178543
4069.831605
4624.700169
5126.662230
5586.559151
5947.363313
6177.753823
6287.436934
6350.961608
6369.335040
6363.178544
6345.948855
6301.876255
6299.262303
6230.353419
6188.748932
6138.188440
6072.923145
5986.141095
5931.549435
5769.528462
5668.676249
5435.548870
5253.512777
5043.436587
4660.571045
4276.831513
3871.382649
3436.828936
2983.543903
2552.212339
2182.490579
1811.776132
1431.925698
1102.089080
827.496897
593.525801
404.178831
244.999335
131.114642
52.583739
-3.592178
-36.072684
-49.697824
-49.878453
-42.998392
-24.767168
-7.586038
15.121994
47.009689
81.269808
130.181426
171.816294
211.632850
271.545322
367.245673
499.200796
684.774533
934.191566
1211.362620
1560.792517
1972.833602
2421.808466
2906.850575
3448.216156
3976.088136
4510.830259
5015.581780
5434.169463
5799.227951
6057.325826
6265.323505
6310.976486
6328.547509
6298.087947
6298.087947
6290.376270
6203.332367
6200.903622
6144.072529
6044.614666
5992.522934
5904.119021
5760.681843
5670.123705
5546.154789
5342.152144
5126.212278
4886.897071
4426.629305
4012.109590
3616.407473
3161.232625
2671.999771
2257.189365
1900.484529
1515.703215
1177.066823
855.691385
608.211498
418.475964
249.335717
126.606934
38.135414
-19.505623
-51.934151
-73.431410
-73.550397
-69.254968
-59.525939
-39.248532
-12.210575
20.492643
49.038739
92.017585
134.339052
184.661032
239.632869
308.426461
386.753811
494.502128
670.575754
907.993813
1209.135992
1519.733473
1899.729795
2315.776535
2762.703682
3224.584162
3713.542623
4122.439753
4529.555021
4921.513981
5253.412301
5590.171547
5845.377740
6092.816311
6270.966795
6322.577721
6370.513297
6393.808942
6315.262453
6304.085410
6260.026912
6224.209083
6108.324557
6024.502231
5941.569790
5849.880140
5590.489788
5304.845109
4978.004557
4620.671012
4261.297193
3872.858889
3480.634497
3023.458859
2599.465533
2207.340374
1866.381434
1510.415218
1170.961922
897.756254
664.297399
471.901874
318.759420
191.789078
96.853332
35.335393
-4.277860
-24.633109
-31.778320
-28.966242
-18.928121
-5.385501
7.568309
31.603249
54.103737
83.084660
121.512411
177.470335
236.332974
313.334151
420.623220
555.739374
742.503247
965.082371
1201.409201
1520.251613
1863.261504
2258.450792
2656.120103
3128.704923
3615.991500
4081.408468
4532.223270
4904.487758
5255.286904
5520.584956
5785.120584
5971.300775
6184.413503
6318.986562
6338.681121
6308.251240
6257.734715
6266.502740
6215.966429
6102.259724
6024.095775
5942.006409
5811.714115
5653.970150
5370.047133
5079.980023
4767.181914
4442.694690
4068.610403
3696.677858
3232.082089
2818.001561
2411.093808
1998.856225
1642.889179
1292.783537
973.596900
722.990199
499.201880
344.556799
199.399746
96.080555
28.875127
-19.387254
-42.437879
-59.083733
-62.022923
-56.063864
-46.221872
-26.094394
-5.780831
14.099777
46.296350
81.822261
114.632485
165.178317
220.154578
305.878760
414.009868
566.724098
766.611031
979.046814
1261.674250
1552.242067
1876.613365
2219.070969
2628.957375
3040.213829
3471.992528
3901.859707
4270.114566
4615.843804
4922.512372
5187.929572
5400.178188
5587.409502
5703.626507
5779.677673
5892.406758
5974.614122
6013.933869
6038.733592
6037.453922
5998.902178
5865.805120
5739.510920
5582.781511
5313.286620
5105.171485
4859.504445
4527.139897
4176.686034
3840.579429
3463.054080
3122.667732
2718.479055
2349.118525
1964.742327
1625.517503
1307.276597
1004.371429
754.752305
547.355667
390.222581
251.664007
149.933334
73.860218
24.211712
-2.499085
-20.960008
-29.403957
-29.164977
-22.677523
-10.683418
11.723736
36.005275
64.385549
94.239960
137.823765
184.552054
231.935327
298.567845
412.416923
577.619968
756.018170
960.805563
1207.218624
1498.626720
1828.419750
2192.270845
2600.298303
2998.733122
3374.920254
3779.799482
4185.488064
4532.414654
4852.988707
5125.004197
5346.835807
5534.830562
5681.338226
5747.795949
5805.081749
5873.357487
5892.505881
5924.646518
5896.133858
5809.544464
5710.503822
5520.795610
5320.426445
5133.713316
4901.366039
4602.609827
4288.834696
3954.199066
3623.157226
3236.466752
2854.018690
2483.841686
2078.288533
1759.618460
1419.329064
1120.539361
845.790522
615.417500
421.629366
279.522970
163.660865
78.642666
18.334310
-16.679325
-37.495635
-47.582488
-51.872684
-43.717161
-32.843217
-15.396722
3.416944
25.516619
58.890491
89.397462
133.869409
194.673733
260.336271
332.126797
442.455609
585.172865
756.230433
948.275259
1159.710689
1425.456925
1734.224389
2028.661257
2373.255602
2766.272754
3121.572778
3532.742670
3901.206900
4203.954331
4509.259938
4780.320655
4958.186392
5098.996945
5262.040486
5385.906764
5454.474631
5506.738724
5549.197270
5547.748045
5542.896732
5424.084096
5370.132408
5227.232310
5004.165117
4814.510875
4604.772858
4342.152490
4066.562020
3797.176976
3480.097854
3132.249889
2789.918768
2405.718997
2052.837208
1718.557646
1412.149841
1129.121770
863.250542
643.799947
466.503215
326.157136
215.261920
125.482960
66.108666
22.007306
-3.204378
-18.847860
-23.527018
-19.690767
-14.727658
-2.407218
12.549368
35.560765
68.201856
101.833065
138.346072
190.148616
241.616193
323.868531
441.414653
584.337769
754.969601
926.759187
1144.850670
1411.086347
1722.313990
2067.603543
2398.118021
2768.509332
3132.948581
3475.162510
3829.779604
4136.714972
4436.694655
4669.432356
4879.379073
5038.674372
5160.843400
5265.792242
5311.386653
5365.169723
5360.083183
5344.367834
5322.909592
5263.795756
5170.586145
5043.742599
4914.353158
4708.130042
4467.765899
4177.320611
3890.991441
3564.946385
3288.015831
2936.609964
2605.906209
2258.694988
1867.055409
1536.523177
1248.501582
965.661948
723.567658
520.041534
351.299513
228.516371
135.090473
67.598315
13.699406
-14.737490
-32.482038
-41.238185
-43.160506
-35.445295
-23.088392
-8.065341
13.599779
33.304264
70.720975
106.538207
141.569786
187.581858
229.429951
309.678496
406.517173
534.607732
694.925987
871.865403
1105.809560
1367.724671
1642.019118
1939.540469
2255.005051
2618.086842
2957.681701
3304.060095
3600.972169
3927.728897
4159.740977
4348.807269
4542.543822
4686.447157
4829.018543
4952.519930
5005.123447
5052.419368
5067.609106
5077.386540
5038.080185
4974.565785
4899.593095
4791.416527
4651.300871
4470.300720
4279.249347
4046.979567
3747.275230
3415.483992
3120.561011
2796.027042
2466.378665
2134.853875
1794.946080
1513.975951
1250.532712
1002.362252
765.432536
576.726506
404.943371
292.068252
182.688266
105.879906
51.546732
15.429629
-2.969579
-16.077930
-20.425666
-20.215854
-14.802040
-4.731946
18.149271
39.573987
68.387188
103.367058
152.518686
201.923606
251.331851
304.785845
410.365696
557.371502
715.355332
916.914128
1125.607246
1362.556864
1645.146078
1932.112440
2228.520086
2537.409091
2905.978962
3218.299137
3527.802772
3821.586151
4087.680102
4305.274193
4457.441533
4634.768139
4752.218291
4849.519364
4941.348548
4941.795227
4971.358697
4946.032030
4930.726970
4868.338658
4762.674805
4648.181072
4530.600448
4351.772949
4128.241531
3890.302696
3599.808146
3291.244980
2959.217405
2632.092785
2307.332898
1948.200801
1622.938049
1332.993193
1072.387976
849.498311
619.117137
451.718043
313.559862
202.545190
121.486449
51.527535
11.604559
-13.491560
-29.306207
-35.387839
-37.415208
-29.577960
-19.204166
-13.147472
0.060174
17.976283
46.508232
85.933945
123.652499
167.568542
226.955111
288.665339
379.087179
500.532643
657.836061
835.780823
1052.558488
1280.578284
1553.813160
1831.983365
2114.764117
2424.608622
2768.315469
3067.723930
3370.346106
3637.890979
3879.857858
4044.153948
4239.623509
4387.736975
4491.023988
4609.457819
4664.213864
4710.215637
4642.964456
4632.508842
4565.763014
4487.031045
4441.474065
4349.546480
4214.640623
4061.300660
3876.588186
3689.471123
3411.675737
3143.152695
2883.437289
2574.950947
2261.402832
1945.465836
1642.284458
1361.315952
1116.323658
898.777969
675.662040
506.220789
363.123962
250.095155
153.431259
90.509778
44.368022
13.831308
-3.415158
-15.296687
-19.787689
-17.614494
-7.910978
4.215458
23.833094
46.185356
74.263790
98.296364
135.315130
184.183686
247.755630
323.868531
430.655427
561.571201
696.846261
881.036596
1079.169863
1301.330551
1545.974349
1798.465246
2056.569230
2352.789335
2680.350336
3026.718796
3322.440449
3545.578269
3805.331669
3986.596425
4174.358497
4314.922417
4435.889734
4546.399422
4628.792903
4676.575643
4634.810489
4638.115824
4619.665018
4525.181322
4450.059480
4342.996014
4188.958826
4004.529383
3817.678487
3584.510847
3295.674450
3011.238145
2725.040987
2434.166297
2120.579170
1780.765053
1493.624637
1188.880285
984.975284
757.117623
548.494909
388.967083
272.001128
175.248610
101.973863
44.065289
5.983812
-15.387050
-27.035130
-34.727181
-32.547223
-24.077324
-14.712431
0.793737
17.173238
37.194535
65.526433
102.680714
145.568140
197.734968
253.885014
332.666298
430.962981
556.448661
700.257900
848.224253
1061.782063
1287.625552
1528.770953
1787.998792
2036.115272
2347.806041
2641.925999
2906.146982
3187.798991
3390.701316
3635.059542
3823.764485
3984.051056
4098.143066
4225.271715
4321.533109
4394.313346
4421.100650
4441.086243
4439.393012
4387.022725
4345.742153
4268.601971
4152.407410
4034.979274
3865.555185
3672.970875
3459.271560
3226.093643
2970.041713
2681.147131
2405.781369
2102.967677
1811.690670
1508.534723
1256.578239
1014.630064
807.468596
608.475723
441.995482
313.880823
212.618024
137.168303
76.874105
37.019909
12.675031
-3.474879
-14.416843
-16.231209
-13.793147
-7.493298
6.649300
23.293491
44.562693
70.022404
110.519485
149.780199
188.645464
227.457507
304.785845
430.023609
554.054872
700.889218
863.635488
1052.090413
1261.789305
1481.711624
1731.801056
2007.794540
2294.254239
2580.260422
2850.680370
3109.334740
3377.023706
3581.392192
3765.849619
3915.317835
4066.881081
4164.310685
4231.761854
4253.301210
4249.569801
4204.062185
4223.880947
4232.113705
4212.461157
4085.294106
4005.504699
3854.674172
3707.506537
3522.664555
3293.518828
3054.447272
2796.885436
2547.942833
2232.224279
1954.383732
1671.467809
1396.022185
1137.627145
922.815014
709.540955
515.870480
364.599108
248.706390
158.157196
92.757926
41.418505
7.677420
-13.100532
-24.736877
-29.845381
-29.421223
-22.173935
-12.012200
0.793737
21.877631
42.588404
69.682144
111.800713
154.271905
207.870510
252.865010
305.548852
393.947419
493.470903
616.406294
767.391685
943.157897
1126.159752
1362.789289
1622.132077
1883.744998
2162.588026
2395.425389
2708.842996
2985.755879
3217.860216
3411.742305
3630.313025
3780.132379
3934.277481
4040.357850
4071.944643
4115.155705
4155.775541
4202.829543
4197.237218
4127.209243
4094.306073
4012.873325
3921.126450
3819.794686
3658.735568
3466.783863
3270.614952
3037.699714
2764.567703
2507.686301
2239.068699
1960.479385
1649.962363
1386.593803
1150.898087
934.540012
723.583887
524.837560
374.726514
257.378336
181.431468
111.495309
66.729063
34.321553
9.479713
-3.935478
-12.358930
-12.991144
-10.579950
-0.543585
8.509170
25.504593
49.063937
79.702193
113.865908
148.152345
191.890245
245.118804
321.802466
431.811156
536.193416
678.578502
831.693636
1032.826492
1223.487816
1455.509885
1704.854263
1941.078233
2212.283509
2475.712813
2777.131717
3027.577297
3278.777751
3490.888199
3651.501387
3815.778177
3913.111316
3979.630759
4055.751143
4103.029118
4135.449128
4165.905512
4155.310799
4134.324373
4045.597018
3978.345521
3844.248002
3737.807251
3539.361196
3344.155279
3154.480286
2880.203135
2625.017316
2359.624284
2088.471559
1801.464624
1544.475430
1270.438846
1050.133590
852.955301
655.407705
487.076572
332.721678
230.744838
144.089033
82.456677
36.140865
5.637351
-13.659269
-25.455267
-30.984518
-29.058755
-22.568138
-14.328426
5.302656
20.312577
49.692186
76.430911
117.560165
161.653846
212.895748
262.487811
312.165715
405.596953
506.322978
627.759845
774.984848
939.369239
1113.418320
1316.292953
1551.662444
1817.687379
2097.381321
2326.810862
2598.272669
2788.620010
3039.897742
3256.103558
3418.797183
3582.974344
3695.581034
3812.988327
3870.654862
3929.294544
3941.585940
3957.557264
3927.728897
3868.410659
3810.844394
3803.300161
3728.569055
3591.292513
3445.359781
3239.311284
3056.955940
2837.277092
2561.755272
2334.559003
2089.387437
1816.290941
1546.550166
1289.895017
1063.885315
859.981864
683.898612
508.490351
372.350168
262.131529
182.814226
110.263316
65.412478
32.732277
9.595056
-3.507212
-12.471132
-13.333016
-8.959634
-1.534953
12.630529
29.556491
55.125982
79.769731
109.760036
141.923794
186.903681
233.691365
312.442201
406.720654
521.728604
676.861627
825.283714
1002.961350
1222.970595
1457.983450
1685.331178
1907.277460
2127.638862
2366.066262
2625.800295
2841.938416
3012.764219
3188.111969
3413.769568
3580.485760
3702.144797
3778.325311
3845.726621
3893.720284
3925.203153
3917.882533
3908.353789
3894.945977
3829.886447
3719.503663
3607.597029
3488.305278
3365.006875
3189.301485
2957.979361
2711.783080
2480.918853
2235.355441
1965.929560
1720.735885
1448.021858
1205.953590
988.490250
789.538414
604.899785
442.367091
309.686532
216.186071
136.698361
77.122129
35.413839
3.758233
-13.652054
-23.092870
-27.583554
-26.476093
-22.414723
-12.145669
6.759683
23.819883
51.092363
82.520734
117.800084
148.199079
188.286724
237.843417
300.022511
396.193449
479.908809
595.840744
731.015897
931.358931
1112.605131
1306.308079
1537.435998
1767.796396
2028.046472
2281.456475
2515.506052
2770.635180
2943.128216
3138.045375
3281.528979
3415.716643
3508.229041
3612.200669
3638.333953
3622.151068
3684.913045
3729.881997
3744.835208
3707.806281
3653.952130
3612.175024
3537.542825
3419.635006
3258.194313
3105.235282
2901.417279
2664.579015
2438.767204
2181.969894
1962.024499
1702.537405
1418.326529
1198.020957
990.060768
814.013576
636.117187
476.424775
355.450004
247.497428
166.693627
102.699922
61.454613
30.643203
6.773461
-4.081768
-11.447116
-13.155128
-11.040209
-0.540934
13.450956
29.867612
52.180618
80.414769
109.760036
152.382061
203.545483
249.150128
321.123895
412.692082
520.034208
640.987170
795.159938
969.985617
1158.383726
1368.537602
1535.654732
1728.492168
1978.605364
2201.655876
2461.857030
2698.593661
2877.981141
3074.973926
3274.424673
3397.947083
3543.266737
3641.077632
3712.365729
3794.479619
3790.315634
3804.393277
3790.124695
3733.805539
3679.881177
3657.908984
3565.835279
3456.928565
3298.149029
3096.925413
2884.913454
2641.946779
2383.182839
2139.966550
1905.281561
1633.262009
1378.972635
1144.571614
927.616297
742.251106
580.649474
416.670780
290.959722
199.092180
126.433501
77.744191
31.733337
3.849573
-11.755716
-22.530924
-26.660309
-24.888323
-18.182315
-11.546177
6.071467
22.844056
47.665933
71.922288
107.904058
139.350989
182.871137
240.190717
307.083786
406.106745
522.630203
654.783272
783.624260
947.379795
1108.368806
1307.746745
1516.124967
1758.370905
2001.970638
2217.476047
2416.330326
2632.990349
2808.128339
3002.798758
3165.378386
3269.043703
3376.869975
3478.424437
3567.268684
3601.996706
3620.745050
3619.686278
3624.665556
3637.620414
3558.254133
3491.554840
3423.073482
3299.040523
3166.375426
3010.210067
2820.027417
2588.369461
2364.463879
2106.881179
1874.049966
1624.068478
1373.244076
1154.229078
941.226692
766.211183
609.615489
450.079479
330.769784
231.377621
153.817302
97.994257
55.246114
27.655240
6.938159
-3.997671
-11.786145
-12.464828
-7.500676
2.020845
15.904662
32.449198
49.212166
78.354587
109.231071
149.116460
185.288789
237.218117
319.861946
409.886628
514.549875
640.064095
795.159938
975.112854
1148.292059
1363.328287
1539.447203
1762.377389
1981.616504
2243.862858
2490.887841
2694.436775
2906.830725
3045.219920
3177.139483
3346.520189
3430.529516
3477.901174
3534.255807
3525.743167
3557.738318
3568.181862
3537.416564
3550.932273
3473.921882
3437.885347
3343.976404
3223.106184
3090.700453
2911.601906
2727.195757
2505.570714
2287.818959
2067.918997
1795.085453
1539.394523
1295.790079
1073.796383
882.769205
694.271315
539.368098
383.435498
276.287526
190.160667
124.120282
71.778570
32.304168
3.263541
-12.925241
-22.577755
-26.767267
-24.620707
-15.706761
-11.061271
-5.907081
9.473030
26.591171
58.385897
90.326749
128.160456
188.323547
243.848536
303.248560
388.960751
499.243226
630.123773
757.746093
908.892025
1093.518902
1295.610503
1508.942596
1690.747561
1919.120404
2131.746951
2341.279351
2571.868874
2768.752813
2938.694288
3103.719765
3209.547648
3314.523409
3400.374563
3468.486459
3501.609738
3508.951617
3485.603078
3513.253842
3461.647060
3419.435623
3336.601725
3274.812401
3162.740580
3039.855854
2885.018097
2701.891780
2512.983624
2244.109026
2017.863847
1798.516352
1559.899327
1322.671104
1084.804559
895.641213
726.271855
560.280760
416.509956
301.011767
211.865806
148.456022
95.427574
55.812942
26.103082
6.971240
-4.470815
-10.574160
-11.210626
-7.689372
2.011130
18.580367
36.908683
61.257386
90.401381
116.553535
151.085473
196.406439
247.878116
324.908483
420.771165
505.788490
616.751805
766.376161
920.208976
1076.949883
1276.925181
1482.374209
1708.492884
1909.583238
2107.842375
2365.589845
2607.137916
2815.312892
2999.065880
3150.009632
3250.531551
3359.061236
3402.918651
3504.787283
3553.500702
3548.900530
3550.629958
3480.037061
3484.037225
3403.259086
3282.483329
3194.752164
3093.610885
2960.735763
2849.121705
2631.184437
2417.048357
2209.166840
1966.077088
1717.724977
1480.853174
1245.643718
1022.947852
833.133400
666.197861
514.163722
365.173914
256.549331
166.938607
111.246964
62.014760
27.247191
1.953141
-12.828709
-22.280939
-25.495325
-23.512758
-18.660797
-7.878225
3.826917
25.870322
48.489788
71.840990
102.056880
138.934000
185.184582
232.458730
284.689276
373.321057
468.088284
572.777559
689.305155
869.334839
1036.985474
1215.072108
1394.104879
1616.928251
1836.153714
2013.313092
2256.311918
2466.440095
2630.988962
2792.044792
2911.694361
3039.824548
3115.454061
3174.794984
3205.133576
3276.564537
3340.807307
3355.421544
3349.918413
3329.855286
3298.430719
3205.055272
3128.456701
3036.844436
2900.975117
2730.948155
2553.269941
2378.953145
2160.422550
1925.137286
1708.530701
1462.824324
1244.438268
1018.546522
826.108489
673.324015
531.571618
386.371706
281.620281
197.438547
129.608535
86.636050
51.553337
25.638350
5.329924
-3.535135
-10.485649
-9.734499
-7.642198
3.598562
14.291246
38.018765
57.942904
84.079733
116.335289
149.940210
196.311856
245.235911
320.405929
410.527076
510.915990
621.104418
743.211666
892.541285
1053.251132
1245.314518
1442.900125
1651.222845
1880.930029
2055.513325
2295.746635
2519.250945
2712.209165
2875.923152
2984.320592
3087.218663
3174.377669
3222.882560
3287.444248
3285.298517
3303.531298
3309.247757
3249.060731
3221.992533
3197.417090
3090.129242
2998.541550
2859.137021
2766.551260
2648.054383
2442.788467
2253.010723
2046.107597
1839.085668
1624.731092
1411.618759
1180.053086
978.326153
780.380065
626.462645
483.701112
345.831607
238.948578
160.345930
104.393000
57.147347
26.695422
0.726841
-12.713360
-20.311379
-23.506810
-21.178909
-14.874032
-3.929231
11.442784
31.979346
56.100469
76.231920
105.432981
149.145429
185.504417
241.626425
308.824261
393.380581
468.157099
572.457467
733.442848
882.387036
1055.685980
1239.747954
1435.918163
1647.447728
1828.269873
2039.980028
2262.633236
2449.173653
2633.612753
2787.744341
2924.944451
3029.469349
3042.692309
3126.323251
3204.264585
3252.338280
3266.636269
3241.889021
3228.701327
3210.733279
3148.081159
3110.798494
2994.988998
2887.061687
2779.777701
2640.128543
2468.235038
2267.714310
2040.981950
1838.446873
1624.668062
1415.597911
1206.751646
1006.502994
819.092770
639.416145
473.784142
352.073492
250.593961
175.839604
119.560230
82.990993
46.567465
22.661619
4.916240
-4.302794
-9.976655
-10.028854
-6.519600
5.132290
18.102683
37.538524
55.953699
81.489833
113.698974
146.706000
188.757884
234.943686
293.682939
387.562808
500.660990
613.901828
743.211666
901.602617
1069.457463
1267.006930
1444.598478
1596.816162
1789.102990
1989.313334
2228.523185
2448.600556
2596.421271
2772.867356
2927.301382
3013.657446
3140.050999
3216.110223
3266.719452
3287.642803
3320.048528
3316.645900
3275.175435
3255.245365
3197.712471
3122.207839
3059.601577
2917.122443
2786.519569
2602.340393
2394.669586
2199.316922
2002.970761
1804.825808
1590.391632
1362.775312
1150.321315
934.618100
743.139715
598.925474
453.125162
332.658310
230.965280
156.599531
99.627562
54.778135
22.669706
-0.000000
-12.917342
-20.752931
-24.176332
-22.863701
-15.190500
-3.901364
8.484087
20.011020
43.435935
67.008932
96.261582
137.928264
177.781657
226.685864
299.319507
395.031128
490.237557
616.008134
745.928823
891.467228
1041.677715
1214.785664
1377.391760
1582.360587
1822.191798
2004.194099
2209.408556
2382.194912
2497.801478
2663.520998
2812.932424
2956.536011
3034.137262
3077.606398
3177.300711
3173.860926
3153.753028
3161.377274
3172.531747
3171.207262
3124.106052
3077.529744
2969.054455
2851.257361
2705.492325
2561.953440
2412.721156
2219.660076
2032.889529
1813.895111
1609.803230
1369.062834
1144.209110
952.704802
765.455869
643.252644
492.519900
360.788039
255.176322
174.583605
119.560230
79.908828
46.363153
20.310293
5.464066
-4.827707
-10.679298
-10.307117
-6.225775
3.701378
13.884857
29.430526
50.249772
73.631087
102.132320
146.929197
208.866642
271.207204
348.688897
427.545454
523.220521
617.274913
721.733711
859.851122
1023.789007
1212.279059
1411.332801
1600.352849
1811.039724
1979.602411
2210.987836
2382.473233
2566.858684
2726.543890
2829.340261
2933.103765
2972.224202
2988.749827
3010.157965
3020.618076
3009.739354
3065.715649
3036.807719
3022.275588
3007.789805
2923.846826
2872.863111
2769.221037
2623.130428
2480.106150
2299.871342
2109.827087
1904.595730
1699.880062
1493.452968
1279.705383
1095.678062
882.384720
729.545212
579.862361
429.602664
309.057270
216.720837
143.860024
95.328691
55.789253
22.145342
-0.000000
-11.575727
-20.291914
-23.997199
-21.742177
-17.860974
-9.231911
6.972923
24.347747
50.916131
75.675317
108.944614
145.323531
186.144087
238.028160
288.583203
365.830883
433.476443
520.827586
637.328988
792.714370
932.103041
1104.402519
1279.754847
1469.920180
1711.093714
1900.241255
2108.972909
2316.425640
2497.613859
2631.188768
2738.351715
2832.845680
2953.482503
3048.427820
3093.402114
3140.874772
3127.638048
3096.553874
3086.524974
3084.902661
3033.001420
2995.519569
2884.455520
2803.521136
2651.166099
2470.702222
2323.106189
2144.235986
1945.105903
1733.069401
1535.536936
1325.753181
1109.866542
923.432069
750.766177
611.160921
470.674443
344.816694
253.696046
175.225455
115.876631
77.388951
43.894801
19.381694
4.916240
-4.699267
-9.917462
-10.534511
-4.986567
3.093774
16.851133
33.338217
57.461834
87.086536
115.315547
151.366062
180.792292
223.144635
298.148822
374.489760
474.684408
590.116232
688.787372
828.507494
1001.396784
1179.260449
1373.919669
1558.846044
1785.259594
1986.116962
2170.099318
2367.681623
2525.046991
2675.900566
2829.018999
2948.928435
2966.332784
2968.113132
2985.781852
3040.826854
3115.179309
3129.897101
3081.122736
3079.995781
3060.519003
2974.661179
2898.351438
2706.643225
2586.169480
2443.563868
2261.854664
2058.367302
1869.903371
1662.221508
1466.541772
1265.403173
1067.762683
869.349650
720.600885
558.989171
428.533396
307.117740
216.035171
144.670577
95.145442
52.942843
20.026112
0.993796
-12.364981
-19.869165
-22.967684
-18.921758
-12.880114
-3.971031
6.930275
26.876706
46.439911
63.821666
91.386592
125.282570
169.145000
215.437436
271.677902
364.810434
446.690493
518.961451
631.935034
797.981156
952.871316
1093.900858
1255.528428
1461.646871
1668.822189
1864.525545
2063.147574
2234.725355
2344.305848
2442.904158
2588.987239
2733.533431
2838.374419
2902.542231
2954.202936
3009.576022
3013.087018
2975.473178
2917.526091
2863.522478
2827.188491
2792.746698
2733.733436
2623.065440
2482.440146
2362.737553
2222.016797
2020.893587
1818.793116
1618.311600
1436.380053
1231.978005
1047.707872
874.113803
713.586052
585.336528
445.768893
334.924273
232.441968
161.750090
113.686667
74.481225
43.321258
19.981899
5.085642
-4.278419
-9.412704
-9.299538
-3.334325
4.098338
13.830620
29.035485
51.467220
77.005295
105.098947
155.032184
183.361060
234.511008
301.537835
389.158261
468.186967
589.500958
704.800553
835.287533
1007.911704
1180.030431
1381.639644
1539.374439
1700.704551
1922.272093
2124.466786
2318.870875
2470.808715
2557.379714
2687.185692
2761.834654
2842.123061
2909.440664
2976.877926
3031.457271
3030.009036
3035.619423
2989.235979
2942.610422
2896.893296
2843.073057
2772.087720
2665.563492
2541.221985
2421.065007
2193.800302
2001.844067
1809.249723
1614.716668
1420.248181
1205.135207
1014.781728
824.765568
675.465919
533.844482
412.095309
292.589131
205.573279
142.285475
87.346972
49.010029
19.036730
-0.000000
-14.353497
-24.509007
-30.682647
-30.046765
-20.744833
-7.906261
3.826917
26.011690
52.236222
75.174155
108.725850
137.425712
188.555465
233.973118
289.715841
365.830883
462.831314
580.548782
683.269588
823.058707
970.712125
1135.128801
1294.065386
1468.392195
1679.174075
1883.840384
2050.983884
2230.132535
2372.341857
2536.726793
2646.165667
2738.606047
2806.067177
2822.888898
2881.024023
2922.455488
2957.196705
2977.548704
2961.654208
2932.844619
2898.495782
2788.421947
2727.128912
2615.019231
2488.725288
2366.811938
2199.884008
2009.433003
1798.921819
1610.065422
1436.834832
1238.225281
1055.518884
862.885285
703.226613
573.602593
431.392833
324.290021
229.932510
157.434140
109.551672
73.665773
40.354613
17.696223
4.046221
-4.667640
-8.318890
-8.169328
-3.334325
6.343198
17.050949
35.943346
51.773572
77.005295
106.896665
141.994760
179.739133
224.611885
290.795863
379.748580
464.768705
562.188485
672.059955
829.553586
976.117925
1133.831165
1320.388593
1492.905945
1677.260931
1885.215058
2102.242405
2242.479923
2345.137602
2500.558451
2592.538821
2704.603958
2806.624217
2905.220441
2908.470412
2851.065002
2842.193519
2832.540700
2804.072953
2816.050313
2769.099098
2726.612391
2640.919991
2565.128969
2475.358469
2351.887137
2143.168958
1950.460564
1780.421052
1570.008878
1357.591395
1187.620892
987.510302
820.333586
666.304921
524.483318
409.297817
279.535103
199.414186
135.499020
86.439781
51.325026
18.898390
-0.000000
-11.345047
-19.163687
-22.088430
-20.064436
-14.870132
-5.292149
9.307034
27.387948
48.372095
76.009424
105.432981
143.038916
190.574931
239.561352
297.310846
366.504324
459.849213
552.554435
677.196174
824.020225
985.322604
1123.684666
1250.710323
1438.988326
1640.687466
1845.593097
2005.254919
2181.331682
2333.898201
2439.558175
2546.111025
2611.085602
2648.657291
2726.235635
2745.826276
2770.616639
2769.769496
2792.720393
2811.862264
2817.300275
2760.294078
2702.892522
2653.960262
2539.702793
2410.121344
2276.540936
2114.352746
1928.576282
1710.045455
1535.280737
1353.432887
1173.032499
1000.582515
826.624000
682.935428
558.380793
425.262501
317.083694
221.187681
153.326125
105.217746
67.077179
39.553288
18.072632
3.754593
-4.754395
-8.096812
-8.609975
-2.938731
5.730291
18.317339
35.445791
58.807724
85.859198
113.455993
148.086685
188.235728
227.720966
291.287903
374.489760
472.970223
580.269613
701.995977
839.360807
981.040308
1147.781344
1327.071447
1484.548284
1668.069427
1872.615038
2071.411092
2242.670369
2384.554588
2515.492984
2572.652239
2672.421580
2772.816099
2851.413472
2912.715050
2933.097268
2929.947488
2899.885243
2839.494832
2773.273880
2698.214171
2619.075805
2532.223812
2439.984311
2320.896434
2203.575160
2067.194735
1933.113865
1741.795976
1536.780866
1353.539510
1152.176832
953.980580
777.176989
621.434013
495.463901
378.007177
269.742493
189.688925
125.373364
77.516229
44.099169
17.681633
-1.790052
-12.801661
-19.881898
-20.472653
-18.300738
-10.899959
-1.975125
11.655344
31.078484
50.793737
74.357580
107.245764
144.315285
186.463922
233.973118
306.745716
383.545454
464.044503
560.490851
650.463866
782.630597
928.958844
1072.370539
1244.514944
1398.832776
1579.316010
1788.222611
1978.520536
2149.812520
2282.788942
2434.579630
2509.005695
2593.689396
2688.686853
2770.976751
2836.379536
2838.195722
2854.382383
2838.148929
2806.208948
2790.003699
2755.489774
2688.704958
2608.710667
2495.849530
2366.087827
2173.412878
2007.201253
1795.021478
1628.845311
1444.849870
1295.956332
1125.642066
946.290960
786.547689
643.681836
520.048491
392.449565
288.176596
206.788773
142.409518
101.790059
67.123835
37.970722
17.912792
3.641599
-4.667640
-8.695763
-9.223382
-2.145299
9.002154
21.567271
39.012681
62.903107
87.768676
115.057724
142.950688
180.090186
222.736693
278.579044
358.451119
431.208578
553.904732
659.684726
791.286906
947.182466
1107.325922
1287.701981
1455.823343
1632.377743
1839.067198
2029.745051
2213.256189
2374.618583
2498.077480
2537.919632
2595.207527
2687.711974
2744.653861
2814.697348
2872.041824
2880.123577
2836.514818
2775.588221
2711.573974
2659.188261
2606.520853
2529.911023
2444.515611
2323.102859
2197.156509
2049.538832
1889.580987
1702.163594
1510.381502
1335.065245
1124.501135
938.783161
758.589476
606.880907
478.429442
353.053122
254.394866
173.715988
118.483002
77.045939
41.249903
15.520720
-2.022580
-12.458325
-18.443427
-19.937420
-15.949399
-10.899959
-1.309653
6.318120
29.872078
50.916131
76.677639
111.220781
145.378382
188.382933
233.311350
301.353961
379.477090
452.638056
545.775942
670.768328
814.776245
949.887195
1107.077953
1267.146628
1408.128125
1582.640526
1791.100001
1978.854956
2140.368084
