134.884167
388.196775
832.954245
1317.154625
1838.334630
2279.875524
2627.573494
2872.365728
3021.686060
3200.776419
3360.089896
3599.898535
3841.192563
4117.255153
4370.337758
4634.377128
4797.023053
4770.963681
4648.392521
4549.608758
4489.105625
4496.770762
4410.367450
4248.754177
3920.186927
3406.996545
2816.752920
2232.962895
1718.496795
1308.970750
965.238059
729.021833
542.293131
380.825296
257.003796
186.602601
149.809752
123.951937
122.520346
110.768070
106.029911
99.038967
105.972412
80.042733
68.909451
68.144905
54.141040
42.758276
40.173984
31.648068
23.942914
17.085100
13.200186
12.025014
3.622337
-2.850810
-2.388517
-5.556293
-6.279793
-3.955059
-3.067158
-0.967769
3.189451
8.649364
13.739270
17.942830
26.826139
28.155828
41.025513
47.576562
53.580151
57.342278
67.082688
76.543893
94.847665
102.934624
117.937721
123.254390
138.386473
165.997114
160.634882
171.580466
199.559204
199.922169
229.090827
216.787223
235.699878
265.290733
378.112455
575.897199
728.826543
825.231769
871.494463
832.459284
713.436122
620.489281
519.253967
416.986549
323.434559
255.424309
236.820886
225.436370
214.960685
205.377369
196.433213
169.084957
161.590374
148.089241
139.110516
116.464608
112.614185
95.725838
82.964914
75.692016
68.141192
56.256542
48.416886
38.351646
30.530817
24.672633
17.166739
7.896606
5.848298
1.828785
-0.783010
-2.270660
-1.044441
-1.067743
-1.874857
0.114812
5.984315
6.107134
11.505752
16.916899
18.332691
19.603274
32.934038
40.980096
38.529435
57.140464
57.049310
65.976279
78.822179
103.790361
99.845720
111.067617
127.846242
118.822069
129.305531
120.898104
135.606970
146.746700
120.145845
120.476825
135.545446
155.195533
141.099252
158.083526
163.009735
147.556710
127.942513
146.746700
119.263230
125.133163
126.337923
124.190536
118.027779
108.623915
101.421704
99.142565
91.479448
75.545030
76.256928
60.293317
51.795608
50.153909
39.410444
26.937954
20.764949
14.266039
6.546897
3.034937
-0.695961
-2.015444
-4.051985
-5.313661
-5.251255
-5.769829
-2.267030
0.299944
2.792666
6.830937
15.577623
17.084206
27.912217
35.024767
41.095308
49.704987
57.556152
66.927153
74.389356
83.958697
101.463559
98.641528
112.722385
136.318821
141.082314
158.259707
166.017536
185.064089
176.102713
194.685045
207.374007
235.883909
237.306400
227.721913
239.601434
245.253677
240.060440
234.178539
242.355473
310.966958
413.900094
481.494636
488.319841
442.958654
365.821490
276.277011
242.330902
224.087797
226.060740
200.854540
185.573313
180.606147
169.896451
155.318602
144.317322
129.893784
118.105654
105.486705
92.619737
80.308347
63.994887
55.974644
47.719828
38.950102
33.995919
21.323037
15.196194
12.680012
6.611120
2.364040
-0.253251
-1.951348
-2.668962
-0.998245
2.871203
0.107816
8.608817
6.516663
10.185043
15.088179
15.398861
24.804462
33.243385
41.097953
42.551218
51.658718
60.143585
70.217668
70.919824
78.510384
97.491315
93.955140
114.407996
114.238949
122.162448
113.703840
127.888813
133.688660
136.363143
125.375812
149.733805
144.573788
128.059570
154.628609
139.944804
137.371373
144.441029
133.564874
137.892451
122.046234
106.320326
114.960487
110.569418
108.407748
105.813744
90.082490
84.990960
73.399653
68.422459
56.099630
43.102351
43.720624
33.389707
22.543765
23.290297
7.198812
7.541263
9.617040
5.132101
-0.573252
-6.502562
-3.629491
-4.741899
-3.618864
-2.354330
0.140925
4.017765
8.245898
12.585402
21.411222
27.727921
36.135530
43.973454
49.704987
55.238584
63.705202
73.875099
89.014307
97.877614
108.947804
130.036607
138.257313
138.866917
159.423382
166.868874
181.102367
197.196719
209.937836
230.730537
222.661426
228.841136
224.537313
229.482083
230.582188
235.775425
250.934366
242.355473
251.412336
241.896466
244.394771
232.399405
245.019433
218.329306
226.621807
223.101468
219.801151
211.835777
213.496104
180.951357
178.451537
163.106262
145.961012
153.023173
132.111245
112.614185
100.447883
92.321924
78.774680
65.954614
57.116358
47.266433
36.379252
30.574714
26.268397
15.048358
11.541944
6.626009
1.773825
-0.132943
-0.963302
-3.207259
-1.361198
-0.401093
-1.686907
4.410833
10.002625
13.044490
18.477241
20.108785
22.634767
29.850513
40.456389
45.677130
47.394674
61.972662
60.729911
78.916804
93.708392
85.635141
100.625737
104.408659
116.705111
118.142592
130.346443
137.764179
128.962506
137.497402
144.308271
137.245344
140.586164
140.201348
155.053802
148.096716
140.329620
140.329620
127.006063
138.662083
136.994547
125.025631
102.976324
105.979983
94.529840
87.974896
98.002995
84.344289
75.373726
68.909451
61.650061
63.474018
44.269418
33.538991
26.980986
27.560514
17.983202
15.207966
0.177773
1.000851
0.868112
-4.821788
-5.857887
-6.879998
-4.635976
-2.789471
-0.129280
3.305560
7.623566
13.178269
19.825205
25.178011
30.915039
38.425230
54.927024
56.297620
62.223686
75.793321
81.302856
94.082737
106.933361
121.309031
142.356158
150.307933
158.259707
169.479696
174.049489
202.598907
193.861853
226.772378
226.110656
230.605898
214.441667
220.434700
220.013621
230.582188
246.659142
269.556757
372.541480
474.494100
485.070565
466.143687
393.038737
319.093155
261.968210
234.192333
227.437759
210.759376
187.285772
183.983821
177.077323
162.919428
146.847774
139.110516
134.610460
124.237065
101.868120
97.567282
75.692016
68.008878
62.897102
48.416886
41.598995
34.320080
20.303578
16.569586
8.329297
5.246375
2.378938
-0.365594
-2.306139
-2.790278
-1.404003
-3.363912
1.935219
4.383092
5.962109
11.314445
18.518029
23.568991
27.302299
27.227887
45.629387
39.696131
47.462380
64.067667
64.526518
86.400103
81.295701
92.536185
94.765972
111.138998
126.154811
122.401047
130.717801
147.812381
154.061684
144.175513
139.944804
125.835064
149.871049
163.306657
155.053802
150.420028
154.203416
127.474288
129.320404
127.888813
117.608329
108.880706
123.713339
112.312644
109.995783
112.172315
113.215003
105.972412
71.831407
80.241546
61.956778
57.092560
43.842578
45.431180
43.718540
28.712163
27.302299
15.176150
6.896710
11.835488
2.292270
-0.489004
-1.352053
-3.882126
-3.347223
-1.915869
0.140925
3.243486
7.305028
12.829176
17.001674
25.277137
31.552462
36.818061
40.582628
54.909892
63.166468
64.551325
79.002649
88.152547
91.032272
110.762781
131.916456
145.170178
152.456712
176.369010
163.853599
179.811401
201.199628
209.252414
226.110656
227.721913
237.535904
234.202091
235.101139
233.066580
231.022231
236.449711
230.582188
241.896466
242.771656
224.537313
223.891472
217.066070
234.322858
231.109812
221.502208
206.749642
195.087295
184.579880
177.273640
161.051086
149.529280
139.110516
131.586299
109.396835
100.447883
82.964914
79.192953
68.823167
57.843084
50.974814
41.258949
30.187692
26.382202
18.152848
8.468542
4.861307
1.176457
-0.464294
-2.193562
-2.863068
-1.793507
3.561152
3.800529
4.480186
9.281936
11.232456
19.665567
15.653388
26.522674
32.369131
41.639606
49.053451
56.896967
70.589851
71.569741
82.559458
82.891031
98.355983
107.005729
115.720288
110.437089
120.567968
130.965372
145.261683
136.993286
137.623430
130.632696
130.394098
145.768612
140.457892
150.831761
156.931733
147.691711
149.184826
155.779941
133.069730
131.955658
122.909093
119.635161
117.109275
92.566241
98.414716
97.692203
82.115912
83.269529
64.027115
54.368462
56.273762
49.944060
39.351710
26.765827
15.714507
13.195400
6.546897
3.070642
0.982267
2.299411
-4.716585
-4.192673
-6.845540
-4.389692
-2.724642
0.282720
3.161589
9.076424
14.446279
23.916588
29.243980
35.178687
43.236469
51.999006
60.262797
70.432694
76.537853
88.738832
106.411431
104.076530
120.562447
139.822354
136.310808
160.586752
159.369578
172.365731
188.305302
201.199628
218.166331
217.863624
226.621807
241.148541
233.977329
235.550663
235.550663
233.511363
243.467277
225.828994
243.931024
243.235403
223.891472
238.224414
239.525426
219.155306
216.141382
211.419291
199.624200
188.950986
175.014448
174.525211
162.526931
144.010006
136.135826
124.895479
111.188689
99.086390
79.652422
74.075816
57.975401
47.169338
41.131308
34.793235
26.534598
23.801835
17.032343
7.339403
4.188999
1.221346
-0.650849
-2.625450
-2.709416
-2.828744
-0.434060
0.772540
6.149527
10.494558
14.815706
23.437484
17.506374
23.710563
35.005402
42.926033
54.137343
50.083959
58.046139
74.274708
88.264854
83.174904
95.620258
104.148464
123.382178
127.541128
133.146385
143.911667
146.341695
144.972062
155.337264
147.826712
141.355796
141.355796
166.226053
155.620726
149.041726
140.586164
137.371373
139.944804
126.420782
132.327016
121.472169
103.174545
110.353251
94.813714
101.110912
104.258791
85.824389
78.870936
72.033300
55.330184
51.457074
35.280630
32.742813
34.854719
20.474530
12.894365
16.041833
3.941403
0.979612
-0.571420
-2.819911
-3.165135
-6.034762
-5.449283
-2.779709
0.621026
4.823072
7.421397
16.514843
21.708190
27.090498
34.117977
42.693705
51.337442
57.509770
64.832259
74.245190
83.891393
94.241125
109.124398
116.334095
143.131941
152.734099
161.175701
173.320516
174.049489
185.933042
213.748741
217.721548
231.568818
245.915679
217.697688
234.426853
221.213135
232.621797
234.178539
225.828994
230.582188
236.224949
234.876377
233.977329
211.361522
216.013373
219.370586
210.749890
212.051057
200.035797
202.051266
182.990387
175.506792
158.454488
159.229436
133.128361
121.205112
122.137283
97.271067
80.944664
73.169085
65.627245
63.524078
42.900101
37.076799
24.181992
21.032867
17.211631
7.301656
4.110562
1.174371
-0.836806
-2.147008
-4.896110
-1.156195
-1.497367
-0.531128
3.124969
6.203817
11.697059
24.338049
25.278646
31.182828
41.130402
35.815059
47.355922
58.033284
66.037662
76.361943
92.195223
92.408744
107.340608
110.149959
117.032580
120.372959
114.960487
134.346682
136.363143
154.345147
140.457892
135.669232
148.771724
163.009735
141.355796
149.176728
146.166887
155.762458
155.053802
134.307589
138.790355
131.955658
116.063754
114.519180
93.951963
110.437089
99.428255
89.514744
78.028937
75.116770
68.178963
66.560140
46.281665
41.936001
33.439468
31.150457
24.657265
13.019796
15.017071
11.369104
0.976958
-2.028080
-4.082566
-5.143817
-2.700201
-3.996531
-1.857177
0.140925
4.434115
7.562757
12.135472
20.318639
30.112941
31.552462
42.867976
45.014832
54.473154
69.539256
76.999958
85.735160
97.225097
103.207120
129.983704
124.105594
160.522553
165.997114
165.690976
173.850802
205.882068
207.699987
230.262048
221.561321
220.231707
233.303042
234.202091
231.954621
220.645239
234.426853
233.288971
244.550945
299.569279
399.312401
415.385833
388.521050
318.162855
254.851235
241.114358
216.500834
207.960733
199.380765
181.996954
174.328894
159.182744
154.201919
132.447397
120.063206
113.864291
99.256117
80.405931
75.707348
65.362619
52.313855
39.452159
37.076799
26.803529
21.962758
13.047090
7.508774
3.479153
0.786050
-0.970797
-2.253034
-3.202754
-1.124605
2.233462
3.897623
8.479174
10.549217
15.246991
27.369995
25.179124
31.013356
47.725274
52.547479
55.633601
55.132330
82.791959
72.921814
80.998542
106.295646
105.857599
110.735240
123.634235
134.616915
142.459843
141.653105
146.071692
144.972062
139.816532
150.557272
146.299646
156.045920
146.697921
165.623239
150.694516
155.337264
172.074379
144.042755
155.348019
141.254830
134.685650
131.700078
110.569418
128.400319
116.078186
108.727924
84.529052
86.523898
75.535823
68.264613
63.307201
57.708622
40.793720
46.224876
28.164790
17.744788
17.171016
6.655003
5.159843
2.228001
-2.217297
-3.256878
-2.308867
-2.677134
-1.595318
0.234874
3.258110
8.401481
14.051003
17.744465
21.375891
34.344675
39.460303
47.658380
56.365335
59.345501
76.984572
76.543893
100.554290
99.256117
104.532360
136.872212
147.958161
154.958739
159.369578
172.169415
185.119331
198.749147
200.858989
214.400026
227.951570
217.908227
228.161956
211.768378
225.613713
239.142427
203.449060
207.826216
213.206878
219.382003
222.277684
219.722767
201.224231
205.462114
198.686631
202.505375
192.328659
181.921085
173.690015
168.203075
166.017536
143.135097
129.931587
117.524227
98.122012
92.986695
90.766159
68.860814
66.288810
52.431945
42.465669
36.353428
28.639606
19.238831
15.013757
8.322908
3.711011
1.018550
-0.514196
-1.238531
0.361050
-0.340654
2.186540
4.689119
7.538298
11.994568
13.521727
23.089157
25.427929
32.988644
34.476797
41.634730
54.299674
64.989652
72.103842
74.274708
88.575645
98.301146
105.168721
116.977577
112.746380
134.616915
148.392441
142.051380
148.635848
154.486878
147.826712
148.366719
138.883718
165.472535
141.612340
162.267433
146.166887
150.694516
154.486878
146.881702
145.531686
127.530915
139.794489
121.621474
119.397405
126.280840
105.273327
104.148464
94.687883
72.648975
77.415679
68.864177
50.847714
54.442218
37.509778
36.003878
20.583438
16.321520
19.089070
7.654784
9.920637
-1.977536
-3.990823
-2.258090
-3.566704
-3.124165
-1.758474
0.672308
4.748268
9.161096
12.757804
18.501941
21.706021
32.402360
39.558718
52.263632
58.856603
63.113298
72.882535
80.732634
90.312328
91.883041
124.907271
140.389968
153.023173
155.526353
171.896522
169.896451
181.599581
211.716969
214.960685
217.433063
236.158884
227.281871
233.752567
229.262062
211.564950
230.362168
220.434700
232.177013
241.844162
229.702104
223.676191
232.628756
217.806581
209.296713
219.361109
212.051057
191.533913
192.035878
178.624008
172.805636
142.689727
132.624167
135.260917
110.041777
110.079970
85.209568
76.287929
73.671766
60.555622
52.668125
38.956529
27.382603
26.086378
18.203208
11.887302
8.263900
3.434548
0.756294
-1.079063
-1.681025
-1.172856
-1.168831
3.835087
2.683908
9.210068
12.185462
15.392200
23.387723
24.044172
30.900375
40.150059
36.415015
49.946686
55.055651
68.685318
75.106142
99.849006
95.653896
107.340608
102.571239
115.183379
128.171272
131.448020
131.831873
134.183803
149.459315
140.329620
135.297875
135.545446
150.694516
145.901371
146.166887
145.237579
148.096716
145.237579
124.227682
135.859027
136.609731
123.026150
112.514921
112.753952
117.173335
111.827876
93.164335
77.515025
86.325676
64.333832
59.400082
57.509385
54.058822
42.813071
26.077317
13.897817
17.063606
15.326592
9.320077
4.882432
-4.541281
-6.114349
-4.585762
-4.619775
-2.924750
-1.688976
0.929146
5.691487
10.647344
14.195572
22.898112
29.867159
34.863120
42.866658
54.008004
59.934069
72.070663
74.442278
85.925298
95.825010
103.744432
130.047048
146.429018
141.262037
164.909903
166.211482
167.635461
199.349522
209.460156
217.600939
217.380761
210.943099
238.683420
228.381977
230.362168
243.467277
225.828994
230.582188
220.855778
222.916413
242.539783
223.245631
229.508311
208.106677
201.468244
220.021172
218.833507
195.901007
193.656054
172.743990
153.983968
144.534499
143.123374
124.748793
104.087432
103.624699
95.002238
83.091762
62.587682
57.391724
45.257067
36.960572
32.909841
23.912886
14.493609
8.079670
6.274016
2.631667
0.129268
-1.239712
-2.624121
1.106859
-3.915798
0.679623
7.012901
5.736516
17.427910
18.436452
17.642947
21.414021
32.890981
35.592741
45.117533
46.785314
49.764407
60.116477
75.937575
79.725216
103.561339
106.546477
119.979401
115.885716
126.509084
122.323812
125.133163
139.303443
157.507629
145.635854
155.762458
141.612340
163.752039
149.446731
151.243495
163.306657
148.906725
147.286706
137.245344
138.790355
127.411616
113.595756
112.731088
112.202318
115.157453
111.713063
104.038137
73.292385
58.972516
69.813079
51.781559
50.780008
42.623035
36.944872
36.769228
17.594153
15.907914
12.407628
3.744333
0.915898
2.758982
-4.766199
-1.583784
-4.287417
-3.117294
-1.223452
1.182550
5.021908
9.117717
17.545307
22.447258
32.401422
38.379239
45.693086
54.380640
60.338119
75.287148
77.128499
82.174288
104.698135
106.422295
119.849573
139.270243
141.621481
159.617328
167.654139
173.936262
178.817954
212.161753
225.601733
226.784942
228.173961
205.441976
233.977329
244.082456
231.732230
233.956147
224.752593
230.362168
213.192372
218.118767
220.787316
209.937527
227.062002
232.716334
209.276114
193.764211
172.354062
176.906496
172.933195
163.066086
157.874905
135.303436
129.092236
112.469780
109.476712
87.558406
74.501924
70.125886
60.596599
50.188236
37.469638
30.272775
23.825613
18.239660
13.547343
5.947344
1.568610
0.262451
-1.596558
-1.112838
-1.309832
0.536265
1.835244
4.299869
11.358251
11.150468
18.232509
23.188846
19.240250
37.052291
39.867218
36.436456
64.112746
66.702278
70.938774
85.364131
82.039411
97.923649
93.853787
105.472385
113.320445
119.280349
141.481639
142.316896
147.016703
145.104821
138.757689
141.227524
156.612844
166.226053
158.803396
158.371474
141.484068
146.034129
145.370337
125.031373
126.537838
141.520347
116.174081
122.206755
109.920917
109.775129
100.074940
92.569669
73.454716
64.610616
63.490361
58.357976
42.142010
40.878791
32.245202
25.690030
19.857390
13.528141
12.298310
7.214221
0.140325
-2.499810
-1.516321
-4.391656
-4.220946
-3.838581
-1.389854
1.338136
5.276182
8.136763
16.494480
21.531396
25.189939
37.178394
44.519917
51.457808
64.374846
71.506047
71.786200
83.327612
99.188151
112.529215
127.782834
135.870355
154.380793
154.211819
168.635721
191.384152
180.611017
210.340241
236.356274
212.223665
237.670437
223.245631
223.245631
230.142146
222.916413
224.106752
244.785189
224.752593
229.922125
232.399405
230.620271
212.589483
224.421596
212.644743
197.891884
208.438556
189.944419
183.555762
168.231075
175.042922
156.940733
129.250038
141.668273
117.032373
104.480123
85.523897
76.609223
71.316703
51.631302
54.855869
45.346547
32.711589
26.414231
16.256394
12.086275
6.492549
2.399552
0.364142
-1.688343
-1.513760
-1.599030
-1.686515
5.825048
4.801915
6.461592
12.599068
15.791526
27.059012
29.205656
31.578262
42.179647
43.399980
55.435990
56.129160
63.227871
82.907557
87.468486
99.404413
87.716879
120.231459
113.779697
126.509084
134.685650
135.228884
146.206694
130.632696
157.651603
141.099252
136.288161
159.091344
163.455117
168.853321
163.306657
158.083526
140.329620
136.867258
138.148995
134.094624
120.438852
114.629507
111.540357
109.554475
100.385732
101.274237
81.755359
74.345903
82.658570
58.804593
62.389705
36.247052
31.076855
28.653431
19.929995
12.668588
10.439400
1.064565
5.752630
-5.873698
-1.573183
-5.195230
-5.529323
-3.357086
-1.224049
1.174371
4.222652
8.905677
15.687684
23.162327
28.577820
37.552609
44.947331
50.330995
52.077675
67.341895
75.975176
82.494106
103.165968
105.779260
123.712120
134.433107
149.661004
170.812460
176.369010
171.060125
180.807333
202.477085
223.995210
205.258687
225.961744
227.061850
223.891472
214.647465
239.371930
238.683420
225.828994
229.702104
213.824272
234.202091
237.535904
204.845916
223.761532
213.122568
211.206381
211.189936
194.477011
181.339248
166.755364
165.932617
147.159678
134.967695
132.986154
122.041685
104.172829
89.330734
87.259109
62.705772
60.472315
46.918591
43.185878
35.270766
21.703825
18.652322
11.680902
7.373941
3.461526
0.637381
-1.462375
-2.377802
-2.232414
1.421065
0.102055
4.216645
8.730037
13.385224
15.973038
16.144011
21.169289
27.716940
35.181603
47.713600
56.968140
59.818923
63.227871
75.383286
89.404424
97.383231
114.501861
120.357487
124.516437
117.453714
135.455282
132.698373
137.119315
140.201348
150.282783
146.034129
148.771724
146.166887
158.659422
158.083526
145.635854
163.158196
154.770340
144.308271
128.366010
134.346682
116.063754
130.061703
117.109275
114.583388
86.712961
95.070034
84.878145
69.964602
69.062401
53.488275
49.967527
36.247052
32.344724
33.950869
22.515313
8.089132
14.412571
6.461638
3.256350
-3.208864
-1.528957
-5.036193
-4.184029
-3.733931
-1.939203
1.529946
5.371678
8.073194
16.470598
22.156992
26.317475
37.080249
44.096285
49.132351
56.004015
66.087077
78.473636
79.053529
95.983398
115.487976
114.190550
133.368993
138.410589
149.169835
168.243088
168.581485
198.703681
197.154623
212.266338
222.661426
235.470374
219.084038
229.262062
224.322032
223.891472
262.125532
322.504258
417.846518
467.282940
460.118882
415.431220
338.936112
265.786365
231.798321
221.502208
205.907484
203.967453
182.770496
176.296659
170.284342
150.427894
136.362937
124.630829
111.547897
104.172829
89.047144
71.364740
75.718431
54.966697
48.739967
36.863817
29.672134
24.698346
15.690954
13.387020
6.661920
2.491801
0.224958
-1.528846
-2.037006
-2.630066
-1.720759
1.756693
2.163731
8.880555
13.521460
13.967149
20.956523
18.732017
31.465281
45.108333
47.862472
64.723134
59.981254
70.127530
85.571325
87.671194
99.183760
108.394115
113.453602
125.020552
128.801416
144.106778
144.991680
133.936231
136.993286
140.457892
146.166887
141.099252
151.243495
146.299646
146.299646
145.503096
140.586164
140.201348
129.439704
135.732999
134.220653
112.947255
114.960487
109.704750
100.745857
104.732909
94.867326
85.256643
69.964602
70.320260
54.980435
43.169413
34.235646
31.946635
29.309296
22.066638
19.864053
8.058633
7.232578
0.899969
-7.527783
-0.419408
-4.638598
-4.021531
-2.231482
-0.869484
2.217540
6.428425
9.753836
17.666787
21.469234
31.021276
36.492237
44.089077
51.711799
62.223686
72.371040
80.558324
87.740621
99.831186
117.412775
128.225774
144.552474
152.120667
176.431975
175.761651
178.817968
210.377310
197.566219
218.921066
219.155306
221.523388
228.381977
223.460911
229.482083
225.828994
224.967873
225.828994
235.550663
230.362168
233.752567
223.245631
229.063528
208.310105
217.002503
221.724600
199.359280
187.678404
177.095701
166.386436
162.172091
158.742835
129.524709
122.819688
114.198069
102.329062
87.418982
68.492180
69.464322
58.713159
49.412168
42.845832
32.711589
19.650526
15.028061
9.202482
7.119667
2.212087
0.126702
-1.140375
-0.663391
-3.104951
-1.263601
-0.472521
4.963053
5.655947
16.437810
12.216321
22.903737
17.846965
28.966439
40.827126
42.420291
46.853020
60.143585
77.703020
83.921097
80.371886
99.183760
107.235355
114.407996
123.043081
138.511605
135.455282
137.892451
161.376669
144.706546
150.694516
150.969006
146.299646
157.939552
173.806142
162.712815
148.636722
145.104821
139.688260
134.926518
133.069730
124.664938
125.502828
120.802080
111.871337
102.768468
88.686219
79.998932
80.403286
69.964602
63.183644
46.047374
52.042550
44.973364
37.765895
24.350801
17.307811
13.637459
14.062596
7.269291
5.543150
-2.482688
-4.766199
-3.619147
-3.260272
-2.554492
-0.977934
1.312255
4.773433
8.454605
16.145562
21.255353
27.755288
32.017707
44.956101
54.116014
62.183199
73.261914
89.139112
85.925298
99.509669
107.226089
119.020020
143.606450
140.285736
163.727813
175.965079
168.959894
196.941434
220.323157
217.820960
233.175341
229.063528
222.384510
224.106752
221.426045
223.891472
234.651615
211.768378
229.702104
239.371930
227.941934
237.994910
216.644991
213.697440
205.258687
200.579847
199.155852
203.115814
172.821641
178.255221
155.715393
148.621298
136.362937
122.498171
115.424785
105.961870
89.382559
79.611225
64.609041
54.966697
49.296449
39.261703
33.549021
25.119962
16.802961
11.134427
5.688764
2.185622
0.281849
-0.929290
-1.876114
-3.006068
1.933164
1.849526
4.299869
8.223597
10.904501
22.143696
20.870460
26.938268
31.973697
39.867218
48.234653
51.658718
60.224750
70.488082
76.307101
85.830121
113.677962
102.383236
106.024019
116.822167
122.162448
121.242543
135.732999
136.867258
145.370337
162.712815
156.045920
159.091344
141.227524
141.227524
158.371474
145.635854
147.826712
149.596560
136.993286
136.237114
117.387675
131.826106
128.242085
111.430030
117.271178
103.976325
86.376682
83.143330
71.981705
61.037679
54.350889
54.412857
38.922044
23.378719
24.065280
18.391911
11.147543
10.987805
5.409512
3.162507
0.116458
-2.495783
-1.858332
-3.233766
-2.260034
-1.042391
1.878993
6.216153
9.788738
16.843748
28.698402
31.061845
38.997425
46.921395
51.220476
60.863977
67.206968
77.560995
86.663484
105.926139
112.808820
136.416667
140.930418
145.395658
167.095457
175.761651
188.643258
198.218892
205.883640
228.355772
237.523618
232.403994
237.994910
230.397879
245.722165
214.853263
240.060440
231.022231
231.732230
229.042040
233.752567
217.697688
231.954470
214.539598
207.032934
210.780562
200.035797
184.636325
179.593737
175.899425
168.538830
148.450944
124.810095
121.051342
98.572919
92.577677
85.745891
66.602741
68.273505
52.140430
42.919848
36.081874
27.520681
22.859197
14.208349
8.873689
4.415848
1.499720
-0.498537
-2.076518
-1.941895
0.070780
1.578167
2.590065
5.204760
10.221262
15.428503
19.089070
28.753731
35.481169
32.821056
46.597057
44.686407
57.221629
70.968348
75.226449
96.213306
86.623009
100.066374
101.166154
119.205721
117.056279
127.746941
145.341979
145.666688
137.497402
150.282783
141.099252
141.997156
156.896306
163.455117
156.329382
164.197420
151.106250
138.883718
150.694516
136.867258
142.715171
126.815120
115.622447
121.036193
116.535209
106.786496
112.256972
96.241842
93.030327
81.187791
75.568049
62.984375
54.189549
38.639591
25.941556
30.318553
12.106963
17.534039
10.937632
1.008815
0.136622
-6.672405
-4.370664
-5.517142
-4.727360
-1.952547
-0.177806
2.987718
5.691401
12.104431
17.839138
24.781507
31.871174
38.651927
45.582727
58.837018
64.135138
80.144554
87.774280
81.702589
100.576663
108.512159
130.119230
148.368476
149.654199
165.494660
160.483591
188.853797
197.064832
205.244911
237.551200
219.585866
219.509858
222.599790
228.161956
230.842662
222.490593
233.066580
229.922125
234.651615
221.426045
219.171464
203.187394
208.513533
223.541511
212.909659
203.122769
217.499156
195.302439
181.199966
183.777743
151.184259
153.105035
132.953252
118.316169
104.978962
88.621613
80.975552
68.908122
57.807868
56.502203
42.481578
40.918903
29.994182
18.554771
14.003421
10.884492
4.654443
1.773825
-0.565008
-1.601377
-3.286778
0.069545
0.092590
0.732718
10.467408
5.945996
13.235385
19.880726
24.830796
25.564752
34.006925
43.158942
49.500068
52.849697
61.279901
79.387907
90.357804
95.653896
114.006718
110.032903
113.895760
114.698201
121.270306
140.856555
148.773093
162.267433
150.282783
136.040590
146.830679
141.612340
151.792473
156.329382
149.041726
164.197420
148.231717
140.073076
139.303443
135.228884
114.892758
122.792037
123.116842
104.736816
115.183379
110.335307
101.166154
88.605229
79.170927
61.037679
47.196322
51.413003
47.985469
33.282802
29.607863
17.244179
17.824458
15.122238
2.777860
2.406526
-3.090017
-3.562688
-3.015809
-3.207259
-3.067158
-0.747941
2.314735
6.149158
10.579642
15.471226
24.616464
30.844629
37.065045
43.047603
54.777579
63.159168
66.264184
84.896207
92.340464
94.396806
111.091092
128.861171
144.930884
144.676768
170.472527
176.168507
176.488374
189.594743
215.052847
214.419140
219.155306
227.501892
229.063528
211.971806
230.842662
237.306400
244.785189
231.287446
231.065054
248.783500
232.853518
229.730703
225.521702
214.825845
214.825845
201.393558
203.802091
193.256444
182.990387
165.279652
159.007880
155.715558
126.999415
122.510147
115.169326
95.005011
86.353042
70.613635
63.012240
47.882659
40.347012
33.677312
25.832640
23.307417
12.904397
9.485668
4.744458
1.404896
-0.211043
-1.265713
-2.392988
-1.004563
1.556744
-0.492667
4.452445
9.281936
14.134524
16.481271
20.027208
23.022053
33.889457
34.911210
38.705637
58.219270
57.816102
73.350894
86.814492
100.576200
92.941601
97.485009
111.483437
124.528511
118.372218
136.096642
146.476697
154.203416
145.635854
150.694516
155.762458
156.471113
175.963355
149.041726
152.204207
146.432404
157.795578
154.912071
143.511721
125.952557
131.336729
120.094413
106.705163
120.730857
102.457676
106.244673
78.971109
76.315898
73.146775
56.869076
54.490788
42.934478
40.291452
30.269047
19.890511
12.266866
7.799084
4.091552
5.381771
3.162507
-2.379956
-0.417576
-4.100496
-2.887332
-3.377951
-0.535067
2.271626
5.721161
12.654630
17.121987
27.883795
33.905773
38.085184
50.146624
56.971037
61.954319
72.659371
75.576637
98.228982
99.151167
117.587757
128.048421
123.944999
160.538798
165.298344
169.420987
184.305620
191.803871
205.670730
228.814779
219.585866
226.401786
231.509838
230.842662
231.954621
242.539783
219.171464
219.592542
219.171464
232.853518
233.303042
220.148587
218.019491
218.724745
224.762083
202.093778
212.980494
187.361493
180.611017
174.721527
167.956994
139.937996
128.056545
125.399090
110.871912
93.419191
87.364244
73.671766
66.421123
57.534876
43.225924
30.283838
27.512340
21.693827
15.013757
7.734347
3.523757
0.756294
-0.609644
-0.821124
0.055142
-1.575223
1.656718
2.063757
10.912829
13.214928
11.888366
20.354077
25.577212
28.498399
30.474566
42.926033
40.854697
61.241152
58.659573
66.726957
80.052297
89.900981
83.107433
108.383485
123.256149
115.961144
130.691847
150.943601
146.611698
154.912071
141.227524
146.432404
149.176728
156.329382
164.642802
174.121009
147.096195
152.066962
145.901371
135.174089
144.441029
133.193517
131.831873
122.323812
113.526239
91.039595
99.529610
90.460988
95.931050
73.483062
76.617481
65.581669
51.863314
40.786235
37.905213
29.888902
13.226286
9.600604
17.243621
5.839499
5.159843
0.134153
-4.128437
-4.252003
-5.499254
-4.036496
-2.397966
0.169371
4.028758
7.743330
14.163738
19.094153
27.090498
33.234002
39.785415
49.204181
53.961838
69.390350
66.685749
81.749575
85.057597
109.124398
123.289767
129.759784
150.695824
148.677902
172.664643
170.402568
170.662738
209.048268
216.387197
214.634420
229.032563
219.296948
226.621807
210.954666
214.030071
229.262062
241.844162
238.683420
224.752593
237.994910
232.403994
230.175487
210.325704
216.103303
216.356663
200.172991
199.418402
191.832450
178.624008
182.881625
157.901096
151.629324
137.360699
126.829449
111.505466
93.300989
82.156814
80.732634
64.678897
53.730934
43.557271
37.714223
29.220138
24.479122
13.798493
8.242714
4.368659
0.952370
-0.587257
-2.200489
-1.328924
0.068311
0.597325
-1.718497
7.446924
6.902155
14.100465
26.042181
20.516671
23.151149
38.099706
40.783706
44.550993
60.812893
61.442232
71.840156
97.361436
101.379892
105.168721
107.579794
123.130121
117.758617
118.487031
133.968596
133.812445
130.274798
146.166887
151.243495
126.409129
142.253701
156.612844
158.515448
158.227500
155.195533
150.557272
135.421661
129.081806
128.008112
133.212423
129.108585
110.569418
99.903883
115.651604
94.651000
95.413064
89.495565
63.270764
67.644453
58.659573
35.877763
38.526610
32.710754
18.325917
16.957837
8.701121
4.063399
0.157609
-2.072306
-4.786720
-6.787425
-5.384199
-5.067478
-2.574723
-0.481231
2.766390
7.695532
11.357557
21.353687
27.997144
31.021276
36.166414
43.626200
49.007336
65.509205
69.712106
77.705160
94.526148
114.303632
118.637648
129.821945
150.574620
156.514196
171.896522
159.745736
199.999245
191.425594
213.640558
229.044282
228.133514
236.388387
229.508311
227.501892
238.453917
238.453917
242.307909
232.177013
210.751238
241.612288
229.730703
216.434452
218.019491
208.885117
210.993471
208.012878
203.381012
199.922169
174.068424
157.843622
158.823416
145.428955
131.442420
119.926031
119.168609
94.572514
82.291497
73.698337
59.989703
49.199356
39.947789
35.883622
26.982817
23.003628
16.353006
6.670426
5.030030
0.840327
-0.559514
-1.698430
-1.112929
-1.869136
0.594670
