148.506474
415.622134
853.444144
1358.597182
1876.126508
2338.151238
2747.635848
3007.554581
3167.990044
3308.435655
3453.755513
3638.371403
3858.778385
4068.850653
4379.794326
4647.256206
4857.777430
4868.680258
4751.835043
4575.624558
4517.679087
4509.148784
4485.936738
4379.094156
4023.174725
3479.500503
2878.992239
2260.218313
1746.356919
1315.257803
967.640776
702.926422
514.739438
377.175469
259.509440
191.942093
164.198102
126.983171
138.292070
102.162578
104.099594
98.125442
93.906011
86.315935
83.083841
82.565667
59.477840
41.106360
46.055743
35.961149
25.289635
15.974007
13.366382
17.325511
11.591247
7.796115
2.662774
-1.595976
1.658630
-1.395560
-1.440530
-0.710486
1.346744
5.906660
9.692958
13.637425
21.650810
25.579016
36.560586
45.572871
58.498425
58.774234
78.521967
75.794834
88.211554
99.408811
104.730376
120.327514
148.020936
152.284836
168.175961
172.114508
202.242690
202.754214
209.872180
227.556016
223.029635
232.757280
347.517207
511.745581
693.678104
810.359899
832.941242
829.798068
745.821056
635.787913
538.984572
411.626340
306.013758
276.665582
230.031898
208.580944
224.629975
200.534795
188.853333
167.508300
164.931439
162.924837
127.676719
142.989340
113.548147
92.975526
94.059089
73.902091
63.577410
51.239060
39.373414
39.687332
30.238051
14.051367
8.941468
5.887978
1.774397
1.437146
-0.153585
-1.105064
-1.442155
-4.655851
-2.267785
3.532497
8.307393
6.442071
11.908420
16.873541
17.515494
22.596562
31.535162
42.376526
52.621105
66.638183
74.806484
96.269580
99.295111
96.700278
108.604028
109.640603
130.888942
135.067682
141.389960
154.731978
163.022727
174.512481
177.095605
159.140454
151.939405
161.586269
176.898705
183.103320
169.076783
168.924324
160.857090
155.704388
145.451966
131.762911
137.660265
152.246282
131.384497
137.628846
121.309395
114.208961
118.535774
102.464564
75.107306
71.916755
69.689782
66.063791
61.376534
45.510331
45.191127
35.968606
22.054900
11.875311
13.000379
11.371175
1.287704
-3.028525
-1.940700
-1.838150
-1.753958
-0.422776
1.748554
4.771369
9.504278
20.349034
21.665387
32.926552
38.652908
44.200094
52.104794
57.004557
56.602835
77.572453
81.421550
99.180867
113.708966
125.431305
140.974118
144.693730
156.703152
165.225295
157.333993
172.976875
197.788667
201.066709
207.443453
219.716562
220.551193
231.124379
221.803139
218.896520
236.321028
321.255838
428.392144
478.451067
461.528786
400.607657
300.382277
250.438462
206.055064
191.408200
190.312632
185.711527
173.342577
170.051262
152.981700
154.692470
126.388060
118.072460
95.671809
92.567738
79.470057
58.730133
54.634509
41.510881
39.822298
32.758065
24.427476
15.276143
12.131055
7.437722
3.750081
1.667781
-0.091907
-0.686877
-0.522162
-0.714763
2.970509
3.061397
11.381526
14.387707
18.777666
32.090962
31.407452
38.361741
41.263644
44.023990
49.853107
67.208553
88.204459
88.632712
100.130527
106.844648
129.824367
132.228522
145.293066
141.986563
131.892377
153.538940
156.267882
155.421546
156.411492
156.270072
168.924324
172.762441
171.679777
149.760674
159.714968
169.076783
166.178005
150.843358
164.825743
162.722224
153.682568
142.751173
130.880626
119.948694
110.846147
96.790836
93.607581
86.315935
66.874389
69.823700
48.505001
48.710253
32.081299
26.762409
19.550442
14.378179
13.073493
4.871421
4.312772
-4.457570
-6.143398
-2.936752
-5.573384
-5.424371
-2.748043
0.058509
3.190954
8.688733
11.097734
19.583201
27.517273
32.367061
42.902801
51.298564
59.672888
70.477089
65.297053
78.466637
103.870126
104.481466
122.365536
140.517924
141.515632
152.497584
171.720654
187.160192
185.691501
196.821188
213.323316
226.966190
234.083340
255.027017
237.684622
248.063535
249.939252
229.284818
232.432630
249.704787
256.717536
240.385584
241.754179
230.034169
230.470253
223.461027
213.874146
211.996227
222.288771
204.067235
181.533967
162.978235
140.711365
149.354540
136.970324
129.148203
111.064289
103.903765
92.710067
75.014482
68.081036
58.854803
43.820939
36.168016
30.920843
21.405755
15.479522
10.162680
6.728475
2.701821
-0.352134
-1.630873
-2.131196
-2.404913
-2.278687
2.375876
6.929880
9.825089
15.479968
24.274665
27.662422
41.719092
35.557944
41.144900
44.982203
55.646221
66.063791
80.127304
92.500723
106.358438
86.410997
101.267221
113.271862
112.496848
136.435801
126.625136
136.549180
140.480121
140.736472
148.951886
141.890050
156.977176
159.571340
157.542860
166.178005
160.711253
146.114920
151.665393
147.064712
158.232042
153.682568
140.015749
118.020240
131.379676
112.609570
109.566068
97.762194
94.437656
88.973846
73.492651
59.177067
56.169338
46.387557
36.182449
31.054942
16.002841
21.165867
10.083864
7.242881
1.624418
0.695804
2.737381
-1.219689
-1.743696
-1.645553
-0.594021
1.749987
4.773795
10.432408
17.768457
21.559456
25.944431
30.452345
37.071508
46.336994
61.304038
69.888742
73.839020
83.409998
96.686093
105.219436
126.409225
143.657862
151.534664
177.150391
182.992806
196.067638
203.832693
212.808862
219.350118
241.967456
218.047300
243.492204
227.774946
227.343554
246.973980
251.256232
351.648049
437.532901
467.202210
451.173190
385.966685
291.596894
246.520017
216.278689
195.118507
196.533500
183.416957
172.562429
182.945513
175.856128
166.283260
150.669075
133.473966
121.584912
104.665523
95.092705
80.605975
59.576135
64.437391
49.823516
40.801474
32.655542
24.525218
20.278802
12.151317
7.603422
3.094813
0.233891
-2.068788
-2.799223
-1.668130
-2.169659
1.169399
6.863247
4.736758
13.499115
16.722885
24.894863
29.488142
33.812811
41.827963
50.465395
52.184097
62.597661
68.295048
77.440164
102.612359
99.101078
94.973225
104.408130
108.415496
122.567403
126.625136
143.595697
150.158330
148.277895
131.518284
142.146400
142.146400
147.175645
169.381701
166.027754
169.229242
169.381701
150.295335
140.480121
137.053052
130.790490
126.744481
118.132962
122.090022
113.285904
100.671164
89.833215
80.390878
69.577678
69.991747
53.896359
52.658921
54.103238
34.313860
28.036266
25.200093
20.913392
16.685221
10.384241
4.616332
1.315005
-0.997244
-2.320558
-3.692543
-2.168851
-0.352134
2.151794
5.792339
9.373184
13.437083
21.925372
29.005805
34.956014
36.355416
40.665594
62.731310
66.121013
91.557869
92.818649
89.997576
111.436115
119.944090
127.820036
145.045355
172.384618
183.410122
180.940111
184.914786
201.772665
193.772862
208.877736
211.498788
208.349141
194.370421
214.119841
203.961316
211.827464
203.961316
221.594482
219.515455
201.092543
212.708505
209.236913
193.731816
203.229030
201.664529
179.421605
203.010534
190.505227
175.267627
156.466662
148.834142
136.637468
119.138921
113.084054
108.674402
89.294470
82.685273
60.620485
48.958567
42.068021
32.292783
24.502407
18.615276
15.207951
8.498456
3.995413
0.846501
-0.085690
-1.692415
-2.479300
-1.733547
0.960090
2.949668
3.519490
9.771837
13.831605
16.061779
21.039629
20.413972
30.595640
42.650808
36.403748
48.067872
57.508878
73.354592
73.846406
87.141595
101.120862
101.267221
106.757107
110.846147
129.494979
119.034741
129.250728
130.563524
140.992823
141.890050
142.146400
147.838599
149.760674
151.802399
147.308236
142.018225
142.018225
148.143097
133.343093
127.445487
127.937932
107.683775
115.266731
106.489106
101.989449
96.989789
96.295123
84.404208
77.560836
59.028952
61.920730
49.838419
41.937444
36.569723
23.050463
14.884078
5.731740
8.168261
3.657952
4.011101
-1.978751
-3.844797
-3.808525
-6.286490
-3.605487
-1.215481
1.638237
5.759584
8.920331
15.685740
28.235684
28.760430
35.789730
42.063194
51.756773
62.085617
71.784911
73.839020
91.085482
101.570218
111.340397
128.699803
143.845405
151.534664
154.508942
162.974781
179.345925
196.138242
215.161276
225.755375
212.500863
220.709765
207.561432
191.993360
224.085822
212.910125
229.069122
236.766496
223.030804
220.968508
230.688295
218.881931
224.755203
222.382547
213.456831
208.657704
197.878337
200.122172
180.774411
182.354731
178.150286
157.617406
147.472285
122.337225
101.632358
86.683104
86.586857
71.161916
65.556696
56.940010
43.317251
40.063463
28.511649
22.459554
17.773731
9.946441
6.177852
2.479241
-0.186970
-1.456738
-0.453682
0.021884
2.391018
3.519117
4.241673
10.639726
14.678977
27.360897
30.049194
35.835881
31.701136
43.740878
52.382280
58.984641
74.508053
88.712444
90.111581
91.217010
93.142906
113.894693
115.526043
136.731764
145.663506
155.169486
172.921666
167.552195
175.307889
169.076783
166.929263
176.739624
194.431816
179.031077
172.453109
169.686618
161.440433
170.287778
165.126246
159.107058
161.820716
145.500133
141.672789
140.567926
128.816170
138.309620
122.535581
107.883542
106.601543
93.384840
66.966893
51.770675
49.898574
41.133232
42.170815
34.690677
21.544581
20.327709
13.565613
9.558827
5.374324
-1.061444
0.026207
-1.691254
-1.440530
-0.769280
1.356566
5.111767
9.890880
12.994183
20.105479
28.811009
28.498592
38.862660
49.324576
51.623010
62.639615
74.253846
80.857197
97.838371
114.137354
118.330377
145.265152
157.935739
152.526415
182.366834
178.947379
197.077362
225.851205
226.971469
222.813939
234.758580
236.559221
230.906337
237.009382
229.816128
235.430091
228.206338
241.071900
242.436458
236.559221
234.761889
235.208741
226.763542
215.223671
212.058617
226.744042
193.494326
189.309588
184.726303
176.643837
155.414489
154.160265
134.956832
119.037708
99.975746
77.620103
75.916719
70.211822
58.319128
51.433466
40.063463
34.636217
22.869400
17.619177
12.010839
6.514826
2.619575
0.102940
-1.279865
-2.413478
-3.488573
0.028233
2.916149
1.428760
10.582059
9.106573
17.137191
23.293813
24.921125
40.838975
34.190754
43.268508
49.544684
56.018952
69.955098
71.399368
90.697551
102.915453
105.846233
113.389000
108.090574
116.442128
143.020770
131.884463
145.849739
147.043055
142.146400
133.427805
149.895472
142.530926
157.967122
159.714968
157.260018
156.977176
132.234355
128.733999
132.492226
137.660265
124.517053
124.834959
115.991239
102.599555
101.502299
88.489780
87.266551
74.192932
74.465478
56.551718
51.907816
47.250272
27.940628
23.201119
15.070462
10.241774
6.235393
5.512837
0.049307
-1.305405
-3.890750
-5.938840
-5.385790
-3.836608
-1.486476
1.129853
4.622170
9.141571
13.112909
19.758833
27.602155
33.737653
43.141814
50.617871
69.459289
68.201288
81.216318
89.200955
100.910555
107.230979
118.163949
121.625484
157.344957
167.389530
172.570635
184.648808
194.051665
209.225093
228.108600
236.760771
223.892419
242.563730
226.265074
227.127858
238.134783
241.071900
238.134783
273.024776
375.709626
429.294390
419.884950
363.042105
270.758807
247.057422
230.382863
223.729654
219.002971
205.558261
160.282922
178.748105
164.254060
148.916322
126.477564
130.277101
105.884336
93.581949
83.810243
61.407764
57.642973
49.114522
40.512003
39.951735
25.305172
21.925689
9.367578
7.606797
2.662571
0.378772
-0.990084
-2.172130
-1.979685
-1.284566
0.597408
5.374324
9.425695
13.233122
15.884497
20.618837
28.046003
28.865823
36.501109
46.005778
49.473906
57.354076
58.725908
69.823700
89.075531
90.623280
96.931059
100.047814
110.183060
120.885793
123.814228
136.801116
148.412693
138.690634
142.146400
130.139648
149.491078
152.624434
150.165068
142.787277
142.530926
132.353700
134.315513
133.950855
143.993469
128.654002
117.034965
132.014336
120.534381
111.067177
108.414826
94.701825
87.456675
87.937409
64.861965
52.891105
44.984181
41.997184
29.096525
21.522075
15.887505
11.194422
8.025895
4.469193
1.606217
2.635877
-3.645664
-4.395008
-3.570438
-2.811699
-0.369929
2.312466
7.341324
11.721592
19.341656
26.869828
34.913833
38.126799
47.156954
56.825642
71.452882
79.050549
81.655693
98.026150
111.018474
122.562646
136.718775
142.257937
154.949495
170.577902
172.902218
178.810038
196.972873
218.102650
235.167982
232.282699
228.071793
244.420678
246.277625
237.684622
249.001393
234.984623
230.688295
239.260183
217.658651
234.761889
247.125677
226.265074
213.119798
223.928997
217.637235
214.617492
213.462988
190.505227
184.726303
170.140622
172.371361
141.174388
130.313200
133.573428
100.121060
100.979250
92.199858
69.214394
63.800977
53.371437
41.117764
32.751587
20.088304
19.392533
11.949104
5.993131
2.304912
0.230970
-1.507788
-2.856350
-2.019017
-0.881684
1.142098
6.885458
9.612079
11.706583
22.909383
17.444581
23.782091
30.383170
33.969455
50.465395
52.409677
65.444719
58.951487
71.485599
82.418410
90.523803
92.911244
97.922073
103.995702
122.806093
135.993986
136.549180
128.968273
134.437065
146.777873
139.950313
150.030270
150.165068
162.461285
135.044828
147.838599
147.043055
141.505524
133.829303
129.847453
138.813843
120.049241
109.190293
113.277469
105.138512
102.541217
103.541672
99.317692
75.710924
71.336126
63.686662
42.102207
39.446614
36.901672
32.879689
15.043836
14.907151
16.522713
11.850752
7.281261
3.430106
1.151198
-0.834603
-0.869353
-3.741426
-1.210797
1.029404
4.981553
5.555320
11.929507
16.295407
21.205447
27.377705
42.400599
40.243153
51.398074
68.722833
72.450227
87.297445
104.896848
104.434217
117.318775
138.418070
151.911269
173.507986
172.769908
171.858074
182.748585
201.354684
208.240389
216.489693
224.755203
198.623985
215.801848
212.910125
221.594482
230.470253
227.990642
228.637730
245.117033
230.252212
234.093686
234.533501
222.382547
215.223671
220.440327
210.581592
212.154736
188.065624
178.778534
172.419291
148.313742
156.468608
141.876641
120.272254
106.741446
93.000694
91.890462
75.360048
62.133436
53.615142
45.575440
32.463450
24.282824
19.016848
10.356000
7.021017
2.713131
0.252515
-1.900867
-2.438988
-0.999107
0.937339
0.034177
3.418933
7.221251
10.730382
15.955410
25.149412
28.099120
38.224939
42.102245
33.142241
52.334484
55.567792
60.914518
77.161602
90.801442
98.776156
105.057176
99.736138
119.106395
124.712866
128.359440
127.211212
131.637629
131.995664
134.801723
140.076281
140.580152
157.684281
157.260018
147.838599
153.172457
142.659101
151.939405
131.876320
140.095596
137.916616
124.985602
127.508573
113.830042
105.346296
106.790888
103.974901
91.319617
82.361421
71.168079
69.157359
57.447623
44.106718
40.264725
26.089141
20.210186
13.872280
9.381625
9.461952
-4.824664
-3.412580
-2.812925
-7.553584
-6.338416
-4.310437
-1.638256
0.926464
4.037085
9.426455
14.249296
21.418194
27.420338
32.577921
43.988787
49.732058
62.717061
73.738156
72.701167
91.704321
94.056231
113.793935
125.002724
133.090102
152.634576
167.747371
173.795954
174.477637
191.250777
215.176609
215.643406
231.974848
233.858260
228.071793
228.507877
239.252490
220.342536
240.389621
239.035103
239.479916
222.397794
235.430091
238.342785
225.186595
215.543408
215.012667
217.637235
214.401796
201.563342
200.664423
184.128483
177.431547
162.974781
137.303180
127.609717
127.998111
108.831447
95.683343
88.891007
71.917903
65.487288
52.941339
42.172066
37.992175
24.620086
21.742164
12.492246
7.664610
3.227691
0.437139
-2.034139
-2.018545
-2.005906
-2.158756
2.770900
3.974060
3.899371
11.533579
15.671758
17.090017
22.049532
28.611275
37.354426
42.803969
49.049237
61.841448
60.217910
69.487605
88.262056
94.022089
97.450518
112.686176
107.765653
115.765794
123.931366
136.297244
155.845809
132.115009
134.801723
140.076281
142.402751
140.832088
152.624434
143.428153
147.706008
147.308236
139.698377
155.562967
118.271450
138.942018
127.221861
104.649495
114.051071
109.390261
97.785603
97.515335
79.763787
74.949145
67.985512
44.481175
52.319239
47.183909
35.376208
28.501213
21.242583
5.720567
6.141729
1.856478
3.209673
-3.303552
-6.061247
-4.322319
-6.030298
-3.777687
-1.374290
1.764777
5.702982
10.983869
18.248685
24.670658
31.941035
40.698767
45.816576
58.779667
64.123273
75.718726
82.574546
89.724694
91.402245
116.048998
124.722317
140.063727
154.172456
173.714298
188.302583
177.552466
207.142843
200.520053
214.833188
220.441283
231.420875
226.981583
229.598086
237.684622
246.891212
238.134783
227.774946
250.545800
228.422034
229.598086
248.177693
228.507877
223.029635
221.519763
207.962010
204.867337
194.689965
207.793899
186.699598
173.588189
167.052199
144.869543
142.237650
130.446706
119.784329
89.740681
84.935212
69.346483
63.019249
53.777884
44.425031
36.079393
27.922458
20.067056
12.388335
8.717717
3.742250
0.748450
-1.085413
-2.570715
-3.159462
-0.838883
0.033231
3.318376
6.210726
11.418243
19.663405
21.479170
22.007452
30.223818
36.082929
44.639351
43.115556
55.342213
72.890322
73.050457
76.764887
90.523803
101.158914
103.649980
116.551710
129.369011
135.737636
143.595697
140.480121
160.565417
152.213417
158.996825
143.171803
147.706008
160.576739
152.898445
147.308236
162.023778
146.645282
146.380101
138.060795
126.508388
119.936519
116.371878
102.659961
102.497871
106.465966
90.783830
81.982776
76.659466
64.139820
50.177587
50.701135
36.655014
29.672255
28.966159
29.120372
10.481816
13.811461
5.606502
0.862141
-2.043628
-5.660703
-5.912645
-4.880833
-4.407301
-1.832387
0.617785
5.655873
9.516225
13.743404
20.051698
24.117358
31.956033
42.305269
51.040782
60.564589
69.605207
76.487611
88.258691
91.867992
123.403229
119.270968
135.858159
144.042697
171.444871
173.795954
185.496699
191.457089
217.874416
233.292266
229.131577
253.115004
220.287758
238.797637
237.684622
239.252490
237.909702
230.252212
244.188560
247.594606
249.835368
239.252490
226.265074
222.598243
217.122703
220.222286
209.737578
206.361520
199.268107
185.324123
179.006965
167.052199
149.096827
137.558828
122.897570
119.442088
98.876164
79.004704
77.622909
73.977399
56.818560
47.563551
35.358965
25.825141
22.956383
11.379768
7.840136
5.127434
0.736860
-1.408537
-2.100911
-2.205780
-2.941040
2.205530
0.039715
1.578916
14.182586
12.629269
22.549899
18.472819
29.692643
35.843969
44.502210
45.591204
61.841448
65.370443
71.054443
88.363740
94.022089
104.944454
114.929317
99.078800
120.182969
118.922019
136.045308
140.351946
131.518284
147.043055
139.446441
139.950313
152.624434
157.118597
148.236370
142.530926
139.572409
141.890050
131.160249
137.934827
129.370073
117.255994
109.086401
104.836612
100.670427
91.553959
95.000255
91.817000
76.400773
67.667079
57.471833
47.204100
36.400465
30.825944
23.276448
18.785714
14.705313
9.281608
5.486076
1.647169
-6.018654
-5.485177
-6.496785
-6.286490
-3.565359
-1.480259
1.579729
5.759584
10.277854
18.967452
24.740155
29.625876
40.034647
51.517141
62.164641
60.106569
76.420688
81.355734
88.059203
98.623591
116.742864
137.448012
137.183521
162.102027
170.368424
175.610529
187.791934
202.342853
213.156667
224.404894
230.256978
226.545500
243.492204
238.342785
227.127858
228.853426
213.313364
237.909702
246.741862
217.864963
237.234462
234.984623
243.027967
225.891374
214.291462
207.343075
218.477951
202.185288
192.143323
196.866358
178.219256
163.162324
145.748605
127.609717
130.099774
98.856713
97.012279
81.829337
77.763531
74.272718
57.485325
45.099841
43.135819
27.360261
24.011428
12.899601
9.045451
4.739187
0.667819
-1.076992
-2.427898
-2.742928
0.837235
1.087495
3.307203
6.941202
11.360575
8.761518
21.991963
21.965373
28.254906
45.191127
54.027243
48.199900
56.812270
72.240345
70.709519
85.947874
91.515956
105.282621
107.875234
107.765653
128.361268
126.147755
129.250728
133.099988
134.680170
141.890050
156.977176
150.299866
150.165068
150.434665
147.308236
149.491078
157.118597
139.698377
141.377349
137.304988
119.466286
117.808567
123.111404
111.989633
103.006293
100.667551
108.100678
71.673245
78.798979
73.900071
64.482746
57.297237
39.723239
34.007707
29.105643
24.111415
11.616434
6.355819
8.501473
0.876198
0.742660
-5.814288
-5.143608
-6.098615
-4.504165
-2.325267
0.468068
4.129445
7.472329
13.743404
19.732384
27.411843
34.865214
36.182476
53.556078
60.011488
61.223160
70.411290
96.620766
103.014523
113.793935
121.252989
136.772413
148.158891
157.987721
178.459463
199.195919
174.318182
217.192136
215.643406
230.610290
226.327458
226.109416
236.334142
234.316420
233.870952
250.782611
259.735659
330.571464
408.629763
444.102905
412.017993
359.845804
288.248413
248.264937
218.931411
224.404894
213.681030
193.756278
194.260322
186.299300
163.684393
158.557388
131.977481
124.321789
111.187105
94.744457
87.914719
77.710728
60.926298
58.903124
44.874905
41.946750
25.463239
18.582865
15.146310
9.176544
3.240603
1.031605
-0.885469
-1.101282
-1.460977
0.025531
0.564609
8.419513
9.947712
16.200515
16.308579
22.224436
22.896352
23.269830
41.005118
43.885076
46.833604
55.267020
66.656656
72.519824
74.417457
83.382814
102.778581
99.008895
120.701633
128.487236
127.508573
131.155148
140.095596
139.194506
129.553960
130.139648
135.044828
140.454185
142.659101
150.299866
142.274576
147.043055
161.877942
133.707751
123.994522
126.508388
135.037566
116.371878
111.773019
94.432430
93.730740
95.497638
86.168432
74.781098
60.515292
48.269879
35.382419
42.654324
30.965428
31.360400
33.753071
18.260080
5.106053
7.403043
4.870565
-4.051144
-4.992523
-4.757234
-5.235157
-3.178489
-1.850592
1.179408
5.919542
11.006017
12.572750
23.673381
30.944351
38.428649
49.082657
56.410589
62.663329
67.964566
81.812789
96.195440
105.752450
121.118609
135.960586
138.783772
154.749161
167.788077
181.949518
179.943745
186.121216
199.894081
239.570834
231.382379
232.089078
247.940881
229.816128
230.470253
236.098294
230.906337
236.766496
240.389621
235.875559
230.252212
212.103647
239.025063
233.408099
227.857127
236.064415
222.288771
204.275892
200.311396
181.960876
173.780424
163.912495
149.638341
149.442712
129.926308
108.597819
101.921514
84.653970
65.728525
65.487288
49.935984
44.425031
35.667057
30.306690
17.068035
12.126148
9.890880
3.368025
0.631286
-1.015449
-2.656406
-2.236416
0.447470
1.146648
0.040526
6.264113
11.735416
12.802273
22.456910
17.389254
25.897513
30.596754
38.353047
51.808131
48.511164
68.540077
75.768793
89.554741
85.840627
111.587655
111.983351
100.362498
119.597282
134.584058
131.276700
138.186763
124.670855
139.572409
147.573417
147.308236
150.569462
148.103780
135.652591
162.461285
152.898445
132.115009
134.072408
138.186763
119.576801
127.818586
104.947925
107.216349
90.207586
91.553959
89.232611
73.398878
70.532978
66.022978
60.304965
42.378831
39.059340
30.965428
23.389440
11.221944
14.791815
8.186057
5.432553
7.929382
-1.985238
-4.953056
-5.598446
-5.122976
-3.247315
-1.374290
1.685732
6.576598
8.389983
20.702982
24.018567
34.298339
36.890952
44.934410
56.818377
63.468371
73.682080
85.745988
93.483417
104.683273
110.591404
137.640247
144.595577
158.526521
170.771663
181.554136
177.825401
193.107581
197.233811
215.643406
223.928997
234.983661
226.912162
238.359862
230.688295
238.584943
236.098294
230.688295
238.810023
238.584943
239.707343
236.784302
233.425483
233.633180
207.869639
212.691628
216.343060
212.244836
200.520053
195.512269
172.039513
176.618626
165.025124
135.869653
131.140572
99.137955
91.966273
90.072283
77.019352
67.324606
62.663329
41.542843
34.384365
28.228271
16.837374
14.047765
8.641321
4.028170
1.220487
-0.603710
-2.338610
-3.856073
-2.787860
-3.107188
3.251338
6.721164
7.721338
14.430088
10.550298
21.628739
30.649964
36.734949
45.227219
53.019625
57.636429
59.985707
64.960395
81.182609
91.515956
100.725685
126.491500
115.848885
118.894458
138.689842
128.773347
140.095596
148.277895
139.320473
134.801723
159.427711
156.977176
142.915452
152.350422
142.018225
134.923276
122.339666
131.756974
132.735330
117.080071
115.780385
115.819304
102.659961
109.931796
106.465966
95.000255
86.261286
70.931020
64.290206
64.482746
45.999761
43.191983
34.567714
33.251511
20.564750
10.501819
12.753978
3.846229
5.031133
0.761402
-4.043929
-5.216054
-5.243598
-4.622419
-2.462270
0.343868
4.354807
7.656032
13.321827
22.456625
26.595666
33.587285
47.982983
47.644365
56.956880
64.294479
70.796963
82.246331
103.385954
121.902885
115.501099
139.948257
158.069638
154.347807
173.997573
187.371196
184.481784
207.139774
224.242353
228.456337
234.533501
227.199625
235.883981
237.909702
237.459542
238.134783
224.085822
230.252212
255.993028
239.707343
246.891212
235.658901
232.957939
211.262994
204.038870
207.614415
192.398025
191.103047
177.166518
188.362416
160.177318
152.497584
138.079226
125.653214
114.670835
92.669379
95.168624
77.572453
65.605449
55.808489
44.489388
33.450730
26.518434
21.500417
15.455419
8.884738
4.529378
0.981048
-0.707737
-1.539197
-4.123339
-2.711271
1.092046
0.038500
3.742949
11.072236
12.312095
24.233037
26.014878
24.534969
33.028932
35.075952
52.710022
57.716038
59.289099
70.019670
79.854366
83.289961
86.075578
102.891829
102.021758
110.256718
113.505933
126.391251
130.086143
128.851136
134.680170
125.234467
149.491078
162.752958
139.446441
140.328217
147.573417
139.194506
122.560695
146.380101
130.921559
129.131382
124.868465
119.034741
102.659961
102.904608
109.519972
95.895545
88.787537
88.633746
71.252102
62.694739
57.222043
42.714064
40.085506
27.413621
16.406516
14.907151
6.195251
4.636788
-1.566486
-2.004701
-3.906068
-4.781382
-6.563835
-2.935096
-1.903707
1.703922
4.746641
11.129628
15.008134
23.270430
31.491161
38.428649
51.517141
61.278684
70.696871
78.050835
86.528769
89.879392
107.463655
111.173969
125.530162
143.657862
146.280655
170.166805
174.563367
193.263591
192.901269
201.146027
235.389911
240.326203
234.983661
221.975786
239.479916
237.684622
249.001393
220.551193
246.045507
228.422034
231.124379
222.608797
219.299247
228.071793
220.498761
223.710956
205.046966
216.127364
218.279555
203.618473
178.495742
178.810038
171.917581
159.127055
135.698533
126.485354
102.882018
97.455257
92.477398
72.574089
73.238047
58.387561
44.269143
37.849429
28.813713
22.929761
16.812340
8.132678
4.914712
1.029119
-0.707737
-3.207713
-2.703461
-1.167787
0.032421
5.821008
3.048293
5.138178
16.534564
18.003466
23.117787
33.454371
39.950371
35.518550
45.060302
61.169258
66.570425
75.583086
89.035282
85.270258
92.612814
119.543517
102.645109
109.931796
124.834959
131.155148
137.934827
151.391382
119.462829
147.440826
135.166380
157.260018
157.684281
147.308236
152.487428
139.698377
134.437065
134.193961
123.430910
119.466286
108.598935
113.939162
103.057868
109.715182
91.832521
96.094499
86.354140
71.249453
68.224337
50.611220
61.776062
48.444802
36.013618
23.803746
19.184703
15.253158
10.816832
7.634388
-1.634967
-3.576122
-7.769272
-7.189336
-3.887892
-4.237350
-2.112805
0.196496
4.121200
7.375077
15.771849
20.719880
23.893379
32.816430
38.689141
47.156954
60.011488
68.442698
75.896973
80.649040
93.441141
110.372703
111.112643
141.869417
153.997191
162.071213
172.989477
175.559733
184.885023
214.051208
205.110523
230.382863
223.245331
216.795354
234.093686
236.784302
236.784302
246.277625
222.608797
235.207357
236.543763
228.943960
244.884914
221.342775
216.586697
229.416267
207.962010
208.657704
220.803612
193.756278
184.520931
175.510539
175.161187
168.957088
144.817849
136.280998
118.663234
103.963084
90.367602
79.169743
70.796963
58.210551
48.035811
40.376167
31.631667
19.628382
15.360836
9.504278
4.886119
1.872271
-0.871231
-2.407438
-3.139292
-2.307448
2.569786
2.537256
9.688206
10.224483
12.283261
28.077776
23.805254
25.572050
36.425211
33.729568
56.547954
57.238388
61.139196
70.278363
85.450491
91.109218
104.606287
113.497176
130.999583
112.282837
115.708790
142.800153
132.249121
148.008299
148.817087
139.446441
135.044828
139.950313
153.035451
149.760674
140.202249
149.895472
141.761874
124.445411
148.682289
131.519805
109.005672
119.260186
108.047483
101.665194
98.879846
99.528355
87.931983
71.249453
73.641377
57.471833
39.047771
36.655014
29.716542
26.047061
24.111415
10.321788
9.341618
9.328685
4.078139
0.740317
-1.699779
-6.727635
-5.781804
-3.524524
-1.775125
0.973670
4.212172
7.996703
12.151317
23.090811
29.204156
35.679608
50.565637
50.325122
63.842031
75.414023
77.161513
95.003595
100.276330
114.137354
130.189783
150.252030
150.221864
180.968920
180.728890
179.146652
191.869712
194.159517
223.054413
226.743456
227.635709
227.559250
228.206338
250.072179
239.260183
230.688295
238.359862
248.063535
228.422034
235.207357
237.009382
229.380044
216.378039
213.874146
205.853444
207.823073
207.627542
208.793701
185.921942
179.597748
158.483068
151.443387
140.474229
122.110692
117.165380
103.491953
78.365645
78.747879
74.691183
51.623010
48.152971
35.963392
28.484656
22.185356
15.455419
10.254869
4.224666
1.375473
-1.012386
-1.980168
-2.852292
-5.169994
2.124840
0.651292
6.068360
4.323945
12.398597
19.861410
24.130717
25.572050
35.664750
38.173827
50.605040
57.636429
57.372430
68.227249
81.752978
78.887418
100.725685
107.198900
108.856884
127.731429
124.596269
119.024228
130.324833
131.398939
139.320473
150.165068
147.440826
172.143776
147.440826
142.018225
152.213417
132.353700
139.320473
139.446441
133.221540
146.390722
125.454152
109.086401
102.958391
101.565718
102.852892
89.789735
72.369853
79.948684
66.951790
54.218360
53.416366
38.616372
31.616353
28.299360
15.682866
14.218422
12.887109
0.058087
1.770024
0.044578
0.037014
-2.420424
-6.020431
-3.561689
-2.449882
-0.000000
3.100949
8.036818
14.617126
18.544787
25.688137
31.734480
38.576672
49.099335
62.902939
72.089151
70.382136
85.745988
101.303318
105.833021
113.836818
135.309606
135.997630
160.889649
177.221594
183.410122
204.247298
210.929325
220.803612
240.362937
230.084469
232.534546
220.076754
211.095550
227.990642
235.207357
222.819801
245.349151
235.207357
239.252490
227.343554
227.199625
225.455291
238.153481
210.952939
217.823825
205.319181
191.900140
187.117582
172.609180
169.166785
159.696722
130.445351
126.318926
117.154692
97.012279
89.924624
77.157627
71.294955
57.577828
48.400096
37.427708
28.390956
23.295175
16.694441
8.519612
3.218929
1.492636
-1.188042
-2.370771
-1.493685
-2.895086
0.031610
2.582084
3.843506
4.390982
8.721511
18.003466
19.585361
25.804524
31.870458
42.671243
37.399595
62.776256
68.009445
82.262676
93.252489
101.224619
87.836921
95.000255
108.746370
112.282837
125.431685
135.667405
147.469107
151.939405
139.572409
135.409486
135.531038
142.915452
150.569462
150.030270
142.787277
147.308236
135.044828
134.193961
133.829303
126.859800
120.612853
110.125319
103.654728
103.819768
101.582711
98.938917
93.408627
78.039164
68.861203
56.296324
48.257210
45.531514
34.974992
32.480415
30.291296
10.921892
14.186302
8.801525
4.357463
0.045794
-6.689106
-4.597857
-5.138789
-4.150732
-2.681003
-0.063885
3.326739
8.032979
11.164705
18.088018
22.747054
32.265818
34.897385
48.086977
58.767010
60.893991
71.435576
80.769736
93.284097
106.680411
110.789171
145.270199
155.632408
162.606972
186.643838
180.935201
197.763973
213.150887
203.441261
210.744281
242.436385
235.386242
228.507877
239.025063
246.422283
240.389621
235.430091
236.334142
237.234462
229.162002
237.009382
227.417667
218.810732
223.492913
214.168653
222.066037
212.460532
201.146027
188.715793
175.702774
151.783069
151.984901
150.784493
132.914289
125.705974
107.069242
83.460486
77.343676
61.306788
63.207046
52.642586
34.576456
30.158353
23.660590
15.285905
9.371573
3.224369
1.311415
-0.673224
-2.440417
-3.090995
