28.202140
140.100705
385.230212
813.928384
1368.513332
1878.181823
2328.222761
2642.854616
2836.152469
3053.823792
3253.151382
3379.795713
3614.543044
3863.641856
4091.289734
4427.238890
4679.532612
4814.350615
4792.958767
4622.843456
4462.994986
4401.997056
4355.618031
4259.641316
4136.777835
3770.524602
3237.222325
2643.391461
2082.532555
1625.120557
1226.928836
946.546352
698.469872
505.747571
336.200322
247.547322
164.108928
156.363977
135.535784
133.657892
130.322869
109.001564
98.777519
93.495092
70.094945
66.362079
64.966424
54.290875
41.616585
34.336275
33.002966
21.601400
18.168498
9.599701
10.168184
4.374741
3.092304
-2.472845
-3.623664
-3.359313
-1.702370
0.382999
2.613111
6.588270
11.729277
18.655536
25.820505
30.986218
42.221498
50.124633
52.016886
62.418756
67.001086
82.134923
91.474307
97.035945
115.751982
118.053611
125.461514
146.327401
146.958837
179.431439
185.654536
181.087787
199.127863
201.174769
209.827271
230.793384
245.415664
345.705449
537.422233
691.518840
803.382373
823.674898
775.462629
712.036517
639.925410
522.541920
427.782964
333.447581
276.176023
253.694632
209.806764
201.762426
191.574860
176.885107
177.910809
161.575023
137.341705
140.627277
116.940754
116.212458
97.109378
87.150576
76.537284
60.096933
52.310745
44.349025
35.218700
30.293853
19.725055
15.081469
11.736789
6.172349
3.140595
0.673789
-0.443294
-1.823372
-0.617134
1.287533
3.752610
7.764292
9.201101
10.278707
19.073596
25.323694
30.916955
33.654070
37.223449
47.599563
62.124615
64.794714
75.406168
86.538637
85.576062
108.390777
110.755214
115.857420
134.675376
131.926843
136.471435
145.921755
126.185195
153.901180
153.901180
139.109503
152.172116
141.818015
144.535442
139.766300
139.109503
143.991564
141.149692
147.046392
138.743732
117.989008
128.650476
130.177071
113.062722
110.359559
104.853513
86.999494
81.394575
74.199280
65.136940
58.308293
41.803207
40.384539
33.406144
25.349373
18.599216
6.844890
8.609804
3.782038
-0.628097
-1.030104
-3.121531
-3.520818
-2.039234
0.382999
2.973227
6.988678
12.114124
17.187578
23.600496
32.422303
41.095592
52.494787
54.839531
52.389295
68.538426
73.672391
82.102219
103.472371
111.118552
123.209393
133.629237
150.766634
161.587304
164.996698
180.474618
204.786603
205.915334
215.675052
226.943262
220.667477
213.515578
233.787922
233.787922
241.611017
247.892335
258.040721
256.869937
237.329357
254.632443
241.169718
217.621917
226.354108
219.847914
199.912681
199.995733
180.366901
187.254863
187.364423
173.441904
153.956877
144.808798
139.384632
119.779836
107.669096
98.208212
98.206816
86.834428
78.841277
58.209372
50.369012
45.072700
27.126719
23.485050
18.809866
16.079719
8.379095
3.791694
1.113217
-0.166144
-0.156440
0.826224
-0.392269
-1.030104
3.023331
6.401148
14.057092
15.310092
20.133241
30.772245
34.544503
41.658842
48.630568
55.843842
67.748160
68.115861
91.372347
90.004515
101.309840
103.125158
110.486942
134.675376
141.312885
128.777225
136.482317
140.481370
138.058629
151.457692
141.550685
148.030450
212.341632
313.677435
399.548162
419.040131
378.977812
298.519283
220.730274
158.887814
157.652535
152.257141
139.884039
113.062722
98.901271
96.675198
94.120245
82.540522
76.652204
56.876155
47.239774
36.492660
29.364636
32.484595
28.198873
21.963006
11.245790
8.241470
-0.707484
-0.597743
0.897741
-4.015156
-2.971700
-1.598403
0.851490
2.919691
7.723172
11.756655
19.214415
24.855093
28.807316
41.289619
47.851031
54.090445
66.475624
72.802616
90.336430
88.509690
106.547718
123.379230
134.704394
133.138622
162.086252
161.754405
166.077462
180.474618
205.414782
211.277793
213.496297
223.631996
233.871007
226.406432
225.379967
244.967823
235.499087
256.487689
243.817510
230.751366
235.285192
234.643505
234.643505
208.799372
206.502771
209.597860
200.858342
205.288371
201.370655
190.645206
183.704123
172.712390
156.576969
153.088975
145.287159
119.482616
113.389597
92.856913
91.477859
76.908825
67.548910
56.097676
46.073715
40.378916
33.328945
23.336411
17.112465
10.931350
8.162860
3.460694
1.142513
-0.186979
-1.237530
0.273016
0.384498
1.003088
6.123551
8.676113
11.574519
18.198238
19.948955
31.030293
37.356471
36.126744
44.829338
47.778636
73.990447
75.538112
79.796636
105.455365
91.587029
98.114239
110.966278
127.248586
125.101497
143.250740
147.456923
140.080376
147.608711
140.748699
131.537372
133.973944
134.354192
153.755990
143.311718
148.873928
140.748699
139.545718
136.613677
137.540751
121.391836
133.129823
132.842076
114.800966
107.388433
99.552216
74.515295
74.500441
70.905727
64.028589
51.760189
35.829157
37.510913
26.655542
25.645012
9.280629
4.575231
9.836612
1.351192
-1.127546
-0.450642
-2.493530
-3.100537
-0.899877
1.229929
3.689788
7.432920
14.503276
17.836747
25.821191
35.219115
44.903108
48.864347
56.449884
63.351209
76.506257
86.644464
97.685835
104.422789
126.625643
127.056982
146.623704
161.897120
177.927186
182.880615
199.551772
188.512724
200.911098
204.700714
211.412369
222.306605
226.820716
220.226967
235.712983
238.410092
236.568565
236.354670
228.063569
231.798332
230.960759
234.001818
226.406432
212.732034
204.451853
222.794422
195.851394
197.507748
181.748546
175.984470
173.806661
164.276189
136.409522
146.154027
128.883509
104.564287
100.008844
85.282087
73.808415
66.355467
49.343463
43.671201
35.941214
28.132498
18.061275
14.777407
10.163031
6.338866
2.226435
0.297802
-0.187515
-1.765916
-0.958410
2.195651
6.548531
5.903972
16.206183
14.840217
21.286373
22.253266
33.274976
36.348568
39.221708
44.927764
60.660793
73.003276
73.942278
85.862840
97.594423
105.334080
108.329930
108.949213
126.893088
144.173464
155.299241
148.742884
132.833201
138.715426
148.733349
138.846785
149.014508
159.237251
144.399473
144.263504
148.171030
150.600385
140.481370
141.000238
121.524797
129.157473
117.411288
117.916650
114.201796
100.835383
100.105284
87.502538
76.042740
63.953632
48.384032
51.981387
37.783501
30.763878
32.426998
19.891372
13.590994
12.124125
5.653074
6.256138
0.575609
-2.322626
-1.020915
-2.609644
-1.549967
0.973230
4.054320
7.263990
10.885415
18.809048
29.211149
35.032034
38.147054
45.937403
56.807917
61.405683
70.335314
88.274470
89.369606
107.178178
125.869305
128.464017
149.915084
156.663087
169.840670
180.802640
181.814303
194.966983
200.712961
209.005211
223.422602
222.716386
226.406432
230.123186
230.541973
225.789749
245.413624
238.626239
229.099280
237.329357
229.913793
242.052315
233.146236
224.956437
209.597860
207.051344
198.021360
175.229308
187.254863
178.366122
172.894768
160.872523
150.245442
139.460937
113.343357
111.754884
103.622095
92.977056
90.303436
74.181050
61.343003
43.601659
41.218636
31.705613
22.890492
15.446343
10.309662
6.764611
3.730717
0.973579
-0.415361
-0.956357
0.286667
-1.194540
3.091300
4.316307
7.159490
13.119082
19.205536
27.433354
28.049641
38.635811
41.880039
50.684038
54.499857
78.314410
76.247866
84.060780
97.248752
101.662427
105.070762
117.876791
121.679268
143.592705
146.028077
148.885769
149.743077
151.868522
152.449281
141.149692
148.171030
139.109503
169.875404
242.231665
330.387101
342.018520
306.764813
238.440191
172.951145
152.646056
140.579725
114.825654
115.040634
99.968914
97.694432
88.009505
81.153287
78.180639
63.687558
51.391527
35.995033
33.617481
22.928166
25.797057
18.740562
9.254388
5.636968
1.374094
0.566509
-2.730468
-3.231293
-2.745592
-1.441422
0.984340
4.279560
7.770780
11.189477
21.078524
25.382056
32.341865
43.572586
53.130251
62.838754
63.285684
66.877476
84.120915
93.376973
106.268922
112.384644
127.797537
149.367949
155.630074
167.632348
177.221099
178.097690
195.165120
190.992486
214.315860
230.628802
234.735594
228.657433
230.541973
225.379967
228.270712
243.376212
246.305227
242.934913
236.354670
225.584858
234.001818
228.657433
222.306605
211.610506
212.411815
199.804349
193.482189
187.815507
175.624215
181.240152
156.063603
136.254158
122.648751
112.917787
106.392387
98.282053
80.871920
77.522864
65.758745
52.706806
44.488383
38.539109
30.293853
20.805503
15.324480
10.755210
6.734955
2.226435
0.385513
-0.775340
-0.590325
-0.315216
3.935981
5.594071
4.590102
9.201101
11.345786
19.534311
23.060238
33.341793
41.440514
42.912294
50.485465
57.463740
64.075771
78.072948
78.394299
105.030787
111.032332
107.850594
126.859424
120.212963
135.289525
137.139758
146.062334
143.039779
137.927270
141.149692
151.029038
163.520112
143.447687
153.610800
153.465610
142.631871
148.311610
142.223963
120.063033
121.642325
112.494004
119.594326
124.341002
114.081962
110.846444
88.882171
87.603931
83.142620
62.743916
61.301970
50.801668
36.919548
38.255642
20.047137
15.862572
6.989840
5.285571
-0.786872
-2.007105
-4.882239
-1.257045
-2.862002
-2.399225
-0.539776
2.175909
4.766276
9.270364
16.000897
18.161250
29.923144
39.744504
43.235203
51.219403
57.762672
64.524151
73.919849
90.057792
96.299421
111.699042
113.260298
132.790960
144.539396
169.441261
161.754405
173.238781
180.999467
195.298194
210.870766
205.876029
220.462587
242.515916
224.560404
235.071296
228.477854
243.817510
239.274680
236.140774
235.712983
235.285192
221.028521
217.158347
226.406432
228.029254
215.618031
198.654611
200.378499
192.914792
189.510413
175.444087
169.860138
155.721358
136.652177
129.262781
120.499611
101.504711
86.073483
80.128840
72.106079
56.454170
50.964132
43.596634
38.939721
26.563066
24.389119
16.936086
10.702978
6.320496
1.136464
0.202902
-1.024557
-0.659775
-1.926574
1.356385
6.990626
8.095864
16.641573
14.261474
19.764669
23.921829
24.817229
36.615837
50.898892
52.840805
63.230691
70.748435
83.830920
94.829056
102.937400
103.307830
113.368539
108.425446
130.590198
141.142044
140.048453
149.743077
133.086699
142.903810
153.755990
138.846785
138.715426
144.399473
150.600385
168.402476
143.991564
142.631871
142.495901
141.136208
127.555162
132.935616
117.176230
123.580507
105.304122
101.543260
98.667307
82.846321
73.242291
57.437589
49.043839
46.170699
35.607989
30.155696
31.447852
20.481942
17.267904
11.645147
3.885498
-0.679465
-0.562719
-3.380119
-2.364236
-2.189701
-0.645838
1.459846
4.955280
8.878607
12.867006
21.821843
28.090439
29.780398
39.336054
46.356589
57.882016
67.383284
62.487818
86.248762
91.497453
102.541051
114.658573
135.582520
148.785232
152.266897
173.202046
186.561698
198.442234
189.661025
200.782997
214.725641
223.299299
228.029254
219.625801
230.332579
235.712983
242.934913
253.997721
252.619795
231.379546
237.977798
226.820716
227.027858
216.167661
221.487041
212.997466
197.533324
199.230199
191.553129
179.406890
177.271851
164.011519
156.063603
156.890965
136.754733
117.996513
110.714613
102.012147
86.884873
72.322684
55.189375
55.016796
43.768033
38.926437
31.797615
23.410180
16.328687
12.344488
5.352768
3.284653
0.730184
-0.480235
-0.901317
0.298043
0.829036
3.160302
7.709031
11.755582
15.174880
19.544173
21.479239
36.202640
30.871885
41.070690
53.286109
55.661193
70.749019
84.729997
73.830588
91.412528
101.662427
113.440567
112.404286
119.964075
135.697433
146.313846
145.640595
141.680085
141.952024
138.321348
148.592769
150.743269
150.886154
160.775023
222.850642
287.987659
297.101812
249.285652
195.033702
143.672479
142.407261
130.702508
120.835183
111.417319
99.752297
96.394728
86.488603
82.635653
58.625021
59.598656
52.389934
36.919548
34.097305
22.223322
19.186560
18.077180
4.460276
-0.796212
3.974528
-0.555714
-1.236210
-1.704810
-1.615646
-0.470593
2.331331
5.236830
10.332935
14.341622
17.175013
26.611636
34.181672
38.442277
52.392176
57.523983
68.826432
73.136246
82.961902
90.184952
111.699042
116.792691
131.129937
143.726796
172.379344
164.870117
163.858148
191.004239
185.572934
203.090607
220.909883
230.365593
233.574026
228.657433
215.082664
221.228909
217.950895
235.499087
244.038160
237.977798
237.329357
230.751366
219.225024
216.167661
213.790015
202.371400
207.051344
194.356346
185.843638
195.494079
174.723578
170.400520
148.753646
142.836373
131.766113
116.807631
104.285077
95.323774
80.624227
80.109447
62.037455
53.611652
43.380705
37.359339
26.957176
20.456417
13.458090
9.532552
7.601547
2.680996
0.304353
-0.768693
-0.207809
1.609378
2.264624
8.991730
6.069697
9.311625
7.913394
19.626454
25.655446
28.625609
35.159064
43.280956
52.094232
55.993004
61.129824
77.160407
89.486381
93.468469
104.495243
112.870763
118.510537
129.654547
131.622023
136.872429
151.578143
139.545718
143.175748
152.884851
131.288484
133.466947
133.973944
131.412928
153.465610
131.039596
121.676164
122.229970
123.788515
112.715231
115.799758
114.071404
104.517879
95.816800
99.427371
98.003626
83.927758
66.859794
58.625021
48.375667
45.168441
39.066092
24.006163
20.791966
15.346716
13.670184
11.196105
2.189494
4.412941
0.998508
-2.992237
-3.299550
-2.440140
0.306400
2.984430
6.750174
9.065910
17.511872
26.241454
30.889386
42.606274
47.659310
56.055485
65.430821
78.302007
75.095253
87.525471
96.596868
116.537387
135.095550
131.296557
157.925344
171.596005
166.876279
191.777863
191.598651
208.555682
203.486882
209.827271
238.301277
250.093598
237.113210
236.140774
246.528127
238.842386
246.973929
246.973929
236.568565
231.170153
258.040721
271.439894
256.167467
240.287121
256.319883
236.274697
230.799200
213.999906
222.454857
201.756509
196.410873
189.710289
170.028919
164.719351
141.400009
127.603042
107.356468
110.545051
90.030205
69.308521
67.708517
51.556765
43.984375
38.055644
26.577150
21.658959
12.634362
9.301014
3.657695
0.162176
-1.937514
-3.327012
-3.199425
0.464128
2.850898
6.297570
7.942199
12.670713
17.952795
22.978916
28.420041
34.524970
37.324292
41.416732
57.237292
62.920238
75.200458
91.034971
101.427369
101.396803
98.669210
108.425446
120.959627
127.763231
130.805213
141.272177
140.080376
121.330493
137.795910
131.537372
131.661816
133.973944
126.305029
116.697320
121.676164
106.260324
106.158931
111.774560
108.123576
102.407373
95.621689
95.818349
71.855570
66.875345
71.776460
62.820059
40.748201
30.071996
16.575024
15.447002
20.247349
7.921456
8.407135
3.270471
-7.757650
-5.142150
-5.966003
-7.282662
-8.009720
-5.905784
-5.867281
-2.825187
0.337860
3.027286
8.546774
12.634362
16.946763
25.820505
27.929044
38.741027
47.175488
52.252978
64.777818
69.436870
80.691800
97.102450
101.819874
109.686927
123.933977
132.129657
156.793244
169.182993
175.307264
177.405956
194.777627
200.388505
207.001326
219.363597
234.519448
236.680916
237.329357
235.712983
248.792943
247.196829
256.951500
249.243247
244.038160
253.308758
225.584858
218.623859
229.495006
220.872368
225.097748
220.281703
199.038815
190.805605
181.101799
168.951274
176.838559
161.574278
147.507484
145.593146
116.213191
103.866261
96.746396
83.683622
72.592461
62.129365
56.961488
51.219403
34.340428
29.181367
20.539509
15.283652
11.821970
5.629292
2.451325
0.223192
-1.259828
-1.952896
-2.950119
-0.909461
6.741948
3.379693
10.148341
11.375722
16.602248
23.668420
19.891372
30.299966
32.456351
31.980242
39.108227
57.905054
71.249743
80.459669
84.026846
94.553480
97.911049
116.230753
127.681244
140.579725
144.656537
138.610067
132.326204
130.417375
138.189989
131.537372
140.882363
150.600385
148.171030
149.743077
139.946712
146.624653
124.627353
122.949677
122.350507
114.762746
118.995156
126.367651
101.052001
88.169391
79.173569
77.333162
61.210300
56.257870
51.356219
32.460742
29.848402
26.352891
16.797561
10.658661
6.716045
4.149896
1.415316
-1.819590
-5.787363
-4.649366
-2.769073
-2.306275
0.360489
4.162204
7.641826
12.323705
22.174512
26.198828
33.458160
43.754691
50.602010
61.908794
66.824299
72.536913
90.577165
97.723906
102.432325
112.221857
129.710757
138.178837
166.633367
168.138481
190.156545
180.091851
198.949044
224.460962
216.722018
218.208787
239.404524
241.831666
256.023878
259.445661
249.468399
249.918703
253.997721
246.528127
246.973929
239.706974
243.817510
247.216879
226.820716
231.648966
214.816477
217.594114
197.890515
199.411796
190.617943
179.592738
178.369400
158.062523
148.407886
142.958771
118.662260
106.549273
94.931529
84.360695
69.339075
59.222688
50.801741
41.734562
37.255305
31.954538
21.203159
15.010682
8.953290
4.910847
1.953297
0.054088
-1.467609
-1.282644
-1.825746
0.980187
1.810808
6.401148
4.080922
1.804643
13.022208
27.761657
20.322091
31.184637
39.416859
43.698462
57.652056
68.853245
70.725991
95.635621
101.779955
96.069802
114.488536
113.722460
138.330449
128.143479
121.289739
139.946712
130.915152
140.347705
150.314616
143.447687
144.263504
138.978144
133.340198
133.847195
125.586025
130.044044
121.524797
127.928494
112.272777
124.692949
118.635654
112.945193
104.197986
87.782259
86.801318
69.431324
64.598814
63.126927
52.644979
43.094045
39.803931
22.279903
12.039913
13.950227
12.483358
5.942975
2.161954
-0.621092
-1.002263
-4.559378
-4.797654
-2.864280
0.506790
2.790993
7.772455
13.620345
18.826688
24.501279
30.792554
39.265512
53.521580
59.684401
65.692022
70.654838
80.831405
91.035230
97.767739
118.966677
131.937384
136.384530
157.727650
164.455369
175.690031
188.365195
190.988705
209.812040
212.266951
229.980361
234.735594
236.464770
227.856427
237.210252
249.468399
254.916339
259.445661
254.227376
246.973929
256.487689
252.619795
256.635780
244.299121
216.018808
223.841389
201.335417
198.081898
195.402529
188.564753
191.796788
167.878737
156.833148
147.507484
119.428855
110.931796
111.772193
96.888001
83.584282
83.837201
60.911548
53.179300
38.116997
33.989119
27.321763
20.735218
15.218337
10.459729
8.028969
3.189462
0.364961
-0.893346
-2.056773
-1.710192
0.448202
5.594071
7.957709
6.919040
14.918529
15.661826
25.434278
27.645954
36.148116
37.868569
52.591947
55.001736
65.333921
66.330549
75.213183
89.996977
92.965075
100.215897
135.025962
121.457403
127.129485
121.054681
121.524797
131.819207
132.959950
142.359932
138.452707
131.412928
133.213448
133.213448
132.959950
132.833201
146.905813
131.692457
123.668681
128.777225
110.613573
124.847999
101.551359
107.503656
91.761062
80.374872
85.271882
68.376735
64.625393
52.718711
41.492171
31.321378
27.768206
20.243778
19.196638
6.748256
0.834975
5.057166
-1.833480
-3.934237
-4.799345
-3.029587
-2.601530
0.466266
3.108441
7.189262
14.719047
19.058499
23.447784
33.354574
38.119513
50.826882
59.168941
59.194805
71.872655
81.389826
91.181589
98.677185
112.221857
129.710757
134.462337
165.523544
160.313386
182.484341
177.973352
204.786603
206.120225
216.722018
229.548067
217.421528
246.991727
247.216879
238.193945
245.636525
239.058533
247.642631
254.457030
230.332579
239.274680
225.379967
228.866827
228.657433
240.286909
224.050782
219.570739
205.270116
189.497437
185.012291
168.600024
173.612543
145.959378
145.967383
135.628677
117.131134
99.444399
92.301983
80.474894
68.861698
58.772326
55.972506
44.769034
33.058710
24.986623
20.887871
13.180314
6.983315
3.791694
1.261861
-0.209971
-2.067269
0.268466
-0.779538
1.021410
3.698520
4.374741
11.703483
14.777393
18.367410
30.108262
20.713653
32.599789
39.223322
47.142010
58.564534
74.514373
80.303604
85.373276
96.233808
103.355605
98.053243
120.665274
118.395986
116.951995
135.956880
132.579702
133.213448
143.039779
143.719626
126.185195
163.211292
147.889871
141.149692
150.314616
133.213448
140.214041
146.343493
118.104231
128.777225
127.002736
129.388915
113.180251
103.202464
100.215897
78.274890
76.872297
73.093204
62.380354
52.276317
36.326784
33.838648
20.599907
14.091776
14.669655
11.190528
7.333354
-1.410593
-1.777920
-4.134322
-5.204472
-2.819615
-1.697489
1.040709
2.879140
8.009090
12.828184
22.658672
24.303543
31.857706
39.466126
42.110385
56.211195
66.998026
76.922460
84.404628
96.614046
107.178178
117.048923
132.630879
147.908921
155.751194
170.905444
182.173841
189.968303
185.160374
202.392390
215.220753
219.028350
239.845823
227.027858
237.545504
235.926879
231.798332
237.210252
259.913975
249.693551
254.457030
246.528127
238.626239
234.429609
223.126168
224.127868
223.422602
208.242174
216.512625
193.297311
186.295167
175.812823
161.584287
170.905444
148.407886
132.125862
120.096310
106.841991
103.657226
88.928506
71.011720
57.070468
51.119252
45.721567
34.229727
28.895143
15.541560
13.317910
8.649388
4.174694
2.189769
0.045142
-1.453549
-1.920942
0.348096
0.452752
5.199638
6.131844
10.865217
11.585275
19.534311
25.655446
28.088290
34.338348
44.092013
49.196353
57.154340
73.028049
82.894742
81.549640
100.487138
97.118717
96.781201
119.778029
124.087503
127.889981
134.511928
137.007755
146.765233
136.876395
142.359932
133.213448
151.868522
229.899611
324.910089
349.579154
328.192879
268.980106
201.974332
156.059767
126.061834
124.817393
132.706107
115.040634
103.313077
91.152702
79.821834
70.508180
58.322379
55.594278
45.222942
46.927728
38.132985
18.119442
23.680745
12.682599
4.644204
8.356575
3.529136
-0.595408
-3.768002
-3.439019
-2.519857
-2.015768
1.040709
4.414459
8.033714
12.972321
20.357680
27.209773
32.499309
36.602470
48.076213
56.298676
57.083466
71.569041
78.382378
102.134102
104.093826
117.687967
125.577663
151.373692
163.824256
183.582228
181.977955
190.970246
192.164020
202.993555
213.701188
224.888355
228.238648
235.499087
248.117487
235.926879
238.842386
229.720707
246.751028
245.141406
231.798332
256.719595
244.967823
244.522021
242.738817
238.301277
234.108940
218.120743
204.873842
198.628253
202.022407
189.815416
173.238781
154.475965
148.061138
132.974254
112.549988
106.999357
98.499534
83.430734
77.053863
53.968115
49.849208
38.463404
29.479486
25.774844
16.838009
11.034965
10.450360
3.046700
1.288989
-0.221467
-1.184203
0.245715
1.115403
0.993928
3.615717
9.100578
13.900467
14.629988
21.995919
29.672812
28.696501
27.042556
38.707226
47.483707
58.913122
72.730784
77.685198
79.555696
92.603924
102.318592
99.102444
128.898964
122.204068
135.001126
130.931962
124.867021
132.326204
147.749291
125.705859
143.447687
133.340198
138.189989
126.065361
132.959950
137.533192
141.952024
139.912484
129.664470
125.564057
126.115491
115.060712
114.201796
97.629229
91.254095
85.513170
70.252406
67.353642
52.927620
45.158430
36.050325
28.638986
31.563046
20.730711
10.106160
10.914219
4.747353
3.379693
1.659334
-3.398590
-2.475060
-1.800292
-0.823420
2.081102
6.540141
10.404769
14.195078
21.222812
25.996846
34.381891
47.908592
53.380386
66.754113
68.173430
74.263982
89.314741
97.685835
111.050571
126.909547
139.598735
149.185570
162.275384
172.436512
169.611956
186.091559
192.751677
208.578915
214.315860
237.859979
235.384035
230.123186
244.258809
246.973929
245.141406
255.145993
257.183406
244.700108
239.923121
238.842386
243.376212
230.751366
235.167888
216.619974
214.616089
221.328670
214.185042
191.969131
188.321341
187.854531
166.077462
151.272176
139.220263
130.504686
112.052105
99.817711
82.729621
80.449871
69.725714
61.462347
45.776466
39.701092
32.518241
21.364040
18.377455
12.344912
7.512065
4.257447
1.081467
-0.369412
-1.311412
-2.862002
-1.222320
2.609491
3.126791
5.169905
12.058134
15.072204
17.581154
30.854748
29.636463
36.017941
38.630642
53.469430
63.896035
80.350657
81.013358
89.466959
100.935909
107.491092
107.734104
110.845142
134.609678
143.391320
140.728300
147.046392
142.767840
140.347705
143.175748
143.311718
151.457692
143.583657
140.615034
133.340198
130.541820
120.293480
131.692457
120.584566
116.491100
131.622023
127.812603
109.462458
97.735232
94.767134
83.136670
76.227086
59.689548
60.001894
46.304333
26.825540
27.458607
15.114121
23.035744
10.175223
10.748433
3.919984
-4.047191
-1.687635
-4.339165
-4.835361
-2.551786
-0.968757
1.513759
4.486870
10.305789
18.107571
22.069166
27.712117
37.074187
41.593925
52.894004
67.289701
66.998237
71.618805
84.461139
94.547844
105.035239
121.799218
129.630357
142.859927
165.929474
172.436512
169.429578
190.211690
203.251753
209.193588
223.948723
229.723906
228.866827
237.545504
231.588939
232.217119
254.457030
244.700108
246.751028
258.111029
238.626239
249.018095
237.545504
237.329357
234.519448
226.144715
228.654427
207.845899
204.279431
206.939788
176.524852
172.742176
167.241036
146.958837
145.282893
132.152410
124.506334
102.136692
93.395872
82.017077
68.384320
60.521581
50.909452
40.766243
32.759539
27.641001
16.711881
13.369505
9.425918
4.683192
0.811760
-0.193806
-1.799754
-2.031766
0.755751
1.452778
1.177140
4.799476
13.469748
16.128493
21.140603
27.128093
34.477686
35.868696
40.090332
49.348429
62.188547
75.538112
83.212752
89.029737
92.712232
101.857698
106.005749
114.321630
115.060712
125.812945
145.078276
131.185461
139.679383
129.919599
132.706452
130.790708
132.833201
138.058629
140.615034
139.813047
150.271435
136.350958
123.429013
117.873784
118.233990
114.301851
127.024447
104.972281
91.656643
97.044580
86.691390
73.332159
55.427575
56.419929
52.770122
39.936992
27.412536
26.462036
16.056018
18.408871
5.464977
4.705952
3.974528
-0.562719
-2.578005
-2.742364
-3.197134
-0.913467
1.606028
5.423478
9.873378
15.485035
19.863003
29.031395
41.464035
46.305613
51.676109
63.503011
64.152610
69.354173
89.463351
99.277545
108.281483
126.117187
134.711364
153.616266
171.784934
179.116009
191.606541
205.553699
223.575921
225.944915
234.937293
247.797054
245.640815
254.168632
249.018095
259.211504
267.169673
264.434292
269.666395
259.913975
253.997721
253.997721
243.155562
247.667183
245.865967
214.186290
223.631996
220.491096
201.370655
193.680078
185.386053
188.824731
165.537080
150.758809
159.438402
132.152410
120.102605
111.240567
97.621380
86.276007
73.544042
58.321963
56.177080
39.345532
37.290828
28.464721
18.012818
11.136087
8.108801
4.144935
1.261711
-0.442934
-0.914776
-0.542893
-0.784178
2.517527
3.739921
11.718731
14.292029
18.705024
21.430863
26.705992
26.760012
36.771865
46.687111
48.147299
58.149771
57.256343
71.265199
91.809266
87.198357
106.772088
108.596627
118.844078
135.017586
133.723772
131.185461
123.052671
122.582556
147.046392
137.927270
132.959950
133.847195
137.927270
138.189989
137.664551
146.343493
141.408147
123.069512
119.761864
120.672832
113.956180
103.247415
109.923353
92.876390
94.237117
82.749538
61.970677
59.005209
53.824699
45.368892
39.563749
29.750241
24.602175
24.783421
9.852931
4.333824
-0.768193
-5.116355
-0.539369
-2.022187
-3.811528
-2.588259
-0.221407
2.383138
7.350982
12.375078
14.789636
22.835067
30.211563
34.238179
49.854119
57.628752
67.166175
70.676992
80.574501
96.775590
96.150811
115.058068
126.630554
137.514394
145.593146
162.960320
171.921124
182.761499
211.823357
197.939041
212.527904
219.653523
224.335010
244.967823
237.977798
229.306423
237.210252
237.424148
245.141406
247.642631
249.693551
240.355415
229.720707
230.960759
235.285192
225.370721
216.419586
218.823459
201.144033
201.566541
181.208164
179.095635
187.266874
164.996698
153.847522
139.127697
118.442344
117.299760
98.002843
89.966963
78.882666
65.878089
56.745694
44.686550
34.955219
27.745398
18.061275
17.584702
10.698900
5.947081
2.811814
0.788663
-0.517177
-1.961856
-0.635695
-0.876981
4.909619
10.539487
9.908853
13.856109
21.641146
17.933560
28.798400
33.778484
36.204563
44.927764
56.324814
64.525110
81.728703
88.163268
89.996977
94.878406
107.850594
112.164618
131.346413
130.045711
138.824728
138.209074
132.199455
132.959950
125.705859
150.886154
140.481370
141.149692
141.149692
150.028846
130.417375
124.986855
122.229970
123.548847
123.309179
118.351519
123.199620
104.734496
102.135088
88.943656
90.442948
72.554366
78.394299
57.142659
55.963703
48.856264
35.276238
32.622226
16.105627
13.594419
13.992594
5.340773
5.475912
-0.658451
-0.546374
-2.068408
-3.908431
-3.148370
-0.809470
2.072294
5.594739
10.263117
15.809329
21.868968
29.824061
39.406732
45.707000
47.882988
63.341213
63.594400
69.601867
83.648672
99.523185
109.384787
122.290290
137.163144
156.223155
165.679762
173.776197
175.703766
183.919520
203.661535
203.486882
216.569660
233.438713
241.831666
245.859425
235.712983
232.007726
239.490827
249.693551
249.468399
249.693551
249.243247
253.538413
239.058533
229.285613
242.515916
220.667477
229.548067
215.545205
196.742214
201.791224
183.330361
178.284571
158.983681
154.374397
146.500775
129.694097
121.588216
98.561264
81.738847
81.836516
68.579812
48.046947
44.445857
35.745663
31.266477
21.713126
12.062768
9.413690
7.676332
2.636567
1.153565
-0.549118
-1.025658
-1.635509
0.391323
2.586500
3.698520
4.347141
17.125340
20.070009
22.147965
24.479330
32.658755
41.880039
45.492930
47.070582
56.614691
64.199104
92.294136
80.620310
101.192311
107.371258
102.206941
134.534797
139.033348
125.812945
140.864269
138.743732
139.144725
147.327552
147.046392
138.189989
125.945527
142.223963
138.058629
137.533192
146.905813
119.717362
118.449902
119.526807
127.256234
122.328512
113.650366
108.425446
92.470816
102.088145
72.724882
65.566586
65.904260
55.583515
48.713410
36.919548
22.945559
22.347706
14.519013
4.943089
8.863034
-0.777532
1.314549
-4.322119
-5.249284
-2.555385
-2.549043
-0.498165
1.939504
5.991052
10.332935
14.863956
24.595311
29.146411
40.307457
49.910236
49.202119
62.634367
73.432330
79.156142
92.939344
105.052219
121.883767
127.657289
135.578232
151.738868
167.460541
164.276189
177.027692
197.924589
197.939041
203.486882
206.463687
225.725928
233.360131
228.477854
226.814204
226.814204
249.693551
249.693551
244.258809
255.605302
237.424148
231.170153
231.170153
223.740840
217.822305
220.872368
208.618431
191.132613
211.037606
183.655096
184.592978
177.350166
158.290186
149.903197
124.386753
112.917787
114.068882
95.461128
92.206736
74.184197
65.639400
53.935916
43.187042
29.653592
28.375718
22.779603
18.208346
10.417350
5.586652
3.000794
0.259565
-0.540163
-1.150400
-0.951465
1.315074
3.325908
9.382131
13.039029
12.122616
21.286373
22.301643
28.798400
35.814030
37.739545
57.700310
55.993004
76.852542
82.964451
85.650833
94.021537
95.791354
104.046947
112.164618
121.806017
131.359305
134.380568
141.000238
142.087994
142.767840
140.615034
140.748699
143.039779
143.039779
147.889871
141.016028
152.304092
130.044044
124.747187
128.301827
112.494004
118.233990
116.236000
104.517879
110.947203
96.675198
85.653031
82.459189
61.058225
54.856157
46.771231
37.266747
30.187039
31.903432
12.062934
14.189716
13.573461
4.253356
3.667082
-3.742266
-2.507511
-1.871967
-3.269554
-2.076061
0.155422
3.135403
6.873944
14.205592
17.430798
25.158441
32.940231
38.119513
50.583691
59.423200
66.558596
74.445945
75.617655
87.667327
106.349160
117.467097
121.750334
131.796417
150.406379
164.642250
170.996208
175.855117
185.259205
191.766243
220.526394
226.301575
225.935322
235.712983
228.684996
229.306423
249.468399
232.426512
238.065835
240.355415
244.700108
247.642631
244.258809
226.199531
229.285613
223.740840
223.092157
219.777881
204.504829
192.914792
186.694221
175.083833
180.857385
157.943439
148.534218
135.768521
109.171258
105.541248
97.739140
82.400131
76.624421
61.899682
63.994216
43.695717
33.725638
30.626598
20.611577
14.230096
11.162275
5.316330
1.757712
0.180391
-0.568270
-0.431530
-1.687081
