284.872044
435.430081
514.312575
582.704237
649.056843
716.149234
749.238194
796.542519
809.265163
816.811291
819.164839
788.642408
771.984247
723.630455
682.907580
626.469165
560.928731
493.634097
429.762784
361.867091
305.094115
237.490025
173.678469
122.278643
83.367508
49.899142
26.143104
8.379557
1.600397
-0.186801
0.502011
1.372568
11.046995
25.822668
50.214416
87.204917
120.685173
171.690424
217.302029
282.474595
358.854262
434.753386
517.541789
612.196681
747.033956
886.072043
1009.142528
1115.920775
1242.272249
1365.802852
1501.292828
1626.941122
1750.552773
1867.691029
1936.513241
2115.403150
2178.958067
2226.134885
2307.277926
2259.550651
2320.882595
2243.817673
2289.803851
2222.256176
2135.845938
2079.059538
2012.656332
1931.198623
1924.632991
1815.926115
1777.717960
1670.842838
1568.644962
1460.652688
1367.560869
1255.395676
1132.449719
1030.385416
908.442205
788.370735
672.550454
563.323558
462.767233
368.670429
293.403738
221.023024
149.584652
96.738198
58.715338
31.075210
9.128167
2.305665
-0.128490
0.286583
1.794060
3.659147
4.661110
14.743048
29.042156
48.886067
70.374696
96.937651
124.839802
161.412950
205.225140
247.145729
289.169451
344.730142
419.091045
490.547274
545.277584
589.110791
646.281048
704.033001
756.257310
806.880179
845.754774
894.711939
934.510954
981.257714
979.919425
999.081707
997.263001
993.512460
973.797023
952.038181
947.050217
922.026018
880.597474
870.718276
829.249407
808.439958
771.076444
720.444476
677.593930
639.592912
594.581585
545.262989
519.597486
504.633567
470.020860
405.726226
348.885846
285.746052
228.268177
176.220561
130.485363
97.758072
69.105762
40.815412
17.247653
5.373424
0.969007
-0.557449
-1.061917
-1.014348
-0.391074
0.232846
0.695146
1.705767
3.534558
2.075506
2.502524
2.236231
7.112221
15.055011
26.180091
32.085541
38.435852
54.614437
56.692934
75.328764
97.410742
116.089256
125.735945
134.032839
128.842788
145.954438
153.298090
156.343260
159.080981
165.710231
174.957118
181.181734
168.725659
157.630899
146.957051
139.243039
95.937039
52.163521
12.855572
-6.644033
-6.618674
-21.137380
-18.536020
-13.645226
-15.824480
-22.564596
-10.823458
-21.863691
-12.606858
-18.662562
-20.326224
-21.568115
-20.770220
-16.187744
-27.745830
-22.781752
-29.077204
-19.686752
-19.340712
-21.220228
-17.144657
-16.893774
-11.946741
-9.253092
-6.460234
-5.443234
-4.211752
-2.393041
-1.030108
0.696221
2.628499
5.136247
5.803179
7.407588
6.464910
8.100452
10.148239
9.423850
12.331290
11.537378
9.027352
18.706720
13.167488
20.045760
18.647348
23.259445
17.406337
19.966627
13.098491
21.682315
12.040852
18.873748
10.585222
3.976132
6.454897
16.263960
16.435488
21.503530
1.802537
11.735790
-5.667762
6.783648
-8.131249
9.253243
-0.673173
-3.120534
-5.520274
-7.896110
-5.414925
-3.011404
-0.634020
-2.911122
-5.088344
-4.972460
-13.317492
-12.881329
-4.482589
-13.738225
-7.664993
-19.204100
-14.700783
-9.232104
-13.810000
-8.934060
-8.141795
-9.134258
-9.432218
-7.166914
-4.214179
-3.719834
-2.427367
-1.063232
-0.880983
0.236651
1.768560
1.092372
-3.549741
-10.150847
-13.047987
-17.222065
-16.615068
-17.729248
-16.852570
-13.341840
-14.584317
-8.443892
-10.291802
-1.041583
6.673398
2.141356
5.795947
2.333604
2.422335
10.478088
4.685219
9.086546
2.792044
-10.680610
7.591017
-1.716245
0.654782
3.084853
-18.787478
-6.644033
-4.200008
-6.650373
-11.548684
-18.787478
-11.482755
-16.215401
-8.871793
-13.578664
-11.065200
-8.603213
-10.790493
-15.105185
-16.991352
-25.104960
-26.447017
-31.620742
-14.943768
-25.461958
-20.689104
-19.571510
-21.441649
-19.910102
-18.123298
-18.935889
-11.793894
-13.145773
-13.491427
-10.601174
-6.542009
-5.015540
-4.307474
-2.180670
-0.855784
0.649015
2.675288
2.728195
6.051417
5.708372
6.931594
10.036087
6.837435
7.545453
12.124786
10.281463
11.296081
9.761720
13.190035
12.683644
23.280991
24.987808
20.957880
8.821019
15.027676
21.707180
16.209829
14.657836
12.784278
13.195818
11.187901
6.581340
6.669850
6.707782
9.210044
6.764682
4.292461
-0.676962
-0.676330
1.804223
-8.070568
-3.123484
-7.964376
-0.656122
8.924930
-7.721652
-2.970112
-2.914072
-14.058968
-9.358422
-6.925215
-4.656414
-6.462522
-11.892695
-11.267529
-12.355974
-13.134465
-15.071948
-15.284896
-11.347973
-10.380816
-10.119396
-7.715762
-7.969048
-4.793600
-2.878672
-3.159379
-1.934314
-1.107503
0.323283
0.747559
2.392292
1.960812
4.870828
3.039258
6.250134
1.753656
3.644549
6.913584
6.546064
6.017241
11.595075
6.936371
7.524615
11.274721
7.130208
9.264835
9.693763
8.153065
10.490343
12.931757
2.709229
0.595890
0.614887
9.890929
3.016827
-4.139779
-6.580636
-4.195993
-4.195993
-9.088389
-57.797495
-77.063309
-82.077836
-86.613007
-76.399606
-58.969046
-56.087837
-36.738550
-43.224047
-26.576912
-23.986736
-21.275836
-18.561135
-18.094571
-23.523974
-18.766147
-12.446923
-17.206070
-21.210863
-16.681005
-23.989079
-22.083950
-16.400309
-14.932577
-12.040197
-11.946741
-10.029785
-7.530103
-7.115075
-5.054425
-1.695736
-0.733866
0.795467
2.183051
3.628585
3.459176
4.329027
6.464910
6.809215
6.938580
7.747744
9.559957
12.639966
13.836006
14.950498
14.645508
9.855055
20.355479
21.771513
12.069324
12.615095
17.032900
19.751232
20.495285
16.765083
10.607138
10.892041
15.952091
11.439930
6.688816
1.794106
4.280448
-5.657227
1.807595
4.300469
4.300469
-3.161827
1.804223
-3.126433
-7.971961
-7.903695
4.124286
-14.844060
-0.634651
-0.622653
-11.842210
-13.724577
-9.071232
-8.764236
-12.387012
-6.204628
-5.901224
-14.112359
-16.310086
-10.754586
-12.530053
-12.667103
-11.452776
-7.113535
-7.694269
-7.071672
-5.308616
-4.148028
-2.703591
-0.675076
-0.687756
0.084514
0.933069
0.591595
0.845135
2.025853
2.482663
4.885149
1.737809
1.949093
3.133766
7.691151
7.260445
11.681284
6.997647
7.561380
5.111386
10.497029
10.978143
5.978496
11.969529
2.525853
10.870250
4.827835
2.789086
-10.680610
0.633885
7.758354
5.429994
-1.761899
-6.625014
-6.631354
-4.208039
-13.951412
-6.637693
-4.195993
-11.449790
-11.383860
-16.059032
-8.819809
-11.098165
-10.889387
-13.086105
-17.314654
-21.388885
-14.385891
-18.135142
-17.445438
-14.907846
-19.822719
-22.394174
-24.406952
-16.631136
-15.434293
-14.062910
-13.956286
-13.755999
-29.282470
-33.766176
-28.966461
-23.884625
-16.022700
-10.412592
-5.975643
-1.521384
1.858526
3.749502
4.962853
5.568267
5.445444
6.514640
8.345096
10.977440
7.828661
11.498292
7.266544
9.098998
15.086411
13.257676
12.845477
18.783262
18.424994
21.120976
16.345110
18.894443
15.762044
16.263563
10.278404
8.363342
17.803945
11.231732
21.139406
4.224390
9.201404
1.805909
4.304473
1.810968
1.809281
-0.678225
1.807595
-3.155928
-5.604553
-0.664332
6.619272
-0.652965
-0.645387
-17.008428
1.671014
-0.613812
-7.183109
-15.457610
-17.026869
-6.470108
-10.009051
-13.114526
-14.131534
-17.949955
-10.737729
-9.861180
-15.133271
-11.524207
-9.155751
-3.584919
-5.124442
-3.067487
-4.233997
-2.180812
-1.323026
-0.966737
0.174951
1.528103
1.876303
4.061115
2.005992
3.542747
4.851341
0.967159
4.485357
4.975560
9.633827
9.440831
6.544209
6.973137
4.693043
5.088567
15.603782
9.301601
11.459257
10.024650
2.519938
4.685219
0.579425
2.786128
-1.636774
9.871067
3.002039
-11.317930
-6.586976
-6.625014
-11.504731
-4.191978
-1.768663
-13.938099
-11.471766
-18.697671
-18.446214
-18.428253
-13.512102
-11.043223
-15.511743
-17.548151
-15.042638
-27.985322
-16.488436
-16.021444
-23.496716
-18.788757
-19.922456
-27.636163
-29.378685
-19.820471
-19.686752
-16.684695
-12.891001
-13.903913
-14.069084
-13.413667
-11.119735
-9.175726
-3.570229
-3.816180
-2.361134
-0.548553
0.706751
2.662635
3.452206
4.675428
4.329027
5.198878
7.509242
5.270583
7.585911
6.518059
8.257162
13.781641
7.261683
7.779426
11.302102
13.836702
20.060850
19.195811
23.777560
40.356626
60.291421
69.030878
66.806660
55.595744
45.497003
44.406330
33.218687
18.914453
6.764682
14.244580
9.261883
6.789970
-3.164776
-0.679488
4.292461
-5.615087
-5.594018
-3.099888
-5.515006
-12.636579
-7.751993
-5.309576
-5.209495
-7.342396
-0.594867
-4.824972
-10.815641
-6.477693
-11.878156
-9.495766
-12.423401
-17.976083
-15.167189
-15.311024
-13.873983
-10.402308
-7.164105
-9.484474
-6.576666
-1.911450
-4.212505
-1.784275
-1.308487
-0.523395
0.269189
0.874752
2.153509
1.194178
1.966269
2.462802
3.529461
3.217531
7.037361
1.200815
5.527038
9.479287
6.556464
4.327944
8.937054
8.198644
18.785931
9.264835
0.498369
8.133203
12.523539
4.674655
13.339974
9.364604
2.868943
9.890929
-1.721318
-6.536258
0.656682
-6.618674
-9.062397
-6.644033
-11.482755
-11.482755
-21.157665
-11.427813
-13.765038
-18.410291
-15.887027
-20.467962
-17.835531
-17.584073
-12.766607
-10.361950
-12.207485
-16.003482
-19.467051
-16.796306
-19.797785
-22.305426
-19.380702
-18.154075
-26.813709
-16.625530
-13.901769
-13.785582
-13.966390
-12.648297
-9.285000
-8.517495
-5.743299
-3.489072
-1.935344
-0.574330
0.815482
1.577870
2.548866
4.648246
5.925834
7.203422
7.534107
7.778739
5.972288
10.418452
11.587109
13.890372
13.700637
17.287407
14.362483
25.153481
20.115215
23.010542
16.345110
15.099322
19.773779
12.067403
12.425841
6.126146
4.000157
15.998872
6.619272
4.240406
-0.673173
1.804223
4.304473
-0.681382
-5.673029
-10.685436
-8.146419
-0.676330
-10.536889
-17.699554
-7.918866
-12.599916
-5.383320
22.727445
47.515123
62.597837
54.162864
37.720598
22.080155
7.378403
8.941554
-7.714508
-8.982481
-10.002658
-15.095758
-11.159502
-11.455435
-12.567581
-4.139492
-5.204871
-4.390701
-3.634687
-4.191013
-3.159379
-2.503248
-0.738121
0.288416
1.379340
2.153509
1.960812
2.025853
2.452871
5.576051
3.287046
5.379727
4.031844
9.741587
8.316585
4.092151
1.703620
7.549125
11.376142
10.555346
14.555416
6.001315
8.162995
2.525853
2.614583
-1.547157
9.384465
-1.640156
2.960631
-4.083564
0.650982
-9.001750
-6.599655
-13.911474
-18.841361
-16.403043
-11.526708
-9.053734
-11.427813
-18.553981
-11.230024
-13.552039
-20.407106
-13.179291
-8.481919
-15.027001
-16.901545
-18.682847
-20.213175
-23.551233
-14.889884
-17.974803
-25.844668
-21.003783
-24.346143
-18.223001
-15.428238
-17.526451
-10.581394
-14.914755
-11.809815
-9.189278
-6.378459
-4.513097
-3.598105
-2.361134
-0.787321
0.586224
1.964338
3.182725
4.566698
6.968288
8.177397
8.154817
9.296491
6.824249
9.605051
7.235357
10.316840
8.623174
10.514000
17.233847
23.485809
27.049106
15.657321
14.490334
15.081410
13.737823
18.408478
25.660491
15.110045
20.168410
11.220774
16.295147
6.682494
6.720427
14.191478
6.796292
11.779621
6.796292
1.812654
-3.158877
1.805909
-3.123484
-3.102838
-3.082191
4.124286
-10.101153
-14.669595
-2.922920
6.113502
-4.956658
-15.423897
-10.840083
-16.355764
-9.972387
-14.898510
-14.035662
-13.134465
-10.670302
-9.810610
-5.228832
-9.203713
-14.059703
-10.240560
-5.771495
-5.308616
-5.068837
-3.159379
-2.247010
-0.709453
0.419212
1.230577
1.662030
2.721484
3.980147
-1.003826
-9.927091
-19.793415
-21.826576
-21.711428
-23.771637
-20.396142
-22.167928
-22.122830
-12.455231
-12.016083
-7.922551
5.742703
2.324731
4.357729
2.519938
8.838280
2.706271
-1.599575
9.652593
0.631985
12.549195
10.228571
-6.574296
7.948509
-9.053734
-9.053734
-6.631354
-4.191978
3.090769
-11.427813
-6.529918
-15.996485
-11.175083
-18.086989
-17.835531
-19.899971
-6.086137
-21.275836
-14.354617
-18.155427
-13.416407
-18.743537
-19.822719
-15.274901
-29.419889
-19.583809
-16.736640
-17.931855
-16.336494
-9.493564
-13.897928
-9.349621
-9.253092
-6.323942
-4.879248
-4.679139
-2.044378
-0.797680
0.763648
2.242053
4.009152
4.301652
5.844286
7.611179
5.409247
9.378040
5.071230
13.491114
9.507676
13.917554
11.146233
17.375909
12.825248
21.859424
13.236535
19.295271
10.753131
15.099322
17.720689
18.489395
12.452392
26.312876
10.924914
18.359199
9.045887
11.582381
9.201404
1.800851
1.810968
1.821085
6.808936
-8.146419
11.757706
-5.630890
1.789047
-5.536076
-10.319021
1.740148
-7.736823
-7.630631
-9.794158
-9.556483
-7.145183
-11.182273
-14.918195
-6.470108
-15.665486
-5.886053
-17.500603
-11.529995
-15.095758
-11.197850
-13.847855
-9.203713
-11.052156
-6.085275
-7.190724
-4.197323
-4.191013
-2.741939
-1.629824
-0.556272
0.247847
0.747559
2.230420
1.608765
2.959579
1.320524
3.541716
1.753656
6.203632
4.091428
5.539293
7.231287
5.382413
1.700662
9.039108
9.797227
18.916934
9.277090
5.993709
12.013266
18.448670
8.838280
11.237902
11.568789
9.642662
7.583410
-1.728082
0.652882
3.067107
-11.471766
-62.549584
-89.207811
-81.921050
-79.568399
-79.416261
-66.961142
-56.970241
-53.988029
-58.336825
-50.754235
-45.440206
-47.021049
-26.168036
-25.595610
-18.601706
-32.534636
-27.535927
-24.524136
-19.698048
-17.047801
-14.402629
-21.282113
-18.252583
-20.617455
-15.205556
-15.917577
-9.247415
-11.809815
-8.431096
-8.078598
-4.538031
-2.939276
-1.962603
-0.573487
1.020721
2.594363
3.343475
5.133121
4.349256
8.272853
7.484377
6.143615
5.909915
7.469059
8.292984
14.986353
12.355793
15.901893
15.739570
20.237477
13.164889
22.863038
16.324881
20.886633
13.644262
22.552591
23.373137
6.138790
13.248920
18.359199
6.600306
11.582381
4.272440
-3.158877
9.261883
6.815259
-8.146419
4.304473
1.805909
-5.620355
11.626212
-0.661806
9.019968
-0.652333
-10.091250
1.701365
-12.098852
-2.863931
-18.081461
-9.100941
-4.672216
-14.395637
-10.021272
-16.699574
-8.958039
-9.959041
-12.137396
-4.414540
-11.412450
-7.007676
-9.134258
-5.248487
-5.905716
-3.663764
-2.878672
-3.523931
-1.075454
-0.728627
0.204109
0.747559
1.632871
1.549182
1.072265
2.965728
2.850097
4.752821
7.823443
4.061636
5.490273
11.771167
4.076939
1.685874
1.824885
6.633675
12.187516
11.007301
5.986102
10.085925
8.431123
2.620499
0.579425
-3.790447
5.123633
-1.684119
0.644017
-11.317930
-1.756827
-13.911474
-4.200008
-9.045070
-16.387406
-11.526708
-11.460778
-11.416825
-20.893955
-8.845801
-18.212717
-13.312416
-29.346131
-15.277190
-15.011364
-23.463117
-16.488436
-18.074285
-23.387682
-16.735449
-21.506855
-15.274901
-14.483771
-13.449216
-15.334556
-10.112189
-14.909728
-13.637668
-16.728957
-28.151304
-29.524878
-23.579715
-16.187497
-11.161881
-5.397743
-0.857048
2.185140
5.787976
8.419216
10.144790
12.044393
9.623941
9.831968
10.266242
10.546897
11.634206
11.587109
15.104356
16.431887
20.140446
12.946622
22.050336
18.499590
24.818559
18.285673
11.270875
13.753416
20.562926
14.704616
17.374071
13.288746
15.998872
6.631917
14.058724
4.280448
9.279162
-3.170675
4.328498
14.271131
6.789970
-5.657227
-5.630890
-0.673804
-15.323839
6.606628
-3.046798
-7.744408
-0.636546
-9.774351
3.888040
-4.988262
-11.218936
-10.827862
-8.447337
-11.907233
-5.878468
-7.249063
-14.700783
-7.735933
-13.929051
-12.643293
-3.640858
-11.026028
-6.941133
-5.040159
-7.083054
-3.739008
-2.780288
-1.629824
-0.436162
0.220591
1.269032
1.433844
3.076442
2.988737
3.063768
4.271708
2.532874
6.237439
-0.689880
8.690949
3.780296
5.352621
5.720055
1.830800
9.826385
8.848163
11.080197
4.172855
6.252320
4.526756
6.716300
4.854246
2.800917
-8.421272
9.940582
0.644017
7.842022
-4.159855
-9.036406
-4.212054
-16.340495
-6.625014
-6.618674
-13.871537
-13.804975
-20.914241
-23.152451
-8.776490
-13.365665
-13.205916
-15.277190
-21.773252
-19.068270
-25.023185
-22.141603
-19.421831
-22.515414
-19.698048
-25.741974
-20.885452
-19.583809
-16.627606
-20.544343
-14.909728
-13.637668
-12.794793
-7.642118
-8.997835
-9.476995
-5.519948
-3.988402
-1.826311
-0.574330
0.986379
2.935726
4.295520
4.013378
6.143295
5.441627
8.399461
4.659690
6.019069
10.667102
5.183033
11.611740
4.812377
13.347865
27.694270
52.948959
72.152364
79.157975
67.739998
66.371246
62.746981
54.564088
54.105549
40.021637
22.524521
30.297214
6.625595
23.854798
26.530997
6.777326
4.312481
-10.695339
-10.665630
1.821085
-8.154004
9.261883
9.184124
-10.418052
11.461845
-3.046798
-12.526589
-19.385320
-12.135515
-11.878873
-2.781346
-15.491324
-12.954023
-16.413288
-4.308763
-20.353734
-8.970260
-17.949955
-10.737729
-11.197850
-11.476927
-7.007676
-8.091597
-4.411804
-5.090729
-2.455967
-3.287060
-3.116394
-2.142931
-0.613581
0.249961
0.338054
1.348058
0.098154
3.845552
3.542747
2.889819
3.995154
6.998906
5.948316
6.560643
7.202128
4.069333
5.640610
4.670225
11.342335
5.499304
12.796047
9.644743
6.214289
8.480776
-5.616998
2.712187
-5.978362
5.107786
5.250403
3.004996
-4.131748
-4.167886
-4.175916
-11.471766
-13.938099
-9.062397
-6.618674
-9.019078
-16.231037
-18.482136
-20.711387
-13.485477
-15.636838
-15.480469
-15.324101
-14.964454
-14.667354
-24.859634
-18.013429
-15.356877
-24.435387
-17.861754
-23.994226
-15.962530
-19.613392
-19.591030
-15.264688
-18.533776
-11.594420
-14.731976
-10.058150
-9.125464
-6.774460
-5.990486
-3.191582
-1.952464
-0.670052
0.744053
1.826313
4.369453
5.695541
5.520039
8.400128
8.290731
6.979039
14.772243
10.517912
12.667149
17.375402
13.800097
11.874480
14.317389
25.044119
21.860015
21.148159
14.472422
21.010959
21.930965
12.147056
21.284433
24.218549
17.839768
11.242690
13.886143
9.166845
1.795792
1.810968
4.308477
1.816026
-3.179524
-0.679488
-5.662494
-13.064316
-8.062983
-5.546611
-12.771011
-3.043848
-17.210709
-16.991572
-12.159958
6.138790
34.558696
50.597450
55.074310
43.159869
41.246129
33.771383
23.386720
23.417536
8.443199
7.739600
4.605022
-1.430491
-5.206173
-5.277565
-2.313462
-5.952586
-2.407549
-3.159379
-1.517105
-0.596089
0.098881
1.336235
1.102302
2.288935
2.463270
2.472732
4.918956
4.031919
6.152921
7.844927
1.336868
8.316585
6.556464
6.960882
14.707990
9.782648
15.452916
9.277090
7.805492
2.422335
4.510910
6.723907
4.838400
4.954606
-3.898860
7.552986
-1.716245
0.652249
-4.151825
-9.036406
-4.195993
-13.911474
-16.356132
-6.625014
-21.198236
-13.804975
-8.923776
-27.939830
-6.415803
-11.021247
-19.981112
-8.455927
-17.188926
-21.230617
-22.839762
-26.299103
-15.374838
-9.065333
-17.771315
-20.471037
-19.298927
-21.058762
-21.018048
-21.695148
-14.909728
-13.519336
-15.552077
-10.752732
-9.619009
-9.353382
-5.117823
-4.141993
-2.073969
-0.414794
0.897030
2.310531
3.043854
5.790997
5.569769
6.614101
7.658432
9.568319
7.788202
12.626297
11.711434
16.482069
13.924422
9.262505
11.481216
17.355798
21.978018
12.147291
25.932213
11.284150
23.975162
22.776376
8.155986
17.427805
10.979703
16.045652
28.487494
11.626212
9.227323
-3.170675
6.821581
-0.680751
-3.185423
-0.680119
-8.169175
-5.636157
-0.671910
-3.108736
-3.085141
-10.239797
4.104265
-12.343274
-5.230565
-7.357567
-2.781346
-2.707609
-8.784042
-8.427531
-11.878156
-7.704605
-15.775402
-13.134465
-9.275720
-13.881431
-11.369465
-8.108081
-6.091735
-6.960308
-10.796886
-6.558135
-5.042709
-3.925548
-1.483391
-0.809969
0.471613
1.624446
1.927014
-0.646464
-9.308135
-12.524428
-15.883281
-17.432534
-20.240154
-14.914755
-18.583151
-16.978749
-13.389686
-16.950940
-9.694839
-4.260296
3.813673
-3.043601
2.330647
2.434165
-1.444013
6.739119
-3.682034
9.364604
9.652593
2.948800
5.377173
0.650982
-6.567956
-11.471766
-11.482755
-9.062397
-16.340495
-6.625014
-1.766972
-4.167886
-11.350895
-4.103641
-13.512102
-17.997182
-15.433559
-8.464591
-14.964454
-19.088555
-16.380669
-18.013429
-15.374838
-18.698317
-25.206700
-15.234330
-20.915035
-13.368074
-23.833558
-17.931855
-19.712258
-20.197339
-12.858608
-15.544127
-9.653240
-8.444383
-5.956255
-4.278919
-2.643853
-0.414159
1.092363
2.201801
4.739062
6.007998
4.470630
9.011996
8.345096
9.405222
8.748263
9.582504
11.562243
13.917554
12.468529
17.375909
12.865706
17.256338
25.329171
15.758467
18.263125
9.270288
11.735516
12.160331
10.355109
15.141232
13.315297
13.647184
11.494719
9.166845
9.210044
-0.678225
1.816026
-0.681382
4.304473
1.816026
4.300469
-8.100908
-0.670647
-10.418052
-0.660543
-7.835429
-10.101153
-0.637177
-7.524439
-2.858032
-11.561126
-15.474467
-6.735587
-12.372473
-6.204628
-13.047100
-5.544723
-16.333896
-15.000517
-5.743793
-11.326480
-10.294847
-8.091597
-7.651285
-3.000637
-3.006381
-0.563348
-2.093579
-0.652320
-0.356511
0.366387
0.947648
1.421588
2.022087
3.482148
3.076023
4.242549
6.306706
6.220535
5.061345
2.392789
8.418007
7.814455
13.609666
9.039108
12.959512
13.959356
11.051039
11.488415
4.352447
10.502598
12.960915
4.838400
4.970452
9.622801
5.271531
10.109403
10.218640
10.308016
3.087811
-18.787478
-57.797495
-81.842656
-89.037078
-91.636832
-78.655568
-75.809647
-67.973708
-53.618248
-34.334043
-22.361107
-33.341334
-26.140778
-29.833246
-20.484493
-18.013429
-23.251390
-18.675707
-19.698048
-23.930411
-20.974200
-27.277264
-15.259753
-19.203787
-16.208865
-13.696833
-13.692540
-11.707121
-13.022219
-10.546163
-6.024717
-4.606027
-2.558904
-0.354359
0.698959
2.952800
2.690470
7.190746
4.490860
5.300023
6.921950
6.999268
9.523310
12.419792
8.310896
9.098998
11.227149
10.567734
20.395765
18.810445
21.919016
15.738238
16.405798
19.052273
15.762044
14.221219
14.673429
15.110045
10.968745
18.377110
9.054527
9.149565
1.797478
-0.678856
4.308477
4.320490
6.808936
1.814340
4.312481
-5.646692
-0.672541
-7.994717
-5.488669
-0.651702
1.721600
-12.331052
-0.624548
-14.102584
-11.548904
-13.288414
-6.705246
-10.412346
-11.907233
-13.114526
-12.389688
-11.580565
-12.175745
-15.232640
-5.228832
-5.902773
-9.069781
-9.484474
-7.190724
-7.690993
-3.739008
-4.067778
-1.279410
-0.730741
0.233267
1.528103
1.676609
2.670773
1.544065
1.878739
4.198812
5.527487
1.088424
3.103341
5.514783
6.041751
5.293037
4.335551
8.995371
5.111386
13.882445
9.252580
5.978496
10.024650
2.531768
6.739119
0.579425
-8.187348
5.123633
2.954716
-8.819809
3.043446
0.656682
-6.605995
-6.631354
-13.898162
-9.045070
-11.460778
-11.438802
-8.967095
-11.317930
-13.605289
-11.142118
-15.652474
-17.745725
-6.181233
-19.392836
-14.667354
-16.380669
-20.032296
-25.411619
-11.009368
-14.171434
-20.471037
-17.578637
-14.832039
-23.716918
-44.959798
-46.631349
-42.199062
-34.061164
-28.512353
-22.923847
-15.684846
-11.953649
-7.991513
-3.805369
-0.782882
1.050016
2.609131
3.157860
5.251124
5.470309
7.149056
4.787187
8.628169
10.438166
6.580433
11.537378
11.476458
12.558717
16.037807
18.850944
10.790662
18.499590
19.345001
7.015531
22.969401
7.620318
10.004460
10.387982
8.389261
20.208868
18.430844
11.461845
11.637170
6.726749
-3.152978
1.814340
-5.662494
4.308477
6.815259
1.814340
6.758359
-5.609820
-0.664963
6.600306
1.745206
6.461219
-9.992219
-7.486514
-2.863931
-7.152768
-6.963140
-15.002479
-12.372473
-11.907233
-13.114526
-8.958039
-3.608194
-10.704016
-8.476089
-12.690913
-9.261236
-10.119396
-5.219410
-5.073872
-5.952586
-4.666827
-2.444224
-0.871472
-0.415516
0.129098
1.031121
0.331259
1.960812
4.353541
2.990238
3.529461
1.748374
6.979678
4.031844
1.333911
4.905742
1.582355
1.682916
7.561380
5.118992
7.150069
2.233043
4.141163
0.516733
2.531768
0.561061
4.843682
0.597156
0.611721
0.630718
-4.079549
-11.284966
-8.941103
-1.758517
-6.625014
3.090769
-13.911474
-4.195993
-13.884849
-8.975759
-16.121580
-13.565351
-15.855753
-20.163681
-15.511743
-22.089790
-21.637593
-12.500358
-18.500279
-17.972858
-27.408298
-24.287473
-23.222493
-25.570818
-17.553703
-19.435895
-22.262464
-16.388867
-14.791397
-13.489754
-14.512641
-11.467502
-7.006521
-7.147216
-4.661181
-4.704503
-1.863716
-0.327100
1.240928
2.867453
3.331915
3.600779
5.050543
5.522544
8.453827
7.936568
7.909577
7.719819
2.977724
12.855226
13.924422
5.132051
10.073364
12.466344
16.797566
39.382750
71.531964
80.429665
83.733700
80.539045
69.863129
62.790643
64.654439
63.685479
48.103364
51.022306
44.048454
34.236885
31.713247
21.827196
21.806967
4.320490
1.814340
1.804223
-3.144130
-0.667489
-0.662437
-7.865770
-7.751993
-7.630631
-12.123294
-5.104146
-9.338615
-15.491324
-6.712831
-8.447337
-17.516284
-4.076996
-17.452982
-13.096116
-16.512914
-11.082804
-7.690997
-10.316339
-12.982396
-6.034705
-6.447712
-5.330108
-3.287060
-2.410511
-1.466534
-0.280649
0.247847
1.400892
1.360313
1.559112
2.915841
3.644802
1.542372
2.525268
2.821911
4.081498
3.476047
2.635766
2.841767
7.034412
4.723468
8.235409
8.835908
11.051039
4.146445
13.894783
-1.445704
6.761938
-1.548848
-1.596193
0.613621
-6.333387
-4.095610
-8.949767
-4.151825
-6.605995
-9.027742
-11.493743
-21.218521
-9.036406
-13.858225
-23.446379
-11.284966
-23.062012
-20.549103
-15.683748
-22.315888
-17.512228
-19.433407
-14.667354
-16.380669
-22.041866
-21.418510
-20.446075
-25.079071
-23.834690
-30.644239
-22.489996
-12.394375
-16.418450
-20.890594
-18.871581
-11.803535
-12.428962
-8.934020
-6.187650
-5.488041
-4.176224
-1.771794
-0.445008
1.194772
3.492648
4.811970
5.939725
6.061747
6.614101
6.944497
7.823833
11.387268
8.658054
11.736299
10.417985
15.004863
13.325317
14.407577
18.946358
30.653122
23.010542
10.806233
9.303161
30.108260
18.489395
12.558595
19.723370
10.979703
13.633909
13.912693
14.085275
4.276444
-0.679488
-0.678856
1.816026
-3.182473
14.297682
-10.645823
-3.155928
-15.454688
-7.964376
-5.504471
-17.396133
-0.646650
15.718190
47.611210
60.154280
58.419656
54.683354
44.670716
35.090839
29.673817
17.473978
11.429993
9.093698
2.526626
-7.051553
-6.452721
-5.902773
-5.132846
-3.535404
-5.040159
-3.591070
-5.490078
-2.987440
-1.250332
-0.488845
0.307644
1.098736
1.446099
3.076442
3.922464
1.909163
3.541716
3.296976
4.509867
3.133766
3.445622
3.803115
6.617740
-0.972257
9.068267
5.134205
15.603782
7.527434
6.008921
-1.388214
0.542696
-3.565590
6.959700
-1.594502
7.370436
2.948800
0.645283
-6.529918
-1.751754
-1.760208
-13.911474
-9.027742
-11.493743
-6.618674
-18.697671
-11.383860
-11.273977
-13.605289
-18.194756
-22.609815
-20.021683
-19.798544
-28.281150
-21.185397
-24.805118
-26.239938
-19.354002
-22.460898
-30.598712
-25.502355
-22.494587
-22.558459
-20.915354
-16.477616
-16.145051
-11.419881
-8.073587
-12.392406
-9.619009
-8.480939
-6.324148
-3.668266
-2.527213
-0.510515
0.924213
2.596061
3.021307
6.076270
5.027996
7.176239
6.331707
8.653034
11.505271
13.522933
11.711434
17.580220
17.691178
17.434911
17.396943
15.692760
22.037019
17.519072
20.215277
23.023767
17.862293
20.653115
16.944197
17.391983
22.569616
11.253647
9.054527
4.256423
9.210044
1.812654
4.324494
-3.182473
6.834225
6.789970
9.261883
-0.676962
1.790733
-5.525541
1.765441
1.738462
-3.014354
4.036194
-5.209495
-2.858032
-11.573347
-6.963140
-6.743172
-10.436788
-8.071020
-7.704605
-15.753909
-9.973580
-9.173949
-5.704181
-16.181848
-5.829447
-10.895388
-6.017848
-3.666319
-4.697728
-5.016581
-4.368484
-2.000069
-1.025531
0.405902
1.729249
1.943917
3.868010
-0.823137
-11.600779
-16.159033
-19.853214
-21.208166
-20.705708
-19.762052
-16.978749
-15.945126
-12.932814
-12.536373
-12.105889
-9.624876
-10.037561
-1.330724
-3.300580
2.522895
8.788626
9.096477
0.596523
7.370436
2.948800
12.451154
-1.738227
-6.561617
3.087811
-18.769516
-9.053734
-9.071061
-9.036406
-6.618674
-21.076524
-13.698476
-18.338446
-15.793206
-25.083843
-29.286965
-17.494267
-10.537762
-29.928968
-20.620152
-20.032296
-29.267803
-18.653098
-23.252075
-27.270605
-19.189893
-24.053697
-17.956755
-16.388867
-14.880145
-9.229854
-16.234505
-13.721041
-8.870206
-6.051358
-6.287593
-3.765051
-2.010155
-0.245325
1.399590
2.006689
4.295520
6.212816
4.083802
7.312153
7.102327
5.488892
10.574079
9.740334
11.761164
14.080651
12.626358
13.415506
19.057449
25.518025
25.670535
23.040043
20.265007
13.285613
22.030425
29.336810
23.572058
24.268279
17.983059
8.864451
16.373114
4.240406
9.227323
6.789970
4.312481
1.817712
-3.176574
-8.176760
6.802614
6.783648
4.268436
-5.551878
1.762068
8.924930
-7.759578
-5.335913
-12.135515
-0.612549
-0.595499
-13.332031
-8.793945
-2.515894
-9.984608
-9.471324
-14.035662
-11.546852
-10.704016
-9.844323
-12.643293
-9.222887
-10.024155
-6.051562
-7.942920
-3.591070
-3.320773
-1.772054
-1.235793
-0.709248
0.277005
0.808835
0.874716
1.948557
2.500035
3.063768
2.899750
0.978990
7.114272
3.118554
2.382225
8.418007
5.342690
5.700194
7.549125
11.359239
13.920900
7.567156
9.656998
2.425292
8.460915
14.976615
9.076615
9.424188
7.385648
7.583410
-30.174449
-68.574654
-83.300740
-88.866346
-76.915819
-67.347828
-64.856683
-59.888642
-42.770091
-57.135692
-56.639340
-44.355795
-34.642125
-41.245531
-29.227800
-31.045720
-28.340316
-16.829700
-24.886893
-20.054906
-17.425153
-20.495943
-23.222493
-30.903245
-19.189893
-22.421533
-20.744197
-21.461867
-18.424108
-15.541032
-8.976097
-14.712717
-8.870206
-6.744877
-3.843669
-4.532916
-1.620725
-0.361757
1.273789
2.283349
3.615302
6.212816
6.578655
9.114405
9.056713
7.801286
11.416769
11.634206
12.803063
20.006503
13.849827
14.720104
14.452671
20.532484
22.007518
22.951540
14.579891
19.142461
23.975162
22.801241
12.598422
15.172419
22.614710
6.499152
18.753250
11.615254
9.244603
6.789970
14.310958
21.786738
9.313722
1.812654
-8.154004
4.300469
-0.671910
-3.108736
4.192357
-10.239797
4.104265
-7.653386
-12.098852
-7.380322
-9.358422
-9.081135
-12.939484
-8.447337
-0.514668
-9.471324
-7.229257
-13.153639
-10.670302
-9.793753
-10.200782
-6.934982
-8.129946
-9.353834
-4.405240
-5.928776
-3.681485
-2.393654
-1.869836
-0.439958
0.158890
1.379340
1.676609
2.704581
2.512290
0.739418
5.537596
3.277115
2.783880
2.155095
2.382225
4.915672
6.568719
7.022157
7.585890
9.797227
13.920900
7.517503
11.444677
-5.211255
-1.445704
8.798557
-12.180860
-1.589429
-8.395280
7.598623
3.007954
-11.284966
-6.580636
-8.984423
-4.187962
-18.751555
-6.625014
-6.618674
-28.375964
-6.561617
-18.464175
-8.837137
-8.767826
-20.305679
-20.082539
-17.476306
-14.948817
-14.636080
-20.507103
-20.077516
-19.263563
-22.460898
-14.135511
-18.675744
-15.917310
-16.381794
-12.292948
-13.813568
-18.424108
-30.447948
-39.228351
-33.070990
-28.693191
-23.079306
-15.998170
-9.882021
-4.572177
-0.478391
2.442215
5.247694
7.931174
10.431366
12.374376
12.779598
9.895605
9.568319
10.574079
11.579840
15.050229
12.805495
15.195142
14.794699
17.424126
15.737854
22.007518
21.202524
25.773120
23.159680
15.869512
29.082261
14.766990
12.956860
8.683015
13.673735
16.388708
9.184124
6.758359
6.777326
9.270522
9.296442
-0.678856
11.801537
-3.164776
