103.950695
153.154032
221.502834
320.766226
429.727652
569.191329
760.907584
1059.575667
1467.737270
1968.030816
2596.029789
3308.608855
4102.167639
4796.204627
5202.689915
5418.411979
5559.716444
5676.664879
5794.540973
5856.581030
5877.521714
5868.989034
5883.728175
5871.315253
5875.193036
5852.695871
5840.282929
5821.663547
5795.219444
5770.373910
5714.471463
5666.501928
5610.643761
5479.993452
5416.096645
5300.219914
5196.908553
5070.853663
4870.550095
4715.634368
4499.586348
4263.797383
4069.291900
3772.618762
3493.969704
3232.860320
2964.020141
2715.363272
2429.214302
2093.765318
1800.121362
1476.393106
1121.087691
784.777029
455.408596
200.410553
-6.605264
-139.746289
-229.227280
-283.145850
-289.139035
-276.484706
-231.571090
-179.351246
-117.107522
-56.422433
-6.808684
41.212906
99.488152
158.094970
239.408062
357.407560
488.610752
633.951056
864.285150
1186.089893
1653.922293
2286.285184
3030.833583
3823.017338
4616.791884
5309.852423
5769.527924
5960.553565
6077.247087
6131.092037
6173.040402
6172.399056
6170.890452
6138.370290
6124.408952
6104.209608
6074.768347
6022.194300
5964.759828
5925.846553
5845.180577
5783.129815
5670.930328
5578.221090
5466.628247
5315.887558
5146.977538
4918.085510
4738.683656
4492.292658
4289.656855
4011.909285
3717.565355
3434.888914
3170.284678
2899.950326
2580.849313
2188.907201
1741.362801
1375.786678
998.067560
679.044552
432.845392
196.901237
47.128274
-68.818197
-150.954284
-187.341173
-198.912709
-181.997934
-143.476581
-98.583093
-58.615172
-23.109623
23.405874
70.027477
116.071789
172.377398
268.343773
367.349282
481.383514
654.426614
955.736544
1344.395425
1810.411506
2402.839168
3060.135932
3802.134683
4519.241139
5282.321587
5760.290593
5981.469762
6033.121491
6048.905185
6073.721212
6056.097480
6037.463344
6026.476853
5995.444549
5995.444549
5964.412225
5928.004343
5871.315253
5850.377029
5803.044145
5639.440828
5598.230819
5496.748708
5366.464611
5213.432677
5050.252321
4835.288349
4633.239095
4423.557135
4174.425581
3910.014075
3642.954283
3330.245917
3086.032422
2749.088199
2306.862217
1794.987839
1379.870631
1032.467677
736.933098
461.972872
246.872235
86.165052
-31.130866
-94.182630
-129.372163
-141.682076
-133.949450
-108.361708
-74.618673
-45.876184
-5.535632
34.755951
81.236177
116.901751
154.754419
212.833229
312.022789
418.037185
581.023292
784.964385
1075.678278
1475.053413
1969.212178
2492.470022
3109.357771
3726.277355
4354.548564
5064.999778
5642.820185
5981.041032
6150.235039
6248.409909
6277.095004
6300.016873
6277.645573
6291.945960
6254.715511
6247.607627
6228.405128
6191.146475
6136.819087
6077.069573
6012.717585
5913.436396
5834.551966
5751.765756
5623.739240
5493.531399
5268.517142
5068.887561
4878.485907
4634.414702
4388.411557
4112.132826
3813.628506
3449.108708
3025.671688
2586.053495
2125.691663
1668.299880
1286.497992
952.641313
689.608021
461.000230
258.907523
114.271386
4.921312
-58.237495
-100.141135
-114.324414
-110.206133
-94.648200
-70.577273
-41.635594
-16.650112
28.607361
62.323177
113.128419
142.161912
185.952166
265.847321
377.786399
558.486949
789.592691
1099.139783
1462.487334
1893.763718
2420.623291
2989.547477
3616.242078
4271.784643
4904.786127
5469.929600
5945.050770
6116.839250
6187.435786
6164.943545
6181.204736
6181.204736
6170.100240
6141.704436
6116.839250
6064.708848
6058.495010
5987.772276
5958.205764
5840.282929
5794.540973
5677.203172
5616.850222
5442.798927
5312.618082
5093.628717
4928.274650
4695.180798
4508.379615
4208.182626
3952.624191
3550.805400
3068.039470
2624.287273
2235.005973
1807.864669
1376.168219
1008.275638
731.359350
473.126368
292.166126
132.204977
32.897071
-32.625434
-76.726858
-88.873591
-83.801301
-71.123676
-54.857761
-39.055089
-12.623182
18.770292
59.396716
107.943991
155.240937
214.403854
297.645680
382.462712
510.287758
700.638522
925.790913
1241.563870
1571.352282
1994.106322
2446.771206
2957.015186
3535.816644
4119.391090
4658.215018
5239.267417
5608.500016
6003.867667
6204.810436
6328.618569
6376.030338
6378.045500
6404.986370
6365.020207
6384.681607
6327.761532
6307.694130
6276.621750
6201.218087
6132.936390
6035.902080
5970.960185
5845.180577
5753.947102
5580.336620
5355.190755
5210.561120
4944.423566
4658.334480
4258.549612
3802.165783
3337.924622
2848.248141
2450.295820
2047.643776
1618.702389
1276.519702
918.629206
677.225183
463.640557
307.629458
169.284193
70.000845
4.258270
-41.299361
-62.116319
-69.852389
-63.075812
-51.735173
-37.809184
-22.949639
-0.811789
26.307154
72.745752
126.613209
184.712094
246.456093
337.764954
447.211661
599.061805
818.430569
1094.043992
1417.239148
1779.719242
2188.272756
2678.497864
3218.396423
3744.186947
4304.535442
4858.198283
5283.976200
5725.257256
6025.850953
6191.775317
6236.282147
6218.877257
6236.227556
6244.910255
6188.985678
6174.113751
6114.419588
6056.097480
6039.853498
5951.999283
5837.969005
5775.928947
5645.644850
5536.166171
5362.210794
5155.595007
4944.909635
4765.724200
4425.560926
4043.410652
3586.002572
3080.636478
2628.713170
2205.163695
1804.443853
1448.954789
1104.596179
799.296855
575.520459
371.826410
208.642500
91.445049
11.362204
-28.473337
-53.276289
-62.704945
-59.287983
-48.788808
-31.307727
-11.275764
18.440435
53.227567
92.368711
130.313114
176.318725
228.519893
298.618379
406.527561
536.715796
699.705581
913.181243
1188.529127
1503.756697
1885.889394
2287.855071
2715.386179
3152.813887
3632.429715
4118.838770
4625.062280
5028.107098
5312.364278
5615.318657
5883.708870
6145.836510
6314.993682
6388.540239
6398.101113
6405.223435
6422.252541
6330.581884
6309.132215
6279.535825
6182.595800
6088.767292
6023.482521
5907.231318
5760.147480
5602.829641
5377.889093
5036.606396
4657.890334
4290.737628
3834.715910
3380.332203
2942.077954
2518.798873
2120.556581
1737.447427
1386.899976
1035.015437
780.640007
570.593796
383.078380
233.725427
123.409273
48.598551
-1.701135
-35.308224
-48.397726
-51.665121
-48.839814
-37.561018
-28.857748
-8.534344
18.924254
50.999321
82.528485
124.504725
171.811115
247.326963
348.117921
463.495846
599.910337
798.537720
1046.107939
1365.347499
1749.335430
2149.998344
2602.168290
3054.495079
3514.966490
4013.821938
4464.581056
4839.611117
5179.347841
5503.220086
5800.059606
6033.044872
6215.072902
6259.841365
6292.130002
6242.438954
6207.627190
6161.690974
6164.130308
6049.886101
5983.031607
5913.235695
5827.870008
5689.625949
5554.382500
5329.029102
5062.959903
4695.637224
4305.904230
3889.884733
3495.199575
3035.582200
2591.956528
2184.504105
1829.496216
1503.953514
1143.465553
848.562722
606.529305
426.270075
275.460390
145.121546
60.293659
2.656240
-29.202051
-46.758851
-50.111716
-43.814426
-31.506920
-19.484068
3.045547
33.240736
73.515555
105.407060
142.103660
187.261292
246.119592
318.148812
384.494178
473.331587
649.151477
875.547558
1150.490672
1447.717026
1782.711340
2151.130324
2540.967162
2964.800788
3396.274406
3859.366351
4248.152505
4631.161664
4972.012896
5240.950130
5507.066209
5733.817244
5880.064712
6024.991704
6134.010519
6207.457110
6241.125220
6303.008272
6272.162229
6260.697820
6145.891534
5994.493001
5851.559438
5642.725476
5426.532230
5168.227006
4829.927298
4520.673003
4147.924328
3767.819498
3366.330495
2954.542996
2559.131209
2162.706596
1816.160960
1506.770778
1161.904293
876.931763
631.675234
450.547189
304.930527
181.729229
88.936562
31.617914
-5.973226
-29.593339
-40.247688
-43.984530
-41.061074
-33.867088
-18.662710
5.644959
38.185579
70.656557
108.380321
152.251527
200.256183
265.002551
367.194869
503.616433
652.471340
857.475454
1107.342413
1403.571944
1731.042404
2070.474667
2404.219960
2782.511912
3221.169219
3661.931603
4092.715386
4448.956866
4804.893544
5103.471234
5330.076833
5501.335024
5586.129077
5748.423700
5873.665403
5919.030917
5938.002470
5922.367035
5918.200587
5889.557652
5812.679987
5693.608114
5492.670110
5326.048863
5105.840219
4817.712818
4526.689053
4186.798419
3804.967880
3438.952614
3049.111802
2657.677670
2268.423715
1901.105644
1561.221592
1269.471482
966.926033
690.758855
491.581832
333.115118
208.300875
108.457921
39.732931
-1.932702
-26.254201
-35.466197
-36.055261
-31.846767
-24.136807
-10.282929
13.853378
42.233348
69.840245
102.177485
140.241006
198.811605
265.241971
333.473203
426.956000
572.014694
736.238347
921.520677
1138.929599
1415.331839
1753.508599
2087.575044
2403.721943
2770.349298
3141.563706
3550.138786
3947.576335
4280.443112
4560.207763
4824.985065
5052.224032
5231.782114
5402.461627
5506.216691
5539.401596
5648.609471
5672.910615
5688.056156
5646.626365
5618.973939
5552.486626
5462.077189
5333.994040
5079.590428
4893.550740
4633.206281
4326.575545
4017.169715
3673.450095
3342.960563
2971.149347
2614.888631
2225.947793
1846.444710
1533.585483
1219.904899
935.052459
701.666398
508.197502
359.602674
240.443230
140.483731
73.347350
22.585608
-3.750804
-25.363189
-35.950514
-34.869810
-29.464671
-21.966090
-7.595030
9.658068
43.511355
75.328014
112.348619
151.641300
181.942319
239.367872
319.754777
401.802631
570.736963
759.956654
966.907904
1235.952262
1544.165755
1865.512900
2191.063982
2558.861071
2899.416088
3278.727318
3682.979756
4019.976008
4313.114340
4574.385367
4815.486290
5011.788046
5158.672144
5293.294363
5399.309222
5465.453159
5452.112055
5434.111721
5369.037405
5196.470420
5120.214820
5050.072550
4920.470850
4737.776899
4617.908288
4325.635747
4055.410761
3770.708001
3437.888291
3100.603707
2714.792583
2340.693316
1981.862829
1621.622740
1344.439858
1069.325267
802.521921
576.622812
408.622327
272.593288
163.325771
89.939787
28.106012
-5.478635
-22.222920
-30.991673
-31.198792
-24.375379
-14.740773
2.659103
18.204741
37.338821
69.673562
113.929043
165.217175
219.160888
273.999698
343.420076
449.653948
577.428619
722.776957
905.795689
1100.141344
1344.976162
1614.791302
1888.670895
2244.435723
2593.362905
2937.084696
3264.886021
3640.163799
3946.308998
4188.930878
4461.502722
4664.812201
4842.019690
5007.023097
5088.905151
5189.986833
5226.925683
5233.471284
5247.234297
5253.095075
5186.053028
5141.507714
5001.626627
4842.033442
4583.194205
4399.296579
4175.122909
3896.644941
3614.213185
3321.678845
3001.553785
2665.411000
2312.477443
1984.249503
1659.704776
1366.468451
1105.799792
840.668427
614.489065
444.691172
307.452017
200.632772
114.517409
53.702275
15.805470
-7.060833
-20.272014
-24.577083
-24.114960
-17.513595
-7.938817
4.354439
24.101702
47.771151
81.285619
110.290106
152.199156
189.011093
254.083568
365.328251
492.215535
628.664513
825.191980
1023.736464
1281.583004
1548.114255
1809.979744
2118.036537
2353.158283
2666.748374
3044.493993
3405.893635
3721.490341
4002.373998
4267.957549
4489.827593
4680.542530
4834.976052
4939.591970
5006.879588
5064.038566
5073.334329
5047.723285
5002.709726
4962.283780
4859.768668
4748.162896
4635.816366
4441.116147
4251.072278
3889.857673
3589.840632
3300.809075
3010.266459
2647.865247
2329.462868
2013.811334
1697.814541
1401.324420
1155.110427
922.911490
687.926295
500.312610
344.815421
227.518600
132.563961
65.906868
17.415291
-7.315769
-21.886858
-27.759420
-27.067848
-19.880516
-8.409378
9.045842
33.178211
62.039213
94.815352
127.781378
169.037507
225.881875
280.527684
359.777808
481.315178
611.355917
742.005227
897.140516
1103.483081
1343.750113
1604.039950
1878.598164
2143.274500
2428.619861
2667.596564
2992.073968
3312.426984
3556.032981
3772.838353
4012.515814
4202.190317
4380.502224
4514.954261
4607.558934
4692.832829
4770.180581
4835.017174
4828.801310
4817.738646
4768.891514
4721.907368
4621.161820
4521.458843
4320.929236
4113.900331
3794.890471
3531.452740
3269.543597
2976.563048
2686.601281
2381.308060
2055.323025
1764.878895
1434.877527
1176.101057
941.956025
712.084385
536.144911
380.429383
267.890203
169.155106
96.226168
47.369652
13.354519
-6.810024
-20.921171
-26.155254
-26.719166
-21.843072
-12.143989
7.266143
29.281074
57.859997
83.763565
113.205947
150.998373
215.856045
296.355515
395.465572
513.295374
654.234447
837.411906
1031.524350
1266.699671
1489.297933
1734.320453
1965.339139
2228.903163
2543.002844
2875.996821
3147.936510
3469.490358
3784.984277
3944.231544
4164.934005
4330.727173
4505.643948
4610.363449
4659.579483
4692.140099
4681.948743
4699.772543
4683.815454
4631.851452
4558.355120
4417.456982
4274.090484
4065.902470
3899.889333
3624.701724
3329.061811
3001.678153
2716.735941
2419.929137
2113.156531
1830.034075
1539.583454
1275.463019
1038.292985
803.704448
602.503122
422.880252
295.584817
189.841319
111.067018
51.602218
12.855661
-8.861448
-19.873501
-24.281106
-21.104837
-13.433099
-1.254886
18.029850
38.854680
61.025181
90.454628
126.112171
174.884823
234.183607
280.527684
360.711032
465.049714
592.300559
742.108166
882.669996
1070.759138
1268.841955
1487.563534
1755.202656
2018.510166
2268.373886
2585.905638
2916.608886
3207.615142
3448.110162
3676.045331
3886.900762
4066.310022
4195.013298
4293.270783
4401.966783
4496.498544
4516.681787
4592.533973
4549.500442
4516.913989
4399.672017
4274.008815
4217.392635
4073.370805
3947.041093
3783.990304
3553.172794
3341.931064
3060.578324
2760.325851
2459.751433
2145.149909
1867.090935
1553.302754
1284.381139
1061.982973
859.762342
645.187010
460.675356
339.853531
227.010452
147.198096
83.856170
39.816422
9.510334
-8.308690
-20.638962
-24.928062
-25.370811
-18.607638
-9.861259
2.973617
27.416236
53.339656
83.739982
128.157132
181.759892
228.430148
278.705861
363.089585
470.114044
618.577982
769.926787
927.150760
1121.148290
1378.196474
1637.218983
1907.273318
2181.577635
2467.476250
2798.933310
3084.836212
3367.985530
3605.678654
3793.609814
3974.566459
4124.165878
4220.576729
4283.738406
4317.592107
4364.337429
4374.803797
4308.801214
4204.256685
4131.062882
4040.930968
4007.768312
3868.331239
3780.007595
3569.342608
3379.972523
3125.203583
2838.713778
2591.219570
2258.810135
2034.046213
1743.534110
1448.452481
1171.378898
930.005806
725.950300
527.477902
364.270596
245.084101
158.862027
91.927548
40.463571
8.324687
-10.571655
-21.149475
-24.586135
-18.863161
-10.953052
3.072658
25.604524
46.393410
71.552761
96.311781
132.456276
174.789438
227.101500
277.176674
352.686967
464.824995
593.313864
716.664307
862.299983
1052.715702
1275.814006
1462.558190
1689.918943
1898.057184
2183.814222
2500.861136
2804.799135
3061.230397
3282.028101
3427.901200
3610.996672
3779.740682
3855.670740
3936.340451
4070.697626
4138.144242
4220.329268
4266.303288
4214.105396
4180.856113
4114.476742
4060.218772
3890.058811
3815.203228
3687.576701
3561.245895
3315.782551
3075.494484
2795.089603
2540.549429
2260.533352
1990.988389
1698.561982
1441.006002
1182.489969
985.543892
778.770630
579.956704
428.586996
301.996097
206.738511
130.021981
72.700049
33.215311
7.543581
-10.360187
-21.228036
-23.519906
-23.647926
-14.482793
-2.492988
14.125707
39.596203
67.469740
97.963961
134.157809
183.726387
232.802861
303.993545
388.317018
519.661790
673.276292
835.041753
991.262223
1174.497370
1371.412475
1614.401255
1867.826854
2145.189106
2403.495140
2729.654183
3007.791869
3269.728229
3477.176528
3654.550464
3790.010874
3934.673404
4045.314636
4098.612453
4185.635805
4194.586304
4237.573167
4170.959687
4143.031166
3982.325935
3900.842670
3799.784055
3671.485316
3513.825941
3340.055131
3144.108526
2934.771275
2699.457267
2390.069588
2127.179518
1791.811373
1525.400011
1230.606966
1022.513115
826.637235
629.500809
461.061459
321.599897
224.554596
135.117277
78.274916
33.417776
3.168740
-10.076308
-18.845271
-21.909741
-17.242343
-8.119968
5.041364
20.864787
43.562579
71.374325
106.677360
144.083859
182.328954
226.307438
283.799833
333.954284
417.913288
533.284560
684.481919
853.833389
1058.721748
1268.182423
1490.976445
1712.093590
1945.763647
2185.724016
2402.086443
2688.295934
2931.621398
3201.520130
3371.087160
3522.519054
3684.733520
3769.303216
3871.879846
3963.764597
4035.488233
4080.451435
4091.888288
4101.649133
4095.416592
4002.236494
3922.486027
3760.198182
3617.554857
3451.963793
3313.290330
3144.767418
2926.234450
2647.437666
2387.439681
2145.913613
1849.681382
1583.300857
1311.708667
1081.484782
896.534116
701.107700
527.297036
386.471640
269.103897
187.391911
115.844667
66.541560
29.779313
6.918353
-8.293097
-18.437407
-22.634266
-20.742133
-11.639247
0.054463
19.913517
46.323730
70.343072
101.218625
135.601444
183.915148
247.145384
321.826872
423.971205
535.978729
686.857440
836.595288
983.626790
1172.088636
1370.916154
1601.759914
1845.502757
2071.884855
2322.845401
2587.770894
2873.615797
3105.146905
3315.717807
3491.992616
3650.700016
3773.868872
3841.122050
3913.088454
3986.206014
4013.424903
4001.444524
3963.704088
3929.800119
3822.733020
3766.730098
3597.219715
3454.466228
3349.979392
3181.013254
2996.668454
2767.078868
2495.962517
2246.710933
1973.963617
1701.362507
1434.418724
1196.822493
970.644989
773.879124
583.961241
425.718222
298.812643
205.672074
125.756885
67.629696
29.284155
2.110995
-10.368566
-18.007886
-21.129578
-17.053902
-4.333104
7.589322
28.071935
51.687420
79.290336
107.403056
132.456276
178.267507
242.736504
290.454393
362.651503
462.842243
579.267402
720.368859
883.515185
1074.893826
1293.186160
1493.578556
1700.122012
1936.323656
2195.013268
2449.277140
2699.205456
2889.537566
3097.127652
3277.110975
3460.729128
3547.438329
3647.514663
3755.220691
3832.340515
3874.522744
3910.365387
3876.772167
3856.991393
3821.255918
3768.442833
3691.064016
3621.207728
3513.988244
3317.986364
3150.225561
2922.821629
2720.912079
2488.376062
2244.937608
1996.441435
1741.138741
1498.318155
1243.022047
1030.492918
827.381864
642.581966
476.462201
342.773833
247.212443
168.239617
101.386306
57.115577
24.527382
4.143840
-10.924263
-18.792691
-20.111009
-16.745168
-8.214814
1.369173
17.370083
38.246929
67.382228
101.593723
143.760925
192.964595
243.955453
306.539554
385.653508
502.027361
648.088254
819.741101
984.679862
1165.635537
1372.068064
1576.480740
1832.089402
2069.661797
2346.660303
2613.558831
2830.927369
2998.672451
3164.439061
3360.367887
3508.860898
3601.999157
3686.241805
3727.727835
3762.678203
3773.853013
3715.642196
3697.101066
3639.062931
3620.314862
3534.653009
3432.518174
3283.539212
3170.897249
3022.156486
2790.619072
2569.086892
2355.489434
2111.450853
1852.874305
1584.843990
1331.102294
1090.171351
873.659866
683.497778
513.989173
364.858682
257.058542
174.060250
106.095259
59.523283
23.078043
0.683993
-12.563783
-17.756437
-19.115077
-15.009016
-4.504148
8.560159
32.117297
55.585071
80.868254
108.036233
149.127784
190.840462
244.850935
303.895314
385.944922
469.398084
569.980870
696.261636
874.010228
1042.051085
1209.117815
1410.549251
1660.851507
1899.185167
2117.895033
2323.931344
2578.071264
2808.778031
2993.553895
3167.863791
3302.828049
3427.582291
3569.371521
3603.811980
3682.231312
3726.160064
3769.555140
3727.035722
3673.030412
3641.152612
3605.487837
3493.664816
3406.582596
3328.568405
3211.948919
3028.430964
2826.018629
2591.208414
2367.621044
2130.227197
1877.671696
1620.455004
1387.950333
1162.393713
932.734097
767.268960
591.446045
443.659711
312.074570
213.409596
145.368313
88.499812
51.787846
20.259317
-0.277645
-9.078831
-14.077706
-14.245482
-8.863153
0.047945
11.469154
25.789159
45.465841
75.059896
114.210283
150.055145
192.091056
241.666311
327.648605
428.247896
530.829338
673.401383
816.195778
960.549576
1111.753329
1336.640144
1561.282433
1775.662766
1961.500513
2226.147538
2499.482790
2717.029877
2841.721303
2997.291949
3141.191425
3307.626505
3390.276039
3461.581295
3523.275388
3584.220285
3632.176895
3589.987581
3587.042481
3594.474165
3525.425153
3427.706423
3313.589912
3194.541129
3058.821066
2870.422085
2624.330162
2392.286933
2168.081656
1953.126495
1709.753058
1447.741497
1205.996490
993.888825
805.216926
642.106355
492.861601
346.736005
238.947676
161.627202
97.729234
52.440201
19.312856
-0.564518
-11.038720
-16.435271
-16.840618
-13.718797
-3.461558
9.991060
32.984363
58.665960
84.516338
117.291816
150.330427
193.010115
255.296662
323.496444
389.838938
487.251390
579.120912
699.696754
851.240037
1024.756464
1226.430950
1436.478514
1644.557486
1854.858871
2078.456242
2328.184679
2493.411051
2683.573311
2899.101127
3073.365067
3197.826793
3284.865061
3368.011449
3439.214772
3520.186839
3584.599590
3576.510371
3580.526384
3564.779267
3522.344777
3454.348448
3383.173748
3319.094632
3138.030466
3032.468884
2849.483351
2664.035448
2420.986275
2199.331825
1979.950054
1748.984000
1520.508381
1307.916033
1072.296370
881.888895
721.053955
551.633922
415.632084
295.309193
205.897096
137.165525
87.771130
50.556391
20.424245
1.803965
-10.593511
-17.315450
-18.892797
-14.810785
-6.679617
6.621365
23.154833
43.964932
67.726895
105.396612
141.438098
186.937140
235.266048
322.518372
422.373714
530.605921
646.980667
756.651809
898.822113
1056.582896
1264.095650
1522.553054
1789.434978
2003.967211
2226.098464
2470.660017
2696.625088
2829.377707
2961.637441
3137.474175
3272.180599
3326.303237
3343.756332
3389.482208
3383.582507
3407.983169
3427.911590
3394.149635
3364.802988
3331.600967
3203.529966
3142.367251
3031.854198
2918.112101
2757.447396
2530.763279
2331.201795
2108.679485
1858.502841
1597.940901
1358.697255
1136.235038
934.529611
762.053011
592.621851
446.772540
313.824406
222.143189
144.298742
84.664081
43.906780
14.983511
-1.411295
-11.434209
-16.241392
-14.292471
-7.871215
2.806977
17.603468
35.049502
56.759950
84.780813
116.992787
155.031458
208.695568
251.591591
295.199025
374.114088
478.046196
591.134808
711.707074
843.253727
999.264569
1156.658413
1361.864913
1560.790234
1769.447425
1996.960094
2220.720530
2415.948695
2647.468832
2830.593607
2952.533580
3073.065500
3197.826793
3301.635920
3363.747438
3407.725446
3426.816035
3408.107392
3389.498320
3363.465544
3344.677108
3330.870725
3288.937206
3133.748629
3019.313118
2843.587392
2683.280343
2498.234895
2284.626651
2088.531963
1835.704622
1630.678346
1422.704099
1181.410350
993.999859
820.506959
665.885291
516.963306
380.705908
270.037621
189.649577
126.880570
79.755986
44.093372
17.618573
0.000000
-11.315795
-15.759175
-17.743659
-13.041378
-6.796803
-0.618399
20.332916
44.969844
70.900309
105.276919
143.209765
185.063926
228.537604
305.569169
393.170069
511.673543
630.322495
745.247412
909.509668
1051.402892
1229.556159
1437.253119
1617.863452
1855.538506
2079.233826
2332.421630
2537.118533
2742.435680
2888.505619
3002.253915
3111.877681
3212.948462
3270.714593
3316.329819
3335.477108
3318.968185
3346.533960
3356.017259
3272.603514
3223.956917
3141.646722
3032.667249
2926.933515
2800.418691
2607.916166
2390.495316
2193.906430
2023.810642
1804.194418
1582.859496
1346.032268
1118.824890
923.277411
743.624958
580.137423
428.816385
302.035385
207.287265
135.467383
80.199919
39.631752
12.488923
-4.092855
-12.982429
-16.382667
-14.144046
-6.853312
2.922490
19.355699
36.909011
60.660153
86.210851
117.947777
152.414756
194.742404
243.225856
285.215255
363.210817
473.842634
589.368091
702.976486
832.867827
968.526427
1120.676657
1306.603405
1468.027579
1667.576888
1909.036888
2134.165737
2371.431489
2586.114484
2766.256382
2865.657498
3015.551762
3142.053820
3246.796088
3304.155015
3319.680430
3312.084389
3321.726952
3320.170373
3315.630493
3277.152704
3235.659155
3151.822240
3052.006007
2947.559728
2819.976491
2636.494875
2473.062313
2263.436767
2061.068956
1817.089165
1600.004440
1354.213830
1140.941082
947.740992
755.014217
616.018074
469.238596
346.437691
247.625027
172.711264
113.503422
70.372721
38.454024
13.530741
-1.680623
-11.754257
-17.033469
-17.319071
-12.971245
-5.238845
7.659534
27.239167
49.845417
71.963813
108.773162
139.793823
171.486330
234.757218
318.240047
410.101363
515.997545
634.700044
748.155702
887.820852
1075.006739
1267.177509
1473.565807
1690.045415
1896.926894
2130.124433
2354.403630
2535.406299
2644.222837
2800.690587
2939.430029
3037.077817
3111.081499
3171.098121
3157.361689
3207.764299
3232.528779
3214.151782
3221.613257
3164.923086
3128.649989
3059.106720
2959.960396
2814.193132
2654.247113
2484.315630
2316.160838
2079.434122
1875.814744
1664.332316
1420.251760
1205.369672
1017.881021
827.944731
667.835620
516.652455
380.254053
268.263497
188.267324
120.107877
71.444998
35.966932
9.992098
-4.278948
-12.769543
-15.292062
-12.738684
-4.883380
7.197254
16.050334
22.373876
43.359571
64.999297
92.702632
122.409124
166.959305
227.965833
290.571618
373.916223
465.671251
550.422753
681.008345
828.046517
981.846202
1156.359373
1351.410519
1521.084390
1693.648757
1932.762853
2156.670845
2347.057100
2517.602577
2697.109847
2851.948486
2946.358202
3040.174242
3091.326252
3127.090595
3156.044257
3156.522151
3171.728518
3163.571771
3151.415879
3136.778807
3076.752777
2991.510039
2885.648234
2781.383161
2673.882731
2505.126411
2326.223506
2133.860237
1928.000069
1708.935637
1514.915574
1292.795698
1097.221950
911.440010
730.231207
593.298893
448.037247
328.753212
231.814322
166.477559
110.421745
67.580974
36.705267
12.184116
-1.891877
-12.337229
-17.701448
-17.560225
-12.971245
-2.290853
12.451756
25.325332
49.168170
76.765803
108.290798
147.696222
183.517796
236.569523
309.076273
389.522029
496.252962
602.844468
749.119465
896.437928
1058.502659
1243.789204
1440.628786
1625.706141
1825.045941
2044.259796
2257.253030
2437.020119
2604.595243
2724.378896
2822.359555
2918.710904
3004.192543
3068.413694
3116.986274
3149.271480
3137.310074
3134.306154
3154.864544
3083.159804
3002.574493
2911.322245
2775.434168
2669.226060
2552.558417
2393.965432
2221.413104
2004.668885
1775.284486
1567.427420
1356.919140
1156.230526
954.366204
777.878527
624.683628
487.198710
358.088940
254.382776
170.798070
109.346878
61.972674
30.664917
8.848285
-4.234488
-13.891737
-16.523896
-14.295713
-5.001908
5.385025
18.915323
39.550560
60.238774
94.815352
128.598743
165.648607
210.294080
257.643623
303.874729
381.504943
480.126496
585.951959
678.658714
829.040571
991.123470
1158.458449
1349.240926
1538.929225
1761.650902
1940.161064
2137.434229
2324.922211
2500.191445
2655.301763
2792.476362
2859.178917
2973.687258
3052.274778
3106.260963
3137.175359
3141.643851
3119.760219
3136.656401
3135.007730
3106.542410
3030.859651
2964.369339
2845.189662
2728.944103
2602.548348
2398.759115
2250.844105
2069.495054
1863.302407
1675.459812
1477.860988
1257.807533
1056.296623
860.728456
705.774654
554.813889
416.523743
299.773014
215.208798
153.024052
97.979924
61.849339
30.807549
10.852202
-2.653505
-12.792897
-17.238752
-16.250401
-12.905066
-0.555434
10.534652
30.716621
54.191388
75.697269
105.493986
144.238478
188.582252
233.002815
318.741292
406.451071
512.509327
614.266965
765.461469
920.880346
1082.694510
1248.062691
1439.622661
1596.767376
1782.987705
1972.908933
2145.098206
2333.943261
2510.965803
2637.673526
2775.033233
2890.326318
2938.598418
2989.704776
3022.117844
3018.588018
3041.125426
3033.327237
2985.332140
2945.476124
2890.150325
2814.799015
2741.058688
2621.689904
2489.376457
2344.713557
2172.792676
1975.377005
1776.616927
1560.795143
1347.537874
1122.165961
926.739453
744.177189
599.569445
464.833408
344.017400
238.189111
163.066027
104.934373
58.272812
25.833127
5.447782
-6.617737
-13.951486
-15.425683
-11.141196
-3.132567
11.200604
23.983118
44.860723
64.144982
96.465284
127.659079
164.899330
215.026204
271.937167
325.318520
392.421892
485.352363
594.459921
705.606076
851.917513
986.822990
1166.718693
1339.800185
1498.124676
1698.032182
1889.586439
2074.537534
2289.541788
2470.485627
2635.695789
2739.802805
2854.855833
2955.866717
2982.446600
3032.323914
3073.901960
3102.879127
3110.455814
3045.641203
3041.232528
2994.995970
2947.523389
2881.671108
2825.008319
2697.981157
2566.144452
2410.909687
2237.484245
2025.132385
1807.608232
1615.819017
1404.710806
1189.978012
981.477477
807.533128
663.897394
526.326850
385.120544
274.816416
186.195991
131.974476
89.189106
51.216946
27.018978
7.102437
-3.925740
-12.319951
-17.374754
-16.284015
-9.118285
-0.564429
12.309385
31.278510
54.960739
83.141839
114.585649
152.235253
195.300706
251.559109
323.343218
397.649166
505.042124
608.027742
727.933960
889.358601
1046.531612
1234.422222
1420.939407
1617.349219
1831.832698
2005.454079
2227.024480
2370.495483
2486.154452
2637.919928
2727.906179
2788.247880
2830.132248
2890.326318
2918.710904
2924.496001
2930.595629
2891.162736
2898.469292
2834.968551
2748.174945
2711.191413
2614.663104
2513.532717
2397.669439
2240.716718
2062.294451
1849.952649
1685.325094
1468.728129
1268.268617
1081.635881
885.672122
715.230402
568.837282
437.151828
315.559088
219.263724
148.097037
92.879592
52.252175
25.324762
3.961768
-7.328791
-13.178791
-13.670493
-10.377504
-0.045027
9.430159
27.331592
44.650488
70.434090
97.348262
131.050837
158.474985
206.572681
252.165563
314.599066
394.740542
483.344028
586.939201
708.084745
843.947406
990.411080
1159.135191
1349.277479
1518.821775
1681.924173
1881.512181
2066.908738
2243.261133
2361.888649
2497.224076
2633.320433
2730.306083
2837.802605
2918.353192
2966.233851
3009.533866
3014.020179
2995.562308
2985.369801
2970.614782
2929.531458
2868.949123
2797.757515
2652.171293
2546.955530
2412.503468
2281.893146
2126.939569
1947.512709
1745.144504
1569.495615
1348.730064
1142.625909
946.813058
787.930034
626.729687
490.746479
365.698924
265.209205
191.433090
134.645446
91.218170
53.945866
27.132603
8.155247
-5.011941
-13.194899
-16.942186
-15.309868
-8.942086
0.052571
12.896462
24.634375
51.853600
78.471710
105.956679
139.457008
181.685654
243.995370
318.096269
408.841958
515.316883
619.181100
760.672973
909.314568
1106.858281
1306.456575
1440.856530
1632.243120
1831.832698
2014.694546
2212.585694
2375.585106
2505.944213
2637.673526
2744.921396
2818.226840
2852.572207
2889.248719
2911.644418
2905.480489
2893.149186
2861.419733
2847.452250
2782.689082
2743.644288
2647.706316
2578.192826
2466.491422
2319.485764
2140.827504
1948.059858
1774.257738
1595.930106
1392.325956
1220.172651
1004.773061
828.113344
671.682336
530.577885
405.948042
293.641489
204.629801
136.108630
89.072408
49.369529
21.203804
2.369811
-8.296044
-13.358623
-14.940949
-11.714172
0.492253
10.324235
28.995306
51.683824
71.138431
97.622145
133.502932
172.131917
213.425792
265.563974
325.212604
385.968105
478.359841
576.255763
697.330794
826.964169
964.546738
1100.788926
1266.530130
1431.186350
1610.517450
1805.194179
1986.471363
2141.235194
2289.810628
2424.992970
2556.229548
2653.247481
2743.364049
2803.174954
2857.133564
2915.363587
2918.465353
2916.022417
2903.860096
2934.482726
2900.525356
2825.679252
2734.584713
2645.690686
2533.040925
2430.210901
2245.042564
2086.339332
1881.809039
1701.611714
1514.894898
1321.995992
1138.178511
935.187940
769.380633
618.282591
475.880279
358.346627
259.793268
180.292398
126.964899
89.730917
51.563468
24.665006
6.635087
-5.542221
-13.602438
-15.643288
-14.976879
-6.668606
5.010117
18.985940
34.146432
53.339656
76.875098
110.335508
146.829589
178.369011
228.176185
282.070929
370.548586
463.782901
577.519834
718.901477
860.161780
1019.236522
1174.632276
1355.341354
1548.960538
1724.650397
1940.456831
2108.011060
2262.962077
2421.914437
2560.631249
2680.533138
2752.386629
2817.948577
2849.759021
2866.853020
2860.117075
2832.100865
2828.873077
2793.604508
2716.447955
2698.747353
2655.436607
2601.510531
2500.266029
2370.103886
2219.269328
1995.255323
1796.770082
1610.840959
1377.815426
1184.356870
992.068377
802.412519
641.829844
513.001268
383.314012
276.457696
188.427096
129.705710
80.595104
44.782209
18.335044
-0.000000
-8.592807
-12.776922
-12.532699
-7.949342
0.505150
13.059630
28.025727
46.508151
69.134804
92.988635
127.367544
157.374629
212.443197
256.765597
312.759096
386.483863
461.907813
545.764380
659.320148
818.896960
970.045863
1119.102397
1259.436576
1435.646440
1628.722715
1838.523219
2032.528195
2224.827850
2370.894895
2467.422199
2585.863605
2668.252383
2750.873867
2760.598275
2818.011263
2849.877287
2885.439435
2889.825672
2869.320043
2865.905313
2817.567954
2756.349577
2671.311848
2552.452539
2448.788396
2324.092880
2172.070292
1969.468083
1792.063285
1616.795436
1435.934321
1246.443601
1066.168699
886.149797
735.192194
601.557777
460.145337
339.330879
242.871393
169.325413
120.511441
78.342498
46.127830
20.746597
3.100224
-6.706475
-13.359583
-17.913170
-14.093291
-6.328058
4.547328
18.628171
35.701964
59.876565
85.983804
113.114442
151.094532
191.107334
256.588184
327.280254
417.518224
535.112102
649.125045
768.429106
926.735842
1058.994370
1221.189814
1375.426393
1564.806632
1758.014635
1952.077914
2133.945634
2271.648245
2386.959362
2476.276288
2598.181882
2698.311312
2745.359274
2796.239831
2804.357621
2806.253028
2786.784476
2779.893216
2740.212064
2659.263975
2617.672054
2532.984676
2426.355062
2330.427413
2200.798926
2052.657595
1884.928125
1724.121714
1518.277051
1304.254584
1122.857553
931.630451
756.323539
604.831121
468.574890
354.205415
251.855978
173.947793
118.934854
72.752824
40.919083
15.059171
0.502035
-7.791090
-12.103335
-11.042903
-4.976756
2.171448
13.153247
20.560134
25.734713
46.908803
75.896154
109.093428
140.470406
191.467819
254.292739
315.262028
397.031308
475.445103
584.759025
694.543913
834.917823
983.884362
1132.559486
1303.389114
1461.289693
1652.233964
1845.790107
2001.945339
2174.498620
2304.632824
2446.452011
2553.813451
2653.260952
2715.872499
2733.139943
2793.180563
2818.011263
2824.034793
2818.823821
2835.414003
2826.347068
2790.812723
2727.509360
2620.915911
2531.038802
2385.419669
2229.481433
2044.777989
1877.558007
1722.220751
1510.646672
1346.264211
1167.771139
995.892461
833.395079
687.824087
566.406074
432.212478
318.931858
228.590718
158.096215
116.318413
76.685604
44.146973
20.616726
3.698995
-6.548898
-13.949696
-16.571279
-14.343468
-6.357355
3.890564
18.504805
34.247457
58.622183
