306.603205
306.016965
306.016965
304.258247
301.327050
298.688973
294.878417
289.016023
281.101791
273.187559
267.032045
256.772856
245.927427
235.375118
224.529689
211.925542
198.442036
184.079171
170.009425
154.767201
139.818096
125.162111
111.092366
97.315740
81.487276
67.417531
52.468426
36.639962
22.277097
7.327992
-8.520548
-24.648728
-40.168297
-54.774951
-69.381605
-84.292564
-98.899217
-111.680039
-124.460861
-137.545988
-150.022505
-162.803327
-174.671233
-186.843444
-199.319961
-212.709393
-225.490215
-237.966732
-248.008806
-255.616438
-265.049902
-273.570450
-283.308219
-289.698630
-297.001957
-301.566536
-304.000978
-305.218200
-307.956947
-308.869863
-310.087084
-311.000000
-310.391389
-309.478474
-309.478474
-308.261252
-307.348337
-305.826810
-303.088063
-300.349315
-294.871820
-289.698630
-281.482387
-275.396282
-267.180039
-256.833659
-247.704501
-236.140900
-223.055773
-210.883562
-196.276908
-183.496086
-168.280822
-153.978474
-138.154599
-123.243640
-109.549902
-92.813112
-77.293542
-62.382583
-46.254403
-29.517613
-15.215264
-0.000000
16.707823
31.363808
45.433553
60.968897
74.452403
89.108388
101.419416
114.316682
126.627710
137.766258
150.663525
162.095193
174.699340
185.837889
198.735156
212.218662
223.357210
234.788878
246.220547
253.548539
263.514609
272.308200
280.515551
287.550424
293.999057
298.102733
300.154571
302.499529
305.137606
305.723845
306.896324
306.896324
307.775683
306.896324
306.310085
306.310085
304.258247
304.844486
302.206409
298.102733
293.999057
287.257304
280.808671
272.894439
265.566447
257.945335
245.634307
234.788878
222.477851
211.046183
197.269557
184.079171
170.888784
154.767201
139.818096
125.455231
110.506126
96.729500
80.607917
66.831291
50.416588
36.053723
22.277097
6.741753
-10.042074
-24.648728
-40.776908
-55.079256
-70.903131
-85.205479
-98.899217
-112.897260
-125.982387
-136.024462
-150.326810
-163.107632
-175.584149
-187.452055
-199.928571
-213.926614
-225.490215
-236.749511
-249.226027
-256.529354
-264.745597
-272.657534
-282.699609
-289.394325
-297.914873
-300.957926
-302.479452
-304.609589
-307.044031
-308.869863
-309.478474
-309.478474
-309.174168
-309.782779
-309.478474
-307.956947
-307.652642
-307.044031
-303.696673
-299.740705
-295.480431
-290.002935
-280.873777
-275.091977
-266.571429
-257.746575
-247.095890
-233.097847
-224.272994
-210.579256
-195.972603
-181.974560
-166.759295
-153.065558
-136.328767
-121.722114
-106.811155
-90.074364
-76.076321
-60.861057
-44.732877
-29.213307
-12.780822
2.931197
17.587182
33.415646
48.950990
62.727615
77.090481
91.453346
103.764373
117.540999
128.386428
139.231857
153.301602
163.853911
176.164939
188.475966
201.959472
214.270500
225.995287
236.840716
248.272385
255.893497
264.100848
273.187559
281.101791
288.429783
293.705938
298.688973
302.499529
302.499529
304.551367
307.189444
306.310085
307.775683
307.482564
306.896324
308.655042
306.016965
305.430726
303.672008
301.913289
299.568332
293.999057
288.722903
281.981150
273.773798
267.032045
257.065975
245.634307
235.375118
223.650330
211.046183
198.735156
182.613572
168.250707
154.767201
139.231857
125.455231
111.971725
96.143261
80.607917
65.951932
50.416588
36.639962
21.104618
6.741753
-9.129159
-25.257339
-40.776908
-56.600783
-70.294521
-84.596869
-100.116438
-112.897260
-124.765166
-137.545988
-149.109589
-161.586106
-175.584149
-187.147750
-200.232877
-213.926614
-224.881605
-238.879648
-248.008806
-255.616438
-265.354207
-273.266145
-281.178082
-290.002935
-296.697652
-300.957926
-303.392368
-305.218200
-306.435421
-307.652642
-308.869863
-309.174168
-309.478474
-308.869863
-308.565558
-308.565558
-306.739726
-304.609589
-303.696673
-299.740705
-294.567515
-287.872798
-281.482387
-273.266145
-265.354207
-257.137965
-244.661448
-233.706458
-222.447162
-210.274951
-196.276908
-181.670254
-167.367906
-152.761252
-136.633072
-121.417808
-105.898239
-91.900196
-76.076321
-59.948141
-45.341487
-29.821918
-13.085127
1.465598
17.294062
32.243167
48.071631
62.434496
77.090481
89.987747
102.591894
115.489161
128.679548
138.938737
152.129123
163.853911
177.044298
187.889727
201.080113
213.391140
225.115928
236.840716
247.393025
255.893497
263.807729
272.601320
281.981150
288.722903
295.171536
299.568332
301.620170
303.672008
305.137606
306.896324
306.310085
306.896324
308.361923
307.189444
307.189444
306.310085
304.551367
305.137606
303.378888
298.395853
294.878417
288.722903
281.981150
273.480679
265.859566
257.359095
247.686145
235.375118
224.236569
212.218662
200.493874
184.958530
170.595664
154.474081
139.231857
125.748351
111.971725
97.022620
81.194156
67.124411
51.589067
37.226202
22.570217
7.034873
-7.607632
-22.518591
-40.168297
-53.862035
-69.990215
-85.814090
-96.160470
-110.462818
-123.243640
-136.328767
-148.805284
-160.368885
-173.454012
-185.930528
-197.494129
-212.405088
-224.272994
-237.053816
-246.791585
-255.616438
-264.441292
-274.483366
-280.873777
-290.002935
-295.176125
-299.436399
-303.088063
-304.305284
-304.305284
-308.565558
-307.652642
-308.869863
-308.565558
-307.956947
-308.869863
-308.261252
-307.044031
-304.913894
-302.479452
-299.132094
-294.263209
-287.872798
-279.656556
-274.483366
-264.745597
-256.225049
-245.270059
-232.184932
-222.142857
-208.753425
-195.059687
-181.061644
-164.020548
-150.935421
-133.894325
-118.679061
-104.681018
-88.552838
-73.946184
-57.513699
-42.298434
-27.387476
-11.259295
3.517436
19.639020
34.588124
49.830349
64.486334
78.849199
92.039585
105.816211
117.834119
130.438266
143.042413
153.008483
165.026390
178.216777
190.527804
202.545712
216.908577
227.167766
239.185674
249.737983
256.186616
266.445806
272.601320
282.567389
290.188501
296.050895
300.447691
301.913289
304.551367
305.137606
306.310085
308.655042
309.241282
308.655042
307.482564
308.655042
307.775683
306.310085
303.672008
301.620170
299.568332
294.585297
289.309142
281.101791
275.239397
266.445806
257.652215
245.927427
233.616400
223.064090
211.339303
197.855796
183.786051
170.009425
154.474081
140.111216
124.575872
110.213007
96.143261
81.194156
65.658812
51.882187
36.053723
22.863336
6.448633
-10.042074
-24.953033
-40.168297
-56.600783
-70.598826
-84.901174
-98.290607
-111.375734
-124.765166
-137.241683
-149.413894
-163.107632
-175.279843
-186.843444
-200.841487
-212.405088
-225.185910
-236.445205
-248.617417
-256.529354
-265.354207
-274.179061
-283.308219
-290.002935
-295.480431
-301.566536
-303.088063
-304.913894
-306.739726
-308.261252
-308.565558
-308.565558
-308.869863
-307.652642
-308.565558
-306.739726
-307.956947
-305.826810
-301.262231
-298.523483
-294.871820
-287.872798
-280.265166
-274.179061
-264.441292
-255.007828
-244.052838
-232.793542
-222.751468
-208.449119
-194.755382
-181.061644
-165.846380
-151.848337
-136.024462
-118.983366
-104.681018
-90.074364
-74.250489
-58.730920
-41.385519
-26.170254
-12.780822
2.931197
19.932139
34.881244
48.950990
63.606975
77.383600
92.332705
103.471254
116.075401
128.972667
140.404336
152.422243
165.612630
177.923657
189.355325
202.838831
215.149859
226.581527
237.426956
248.858624
256.186616
265.273327
274.653157
281.688030
289.016023
296.050895
298.688973
301.620170
303.378888
305.137606
306.896324
306.603205
307.189444
307.189444
307.189444
308.068803
306.603205
306.016965
303.378888
301.620170
298.688973
294.878417
287.843544
281.688030
274.360038
265.273327
257.065975
245.634307
234.495759
223.357210
209.287465
197.562677
184.958530
169.130066
154.474081
140.697455
124.868992
111.678605
95.263902
82.073516
65.658812
50.709708
36.053723
21.983977
7.034873
-9.433464
-25.865949
-40.776908
-55.383562
-71.816047
-84.901174
-97.681996
-111.375734
-123.243640
-135.111546
-148.805284
-161.281800
-174.671233
-186.234834
-201.145793
-213.318004
-225.490215
-237.662427
-248.313112
-257.746575
-265.354207
-273.874755
-281.786693
-288.481409
-295.176125
-299.436399
-300.653620
-302.479452
-305.826810
-307.652642
-308.261252
-308.565558
-308.565558
-307.044031
-307.956947
-305.522505
-305.218200
-304.000978
-301.262231
-299.132094
-292.133072
-286.046967
-280.873777
-272.353229
-264.441292
-254.703523
-243.444227
-232.793542
-220.317025
-206.927593
-192.320939
-179.235812
-165.846380
-149.413894
-134.502935
-118.070450
-103.463796
-87.031311
-73.033268
-55.992172
-41.081213
-25.561644
-9.433464
4.689915
21.397738
37.226202
51.002828
65.365693
80.314797
93.505184
106.695570
120.179076
131.317625
143.042413
154.474081
166.491989
179.975495
191.114043
204.304430
215.442978
227.754006
239.478794
249.151744
259.410933
266.738926
274.653157
284.326107
290.481621
295.757776
301.033930
302.792648
305.430726
306.896324
308.361923
310.120641
309.827521
309.241282
309.827521
306.896324
307.482564
306.896324
304.551367
302.792648
299.568332
294.878417
290.188501
281.101791
274.946277
266.738926
256.186616
245.927427
234.202639
222.477851
209.580584
196.097078
182.613572
169.130066
154.767201
139.231857
124.575872
110.213007
95.263902
81.487276
65.658812
51.882187
36.053723
21.397738
5.862394
-10.650685
-25.561644
-40.472603
-55.687867
-69.685910
-84.901174
-98.594912
-111.375734
-122.939335
-135.720157
-148.805284
-161.281800
-174.062622
-186.234834
-200.841487
-214.535225
-224.881605
-237.358121
-248.008806
-255.312133
-265.354207
-273.874755
-281.482387
-289.394325
-294.567515
-299.740705
-301.566536
-302.783757
-304.305284
-307.044031
-307.652642
-307.348337
-308.565558
-307.956947
-307.044031
-307.348337
-305.218200
-302.783757
-300.653620
-299.132094
-292.133072
-286.959883
-279.047945
-272.353229
-262.919765
-253.790607
-242.835616
-230.359100
-220.621331
-206.927593
-192.929550
-179.235812
-163.716243
-150.022505
-134.198630
-118.679061
-104.681018
-87.031311
-72.424658
-57.209393
-41.994129
-27.691781
-10.346380
3.810556
21.397738
37.519321
50.416588
64.486334
78.262959
92.039585
104.936852
118.127238
128.972667
142.456173
155.353440
165.026390
179.096136
191.114043
202.252592
216.908577
226.874647
240.065033
250.324222
257.652215
266.445806
273.773798
283.446748
289.895382
296.050895
299.861451
303.085768
303.965127
306.016965
308.655042
307.189444
308.948162
308.948162
307.775683
309.534402
306.603205
306.016965
304.551367
301.033930
300.154571
294.292177
289.016023
280.808671
273.480679
266.738926
255.600377
246.220547
235.081998
223.357210
210.753063
196.683318
182.027333
169.130066
153.887842
138.938737
124.868992
109.919887
92.918944
79.142319
65.072573
50.709708
36.639962
20.225259
4.689915
-11.867906
-27.083170
-40.472603
-56.905088
-71.816047
-86.422701
-99.812133
-111.680039
-125.982387
-137.241683
-150.022505
-164.020548
-174.975538
-187.756360
-201.754403
-214.535225
-225.794521
-239.488258
-248.921722
-256.833659
-266.875734
-273.874755
-283.003914
-289.090020
-296.089041
-298.827789
-301.870841
-304.000978
-306.131115
-307.044031
-307.956947
-308.565558
-308.869863
-307.956947
-307.044031
-305.826810
-305.218200
-304.305284
-302.479452
-297.306262
-291.828767
-286.351272
-278.439335
-272.961840
-263.224070
-253.486301
-241.922701
-231.576321
-220.317025
-207.840509
-193.538160
-178.931507
-164.020548
-148.500978
-132.677104
-118.374755
-102.246575
-87.639922
-72.424658
-55.687867
-41.081213
-25.865949
-10.650685
4.689915
22.277097
35.467484
50.416588
64.486334
79.142319
93.505184
105.816211
119.006598
131.024505
143.042413
153.594722
167.078228
178.509896
191.114043
204.304430
216.322337
227.167766
239.478794
249.444863
258.238454
266.445806
274.653157
284.032988
290.188501
296.637135
300.447691
301.913289
303.672008
305.430726
306.603205
307.775683
308.948162
308.655042
307.189444
307.775683
306.603205
305.723845
305.723845
302.206409
298.395853
293.705938
289.016023
281.688030
274.653157
265.273327
257.359095
245.634307
233.616400
222.184731
209.873704
196.390198
183.199811
167.371348
151.836004
137.766258
123.696513
108.454288
93.798303
78.556079
64.193214
49.537229
34.001885
17.587182
3.810556
-12.780822
-27.996086
-43.515656
-57.513699
-71.816047
-86.727006
-100.116438
-115.331703
-126.590998
-137.545988
-152.761252
-163.107632
-177.105675
-188.364971
-202.667319
-214.230920
-226.403131
-238.575342
-249.530333
-257.137965
-266.875734
-273.266145
-283.916830
-289.698630
-296.393346
-299.740705
-302.783757
-303.392368
-307.652642
-307.956947
-308.261252
-310.087084
-308.261252
-307.348337
-307.956947
-306.131115
-304.913894
-304.305284
-300.653620
-298.219178
-292.133072
-284.829746
-278.135029
-272.048924
-263.528376
-254.094912
-242.227006
-230.359100
-220.317025
-205.101761
-192.929550
-178.322896
-163.716243
-149.718200
-131.764188
-117.157534
-104.376712
-86.118395
-73.946184
-55.992172
-40.168297
-25.257339
-9.433464
4.983035
20.811499
36.933082
50.709708
66.538172
79.435438
94.677663
104.643732
117.540999
130.438266
143.335533
152.422243
166.198869
178.803016
190.234684
204.304430
216.908577
228.340245
240.065033
251.789821
257.945335
267.032045
273.773798
284.032988
290.188501
295.757776
300.447691
301.620170
303.672008
307.189444
306.896324
308.948162
307.775683
308.655042
308.361923
306.896324
307.482564
305.137606
303.378888
301.913289
301.033930
294.585297
287.843544
279.929312
272.894439
266.152686
254.427898
244.754948
234.202639
221.891612
210.753063
196.390198
181.734213
167.957587
152.715363
138.059378
123.696513
108.454288
94.970782
79.435438
64.486334
49.830349
34.881244
19.932139
4.396795
-13.085127
-26.474560
-42.298434
-56.600783
-70.903131
-86.422701
-100.116438
-113.201566
-125.069472
-139.371820
-149.718200
-163.107632
-174.975538
-189.277886
-200.841487
-214.535225
-227.924658
-237.662427
-250.138943
-257.746575
-265.049902
-273.874755
-283.916830
-289.698630
-296.089041
-301.262231
-301.566536
-303.696673
-307.044031
-307.348337
-307.956947
-307.652642
-308.565558
-308.261252
-307.652642
-305.826810
-305.218200
-303.696673
-301.566536
-298.523483
-292.133072
-286.655577
-278.743640
-271.440313
-263.528376
-252.877691
-242.227006
-230.359100
-218.491194
-206.014677
-192.320939
-178.322896
-162.499022
-148.196673
-132.677104
-119.896282
-102.246575
-86.727006
-71.511742
-55.992172
-39.255382
-24.344423
-9.433464
5.569274
22.277097
37.519321
52.468426
65.658812
79.728558
94.677663
107.281810
118.713478
131.317625
141.869934
155.353440
168.250707
179.682375
191.114043
204.304430
217.201697
227.754006
240.651272
250.910462
258.824694
266.152686
274.946277
284.326107
290.481621
295.757776
301.033930
303.085768
304.258247
305.137606
308.948162
308.655042
307.775683
308.361923
306.896324
308.068803
306.310085
305.137606
305.723845
302.206409
298.688973
294.292177
288.722903
280.515551
274.066918
266.445806
256.479736
244.754948
233.909519
222.184731
209.580584
195.217719
180.561734
166.491989
151.249764
137.473139
121.644675
109.040528
92.039585
78.262959
63.313855
48.364750
34.001885
17.880302
3.517436
-13.085127
-29.213307
-42.602740
-58.122309
-73.033268
-87.335616
-99.203523
-114.114481
-125.982387
-139.980431
-151.848337
-164.324853
-178.018591
-188.973581
-202.971624
-216.361057
-227.316047
-238.879648
-248.921722
-258.659491
-266.875734
-274.179061
-283.612524
-289.394325
-295.176125
-300.349315
-300.653620
-303.392368
-306.131115
-307.956947
-308.261252
-308.565558
-308.565558
-307.956947
-307.956947
-306.435421
-307.348337
-303.392368
-301.566536
-298.523483
-292.437378
-287.264188
-278.135029
-271.744618
-263.224070
-253.486301
-241.314090
-230.663405
-217.882583
-206.927593
-192.320939
-177.409980
-162.803327
-148.196673
-132.068493
-117.461840
-101.637965
-87.944227
-70.294521
-55.383562
-40.168297
-24.344423
-8.824853
4.396795
22.277097
37.812441
50.709708
66.538172
80.314797
94.677663
107.281810
120.179076
130.438266
143.628652
154.474081
167.957587
179.682375
191.993402
205.476909
217.787936
228.047125
240.358153
250.324222
260.290292
267.618285
275.532516
284.912347
291.067861
298.395853
301.327050
302.499529
304.258247
306.896324
306.896324
308.948162
308.361923
308.948162
308.361923
307.775683
307.189444
306.603205
304.258247
303.085768
297.809614
294.292177
288.136664
279.049953
272.601320
265.273327
255.307257
243.582469
232.737041
220.132893
208.408106
193.459001
180.854854
166.198869
150.663525
136.300660
121.937795
107.868049
92.918944
76.797361
63.020735
49.244109
32.536287
17.294062
3.224317
-13.998043
-28.909002
-44.124266
-59.035225
-74.250489
-88.552838
-102.246575
-114.418787
-126.590998
-141.197652
-153.369863
-164.933464
-176.497065
-189.886497
-202.971624
-216.056751
-228.837573
-239.792564
-250.138943
-258.050881
-267.788650
-274.787671
-283.612524
-290.611546
-295.784736
-299.740705
-302.175147
-304.000978
-306.739726
-306.131115
-307.956947
-308.869863
-309.478474
-308.565558
-307.956947
-307.348337
-304.609589
-303.696673
-301.262231
-297.610568
-292.133072
-286.046967
-278.135029
-271.136008
-262.311155
-251.356164
-241.922701
-230.663405
-217.882583
-205.101761
-190.190802
-176.192759
-160.673190
-145.762231
-130.851272
-115.027397
-100.725049
-84.596869
-69.381605
-54.166341
-38.038160
-22.822896
-6.086106
9.379830
24.328935
39.571159
53.640905
68.883129
82.073516
96.729500
108.747408
121.644675
133.369463
146.266730
157.698398
169.423186
182.320452
193.165881
206.356268
219.839774
230.685203
241.237512
253.255419
259.997172
267.911404
275.532516
286.084826
291.947220
298.688973
300.447691
303.965127
304.258247
306.310085
307.775683
308.068803
311.000000
308.948162
308.361923
309.241282
307.482564
307.189444
304.551367
301.620170
299.861451
293.412818
287.550424
281.394910
273.187559
266.152686
255.307257
245.341188
232.737041
221.305372
210.459943
194.924599
181.734213
166.785108
150.663525
138.059378
122.230914
108.454288
94.384543
79.142319
63.606975
49.244109
34.588124
17.587182
2.051838
-12.476517
-29.213307
-42.602740
-58.122309
-72.728963
-87.031311
-100.420744
-112.592955
-125.982387
-137.545988
-150.935421
-164.629159
-175.584149
-189.582192
-202.971624
-215.752446
-228.228963
-240.096869
-249.530333
-258.963796
-266.571429
-273.570450
-283.003914
-290.307241
-297.306262
-300.653620
-300.349315
-303.088063
-305.522505
-307.652642
-307.348337
-308.565558
-307.044031
-307.348337
-306.739726
-305.826810
-304.609589
-302.479452
-300.653620
-297.914873
-292.437378
-285.134051
-277.830724
-271.136008
-260.789628
-250.747554
-241.618395
-228.533268
-217.578278
-204.797456
-191.408023
-175.584149
-161.586106
-145.457926
-130.242661
-115.636008
-100.725049
-84.901174
-69.381605
-54.470646
-38.951076
-21.909980
-7.607632
7.327992
24.328935
38.984920
53.347785
67.417531
80.607917
96.729500
107.868049
119.299717
132.196984
143.628652
155.939680
168.543827
180.854854
192.872762
206.063148
218.667295
230.392083
241.237512
251.789821
260.290292
268.497644
277.877474
284.912347
289.895382
298.395853
300.740811
303.085768
304.844486
306.896324
307.189444
308.948162
308.948162
310.413761
308.361923
308.948162
308.068803
305.137606
304.551367
301.620170
298.982092
293.119698
287.257304
279.636192
274.066918
263.807729
254.134779
244.168709
231.564562
220.426013
207.235627
193.752121
180.561734
167.078228
150.663525
135.421301
120.472196
107.574929
91.746466
76.797361
63.020735
46.899152
33.122526
16.707823
2.344958
-14.606654
-29.517613
-44.124266
-58.426614
-74.554795
-89.465753
-101.637965
-116.244618
-127.199609
-138.458904
-153.674168
-165.542074
-178.018591
-190.495108
-202.363014
-217.273973
-227.011742
-240.096869
-251.660470
-259.268102
-266.267123
-274.787671
-282.699609
-290.002935
-295.784736
-300.045010
-301.262231
-304.305284
-305.522505
-308.261252
-307.044031
-308.261252
-308.261252
-307.348337
-307.652642
-305.522505
-305.826810
-304.000978
-299.740705
-297.001957
-291.828767
-285.742661
-277.526419
-269.918787
-262.311155
-252.573386
-240.096869
-228.533268
-216.969667
-203.884540
-190.495108
-174.366928
-160.977495
-146.675147
-128.721135
-115.331703
-100.116438
-84.901174
-69.990215
-53.862035
-38.038160
-23.431507
-6.390411
8.500471
23.742696
39.864279
53.347785
68.003770
80.607917
95.850141
109.626767
120.179076
133.955702
144.508011
157.112158
167.957587
181.441093
193.752121
206.063148
218.374175
231.271442
242.409991
251.496701
261.462771
268.790763
276.704995
283.739868
293.705938
296.930254
301.327050
301.913289
304.551367
307.775683
306.896324
309.534402
308.068803
308.948162
308.068803
306.896324
308.068803
306.603205
302.792648
302.206409
298.982092
293.412818
287.257304
279.636192
271.428841
264.980207
254.134779
242.409991
230.392083
220.132893
208.114986
193.165881
179.389255
165.319510
149.197926
136.300660
121.351555
105.229972
92.039585
76.504241
60.675778
46.312912
31.070688
16.414703
0.586239
-15.215264
-28.909002
-43.819961
-59.643836
-74.859100
-88.552838
-103.463796
-116.548924
-127.808219
-140.893346
-152.456947
-166.759295
-178.931507
-189.582192
-204.188845
-218.186888
-230.054795
-241.009785
-251.356164
-259.572407
-267.484344
-275.700587
-284.221135
-290.307241
-297.001957
-299.132094
-302.479452
-304.305284
-306.131115
-307.956947
-308.869863
-307.956947
-308.565558
-307.044031
-307.044031
-307.044031
-304.305284
-302.783757
-300.653620
-297.001957
-290.915851
-285.134051
-277.222114
-270.527397
-262.311155
-250.747554
-240.705479
-228.228963
-217.578278
-204.493151
-190.190802
-175.279843
-159.455969
-145.153620
-128.721135
-113.505871
-99.507828
-83.988258
-68.468689
-53.253425
-37.429550
-21.301370
-6.694716
7.914232
25.208294
40.157399
53.934025
68.296890
82.366635
96.436381
108.747408
120.472196
133.369463
144.214892
156.232799
169.716305
181.147974
193.165881
205.770028
218.081056
230.685203
240.651272
252.962300
259.117813
267.032045
276.411876
285.205467
291.360980
296.930254
299.568332
302.792648
304.844486
304.844486
308.068803
308.948162
308.948162
308.948162
308.361923
308.361923
307.482564
306.603205
306.016965
301.327050
298.982092
294.292177
285.791706
279.929312
272.308200
264.687088
254.134779
242.996230
232.150801
219.839774
207.235627
192.872762
179.975495
165.612630
149.197926
135.421301
122.524034
106.109331
91.160226
76.797361
61.262017
46.312912
31.070688
15.828464
1.465598
-14.302348
-31.039139
-44.124266
-59.339530
-73.946184
-88.552838
-101.637965
-114.723092
-127.199609
-139.980431
-152.152642
-165.846380
-178.322896
-189.582192
-203.275930
-216.665362
-229.750489
-241.618395
-250.443249
-259.268102
-268.397260
-274.787671
-283.916830
-290.307241
-297.001957
-300.653620
-302.479452
-304.000978
-306.131115
-306.739726
-308.261252
-306.131115
-306.739726
-306.739726
-306.435421
-307.348337
-305.826810
-301.870841
-300.653620
-296.697652
-290.307241
-285.134051
-276.309198
-269.005871
-261.398239
-250.138943
-238.879648
-229.446184
-215.143836
-204.493151
-189.582192
-174.366928
-160.977495
-144.849315
-129.634051
-114.723092
-98.594912
-83.683953
-68.164384
-52.340509
-35.908023
-20.997065
-6.694716
9.379830
25.794533
38.691800
53.640905
70.348728
82.952875
97.315740
108.454288
120.472196
133.369463
145.387370
156.232799
170.009425
181.441093
193.752121
207.235627
219.546654
230.392083
241.530631
252.669180
261.755891
267.032045
277.877474
285.791706
291.067861
297.809614
300.154571
303.085768
306.310085
306.310085
307.775683
309.827521
308.655042
308.068803
308.655042
308.361923
305.723845
306.310085
303.672008
302.792648
298.395853
293.705938
287.843544
278.463713
272.601320
264.393968
254.427898
242.409991
231.564562
220.719133
208.408106
191.700283
180.268615
165.905749
149.784166
136.007540
121.351555
106.109331
92.332705
76.797361
63.313855
48.364750
32.243167
17.587182
2.051838
-14.606654
-28.604697
-44.732877
-58.426614
-73.337573
-87.639922
-101.029354
-113.505871
-126.895303
-138.763209
-151.848337
-164.020548
-176.192759
-188.973581
-202.363014
-213.926614
-228.533268
-240.401174
-248.313112
-258.355186
-266.267123
-275.091977
-283.003914
-290.307241
-295.784736
-299.740705
-299.740705
-303.088063
-307.044031
-305.826810
-306.739726
-307.652642
-308.261252
-305.522505
-306.435421
-304.305284
-304.609589
-303.392368
-299.740705
-295.784736
-290.915851
-283.003914
-276.613503
-270.223092
-259.876712
-249.530333
-239.183953
-226.403131
-215.143836
-201.145793
-187.452055
-173.758317
-157.325832
-142.110568
-126.590998
-110.767123
-97.681996
-80.336595
-66.338552
-49.906067
-33.473581
-20.084149
-3.347358
10.845429
26.673893
42.502356
56.572102
71.228087
85.297832
98.488219
112.264844
123.403393
136.593779
147.146089
158.870877
172.061263
184.079171
196.097078
208.701225
222.184731
233.616400
243.582469
253.841659
261.462771
270.842601
278.463713
286.377945
292.826579
298.102733
301.620170
302.206409
304.551367
306.603205
308.361923
308.361923
310.413761
310.120641
309.534402
307.775683
306.603205
306.896324
304.844486
301.913289
298.688973
293.412818
287.257304
280.808671
272.015080
264.980207
253.255419
242.409991
231.857681
221.305372
207.235627
193.459001
179.096136
164.147031
149.491046
135.128181
119.592837
105.523091
91.453346
74.452403
60.382658
45.726673
30.191329
16.121583
1.465598
-16.736791
-30.430528
-45.950098
-60.556751
-76.076321
-89.161448
-104.376712
-116.244618
-128.416830
-139.980431
-152.761252
-167.672211
-178.322896
-192.320939
-205.710372
-217.578278
-229.141879
-240.705479
-251.660470
-259.268102
-266.267123
-276.613503
-284.221135
-290.002935
-297.306262
-298.827789
-300.349315
-303.392368
-306.131115
-308.565558
-307.956947
-307.956947
-307.956947
-307.652642
-305.826810
-305.522505
-304.305284
-302.783757
-300.349315
-294.871820
-289.394325
-283.612524
-275.091977
-269.614481
-259.572407
-249.834638
-239.488258
-227.011742
-215.448141
-201.450098
-187.452055
-173.454012
-159.151663
-143.023483
-128.416830
-111.984344
-97.073386
-83.683953
-67.555773
-51.731898
-36.212329
-20.084149
-3.955969
11.138549
26.673893
41.036758
55.692743
68.883129
84.418473
98.488219
109.040528
121.644675
135.421301
144.801131
159.163996
170.009425
181.441093
195.217719
208.114986
220.426013
231.857681
243.875589
252.669180
262.342130
269.670123
279.049953
286.377945
292.533459
298.688973
302.206409
302.499529
305.137606
306.603205
310.413761
308.361923
308.655042
308.361923
308.068803
306.896324
308.068803
306.896324
306.310085
302.499529
299.861451
293.705938
286.964185
278.463713
271.721960
264.100848
253.841659
243.289350
230.685203
218.960415
205.183789
192.872762
178.803016
163.267672
148.025448
134.541942
118.420358
105.523091
90.867107
73.866164
59.796418
44.261074
30.484449
16.414703
-1.521526
-16.432485
-31.647750
-46.254403
-61.773973
-76.989237
-91.595890
-103.159491
-116.244618
-128.416830
-140.893346
-154.282779
-166.454990
-179.540117
-192.016634
-204.188845
-219.099804
-230.054795
-241.922701
-251.356164
-259.572407
-269.005871
-276.004892
-283.916830
-291.220157
-295.176125
-301.566536
-301.566536
-302.479452
-305.522505
-307.956947
-307.044031
-307.956947
-307.956947
-307.348337
-306.739726
-305.218200
-305.218200
-302.175147
-299.132094
-296.697652
-290.002935
-282.395303
-276.004892
-268.092955
-260.485323
-250.138943
-238.271037
-227.011742
-214.839530
-201.450098
-187.756360
-172.845401
-159.151663
-142.414873
-127.503914
-113.505871
-97.681996
-82.162427
-67.555773
-50.818982
-34.690802
-20.084149
-3.651663
11.138549
26.967012
42.209237
54.520264
70.348728
85.297832
97.901979
110.506126
122.230914
134.541942
146.266730
157.698398
171.475024
182.027333
195.803959
208.994345
221.305372
232.737041
243.875589
253.548539
262.342130
269.670123
278.170594
287.257304
292.533459
298.688973
301.913289
303.965127
303.672008
308.655042
307.482564
307.482564
308.655042
308.361923
308.361923
307.482564
307.189444
305.723845
303.965127
301.327050
296.930254
292.826579
286.964185
278.463713
271.135721
262.928369
252.669180
242.996230
229.512724
218.081056
206.356268
192.872762
177.337418
162.974552
149.491046
134.248822
119.592837
102.591894
88.522149
74.745523
60.089538
44.847314
29.311970
14.362865
0.293120
-17.041096
-31.952055
-47.471624
-61.469667
-76.989237
-92.508806
-104.376712
-117.461840
-130.242661
-142.414873
-156.412916
-167.063601
-180.453033
-193.233855
-204.797456
-218.186888
-230.054795
-243.139922
-251.660470
-261.093933
-268.092955
-276.917808
-284.221135
-289.698630
-297.306262
-299.436399
-302.175147
-304.305284
-306.131115
-307.956947
-307.348337
-307.652642
-307.652642
-305.522505
-307.348337
-306.131115
-304.305284
-303.088063
-300.349315
-296.089041
-290.307241
-284.829746
-276.004892
-269.918787
-260.485323
-248.921722
-238.271037
-227.011742
-215.143836
-202.058708
-187.756360
-173.149706
-157.630137
-141.501957
-127.808219
-112.288650
-96.769080
-81.553816
-65.729941
-50.210372
-34.386497
-19.779843
-4.260274
12.017908
28.432611
41.622997
56.572102
70.934967
84.711593
98.195099
111.092366
123.696513
135.421301
147.439208
159.457116
172.354383
184.665410
196.976437
209.873704
221.305372
233.616400
244.168709
253.255419
262.049010
270.256362
278.463713
285.791706
292.533459
298.102733
302.499529
302.499529
304.551367
306.603205
309.534402
309.241282
308.948162
310.120641
308.361923
308.361923
308.068803
304.844486
304.551367
301.033930
299.275212
292.240339
286.084826
279.343073
271.428841
263.221489
252.376060
241.823751
230.098963
215.736098
204.597549
191.407163
178.509896
162.388313
148.025448
132.783223
118.420358
104.643732
89.401508
74.452403
58.037700
43.088596
29.605090
14.069746
-0.608611
-17.345401
-31.647750
-47.167319
-62.686888
-76.989237
-91.595890
-105.289628
-117.766145
-129.634051
-142.414873
-155.195695
-167.367906
-180.757339
-192.320939
-207.231898
-218.795499
-230.967710
-243.139922
-251.051859
-260.485323
-268.701566
-276.917808
-285.438356
-290.611546
-295.784736
-300.349315
-301.566536
-304.000978
-305.826810
-307.652642
-307.348337
-307.348337
-306.739726
-306.435421
-306.131115
-306.739726
-304.609589
-303.392368
-299.132094
-296.089041
-290.915851
-283.612524
-275.091977
-268.701566
-258.659491
-248.617417
-236.445205
-226.403131
-213.013699
-200.537182
-187.452055
-172.236791
-158.543053
-143.023483
-126.590998
-111.071429
-96.160470
-81.553816
-64.512720
-49.906067
-34.995108
-18.258317
-3.955969
12.897267
28.725730
42.209237
57.158341
70.348728
84.711593
99.367578
111.678605
123.110273
135.421301
145.973610
160.043355
171.181904
182.613572
197.269557
209.580584
221.598492
233.030160
244.168709
253.548539
262.635250
268.790763
278.170594
286.671065
293.412818
299.568332
301.033930
303.672008
306.310085
306.310085
308.068803
308.361923
308.068803
308.361923
308.948162
306.603205
307.482564
304.551367
303.672008
302.206409
298.395853
291.947220
286.377945
278.170594
271.135721
261.755891
252.082941
240.651272
229.219604
218.667295
206.063148
191.114043
177.923657
160.922714
146.266730
133.369463
118.127238
102.885014
88.229029
72.693685
58.917059
42.502356
28.725730
13.483506
-2.738748
-18.866928
-32.256360
-48.080235
-63.295499
-79.423679
-92.508806
-105.593933
-119.591977
-131.764188
-143.023483
-157.021526
-168.280822
-181.365949
-194.755382
-206.318982
-220.621331
-231.880626
-241.314090
-251.964775
-261.093933
-268.397260
-279.047945
-285.134051
-291.524462
-297.914873
-300.045010
-302.175147
-303.696673
-305.826810
-306.739726
-308.261252
-307.348337
-308.261252
-308.261252
-307.044031
-305.826810
-303.696673
-303.696673
-299.740705
-296.393346
-291.524462
-281.786693
-276.613503
-267.788650
-258.659491
-248.617417
-237.053816
-226.098826
-213.926614
-200.841487
-186.843444
-171.932485
-155.500000
-141.197652
-125.678082
-109.549902
-94.638943
-79.423679
-64.512720
-48.688845
-31.952055
-17.649706
-1.521526
13.190386
29.898209
44.847314
58.917059
72.400566
87.935910
99.660697
114.316682
125.748351
137.473139
149.197926
162.095193
174.113101
186.424128
199.321395
211.925542
223.650330
235.375118
247.099906
255.893497
262.635250
271.428841
279.636192
286.671065
293.999057
298.688973
303.085768
304.551367
305.137606
306.603205
308.655042
309.241282
308.948162
308.361923
309.241282
307.775683
306.896324
307.189444
304.551367
301.913289
298.395853
291.067861
284.912347
279.049953
269.963242
263.221489
252.669180
240.358153
230.978322
217.787936
204.304430
189.648445
175.285580
162.095193
147.439208
133.076343
118.127238
102.591894
87.935910
73.866164
59.210179
43.088596
28.139491
14.362865
-2.434442
-19.475538
-32.864971
-48.384540
-63.599804
-77.293542
-93.117417
-105.593933
-117.766145
-130.546967
-143.936399
-154.891389
-167.976517
-181.974560
-193.842466
-207.231898
-220.317025
-232.184932
-242.531311
-252.269080
-261.702544
-267.788650
-276.917808
-284.221135
-291.220157
-296.697652
-300.045010
-301.870841
-304.000978
-304.609589
-307.652642
-307.956947
-307.652642
-307.348337
-306.739726
-306.131115
-305.218200
-304.000978
-301.870841
-299.740705
-294.567515
-289.394325
-282.699609
-275.091977
-267.788650
-258.963796
-248.921722
-237.358121
-224.272994
-213.926614
-199.928571
-185.626223
-171.628180
-155.195695
-140.284736
-125.373777
-111.071429
-95.551859
-80.945205
-64.512720
-49.601761
-33.473581
-17.345401
-2.434442
13.190386
29.311970
42.502356
58.037700
72.107446
86.470311
99.074458
112.557964
124.282752
136.300660
147.439208
158.870877
171.475024
184.079171
197.855796
210.459943
221.891612
234.495759
243.875589
254.427898
263.221489
270.549482
280.222432
287.257304
293.119698
299.275212
302.206409
303.672008
305.723845
306.603205
308.655042
309.241282
308.361923
308.655042
308.068803
