308.666041
307.499062
306.915572
307.207317
305.748593
304.289869
301.372420
297.871482
292.328330
286.201689
278.616323
273.073171
263.445591
254.401501
245.065666
232.812383
221.434334
208.014071
194.302064
181.465291
167.169794
150.832083
137.411820
124.283302
109.404315
93.066604
77.604128
62.725141
46.970919
34.425891
18.671670
2.917448
-14.094581
-28.189163
-42.590148
-59.135961
-72.311330
-88.857143
-102.645320
-116.433498
-129.608867
-140.945813
-153.814778
-166.377340
-178.020690
-190.583251
-205.597044
-217.853202
-230.109360
-241.139901
-251.557635
-259.217734
-268.716256
-277.601970
-284.649261
-293.228571
-299.663054
-302.114286
-304.871921
-306.097537
-307.016749
-310.693596
-310.080788
-310.387192
-311.000000
-309.467980
-309.774384
-309.774384
-307.323153
-305.484729
-302.727094
-299.050246
-293.534975
-284.955665
-279.440394
-273.005911
-264.120197
-253.702463
-242.978325
-231.334975
-219.691626
-205.290640
-192.728079
-178.020690
-161.474877
-147.073892
-132.060099
-116.127094
-103.258128
-85.486700
-69.860099
-53.314286
-38.606897
-23.286700
-7.353695
7.293621
22.464353
38.510319
51.930582
65.642589
81.105066
95.984053
107.362101
120.782364
131.576923
144.121951
154.916510
166.294559
178.547842
191.384615
204.804878
218.808630
228.727955
239.230769
251.775797
259.069418
266.654784
274.531895
284.159475
289.994371
295.537523
299.621951
303.414634
303.706379
305.165103
307.499062
308.374296
307.790807
307.790807
306.623827
307.790807
307.207317
306.332083
304.289869
302.247655
298.454972
293.203565
286.493433
279.199812
272.197936
264.029081
254.109756
243.606942
232.520638
222.309568
209.472795
194.302064
182.340525
166.878049
152.874296
137.995310
124.575047
108.820826
93.650094
79.646341
64.475610
48.429644
34.425891
20.130394
4.959662
-11.336946
-27.576355
-40.751724
-56.071921
-73.230542
-86.405911
-100.194089
-113.063054
-125.932020
-138.188177
-150.750739
-164.845320
-176.795074
-189.051232
-203.145813
-214.482759
-228.883744
-239.607882
-249.106404
-260.136946
-266.571429
-275.457143
-284.036453
-291.390148
-298.437438
-301.501478
-304.871921
-305.484729
-306.403941
-308.548768
-308.855172
-308.855172
-310.080788
-309.467980
-308.548768
-307.935961
-306.710345
-303.646305
-303.339901
-298.437438
-292.309360
-285.262069
-277.908374
-272.393103
-263.813793
-252.476847
-242.365517
-231.334975
-217.546798
-204.677833
-190.583251
-177.714286
-161.781281
-146.154680
-131.140887
-117.046305
-99.581281
-83.954680
-67.408867
-52.701478
-37.074877
-18.997044
-6.740887
10.211069
24.798311
38.802064
53.681051
67.101313
81.688555
98.026266
110.279550
121.365854
134.786116
146.164165
157.250469
170.087242
180.881801
192.843340
208.305816
219.975610
231.061914
240.689493
251.192308
258.485929
267.238274
277.741088
285.618199
292.620075
297.871482
301.372420
301.955910
305.456848
305.748593
306.623827
307.790807
308.374296
308.374296
307.499062
307.207317
307.790807
306.332083
303.706379
301.664165
299.038462
293.203565
285.909944
279.783302
273.073171
264.029081
254.109756
243.898687
231.645403
221.726079
207.430582
192.843340
179.714822
164.544090
149.665103
136.244841
121.074109
107.362101
92.774859
75.853659
61.849906
46.387430
31.508443
18.379925
2.625704
-14.094581
-29.108374
-42.896552
-57.910345
-74.456158
-89.163547
-103.258128
-116.433498
-128.689655
-141.558621
-152.895567
-166.377340
-178.633498
-191.808867
-204.371429
-219.385222
-230.109360
-242.059113
-251.864039
-259.830542
-268.409852
-277.295567
-286.181281
-292.002956
-297.824631
-302.727094
-305.178325
-306.403941
-307.935961
-308.548768
-310.080788
-309.774384
-308.855172
-308.855172
-309.774384
-308.548768
-307.629557
-305.791133
-302.727094
-297.824631
-292.922167
-285.568473
-277.295567
-269.941872
-263.507389
-251.557635
-241.752709
-231.028571
-217.240394
-204.065025
-190.889655
-175.263054
-160.249261
-144.929064
-128.996059
-114.901478
-100.500493
-83.035468
-68.634483
-51.782266
-35.542857
-20.222660
-4.289655
10.211069
25.381801
40.844278
56.890244
67.684803
84.022514
98.318011
111.446529
124.283302
135.661351
146.164165
159.584428
169.795497
183.507505
194.593809
209.181051
220.559099
231.353659
243.898687
252.359287
260.528143
268.405253
275.698874
286.785178
292.328330
296.996248
300.788931
304.581614
305.165103
306.332083
306.915572
308.666041
309.833021
308.082552
308.082552
306.915572
306.040338
306.332083
304.581614
301.955910
298.454972
292.911820
287.660413
279.491557
273.364916
265.196060
255.568480
244.482176
231.937148
220.559099
208.597561
195.177298
180.590056
165.419325
149.373358
136.828330
122.824578
107.362101
92.191370
76.728893
63.016886
47.554409
32.091932
17.796435
3.209193
-14.400985
-27.576355
-43.815764
-57.910345
-73.230542
-88.857143
-102.338916
-116.739901
-127.464039
-139.413793
-152.895567
-165.764532
-176.795074
-190.889655
-204.677833
-218.159606
-229.802956
-242.059113
-252.476847
-259.830542
-267.797044
-278.214778
-285.568473
-291.696552
-299.050246
-301.807882
-304.259113
-307.016749
-307.016749
-308.548768
-309.774384
-309.774384
-308.548768
-308.855172
-308.548768
-308.242365
-306.710345
-304.565517
-301.195074
-298.743842
-292.615764
-285.262069
-278.214778
-271.780296
-260.443350
-251.864039
-240.833498
-229.802956
-217.240394
-203.758621
-189.051232
-176.795074
-161.168473
-146.154680
-130.834483
-115.514286
-101.113300
-83.954680
-69.247291
-53.007882
-37.381281
-20.529064
-5.515271
9.335835
24.214822
39.969043
53.972795
67.976548
81.980300
96.859287
109.696060
122.241088
133.327392
145.872420
157.250469
169.503752
181.173546
193.135084
207.430582
219.100375
231.353659
241.856473
252.067542
259.652908
268.988743
277.741088
284.742964
291.453096
296.996248
301.080675
303.998124
303.706379
306.623827
307.499062
309.541276
308.957786
308.082552
308.666041
308.666041
306.623827
306.040338
303.998124
300.205441
297.579737
293.495310
285.909944
280.075047
271.030957
262.862101
254.109756
241.564728
231.645403
220.267355
206.555347
194.593809
180.590056
165.711069
151.123827
136.244841
121.657598
109.112570
91.316135
78.187617
62.725141
48.137899
34.134146
18.671670
2.625704
-12.256158
-27.882759
-42.283744
-56.378325
-72.311330
-87.018719
-102.338916
-114.595074
-125.932020
-139.107389
-151.669951
-163.926108
-177.407882
-189.051232
-203.145813
-217.240394
-228.577340
-241.139901
-250.944828
-259.217734
-266.877833
-274.231527
-284.342857
-292.002956
-296.599015
-300.888670
-303.646305
-304.565517
-307.016749
-307.629557
-308.855172
-307.629557
-307.629557
-307.935961
-308.242365
-306.710345
-306.097537
-304.259113
-301.501478
-297.211823
-291.390148
-284.955665
-276.989163
-270.248276
-261.975369
-251.251232
-240.220690
-229.802956
-217.546798
-203.452217
-189.051232
-174.956650
-159.636453
-144.009852
-128.383251
-114.595074
-97.436453
-83.648276
-67.408867
-50.863054
-36.155665
-19.303448
-5.208867
9.919325
25.673546
40.844278
55.723265
69.727017
82.855535
98.901501
111.154784
124.866792
135.077861
146.455910
158.709193
170.670732
183.507505
195.177298
207.722326
220.850844
232.812383
242.439962
252.651032
259.361163
268.988743
277.449343
286.201689
291.744841
297.287992
300.497186
302.831144
305.748593
307.207317
307.207317
308.374296
309.541276
308.957786
308.666041
308.957786
307.790807
306.623827
305.165103
301.955910
297.579737
293.787054
285.618199
279.491557
271.322702
263.445591
253.818011
243.023452
231.937148
219.683865
206.263602
192.551595
178.256098
164.252345
148.498124
134.786116
120.782364
105.903377
92.191370
77.312383
60.099437
47.554409
32.675422
17.796435
3.209193
-14.400985
-28.801970
-44.428571
-58.829557
-75.375369
-90.389163
-104.177340
-117.352709
-128.689655
-141.558621
-154.121182
-165.458128
-178.939901
-191.808867
-205.290640
-218.159606
-230.415764
-242.671921
-250.944828
-260.749754
-269.022660
-276.376355
-286.487685
-292.002956
-298.437438
-301.501478
-304.259113
-305.484729
-306.403941
-309.467980
-309.774384
-309.161576
-307.935961
-309.161576
-309.161576
-307.629557
-306.403941
-304.871921
-302.420690
-298.131034
-291.390148
-283.423645
-276.989163
-270.248276
-261.362562
-252.170443
-240.833498
-229.190148
-217.546798
-202.533005
-189.051232
-173.424631
-159.636453
-144.009852
-127.464039
-113.369458
-97.742857
-81.503448
-65.876847
-49.943842
-34.010837
-19.303448
-2.757635
11.961538
26.257036
42.011257
56.015009
70.018762
84.897749
98.609756
112.613508
124.283302
135.369606
148.789869
160.167917
172.129456
182.924015
194.593809
210.348030
222.017824
232.520638
242.731707
252.942777
261.403377
270.739212
277.157598
285.618199
292.036585
298.163227
301.372420
304.581614
305.456848
307.790807
307.790807
307.790807
308.957786
309.249531
308.666041
308.666041
307.499062
306.040338
304.873358
300.497186
298.746717
291.744841
285.034709
279.783302
271.322702
264.029081
255.276735
243.023452
231.353659
219.683865
206.555347
193.135084
178.839587
163.668856
149.956848
134.786116
122.532833
106.195122
90.149156
77.312383
61.266417
47.554409
31.508443
18.088180
2.917448
-14.094581
-28.801970
-43.202956
-59.135961
-73.536946
-88.244335
-103.258128
-117.352709
-128.076847
-140.639409
-152.895567
-166.070936
-178.327094
-190.583251
-204.984236
-217.240394
-229.802956
-241.752709
-251.557635
-260.749754
-267.184236
-276.682759
-285.568473
-290.470936
-297.211823
-302.420690
-303.952709
-305.178325
-307.016749
-308.855172
-308.548768
-309.161576
-309.774384
-308.242365
-307.629557
-306.097537
-306.097537
-303.033498
-300.888670
-297.211823
-290.164532
-284.036453
-275.763547
-270.248276
-261.056158
-250.332020
-240.833498
-228.270936
-216.627586
-202.226601
-187.825616
-174.037438
-158.717241
-143.397044
-127.770443
-113.063054
-98.355665
-81.809852
-66.796059
-51.169458
-34.930049
-18.997044
-3.983251
11.378049
26.257036
39.969043
56.015009
70.018762
83.730769
98.318011
111.446529
125.450281
135.953096
146.455910
159.292683
171.545966
183.507505
194.593809
208.597561
220.850844
232.228893
244.190432
252.942777
262.278612
269.572233
277.741088
285.618199
292.620075
298.454972
300.788931
303.998124
306.332083
307.499062
308.082552
308.957786
308.374296
309.249531
308.374296
308.082552
306.915572
306.332083
303.998124
301.080675
296.996248
292.036585
285.909944
279.783302
270.739212
263.445591
252.942777
242.148218
230.478424
219.100375
205.971857
192.259850
179.131332
163.377111
147.914634
133.910882
120.198874
106.486867
90.440901
76.145403
60.391182
45.512195
29.757974
16.921201
2.042214
-14.707389
-29.414778
-44.122167
-59.748768
-74.762562
-88.244335
-103.258128
-117.659113
-127.770443
-140.639409
-154.121182
-166.377340
-178.939901
-192.115271
-205.597044
-218.159606
-230.415764
-242.059113
-252.476847
-260.749754
-269.022660
-278.214778
-285.874877
-292.615764
-298.743842
-302.114286
-304.565517
-305.484729
-308.242365
-307.935961
-309.467980
-309.774384
-308.855172
-307.629557
-309.161576
-306.710345
-306.097537
-304.259113
-301.195074
-297.518227
-291.390148
-282.504433
-276.376355
-268.409852
-261.668966
-252.170443
-240.833498
-227.351724
-215.401970
-202.533005
-187.825616
-173.731034
-159.330049
-143.090640
-127.770443
-113.063054
-98.049261
-82.116256
-67.102463
-50.556650
-34.930049
-18.077833
-3.676847
11.378049
26.257036
41.719512
54.848030
69.143527
84.897749
98.026266
111.446529
124.575047
136.244841
147.039400
159.584428
171.545966
184.382739
195.177298
209.764540
221.142589
233.395872
244.482176
252.067542
260.528143
269.863977
278.032833
285.034709
292.620075
297.871482
301.955910
303.706379
305.748593
306.332083
308.374296
308.666041
309.541276
308.374296
309.249531
307.790807
307.790807
306.332083
304.581614
301.372420
297.579737
292.620075
285.618199
278.616323
271.906191
263.153846
252.942777
241.856473
230.770169
218.516886
205.096623
191.384615
177.380863
163.960600
149.081614
134.202627
118.740150
105.319887
89.857411
75.270169
60.682927
44.636961
30.633208
15.754221
2.333959
-14.707389
-29.721182
-44.428571
-60.361576
-74.762562
-90.082759
-104.483744
-117.352709
-129.608867
-142.171429
-155.959606
-166.990148
-179.859113
-193.340887
-206.822660
-220.304433
-231.334975
-242.365517
-251.864039
-260.443350
-268.716256
-278.214778
-285.874877
-292.002956
-298.131034
-302.114286
-303.952709
-304.565517
-307.016749
-307.935961
-308.242365
-309.774384
-308.242365
-308.855172
-307.323153
-307.016749
-305.791133
-302.727094
-301.195074
-294.760591
-289.551724
-283.423645
-275.763547
-269.635468
-260.136946
-250.025616
-239.914286
-228.577340
-215.401970
-201.613793
-188.132020
-174.037438
-157.798030
-141.865025
-127.464039
-114.288670
-96.823645
-80.890640
-66.183251
-51.169458
-34.010837
-17.465025
-2.451232
10.502814
26.257036
42.011257
54.848030
70.602251
84.606004
99.484991
111.446529
124.283302
135.661351
148.206379
159.876173
171.254221
184.090994
195.469043
208.597561
222.309568
232.520638
243.023452
252.359287
260.819887
269.280488
278.032833
285.326454
292.620075
298.454972
301.372420
304.873358
304.289869
306.040338
308.957786
308.957786
308.957786
308.374296
309.249531
308.666041
308.374296
306.040338
303.122889
300.205441
296.996248
291.161351
285.034709
278.032833
271.322702
263.153846
252.651032
241.564728
230.770169
218.808630
205.971857
190.801126
178.256098
165.127580
149.373358
135.077861
120.782364
106.778612
90.732645
77.312383
60.682927
46.970919
32.383677
16.921201
0.291745
-14.094581
-29.721182
-44.122167
-59.135961
-74.762562
-89.469951
-102.951724
-117.659113
-128.383251
-141.558621
-153.814778
-166.377340
-177.407882
-191.808867
-206.209852
-219.691626
-231.947783
-243.284729
-251.864039
-259.524138
-268.409852
-277.908374
-285.568473
-292.309360
-296.905419
-301.807882
-303.952709
-306.403941
-307.323153
-307.629557
-308.242365
-308.855172
-309.467980
-308.242365
-307.629557
-306.403941
-305.178325
-303.646305
-300.582266
-297.518227
-290.164532
-283.423645
-274.844335
-268.409852
-261.668966
-249.106404
-238.995074
-227.351724
-214.789163
-201.307389
-186.906404
-172.505419
-158.104433
-141.558621
-127.770443
-113.063054
-96.210837
-80.584236
-66.796059
-48.105419
-33.398030
-16.239409
-2.757635
12.253283
28.590994
41.719512
55.431520
71.185741
85.481238
98.318011
112.321764
124.575047
135.953096
147.622889
159.584428
172.129456
184.090994
195.177298
208.597561
221.142589
233.979362
244.190432
252.942777
260.528143
270.155722
278.908068
286.201689
293.495310
298.454972
303.122889
303.122889
306.040338
307.499062
308.957786
309.249531
309.249531
308.374296
309.541276
308.082552
307.790807
306.623827
303.414634
302.247655
297.871482
292.620075
285.034709
278.616323
270.447467
263.153846
253.234522
241.564728
229.894934
218.808630
204.804878
191.676360
178.256098
163.668856
148.206379
132.452158
119.031895
104.152908
88.690432
74.686679
58.348968
44.928705
30.049719
16.337711
-0.000000
-16.545813
-30.946798
-45.960591
-60.055172
-78.133005
-91.001970
-106.015764
-120.416749
-130.834483
-143.703448
-155.959606
-167.296552
-181.084729
-193.647291
-207.129064
-220.304433
-233.786207
-242.978325
-253.089655
-262.281773
-270.554680
-278.521182
-285.262069
-293.841379
-297.824631
-303.339901
-303.033498
-305.791133
-308.242365
-307.323153
-308.855172
-311.000000
-308.242365
-309.774384
-307.935961
-307.016749
-306.710345
-304.871921
-302.727094
-296.905419
-290.470936
-282.810837
-276.376355
-269.022660
-260.749754
-250.638424
-237.769458
-227.964532
-214.176355
-200.081773
-186.906404
-172.811823
-156.572414
-141.252217
-125.319212
-111.837438
-95.598030
-79.358621
-64.038424
-47.186207
-32.785222
-16.545813
-2.451232
13.712008
28.007505
42.011257
56.306754
70.310507
86.939962
100.651970
113.780488
125.742026
136.828330
148.789869
158.417448
173.004690
184.090994
195.469043
210.931520
222.017824
233.979362
245.065666
254.109756
260.819887
271.030957
279.199812
285.618199
294.370544
298.746717
302.539400
303.998124
306.332083
308.082552
310.124765
309.249531
310.124765
310.124765
308.666041
307.790807
307.207317
305.165103
303.414634
301.664165
297.579737
292.036585
285.909944
277.741088
271.614447
262.862101
252.067542
241.272983
230.186679
217.058161
204.804878
191.676360
176.213884
163.085366
147.622889
131.868668
118.448405
104.444653
88.690432
74.686679
57.181989
43.761726
28.590994
14.003752
-1.225616
-17.771429
-32.785222
-47.186207
-64.651232
-77.520197
-93.146798
-108.160591
-119.803941
-132.672906
-144.622660
-156.266010
-169.134975
-181.391133
-194.260099
-208.661084
-221.223645
-233.479803
-243.591133
-252.783251
-262.588177
-270.861084
-278.521182
-287.100493
-293.841379
-299.663054
-301.807882
-303.646305
-306.710345
-307.629557
-309.467980
-308.548768
-308.548768
-310.387192
-309.774384
-308.242365
-306.710345
-305.178325
-303.339901
-301.195074
-296.599015
-289.858128
-282.504433
-275.763547
-269.941872
-260.443350
-250.638424
-239.607882
-227.658128
-213.563547
-200.081773
-185.680788
-171.586207
-155.040394
-140.639409
-125.012808
-110.305419
-96.210837
-79.665025
-63.425616
-48.718227
-31.559606
-16.239409
-1.532020
14.003752
29.466229
43.469981
57.473734
71.185741
86.939962
101.235460
114.072233
126.617261
137.995310
149.665103
161.334897
173.879925
185.549719
198.678236
211.515009
222.017824
234.854597
244.190432
254.109756
264.029081
270.739212
280.075047
287.368668
294.954034
300.205441
301.080675
304.289869
306.040338
307.790807
307.207317
308.957786
309.833021
309.541276
308.374296
308.082552
307.499062
304.581614
303.122889
300.205441
296.704503
290.577861
282.700750
277.741088
269.863977
261.111632
251.484053
241.564728
230.186679
217.933396
203.346154
189.634146
176.797373
161.626642
147.622889
131.576923
116.989681
103.277674
87.523452
73.227955
58.640713
42.303002
27.132270
15.170732
-2.144828
-17.771429
-32.478818
-46.573399
-62.812808
-78.745813
-92.840394
-107.241379
-119.803941
-131.753695
-144.929064
-155.346798
-169.441379
-182.003941
-194.872906
-207.741872
-221.223645
-232.866995
-243.591133
-252.783251
-262.281773
-269.941872
-279.746798
-287.406897
-295.066995
-299.663054
-302.420690
-304.565517
-305.484729
-307.323153
-308.855172
-309.467980
-310.080788
-309.161576
-309.467980
-307.935961
-307.323153
-306.403941
-303.339901
-300.888670
-295.986207
-288.938916
-283.730049
-276.376355
-268.103448
-259.830542
-250.025616
-236.237438
-226.126108
-212.950739
-198.549754
-185.680788
-169.747783
-155.040394
-139.720197
-124.093596
-109.999015
-93.453202
-77.520197
-63.425616
-45.347783
-30.027586
-13.788177
0.291745
16.629456
32.091932
45.803940
59.807692
73.811445
88.106942
102.402439
116.114447
127.784240
139.454034
150.832083
162.501876
175.046904
187.008443
198.969981
212.390244
223.184803
234.562852
245.065666
253.818011
263.445591
271.322702
280.950281
288.535647
293.495310
299.621951
302.539400
304.289869
306.915572
307.790807
308.666041
310.124765
308.666041
309.833021
308.666041
307.499062
307.499062
306.332083
304.289869
301.664165
297.287992
290.577861
285.618199
277.449343
270.447467
261.986867
252.067542
241.272983
229.311445
217.641651
203.637899
190.801126
176.505629
161.334897
146.747655
132.452158
117.573171
103.277674
88.106942
73.227955
58.057223
43.178236
28.299250
12.545028
-2.144828
-18.384236
-33.091626
-47.799015
-62.506404
-79.052217
-94.066010
-107.854187
-119.803941
-132.672906
-144.622660
-156.878818
-169.747783
-182.616749
-194.566502
-207.741872
-220.610837
-233.173399
-244.816749
-252.783251
-261.668966
-269.022660
-280.359606
-287.100493
-293.534975
-300.275862
-301.501478
-303.952709
-306.403941
-308.548768
-309.467980
-308.548768
-309.774384
-309.467980
-309.467980
-308.242365
-306.403941
-306.403941
-303.339901
-301.807882
-295.066995
-289.245320
-281.891626
-274.231527
-267.490640
-258.911330
-248.493596
-236.237438
-224.594089
-212.950739
-196.711330
-184.455172
-170.054187
-154.121182
-137.881773
-122.255172
-106.322167
-93.453202
-76.294581
-61.587192
-44.428571
-28.495567
-12.868966
1.458724
17.796435
31.800188
47.262664
60.099437
74.686679
88.398687
103.861163
116.989681
129.826454
141.496248
151.707317
163.377111
175.630394
186.716698
198.969981
212.390244
224.643527
235.438086
247.983114
255.568480
264.320826
271.030957
281.533771
287.952158
295.245779
300.205441
302.539400
304.289869
307.499062
307.499062
308.374296
310.124765
309.833021
309.249531
309.541276
307.790807
306.915572
306.915572
304.289869
301.372420
297.871482
292.036585
284.451220
277.741088
268.988743
260.819887
251.775797
240.106004
227.560976
216.474672
202.470919
188.758912
176.213884
162.210131
146.164165
130.993433
118.156660
102.694184
87.231707
72.060976
58.057223
42.594747
27.132270
12.836773
-3.064039
-18.077833
-32.785222
-47.186207
-62.812808
-79.971429
-93.146798
-107.547783
-121.029557
-132.366502
-145.848276
-156.878818
-170.054187
-181.697537
-194.566502
-208.661084
-222.142857
-233.173399
-244.816749
-252.476847
-262.281773
-270.554680
-279.440394
-288.019704
-292.615764
-299.050246
-303.952709
-303.952709
-304.871921
-307.935961
-306.710345
-308.548768
-308.855172
-308.242365
-308.548768
-307.935961
-305.484729
-304.871921
-303.646305
-299.969458
-294.760591
-289.245320
-282.198030
-275.150739
-266.877833
-258.604926
-246.961576
-236.850246
-226.738916
-211.112315
-199.775369
-183.842365
-169.441379
-155.346798
-138.800985
-125.319212
-109.079803
-93.146798
-78.439409
-63.119212
-45.347783
-30.027586
-14.707389
0.291745
16.337711
31.216698
44.636961
60.974672
74.686679
87.815197
103.277674
114.947467
126.909006
137.703565
149.373358
161.918386
174.171670
186.133208
198.969981
212.681989
223.476548
234.854597
245.065666
254.984991
264.029081
271.030957
280.950281
287.952158
293.787054
299.038462
302.539400
304.289869
306.332083
308.666041
307.790807
310.416510
308.374296
309.541276
309.249531
308.082552
308.374296
306.623827
304.581614
301.955910
296.121013
292.036585
283.575985
278.324578
270.155722
261.403377
252.067542
240.397749
229.311445
217.641651
204.513133
190.509381
176.797373
162.210131
147.039400
132.160413
116.989681
103.861163
88.690432
74.394934
59.807692
44.636961
28.299250
14.003752
-0.000000
-16.852217
-30.946798
-47.492611
-61.280788
-77.520197
-91.308374
-104.483744
-118.271921
-130.528079
-142.784236
-154.427586
-167.602956
-181.084729
-192.728079
-207.129064
-221.530049
-232.560591
-243.897537
-252.476847
-261.668966
-269.941872
-279.746798
-286.487685
-292.615764
-299.356650
-302.420690
-303.339901
-306.097537
-307.323153
-307.629557
-308.855172
-308.242365
-308.855172
-307.323153
-306.097537
-307.016749
-304.871921
-303.339901
-299.356650
-294.760591
-288.019704
-282.198030
-275.457143
-266.265025
-257.685714
-248.493596
-234.705419
-223.981281
-210.805911
-197.324138
-181.391133
-167.296552
-153.201970
-137.268966
-121.642365
-106.628571
-91.614778
-76.600985
-60.361576
-42.896552
-27.269951
-12.562562
3.209193
18.088180
33.258912
48.429644
61.558161
75.270169
91.607880
104.444653
116.697936
129.826454
140.912758
153.166041
164.544090
177.089118
188.758912
200.136961
215.599437
226.102251
238.063790
247.691370
256.443715
265.196060
273.656660
282.117261
289.994371
296.412758
299.913696
303.706379
305.456848
306.332083
309.541276
310.124765
309.541276
311.000000
309.541276
309.541276
308.666041
307.207317
306.915572
303.414634
302.247655
297.579737
290.577861
284.742964
278.324578
270.447467
261.695122
251.484053
240.397749
229.603189
216.182927
203.346154
188.758912
175.338649
161.043152
146.455910
130.993433
119.031895
101.527205
86.648218
73.519700
57.181989
42.594747
27.132270
12.836773
-1.532020
-18.077833
-34.317241
-48.411823
-63.425616
-79.358621
-93.453202
-107.854187
-118.884729
-132.060099
-143.703448
-157.185222
-170.054187
-182.616749
-195.792118
-208.354680
-221.530049
-233.786207
-244.816749
-252.476847
-262.588177
-269.941872
-279.440394
-287.713300
-292.922167
-299.356650
-302.114286
-303.339901
-306.710345
-306.710345
-308.242365
-308.855172
-307.323153
-309.161576
-307.935961
-306.710345
-306.710345
-304.259113
-302.727094
-299.663054
-295.066995
-288.632512
-280.972414
-273.618719
-265.652217
-256.766502
-246.655172
-235.011823
-224.287685
-211.725123
-197.017734
-182.616749
-166.990148
-153.201970
-136.043350
-122.255172
-108.160591
-93.453202
-76.600985
-60.667980
-45.347783
-29.108374
-11.949754
2.042214
17.504690
32.675422
46.970919
60.682927
73.811445
88.690432
103.569418
115.239212
127.492495
139.745779
152.290807
163.960600
176.213884
187.300188
200.428705
213.848968
225.518762
236.896811
248.274859
255.860225
264.320826
273.073171
282.117261
288.243902
294.370544
299.621951
302.247655
304.581614
306.040338
307.207317
311.000000
308.666041
309.541276
310.124765
308.957786
307.790807
306.915572
305.456848
303.706379
300.205441
295.829268
290.577861
282.700750
275.698874
270.739212
260.236398
250.025328
239.814259
228.144465
215.599437
202.470919
189.342402
174.755159
159.292683
144.705441
130.993433
116.989681
101.818949
87.231707
71.477486
57.181989
41.136023
27.132270
12.545028
-1.838424
-18.997044
-34.010837
-47.492611
-62.812808
-79.052217
-93.453202
-106.628571
-119.803941
-132.366502
-144.316256
-157.185222
-170.360591
-183.842365
-195.179310
-209.273892
-221.836453
-234.399015
-246.042365
-252.476847
-262.281773
-271.167488
-280.359606
-286.487685
-294.147783
-299.356650
-302.420690
-303.952709
-304.871921
-306.403941
-307.629557
-308.242365
-309.774384
-308.855172
-309.161576
-306.403941
-306.710345
-304.871921
-302.420690
-300.275862
-293.841379
-287.713300
-281.891626
-273.005911
-266.265025
-256.766502
-246.348768
-236.237438
-223.368473
-211.112315
-196.098522
-183.535961
-166.990148
-152.589163
-136.962562
-121.642365
-107.854187
-90.695567
-75.681773
-59.748768
-42.896552
-26.963547
-11.030542
3.209193
18.088180
34.717636
47.262664
61.849906
76.728893
89.857411
105.611632
118.448405
128.659475
142.954972
153.166041
163.960600
177.089118
187.591932
201.887430
215.599437
224.643527
238.355535
248.858349
256.735460
264.320826
273.948405
282.409006
289.702627
294.954034
300.205441
303.998124
305.165103
306.623827
308.374296
309.249531
310.416510
310.124765
311.000000
309.833021
308.666041
309.541276
306.332083
304.873358
300.205441
297.287992
290.577861
283.575985
278.032833
269.572233
260.236398
250.608818
241.272983
227.852720
216.182927
203.054409
188.467167
176.213884
159.584428
145.580675
132.452158
117.573171
101.818949
86.648218
72.644465
57.473734
41.719512
27.132270
12.545028
-2.144828
-18.384236
-32.172414
-46.879803
-63.732020
-79.052217
-94.066010
-106.322167
-118.884729
-131.447291
-144.009852
-157.491626
-169.747783
-181.084729
-195.179310
-208.661084
-221.836453
-233.786207
-244.203941
-252.783251
-263.200985
-270.554680
-279.440394
-285.874877
-292.002956
-299.969458
-301.807882
-303.952709
-305.791133
-307.016749
-308.855172
-309.161576
-309.161576
-308.242365
-307.935961
-307.016749
-305.484729
-306.710345
-303.033498
-300.582266
-294.454187
-288.938916
-280.053202
-273.618719
-266.877833
-257.685714
-246.348768
-235.011823
-222.449261
-210.499507
-196.098522
-181.391133
-169.134975
-151.363547
-136.043350
-122.255172
-106.628571
-90.082759
-74.149754
-60.361576
-41.977340
-27.269951
-12.868966
3.209193
18.671670
34.134146
47.554409
61.849906
76.145403
91.024390
105.319887
116.989681
129.534709
141.787992
151.999062
163.377111
176.213884
188.175422
200.428705
213.848968
225.518762
236.605066
247.107880
257.610694
264.320826
273.948405
283.867730
290.286116
296.996248
301.664165
303.414634
306.332083
306.332083
309.541276
309.249531
310.124765
310.708255
310.416510
310.124765
308.957786
307.790807
306.623827
304.289869
301.372420
297.287992
291.161351
284.742964
277.741088
268.696998
260.528143
250.608818
239.230769
227.269231
216.766417
201.595685
187.300188
172.712946
157.250469
144.413696
130.118199
115.822702
100.651970
85.189493
70.602251
55.139775
40.844278
24.506567
10.794559
-4.902463
-20.222660
-35.542857
-49.331034
-65.570443
-79.665025
-95.598030
-108.466995
-121.948768
-134.817734
-147.380296
-158.104433
-170.666995
-183.229557
-196.098522
-209.580296
-223.368473
-234.399015
-246.961576
-254.315271
-263.813793
-270.248276
-281.278818
-288.019704
-293.534975
-299.663054
-303.339901
-303.339901
-306.097537
-305.791133
-307.935961
-309.161576
-307.323153
-307.935961
-308.242365
-307.016749
-307.629557
-305.178325
-303.033498
-299.356650
-293.534975
-286.794089
-281.891626
-273.618719
-265.652217
-257.685714
-245.123153
-236.237438
-222.449261
-210.193103
-195.792118
-181.084729
-166.683744
-150.750739
-134.817734
-122.867980
-105.709360
-90.695567
-74.456158
-58.829557
-43.202956
-26.963547
-11.336946
4.084428
18.379925
34.134146
48.721388
63.600375
77.020638
90.732645
106.195122
117.281426
130.409944
141.496248
152.582552
164.835835
177.380863
189.342402
201.887430
215.307692
227.269231
237.772045
248.274859
255.860225
265.487805
273.948405
283.575985
290.577861
294.662289
299.330206
303.414634
304.873358
306.332083
306.915572
310.124765
310.708255
310.708255
309.833021
309.541276
308.082552
308.082552
304.873358
303.414634
301.080675
296.121013
291.453096
283.867730
275.407129
268.988743
260.819887
250.900563
238.939024
226.977486
216.182927
200.720450
188.467167
173.296435
156.958724
142.954972
128.367730
114.363977
99.484991
85.189493
71.185741
54.848030
39.677298
25.090056
10.211069
-4.902463
-20.222660
-35.849261
-51.169458
-65.570443
-80.890640
-96.210837
-107.854187
-121.642365
-132.979310
-145.541872
-159.330049
-171.892611
-185.374384
-197.324138
-210.805911
-223.674877
-234.705419
-246.042365
-254.008867
-262.894581
-272.699507
-281.585222
-287.713300
-295.066995
-299.969458
-302.727094
-304.259113
-304.871921
-307.935961
-309.161576
-309.161576
-309.161576
-309.774384
-307.935961
-307.016749
-306.710345
-303.952709
-302.727094
-299.050246
-293.534975
-287.100493
-279.746798
-273.925123
-264.426601
-255.540887
-245.429557
-233.786207
-221.530049
-209.273892
-195.179310
-182.003941
-165.764532
-150.444335
-134.511330
-119.191133
-104.177340
-88.857143
-72.924138
-57.910345
-41.364532
-26.044335
-9.804926
5.543152
19.838649
35.884615
50.471857
63.308630
78.187617
93.941839
106.195122
119.907129
131.868668
142.079737
155.791745
165.711069
178.547842
190.801126
203.346154
215.891182
227.560976
238.939024
250.317073
258.485929
266.071295
274.823640
283.867730
290.286116
296.704503
301.664165
303.706379
305.165103
307.207317
308.374296
309.833021
310.124765
310.708255
308.957786
310.708255
309.249531
308.374296
306.623827
303.414634
300.205441
294.662289
289.410882
283.575985
276.282364
268.405253
260.528143
249.733583
237.480300
226.977486
212.973734
201.303940
186.716698
174.755159
157.833959
143.538462
130.118199
116.697936
98.901501
85.481238
70.893996
56.015009
40.552533
25.673546
11.961538
-3.983251
-19.609852
-34.623645
-49.331034
-65.876847
-80.277833
-95.291626
-107.854187
-121.948768
-133.898522
-144.929064
-157.798030
-171.279803
-183.535961
-197.324138
-209.580296
-223.981281
-236.543842
-246.348768
-254.928079
-262.894581
-270.861084
-280.359606
-288.019704
-294.147783
-298.437438
-301.807882
-304.565517
-305.791133
-306.403941
-307.935961
-307.323153
-308.855172
-308.548768
-307.016749
-307.016749
-306.097537
-304.259113
-301.807882
-299.050246
-293.841379
-286.794089
-279.746798
-272.086700
-265.345813
-255.234483
-244.203941
-234.399015
-222.449261
-208.967488
-193.953695
-179.552709
-166.683744
-150.750739
-134.817734
-119.191133
-105.402956
-89.163547
-74.456158
-56.684729
-41.364532
-26.350739
-10.417734
5.251407
20.130394
35.009381
49.304878
63.892120
78.187617
92.191370
106.195122
119.323640
131.576923
141.787992
154.041276
164.835835
176.797373
189.925891
202.470919
216.182927
229.311445
239.522514
249.150094
257.318949
266.654784
275.115385
285.034709
290.577861
296.121013
301.080675
303.998124
306.040338
305.748593
307.499062
309.833021
309.833021
309.833021
310.416510
309.833021
309.249531
307.499062
306.040338
304.581614
300.788931
296.996248
290.286116
282.992495
276.574109
267.821764
259.652908
249.150094
237.480300
225.518762
213.557223
199.553471
187.591932
172.712946
157.833959
142.079737
128.367730
114.072233
99.193246
83.730769
69.143527
54.556285
39.093809
24.506567
8.460600
-6.128079
-20.529064
-36.155665
-51.475862
-68.021675
-81.503448
-96.823645
-109.999015
-122.255172
-135.430542
-148.912315
-159.023645
-171.279803
-185.067980
-198.243350
-212.031527
-224.287685
-235.624631
-246.961576
-255.234483
-264.426601
-270.861084
-280.666010
-288.326108
-294.760591
-300.275862
-302.420690
-304.259113
-305.484729
-307.323153
-308.548768
-307.629557
-308.855172
-308.548768
-308.548768
-308.242365
-306.097537
-305.484729
-302.420690
-299.050246
-293.228571
-286.487685
-279.133990
-272.086700
-264.733005
-254.621675
-244.203941
-232.866995
-221.223645
-207.741872
-194.566502
-178.939901
-164.845320
-151.057143
-132.979310
-119.497537
-104.790148
-88.550739
-72.004926
-56.991133
-40.138916
-25.737931
-10.111330
4.959662
20.130394
35.301126
49.888368
64.475610
78.187617
91.899625
106.778612
118.740150
130.993433
143.830206
153.749531
166.586304
180.298311
189.342402
203.637899
216.766417
227.269231
238.647280
249.733583
258.194184
266.946529
274.531895
282.700750
290.869606
294.954034
300.497186
302.831144
304.581614
306.623827
307.499062
310.124765
310.708255
310.708255
