0.529373
0.601883
0.634110
0.456863
0.062088
-0.171554
-0.300461
-0.437424
-0.542160
-0.646896
-0.816086
-0.961105
-1.106125
-1.299484
-1.476730
-1.694260
-1.879562
-2.137375
-2.387131
-2.636887
-2.918869
-3.192795
-3.450607
-3.708420
-3.950119
-4.215988
-4.457687
-4.707443
-4.908859
-5.174728
-5.392258
-5.625900
-5.899826
-6.077072
-6.254318
-6.431564
-6.528244
-6.624924
-6.673263
-6.697433
-6.753830
-6.713547
-6.705490
-6.632980
-6.512131
-6.439621
-6.342941
-6.238205
-6.085129
-5.964279
-5.795090
-5.601730
-5.424484
-5.182785
-4.924972
-4.659103
-4.369064
-4.103195
-3.845383
-3.507004
-3.168625
-2.725510
-2.346847
-1.992355
-1.686203
-1.404220
-1.114181
-0.719406
-0.244064
-0.066818
-0.010422
0.013748
0.037918
0.021805
0.037918
0.037918
0.086258
0.126541
0.239334
0.327957
0.481033
0.666336
0.843582
1.020828
1.214188
1.455887
1.665360
1.874832
2.076248
2.334061
2.511307
2.769119
2.930252
3.123612
3.333084
3.582840
3.711746
3.848709
4.009842
4.122635
4.235428
4.356278
4.477127
4.541580
4.541580
4.557694
4.541580
4.541580
4.541580
4.469071
4.380447
4.291824
4.195145
4.074295
3.913162
3.735916
3.582840
3.373367
3.204178
2.946365
2.736893
2.438797
2.221268
1.939285
1.665360
1.383377
1.085281
0.771072
0.472977
0.247391
0.182938
0.094315
0.078201
0.086258
0.062088
0.037918
0.062088
0.054031
0.086258
0.062088
0.054031
0.062088
0.037918
0.062088
-0.002365
-0.034592
-0.155441
-0.268234
-0.397140
-0.566330
-0.743576
-0.896652
-1.098068
-1.210861
-1.436447
-1.589523
-1.782883
-1.960129
-2.137375
-2.330734
-2.483810
-2.604660
-2.741623
-2.814133
-2.959152
-3.023605
-3.063888
-3.136398
-3.120285
-3.192795
-3.176681
-3.192795
-3.168625
-3.160568
-3.088058
-3.023605
-2.902756
-2.806076
-2.709396
-2.548263
-2.379074
-2.201828
-2.040695
-1.790939
-1.565353
-1.363937
-1.138351
-0.904709
-0.630783
-0.397140
-0.163498
-0.050705
-0.026535
0.029862
-0.002365
0.021805
0.021805
0.037918
0.013748
0.013748
0.037918
0.013748
0.029862
0.037918
-0.002365
0.021805
0.045975
0.005692
0.013748
0.029862
0.045975
0.142655
0.182938
0.295731
0.408524
0.505203
0.642166
0.908035
1.181961
1.391434
1.528397
1.665360
1.818436
1.947342
2.019852
2.060135
2.172928
2.261551
2.301834
2.374344
2.446854
2.454910
2.462967
2.471024
2.511307
2.479080
2.462967
2.414627
2.398514
2.309891
2.229324
2.132645
2.044022
1.915115
1.778153
1.600906
1.463944
1.262528
1.061112
0.851639
0.658280
0.416580
0.247391
0.142655
0.094315
0.070145
0.054031
0.054031
0.062088
0.054031
0.070145
0.037918
0.062088
0.037918
0.054031
0.078201
0.054031
0.078201
0.070145
0.062088
0.062088
0.070145
0.078201
0.045975
0.062088
0.054031
0.029862
-0.026535
-0.099045
-0.211838
-0.308517
-0.421310
-0.558273
-0.671066
-0.808029
-0.969162
-1.106125
-1.202804
-1.339767
-1.468674
-1.557297
-1.629806
-1.742599
-1.798996
-1.823166
-1.887619
-1.919845
-1.927902
-1.935959
-1.911789
-1.903732
-1.871506
-1.831222
-1.782883
-1.678146
-1.613693
-1.517013
-1.428390
-1.267258
-1.130295
-1.001388
-0.783859
-0.590500
-0.389084
-0.187668
-0.074875
-0.010422
0.005692
0.037918
0.037918
0.029862
0.029862
0.029862
0.013748
0.045975
0.029862
0.029862
0.029862
0.021805
0.005692
0.037918
0.005692
0.021805
0.037918
0.005692
0.021805
0.021805
0.029862
0.037918
0.021805
0.070145
0.054031
0.126541
0.174881
0.271561
0.327957
0.440750
0.529373
0.626053
0.795242
0.924149
1.012772
1.149735
1.254471
1.343094
1.415604
1.488113
1.520340
1.584793
1.633133
1.665360
1.617020
1.657303
1.641190
1.625076
1.592850
1.536453
1.488113
1.415604
1.351151
1.375321
1.359207
1.254471
1.101395
0.908035
0.714676
0.489090
0.271561
0.142655
0.142655
0.094315
0.094315
0.078201
0.078201
0.086258
0.062088
0.054031
0.070145
0.078201
0.086258
0.062088
0.045975
0.054031
0.054031
0.062088
0.045975
0.070145
0.062088
0.037918
0.054031
0.054031
0.054031
0.045975
0.045975
0.062088
0.045975
0.054031
0.029862
-0.050705
-0.155441
-0.195724
-0.276291
-0.413254
-0.517990
-0.638840
-0.751633
-0.880539
-0.944992
-1.009445
-1.106125
-1.154465
-1.210861
-1.275314
-1.299484
-1.283371
-1.363937
-1.355881
-1.347824
-1.315597
-1.315597
-1.235031
-1.194748
-1.122238
-1.049728
-0.944992
-0.856369
-0.703293
-0.582443
-0.389084
-0.244064
-0.107101
-0.034592
0.021805
0.021805
0.029862
0.013748
0.037918
0.021805
0.045975
0.037918
0.029862
0.037918
0.021805
-0.002365
0.005692
0.021805
0.037918
0.013748
0.013748
0.037918
0.021805
0.029862
0.013748
0.005692
0.037918
0.029862
0.029862
0.021805
0.013748
0.029862
0.054031
0.037918
0.086258
0.166824
0.199051
0.327957
0.360184
0.464920
0.553543
0.674393
0.779129
0.819412
0.932205
0.980545
1.028885
1.069168
1.133621
1.165848
1.190018
1.222244
1.206131
1.206131
1.206131
1.165848
1.157791
1.061112
1.036942
0.932205
0.843582
0.714676
0.617996
0.432694
0.303787
0.182938
0.094315
0.062088
0.070145
0.054031
0.070145
0.054031
0.045975
0.062088
0.062088
0.045975
0.078201
0.070145
0.029862
0.054031
0.037918
0.062088
0.029862
0.045975
0.029862
0.070145
0.054031
0.126541
0.263504
0.311844
0.311844
0.319901
0.271561
0.247391
0.199051
0.182938
0.134598
0.054031
0.054031
0.005692
-0.058762
-0.123215
-0.203781
-0.308517
-0.405197
-0.485763
-0.590500
-0.654953
-0.743576
-0.816086
-0.840256
-0.928879
-0.953049
-0.977219
-0.993332
-1.009445
-0.977219
-0.993332
-0.961105
-0.936935
-0.912765
-0.832199
-0.759689
-0.687179
-0.606613
-0.493820
-0.389084
-0.219894
-0.090988
-0.034592
0.013748
0.021805
0.021805
0.045975
0.062088
0.021805
0.013748
0.045975
0.029862
0.029862
0.062088
0.005692
0.005692
0.029862
0.013748
0.045975
0.029862
0.005692
0.045975
0.037918
0.021805
0.054031
0.062088
0.045975
0.021805
0.013748
0.054031
0.021805
0.021805
0.037918
0.045975
0.078201
0.062088
0.070145
0.126541
0.190994
0.279617
0.360184
0.432694
0.513260
0.585770
0.682449
0.730789
0.803299
0.859696
0.851639
0.916092
0.948319
0.972488
0.964432
1.004715
0.956375
0.948319
0.916092
0.908035
0.835526
0.738846
0.650223
0.561600
0.448807
0.352127
0.215164
0.102371
0.094315
0.045975
0.054031
0.045975
0.062088
0.037918
0.037918
0.094315
0.062088
0.062088
0.054031
0.054031
0.070145
0.054031
0.062088
0.045975
0.054031
0.029862
0.086258
0.062088
0.062088
0.062088
0.054031
0.086258
0.062088
0.070145
0.045975
0.062088
0.054031
0.062088
0.045975
0.037918
0.045975
0.021805
-0.002365
-0.010422
-0.058762
-0.147385
-0.211838
-0.276291
-0.413254
-0.445480
-0.550217
-0.598556
-0.606613
-0.566330
-0.501877
-0.534103
-0.582443
-0.606613
-0.654953
-0.679123
-0.687179
-0.735519
-0.711349
-0.687179
-0.638840
-0.566330
-0.485763
-0.372970
-0.276291
-0.163498
-0.050705
0.013748
0.037918
0.013748
0.045975
0.054031
0.070145
0.029862
0.070145
0.029862
0.029862
0.029862
0.045975
0.021805
0.029862
0.029862
0.021805
0.005692
0.021805
0.021805
0.037918
0.021805
0.029862
0.005692
0.029862
0.054031
0.045975
0.037918
0.029862
0.021805
0.029862
0.045975
0.029862
0.037918
0.013748
0.037918
0.070145
0.054031
0.102371
0.150711
0.215164
0.344071
0.384354
0.448807
0.537430
0.561600
0.642166
0.690506
0.738846
0.795242
0.787186
0.827469
0.843582
0.835526
0.819412
0.771072
0.763016
0.698563
0.642166
0.561600
0.497147
0.400467
0.263504
0.199051
0.102371
0.086258
0.054031
0.086258
0.070145
0.037918
0.062088
0.045975
0.045975
0.037918
0.045975
0.045975
0.045975
0.062088
0.045975
0.110428
0.070145
0.062088
0.078201
0.054031
0.029862
0.054031
0.021805
0.045975
0.078201
0.054031
0.054031
0.054031
0.070145
0.070145
0.054031
0.037918
0.078201
0.070145
0.094315
0.062088
0.037918
0.013748
0.013748
-0.074875
-0.139328
-0.179611
-0.292404
-0.340744
-0.405197
-0.485763
-0.542160
-0.558273
-0.622726
-0.614670
-0.679123
-0.679123
-0.671066
-0.703293
-0.654953
-0.614670
-0.606613
-0.526047
-0.493820
-0.453537
-0.340744
-0.276291
-0.147385
-0.066818
0.005692
0.005692
0.037918
0.054031
0.021805
0.021805
0.013748
0.013748
0.021805
0.021805
0.021805
0.029862
0.118485
0.247391
0.271561
0.287674
0.263504
0.215164
0.182938
0.174881
0.134598
0.134598
0.142655
0.078201
0.054031
0.021805
0.021805
0.029862
0.029862
0.037918
0.021805
0.021805
0.045975
0.005692
0.045975
0.054031
0.013748
0.045975
0.094315
0.126541
0.199051
0.255447
0.295731
0.400467
0.448807
0.513260
0.569656
0.617996
0.626053
0.634110
0.682449
0.738846
0.698563
0.746903
0.706619
0.682449
0.666336
0.593826
0.553543
0.497147
0.384354
0.295731
0.182938
0.110428
0.062088
0.045975
0.037918
0.037918
0.021805
0.062088
0.070145
0.062088
0.045975
0.054031
0.021805
0.062088
0.054031
0.054031
0.062088
0.062088
0.054031
0.062088
0.070145
0.110428
0.078201
0.045975
0.062088
0.054031
0.037918
0.070145
0.054031
0.062088
0.078201
0.078201
0.054031
0.054031
0.054031
0.054031
0.094315
0.045975
0.062088
0.021805
0.013748
-0.018478
-0.099045
-0.163498
-0.195724
-0.308517
-0.340744
-0.413254
-0.469650
-0.493820
-0.526047
-0.534103
-0.566330
-0.566330
-0.614670
-0.606613
-0.582443
-0.566330
-0.542160
-0.501877
-0.437424
-0.348801
-0.268234
-0.171554
-0.074875
-0.002365
0.021805
0.054031
0.054031
0.029862
0.037918
0.070145
0.054031
0.037918
0.054031
0.037918
0.054031
0.021805
0.037918
0.029862
0.005692
0.013748
0.021805
0.037918
0.037918
0.029862
0.021805
0.005692
0.037918
0.029862
0.021805
0.029862
0.045975
0.013748
0.021805
0.013748
0.013748
0.029862
0.029862
0.005692
0.005692
0.013748
0.054031
0.207108
0.303787
0.360184
0.408524
0.456863
0.464920
0.513260
0.472977
0.521317
0.529373
0.569656
0.593826
0.642166
0.626053
0.666336
0.650223
0.642166
0.634110
0.593826
0.617996
0.537430
0.505203
0.392410
0.303787
0.199051
0.118485
0.062088
0.045975
0.045975
0.045975
0.045975
0.029862
0.045975
0.013748
0.037918
0.062088
0.070145
0.070145
0.054031
0.037918
0.054031
0.062088
0.086258
0.094315
0.045975
0.062088
0.054031
0.037918
0.045975
0.062088
0.062088
0.037918
0.054031
0.054031
0.062088
0.054031
0.029862
0.070145
0.062088
0.062088
0.062088
0.070145
0.070145
0.054031
0.045975
0.045975
-0.018478
-0.034592
-0.131271
-0.163498
-0.236008
-0.268234
-0.324631
-0.421310
-0.413254
-0.461594
-0.493820
-0.493820
-0.517990
-0.517990
-0.534103
-0.526047
-0.469650
-0.469650
-0.437424
-0.356857
-0.284347
-0.187668
-0.099045
-0.042648
0.037918
0.045975
0.054031
0.078201
0.054031
0.045975
0.045975
0.070145
0.054031
0.045975
0.045975
0.054031
0.021805
0.037918
0.021805
0.070145
0.013748
0.029862
0.029862
-0.002365
0.029862
-0.010422
0.037918
0.037918
0.029862
0.021805
0.045975
0.021805
0.037918
0.005692
0.037918
-0.010422
0.021805
0.013748
0.029862
0.021805
0.054031
0.021805
0.029862
0.094315
0.086258
0.174881
0.199051
0.263504
0.303787
0.352127
0.408524
0.481033
0.505203
0.529373
0.537430
0.553543
0.609940
0.617996
0.553543
0.553543
0.521317
0.489090
0.440750
0.344071
0.311844
0.223221
0.118485
0.086258
0.021805
0.166824
0.255447
0.287674
0.271561
0.263504
0.239334
0.215164
0.150711
0.134598
0.118485
0.126541
0.102371
0.062088
0.086258
0.086258
0.086258
0.037918
0.054031
0.078201
0.062088
0.078201
0.037918
0.029862
0.094315
0.045975
0.078201
0.045975
0.054031
0.054031
0.062088
0.054031
0.054031
0.054031
0.054031
0.070145
0.062088
0.070145
0.078201
0.054031
-0.002365
-0.010422
-0.074875
-0.163498
-0.171554
-0.260178
-0.292404
-0.364914
-0.397140
-0.429367
-0.437424
-0.477707
-0.461594
-0.485763
-0.485763
-0.477707
-0.437424
-0.429367
-0.340744
-0.276291
-0.195724
-0.099045
-0.034592
0.013748
0.021805
0.054031
0.045975
0.037918
0.086258
0.070145
0.037918
0.062088
0.029862
0.054031
0.045975
0.037918
0.037918
0.005692
0.045975
0.013748
0.045975
0.029862
0.029862
0.029862
0.013748
0.005692
0.021805
0.013748
0.037918
-0.010422
0.029862
0.013748
0.005692
0.013748
0.037918
0.013748
0.045975
0.029862
0.029862
0.037918
0.021805
0.029862
0.062088
0.045975
0.094315
0.102371
0.174881
0.255447
0.287674
0.336014
0.384354
0.432694
0.472977
0.481033
0.497147
0.529373
0.521317
0.545487
0.529373
0.513260
0.513260
0.440750
0.400467
0.327957
0.295731
0.190994
0.126541
0.118485
0.045975
0.021805
0.037918
0.037918
0.013748
0.013748
0.037918
0.037918
0.054031
0.037918
0.054031
0.062088
0.054031
0.045975
0.078201
0.070145
0.037918
0.037918
0.037918
0.037918
0.037918
0.037918
0.013748
0.086258
0.231278
0.279617
0.311844
0.287674
0.255447
0.255447
0.223221
0.199051
0.134598
0.110428
0.086258
0.094315
0.078201
0.078201
0.029862
0.029862
0.021805
-0.034592
-0.066818
-0.115158
-0.195724
-0.227951
-0.284347
-0.324631
-0.348801
-0.405197
-0.397140
-0.413254
-0.429367
-0.421310
-0.445480
-0.405197
-0.405197
-0.332687
-0.292404
-0.244064
-0.155441
-0.090988
0.013748
-0.010422
0.045975
0.045975
0.037918
0.078201
0.021805
0.045975
0.062088
0.013748
0.054031
0.029862
0.037918
0.062088
0.054031
0.021805
0.021805
0.021805
0.029862
0.029862
0.021805
0.013748
0.013748
0.021805
0.013748
0.005692
0.037918
-0.002365
0.005692
-0.002365
0.029862
0.045975
0.021805
0.021805
0.021805
0.013748
0.021805
0.045975
0.021805
0.021805
0.013748
0.054031
0.078201
0.126541
0.174881
0.231278
0.303787
0.303787
0.376297
0.408524
0.416580
0.481033
0.481033
0.489090
0.505203
0.489090
0.505203
0.456863
0.432694
0.464920
0.327957
0.327957
0.247391
0.166824
0.102371
0.110428
0.037918
0.054031
0.045975
0.054031
0.054031
0.054031
0.037918
0.045975
0.045975
0.078201
0.037918
0.078201
0.086258
0.045975
0.062088
0.070145
0.037918
0.062088
0.062088
0.054031
0.045975
0.062088
0.062088
0.062088
0.086258
0.054031
0.054031
0.045975
0.037918
0.054031
0.086258
0.045975
0.054031
0.054031
0.054031
0.086258
0.070145
0.054031
0.054031
0.062088
0.029862
-0.074875
-0.058762
-0.147385
-0.179611
-0.219894
-0.244064
-0.284347
-0.340744
-0.340744
-0.381027
-0.381027
-0.356857
-0.236008
-0.147385
-0.107101
-0.107101
-0.123215
-0.099045
-0.066818
-0.010422
0.045975
0.094315
0.110428
0.062088
0.054031
0.070145
0.054031
0.045975
0.029862
0.054031
0.029862
0.045975
0.037918
0.021805
0.070145
0.021805
0.013748
0.021805
0.029862
0.045975
0.013748
0.029862
0.013748
0.029862
0.037918
0.078201
0.037918
0.021805
0.013748
0.013748
0.029862
0.021805
0.021805
0.029862
0.021805
0.029862
0.045975
0.021805
0.013748
0.013748
0.021805
0.062088
0.037918
0.070145
0.086258
0.150711
0.174881
0.247391
0.279617
0.311844
0.336014
0.336014
0.400467
0.416580
0.456863
0.489090
0.481033
0.505203
0.440750
0.416580
0.416580
0.368240
0.327957
0.239334
0.166824
0.102371
0.070145
0.045975
0.062088
0.037918
0.037918
0.062088
0.037918
0.037918
0.029862
0.029862
0.029862
0.021805
0.037918
0.021805
0.054031
0.037918
0.045975
0.054031
0.045975
0.054031
0.037918
0.070145
0.054031
0.070145
0.054031
0.045975
0.037918
0.054031
0.062088
0.054031
0.045975
0.054031
0.045975
0.062088
0.054031
0.070145
0.062088
0.045975
0.070145
0.062088
0.021805
0.037918
-0.002365
-0.026535
-0.082931
-0.131271
-0.171554
-0.244064
-0.244064
-0.284347
-0.316574
-0.324631
-0.372970
-0.397140
-0.372970
-0.397140
-0.389084
-0.389084
-0.340744
-0.284347
-0.211838
-0.171554
-0.066818
-0.010422
0.005692
0.029862
0.086258
0.054031
0.062088
0.021805
0.045975
0.037918
0.029862
0.021805
0.021805
0.021805
-0.010422
0.021805
0.094315
0.223221
0.255447
0.279617
0.239334
0.215164
0.190994
0.150711
0.126541
0.078201
0.062088
0.054031
0.037918
0.021805
0.037918
0.029862
0.029862
0.021805
0.021805
0.029862
0.029862
0.005692
0.013748
0.021805
0.013748
0.013748
0.005692
0.029862
0.062088
0.126541
0.126541
0.223221
0.255447
0.311844
0.336014
0.400467
0.416580
0.408524
0.424637
0.464920
0.489090
0.464920
0.456863
0.440750
0.408524
0.344071
0.303787
0.199051
0.150711
0.094315
0.086258
0.045975
0.045975
0.037918
0.062088
0.054031
0.037918
0.062088
0.021805
0.045975
0.037918
0.045975
0.062088
0.070145
0.062088
0.078201
0.070145
0.054031
0.062088
0.062088
0.045975
0.070145
0.062088
0.054031
0.062088
0.062088
0.070145
0.037918
0.062088
0.054031
0.070145
0.070145
0.062088
0.054031
0.062088
0.086258
0.054031
0.086258
0.062088
0.045975
0.070145
0.037918
0.013748
-0.026535
-0.082931
-0.115158
-0.163498
-0.211838
-0.260178
-0.292404
-0.356857
-0.364914
-0.372970
-0.397140
-0.372970
-0.372970
-0.389084
-0.324631
-0.308517
-0.244064
-0.219894
-0.155441
-0.042648
-0.018478
0.029862
0.045975
0.054031
0.045975
0.013748
0.021805
0.037918
0.078201
0.037918
0.045975
0.045975
0.078201
0.054031
0.037918
0.037918
0.021805
0.021805
0.029862
0.021805
0.037918
0.013748
0.029862
0.029862
0.021805
-0.002365
0.013748
0.005692
0.013748
0.021805
0.045975
0.021805
0.021805
-0.002365
0.021805
0.013748
0.013748
0.013748
0.021805
0.005692
-0.002365
0.045975
0.054031
0.231278
0.352127
0.416580
0.481033
0.497147
0.497147
0.529373
0.489090
0.513260
0.481033
0.505203
0.497147
0.505203
0.489090
0.448807
0.416580
0.408524
0.360184
0.279617
0.239334
0.142655
0.070145
0.037918
0.029862
0.062088
0.029862
0.054031
0.045975
0.021805
0.062088
0.037918
0.029862
0.070145
0.045975
0.054031
0.070145
0.062088
0.070145
0.054031
0.086258
0.062088
0.045975
0.062088
0.054031
0.062088
0.054031
0.054031
0.054031
0.054031
0.078201
0.054031
0.045975
0.070145
0.070145
0.054031
0.078201
0.062088
0.070145
0.037918
0.045975
0.054031
0.054031
0.062088
0.021805
-0.010422
-0.066818
-0.123215
-0.139328
-0.203781
-0.219894
-0.276291
-0.292404
-0.340744
-0.348801
-0.372970
-0.389084
-0.356857
-0.397140
-0.340744
-0.332687
-0.332687
-0.252121
-0.219894
-0.099045
-0.042648
-0.002365
0.029862
0.037918
0.045975
0.062088
0.086258
0.054031
0.054031
0.054031
0.054031
0.021805
0.054031
0.029862
0.021805
0.054031
0.013748
0.054031
0.037918
0.037918
0.062088
0.005692
0.029862
0.029862
0.045975
0.045975
0.021805
0.054031
0.021805
0.013748
0.021805
0.029862
0.029862
0.005692
0.045975
0.029862
0.013748
0.005692
0.005692
0.021805
0.029862
0.045975
0.013748
0.054031
0.110428
0.110428
0.215164
0.279617
0.344071
0.311844
0.368240
0.392410
0.400467
0.440750
0.456863
0.440750
0.481033
0.448807
0.432694
0.416580
0.392410
0.327957
0.239334
0.215164
0.110428
0.078201
0.102371
0.239334
0.271561
0.271561
0.295731
0.255447
0.231278
0.215164
0.158768
0.142655
0.118485
0.102371
0.078201
0.070145
0.045975
0.078201
0.078201
0.062088
0.054031
0.029862
0.045975
0.086258
0.062088
0.062088
0.070145
0.037918
0.062088
0.062088
0.054031
0.054031
0.045975
0.070145
0.070145
0.045975
0.045975
0.062088
0.062088
0.045975
0.054031
0.054031
0.037918
0.021805
0.005692
-0.042648
-0.131271
-0.131271
-0.219894
-0.195724
-0.244064
-0.300461
-0.324631
-0.381027
-0.356857
-0.364914
-0.429367
-0.372970
-0.372970
-0.332687
-0.308517
-0.260178
-0.147385
-0.107101
-0.018478
0.005692
0.013748
0.070145
0.045975
0.062088
0.054031
0.054031
0.054031
0.021805
0.045975
0.054031
0.013748
0.037918
0.045975
0.029862
0.029862
0.029862
0.029862
0.029862
0.029862
-0.010422
0.029862
0.054031
0.070145
0.021805
0.013748
0.029862
0.029862
0.037918
0.045975
0.054031
0.045975
0.021805
0.021805
0.045975
0.021805
0.045975
0.013748
0.037918
0.021805
0.005692
0.037918
0.054031
0.086258
0.126541
0.190994
0.239334
0.271561
0.319901
0.376297
0.392410
0.384354
0.432694
0.424637
0.464920
0.448807
0.440750
0.408524
0.392410
0.376297
0.279617
0.239334
0.182938
0.094315
0.062088
0.021805
0.037918
0.029862
0.029862
0.021805
0.013748
0.037918
0.021805
0.021805
0.029862
0.054031
0.037918
0.037918
0.070145
0.037918
0.086258
0.102371
0.045975
0.062088
0.037918
0.062088
0.062088
0.045975
0.037918
0.054031
0.054031
0.037918
0.054031
0.029862
0.086258
0.231278
0.303787
0.279617
0.319901
0.271561
0.247391
0.207108
0.223221
0.158768
0.142655
0.078201
0.070145
-0.018478
-0.018478
-0.090988
-0.123215
-0.163498
-0.244064
-0.252121
-0.284347
-0.300461
-0.332687
-0.340744
-0.340744
-0.348801
-0.316574
-0.316574
-0.268234
-0.227951
-0.203781
-0.131271
-0.090988
-0.018478
0.013748
0.062088
0.021805
0.045975
0.045975
0.054031
0.086258
0.037918
0.021805
0.062088
0.005692
0.029862
0.021805
0.021805
0.021805
0.029862
0.029862
0.013748
0.078201
0.029862
0.013748
0.021805
0.037918
0.021805
0.013748
0.029862
0.021805
0.013748
0.045975
0.037918
0.021805
0.005692
0.021805
0.021805
-0.010422
0.013748
0.013748
0.005692
0.005692
0.013748
0.045975
0.013748
0.045975
0.102371
0.126541
0.207108
0.199051
0.271561
0.287674
0.287674
0.352127
0.344071
0.352127
0.400467
0.424637
0.384354
0.424637
0.392410
0.384354
0.352127
0.295731
0.255447
0.174881
0.102371
0.070145
0.021805
0.062088
0.037918
0.037918
0.037918
0.029862
0.078201
0.037918
0.062088
0.054031
0.054031
0.062088
0.070145
0.054031
0.037918
0.045975
0.070145
0.078201
0.086258
0.070145
0.070145
0.054031
0.070145
0.054031
0.054031
0.062088
0.078201
0.045975
0.070145
0.118485
0.086258
0.062088
0.086258
0.037918
0.045975
0.062088
0.037918
0.094315
0.054031
0.070145
0.054031
-0.002365
0.005692
-0.050705
-0.099045
-0.099045
-0.171554
-0.227951
-0.236008
-0.276291
-0.300461
-0.308517
-0.389084
-0.324631
-0.276291
-0.123215
-0.050705
-0.090988
-0.050705
-0.058762
-0.002365
0.021805
0.054031
0.078201
0.094315
0.086258
0.070145
0.062088
0.045975
0.045975
0.037918
0.045975
0.021805
0.037918
0.037918
0.045975
0.029862
0.029862
0.013748
0.021805
0.021805
0.029862
0.029862
0.021805
0.005692
0.013748
0.013748
0.037918
0.013748
0.021805
-0.002365
0.021805
0.021805
0.021805
0.021805
0.045975
0.021805
0.029862
0.029862
0.037918
0.013748
0.029862
0.021805
0.005692
0.021805
0.078201
0.078201
0.134598
0.126541
0.174881
0.231278
0.279617
0.319901
0.352127
0.368240
0.416580
0.416580
0.464920
0.464920
0.416580
0.424637
0.392410
0.352127
0.327957
0.247391
0.207108
0.126541
0.062088
0.078201
0.054031
0.062088
0.037918
0.054031
0.054031
0.045975
0.062088
0.045975
0.062088
0.037918
0.029862
0.054031
0.005692
0.062088
0.062088
0.062088
0.078201
0.070145
0.045975
0.070145
0.062088
0.037918
0.070145
0.078201
0.086258
0.078201
0.078201
0.094315
0.045975
0.062088
0.070145
0.078201
0.062088
0.070145
0.078201
0.021805
0.078201
0.070145
0.045975
0.070145
0.037918
0.029862
-0.034592
-0.058762
-0.115158
-0.171554
-0.179611
-0.260178
-0.276291
-0.276291
-0.332687
-0.340744
-0.340744
-0.356857
-0.324631
-0.340744
-0.300461
-0.300461
-0.236008
-0.187668
-0.115158
-0.010422
0.021805
0.045975
0.029862
0.037918
0.045975
0.037918
0.054031
0.037918
0.021805
0.062088
0.013748
0.029862
0.021805
0.021805
0.013748
0.037918
-0.010422
0.005692
0.070145
0.207108
0.263504
0.279617
0.271561
0.215164
0.207108
0.174881
0.094315
0.078201
0.070145
0.045975
0.054031
0.037918
0.021805
0.021805
0.021805
0.021805
0.005692
0.029862
0.021805
0.021805
0.054031
0.037918
0.029862
0.102371
0.118485
0.190994
0.231278
0.247391
0.319901
0.336014
0.368240
0.424637
0.416580
0.448807
0.440750
0.424637
0.432694
0.408524
0.384354
0.368240
0.303787
0.279617
0.215164
0.110428
0.062088
0.029862
0.054031
0.045975
0.029862
0.029862
0.037918
0.037918
0.094315
0.062088
0.037918
0.054031
0.054031
0.045975
0.054031
0.054031
0.078201
0.045975
0.054031
0.078201
0.054031
0.094315
0.045975
0.086258
0.078201
0.070145
0.070145
0.070145
0.070145
0.078201
0.054031
0.054031
0.054031
0.054031
0.070145
0.062088
0.054031
0.070145
0.070145
0.045975
0.045975
0.094315
0.021805
0.013748
-0.026535
-0.123215
-0.155441
-0.171554
-0.227951
-0.268234
-0.308517
-0.316574
-0.340744
-0.340744
-0.356857
-0.356857
-0.372970
-0.340744
-0.324631
-0.268234
-0.211838
-0.195724
-0.066818
-0.042648
0.045975
0.054031
0.037918
0.054031
0.037918
0.029862
0.045975
0.037918
0.029862
0.021805
0.029862
0.029862
-0.010422
0.037918
0.013748
0.021805
0.013748
0.029862
0.029862
0.021805
-0.002365
0.013748
0.013748
0.037918
0.013748
0.029862
0.013748
0.029862
0.021805
0.037918
0.021805
0.037918
-0.002365
0.029862
0.029862
0.013748
0.013748
-0.002365
0.013748
-0.002365
0.021805
0.150711
0.295731
0.311844
0.360184
0.376297
0.392410
0.424637
0.440750
0.400467
0.432694
0.416580
0.456863
0.464920
0.440750
0.464920
0.432694
0.424637
0.392410
0.344071
0.279617
0.239334
0.150711
0.070145
0.070145
-0.002365
0.045975
-0.002365
0.037918
0.029862
-0.002365
0.054031
0.037918
0.045975
0.062088
0.078201
0.062088
0.021805
0.037918
0.062088
0.054031
0.078201
0.070145
0.037918
0.054031
0.062088
0.086258
0.070145
0.078201
0.070145
0.062088
0.054031
0.062088
0.070145
0.054031
0.086258
0.070145
0.029862
0.054031
0.062088
0.070145
0.045975
0.062088
0.037918
0.078201
0.037918
0.029862
0.029862
-0.050705
-0.107101
-0.155441
-0.203781
-0.211838
-0.252121
-0.292404
-0.316574
-0.381027
-0.324631
-0.348801
-0.340744
-0.340744
-0.324631
-0.260178
-0.284347
-0.171554
-0.131271
-0.058762
-0.002365
0.037918
0.062088
0.045975
0.045975
0.045975
0.086258
0.013748
0.062088
0.021805
0.054031
0.037918
0.037918
0.029862
0.037918
0.037918
0.045975
0.021805
0.054031
0.013748
0.021805
0.029862
0.021805
0.037918
0.054031
0.029862
0.045975
0.029862
0.021805
0.029862
0.054031
0.021805
0.045975
0.037918
0.037918
0.013748
0.021805
0.013748
0.029862
0.029862
0.021805
0.037918
0.045975
0.078201
0.110428
0.142655
0.182938
0.231278
0.263504
0.303787
0.352127
0.376297
0.400467
0.408524
0.432694
0.432694
0.416580
0.408524
0.376297
0.336014
0.327957
0.247391
0.182938
0.110428
0.062088
0.045975
0.062088
0.005692
0.029862
0.029862
0.005692
0.126541
0.255447
0.279617
0.295731
0.271561
0.263504
0.247391
0.207108
0.207108
0.166824
0.182938
0.118485
0.118485
0.094315
0.054031
0.062088
0.029862
0.070145
0.110428
0.070145
0.062088
0.054031
0.054031
0.062088
0.029862
0.062088
0.045975
0.062088
0.045975
0.045975
0.078201
0.054031
0.086258
0.045975
0.054031
0.045975
0.045975
-0.026535
-0.050705
-0.099045
-0.147385
-0.147385
-0.227951
-0.252121
-0.292404
-0.244064
-0.300461
-0.316574
-0.292404
-0.292404
-0.276291
-0.227951
-0.276291
-0.227951
-0.195724
-0.147385
-0.074875
-0.026535
0.021805
0.013748
0.045975
0.045975
0.078201
0.078201
0.054031
0.037918
0.045975
0.054031
0.045975
0.045975
0.029862
0.005692
0.029862
0.045975
0.054031
0.037918
0.021805
0.013748
0.029862
0.013748
0.062088
0.037918
0.005692
0.054031
0.029862
0.037918
0.037918
0.005692
0.005692
0.005692
0.037918
0.021805
0.054031
0.029862
0.013748
0.021805
0.029862
0.045975
0.021805
0.013748
0.078201
0.086258
0.142655
0.190994
0.239334
0.279617
0.271561
0.311844
0.368240
0.368240
0.408524
0.408524
0.416580
0.424637
0.424637
0.384354
0.384354
0.344071
0.287674
0.215164
0.142655
0.102371
0.094315
0.037918
0.037918
0.037918
0.045975
0.037918
0.037918
0.078201
0.045975
0.045975
0.029862
0.062088
0.037918
0.037918
0.037918
0.054031
0.062088
0.054031
0.037918
0.037918
0.045975
0.054031
0.062088
0.070145
0.045975
0.054031
0.021805
0.054031
0.045975
0.029862
0.078201
0.199051
0.279617
0.303787
0.247391
0.287674
0.247391
0.223221
0.199051
0.199051
0.182938
0.158768
0.054031
0.070145
-0.002365
-0.042648
-0.050705
-0.107101
-0.187668
-0.227951
-0.268234
-0.300461
-0.308517
-0.332687
-0.348801
-0.356857
-0.324631
-0.292404
-0.276291
-0.260178
-0.195724
-0.179611
-0.099045
-0.050705
0.037918
0.021805
0.045975
0.054031
0.045975
0.037918
0.045975
0.029862
0.037918
0.013748
0.021805
0.021805
0.029862
0.021805
0.037918
0.029862
0.013748
0.029862
0.045975
0.013748
0.021805
0.021805
0.021805
0.029862
0.037918
0.054031
0.062088
0.037918
0.021805
0.013748
0.021805
0.037918
0.005692
0.037918
0.021805
0.021805
0.021805
0.037918
0.005692
0.021805
0.005692
0.062088
0.037918
0.054031
0.118485
0.158768
0.207108
0.255447
0.279617
0.319901
0.344071
0.360184
0.400467
0.424637
0.424637
0.424637
0.416580
0.408524
0.416580
0.344071
0.295731
0.247391
0.207108
0.118485
0.070145
0.062088
0.045975
0.037918
0.021805
0.013748
0.054031
0.029862
0.037918
0.029862
0.078201
0.037918
0.054031
0.045975
