235.657559
244.154827
252.368852
259.166667
265.397996
273.045537
276.727687
280.126594
281.542805
278.993625
275.594718
271.912568
264.548270
258.033698
248.969945
239.906193
226.593807
214.697632
201.951730
186.939891
171.928051
156.632969
140.488160
124.060109
108.481785
91.204007
75.908925
60.613843
45.318761
30.873406
16.144809
2.265938
-10.280992
-24.274564
-36.269054
-44.550964
-55.403122
-66.255280
-75.965106
-85.960514
-93.100092
-100.239669
-109.378329
-116.803489
-125.085399
-129.940312
-136.794307
-143.077135
-147.932048
-153.072544
-157.070707
-163.067952
-166.780533
-169.921947
-177.061524
-183.058770
-191.340680
-196.766758
-203.335170
-215.329660
-226.467401
-237.890725
-244.173554
-251.313131
-259.023875
-268.448118
-276.444444
-281.870523
-288.438935
-294.721763
-301.575758
-305.288338
-307.858586
-310.143251
-308.429752
-311.000000
-311.000000
-311.000000
-310.714417
-309.857668
-309.000918
-306.430670
-305.288338
-301.290174
-297.292011
-294.150597
-288.153352
-282.727273
-275.016529
-268.162534
-258.167126
-249.314050
-239.889807
-229.323232
-217.899908
-205.905418
-191.626263
-178.203857
-163.067952
-151.073462
-137.079890
-118.802571
-102.238751
-86.531680
-72.252525
-55.974288
-38.839302
-22.561065
-7.710744
7.930783
22.942623
36.821494
50.983607
64.012750
77.325137
89.787796
101.400729
113.013661
124.060109
138.505464
150.118397
160.598361
173.061020
188.072860
203.934426
216.113843
224.894353
235.374317
244.438069
254.918033
264.265027
272.479053
280.409836
287.774135
295.138434
300.520036
303.635701
305.901639
307.034608
307.317851
307.601093
307.317851
307.034608
306.751366
303.918944
303.069217
299.103825
295.988160
291.739526
286.357923
280.126594
272.195811
263.132058
254.918033
243.588342
233.391621
221.495446
208.749545
194.304189
179.009107
164.280510
145.586521
129.724954
113.013661
97.435337
77.608379
59.480874
42.203097
25.491803
10.196721
-5.997245
-21.704316
-36.269054
-50.262626
-61.685950
-74.251607
-86.246097
-97.669421
-108.235996
-116.517906
-126.513315
-136.794307
-145.647383
-158.498623
-168.208448
-178.489440
-189.341598
-202.478421
-216.186410
-227.038567
-235.320478
-243.887971
-252.455464
-261.879706
-269.304867
-277.015611
-283.584022
-291.009183
-297.863177
-302.718090
-306.430670
-308.429752
-308.715335
-309.857668
-309.286501
-309.286501
-309.572084
-308.144169
-307.858586
-304.717172
-302.718090
-300.433425
-296.720845
-293.293848
-286.439853
-282.156107
-273.874197
-267.876951
-257.024793
-249.028466
-238.747475
-228.752066
-217.614325
-203.906336
-191.626263
-177.347107
-162.782369
-149.645546
-135.937557
-118.516988
-100.810836
-86.817264
-71.110193
-55.117539
-39.410468
-22.561065
-7.425161
7.647541
22.659381
36.821494
49.567395
63.729508
76.475410
89.787796
100.551002
111.597450
124.060109
137.938980
150.118397
162.014572
172.777778
188.072860
203.934426
216.680328
225.177596
234.524590
245.004554
254.351548
263.981785
271.912568
279.843352
288.623862
294.288707
300.520036
303.918944
305.618397
307.884335
308.167577
308.167577
307.601093
307.884335
306.751366
306.468124
303.069217
301.086521
300.520036
294.855191
290.606557
284.375228
277.860656
270.496357
260.299636
250.386157
240.755920
229.426230
217.246812
205.350638
190.905282
176.459927
161.731330
145.020036
131.990893
115.279599
96.302368
79.307832
62.596539
46.734973
31.156648
13.878871
-2.284665
-17.134986
-32.556474
-46.264463
-58.258953
-71.966942
-83.675849
-95.384757
-105.665748
-116.803489
-127.655647
-138.793388
-149.645546
-163.639118
-172.777778
-183.058770
-198.765840
-211.331497
-223.040404
-231.893480
-240.460973
-249.314050
-257.310376
-265.877870
-275.016529
-280.728191
-289.581267
-297.006428
-301.861341
-305.288338
-307.001837
-307.573003
-309.286501
-308.144169
-309.857668
-308.429752
-308.429752
-307.001837
-305.002755
-304.717172
-299.862259
-296.720845
-292.722681
-287.296602
-281.870523
-274.445363
-266.449036
-257.881543
-248.457300
-238.747475
-227.895317
-216.186410
-204.191919
-189.341598
-175.633609
-162.211203
-148.788797
-135.080808
-117.945822
-100.525253
-85.674931
-69.967860
-54.546373
-37.982553
-20.561983
-6.568411
8.780510
23.792350
37.954463
52.966302
65.145719
79.024590
90.920765
102.533698
114.146630
126.042805
139.638434
151.251366
163.997268
174.760474
189.772313
205.350638
216.680328
227.160291
236.507286
246.704007
256.051002
264.831512
273.612022
280.976321
289.190346
295.988160
301.369763
305.335155
305.901639
309.583789
309.017304
308.734062
308.734062
308.167577
308.450820
305.901639
303.918944
302.785974
299.387067
295.988160
291.739526
286.924408
280.976321
272.762295
264.265027
254.634791
244.154827
233.674863
220.928962
208.466302
194.870674
180.425319
166.263206
149.835155
137.655738
121.510929
102.250455
85.822404
69.111111
55.232240
38.237705
20.676685
4.531876
-11.137741
-24.560147
-39.124885
-52.547291
-66.255280
-77.393021
-90.815427
-102.809917
-113.376492
-125.942149
-135.366391
-147.932048
-160.783287
-170.778696
-181.916437
-194.767677
-209.903581
-220.184573
-230.179982
-238.461892
-246.743802
-256.739210
-264.735537
-274.159780
-280.728191
-289.295684
-295.578512
-301.004591
-304.717172
-306.430670
-308.429752
-308.144169
-308.144169
-307.573003
-308.715335
-307.287420
-306.145087
-305.288338
-301.290174
-300.147842
-295.578512
-291.865932
-286.725436
-280.157025
-275.016529
-265.592287
-257.595960
-247.600551
-238.747475
-228.466483
-216.471993
-204.763085
-192.197429
-176.490358
-163.353535
-149.931129
-135.651974
-118.516988
-102.238751
-85.389348
-71.681359
-56.259871
-38.553719
-22.275482
-5.997245
9.063752
23.225865
37.671220
50.700364
65.428962
77.608379
89.787796
100.834244
113.013661
125.476321
138.222222
151.251366
161.731330
173.910747
188.356102
203.934426
216.113843
225.177596
235.374317
245.287796
254.634791
263.698543
271.912568
280.976321
288.340619
295.421676
300.803279
303.918944
306.751366
307.884335
309.300546
309.300546
309.017304
309.300546
307.884335
306.184882
304.768670
302.502732
300.520036
295.988160
291.456284
286.924408
280.976321
274.178506
265.964481
255.484517
246.704007
235.374317
224.044627
211.865209
197.419854
184.107468
169.095628
152.667577
139.638434
124.909836
107.632058
89.504554
73.076503
59.197632
41.919854
25.775046
9.063752
-6.568411
-20.561983
-36.554637
-48.549128
-63.399449
-75.965106
-88.530762
-100.239669
-110.520661
-122.229568
-134.224059
-144.790634
-157.641873
-168.494031
-178.775023
-193.054178
-208.761249
-219.042241
-228.752066
-236.748393
-245.887052
-256.168044
-264.449954
-273.588613
-279.300275
-288.438935
-296.149679
-299.291093
-305.288338
-306.716253
-307.573003
-309.000918
-308.715335
-308.144169
-308.144169
-309.286501
-306.430670
-305.573921
-303.003673
-299.862259
-296.720845
-291.865932
-287.582185
-281.013774
-273.874197
-267.020202
-257.595960
-248.742883
-237.890725
-228.466483
-216.757576
-204.191919
-190.769513
-175.919192
-162.211203
-149.074380
-135.080808
-117.374656
-99.954086
-85.389348
-70.253444
-53.118457
-37.411387
-20.276400
-4.283747
9.913479
25.208561
39.653916
53.249545
65.995446
78.458106
92.053734
103.383424
114.713115
126.609290
139.071949
152.384335
162.297814
173.910747
187.223133
203.651184
216.397086
224.894353
235.374317
245.004554
254.918033
265.114754
272.762295
280.126594
288.340619
295.138434
300.803279
304.485428
306.751366
308.450820
309.300546
308.450820
309.583789
308.167577
308.450820
307.317851
304.485428
303.352459
299.953552
296.837887
291.739526
288.057377
281.826047
275.028233
267.663934
256.900729
247.836976
237.073770
226.027322
213.281421
201.385246
187.506375
171.361566
156.632969
142.470856
129.158470
110.181239
92.903461
77.325137
62.030055
46.451730
30.306922
13.595628
-2.284665
-16.849403
-30.842975
-46.835629
-59.115702
-72.538108
-84.818182
-97.098255
-107.950413
-118.802571
-131.368228
-144.505051
-155.357208
-166.494949
-176.775941
-191.340680
-207.047750
-219.042241
-227.038567
-235.034894
-244.744720
-254.454545
-263.593205
-272.160698
-280.157025
-287.582185
-293.579431
-299.862259
-303.860422
-305.288338
-306.430670
-307.858586
-307.573003
-308.144169
-307.858586
-307.573003
-306.145087
-303.860422
-302.718090
-300.147842
-295.292929
-292.722681
-286.725436
-280.728191
-274.159780
-266.163453
-257.595960
-247.314968
-239.889807
-229.037649
-216.757576
-205.048669
-191.055096
-178.489440
-163.353535
-149.645546
-136.508724
-118.802571
-101.953168
-85.103765
-71.110193
-55.117539
-38.553719
-22.561065
-6.282828
8.497268
22.659381
38.237705
51.550091
64.295993
77.325137
89.787796
101.117486
113.013661
124.626594
138.505464
150.684882
160.598361
173.061020
186.656648
203.367942
216.113843
225.177596
234.524590
244.721311
254.918033
263.981785
272.762295
280.693078
288.623862
295.988160
301.369763
304.768670
307.317851
306.751366
309.300546
309.017304
309.583789
309.300546
308.734062
307.034608
304.485428
303.635701
301.086521
297.404372
292.872495
288.623862
282.109290
275.028233
267.663934
257.467213
248.403461
238.489982
226.593807
215.547359
200.818761
188.356102
173.061020
157.482696
144.453552
128.875228
113.013661
94.602914
79.307832
64.012750
48.434426
30.873406
13.595628
-1.142332
-15.707071
-29.986226
-45.407713
-59.115702
-70.824610
-84.532599
-95.099174
-107.093664
-118.802571
-129.654729
-142.220386
-154.500459
-165.352617
-175.633609
-189.912764
-204.477502
-216.757576
-226.467401
-235.320478
-243.887971
-254.740129
-262.450872
-271.303949
-279.871442
-286.439853
-295.007346
-299.005510
-304.431589
-306.716253
-306.145087
-308.715335
-307.287420
-307.858586
-309.000918
-307.573003
-306.430670
-304.431589
-302.718090
-300.147842
-296.149679
-293.008264
-286.725436
-282.727273
-275.016529
-266.449036
-258.167126
-249.028466
-239.604224
-228.752066
-218.471074
-205.334252
-192.197429
-177.918274
-163.067952
-150.787879
-136.223140
-118.802571
-102.238751
-85.389348
-71.110193
-55.117539
-39.124885
-21.418733
-6.853994
8.497268
23.225865
37.387978
51.266849
64.012750
77.041894
89.504554
101.683971
111.880692
124.060109
136.806011
148.702186
161.164845
170.795082
186.656648
201.951730
215.830601
225.460838
233.108379
244.154827
253.785064
263.698543
271.629326
279.276867
288.057377
293.722222
300.803279
304.202186
305.901639
308.450820
308.734062
309.583789
308.734062
309.017304
308.734062
306.751366
304.768670
303.352459
300.803279
297.121129
293.438980
288.907104
282.675774
275.594718
266.814208
259.733151
249.819672
239.906193
229.142987
215.547359
204.500911
190.055556
174.760474
159.465392
146.153005
131.141166
113.863388
97.152095
79.874317
64.862477
48.717668
32.856102
16.144809
-0.285583
-14.564738
-29.129477
-43.694215
-56.831038
-69.396694
-82.247934
-94.813590
-105.951331
-117.945822
-128.512397
-141.363636
-154.786042
-164.495868
-174.205693
-189.912764
-204.477502
-217.043159
-225.896235
-235.034894
-243.887971
-253.883379
-263.593205
-271.018365
-279.014692
-287.011019
-293.865014
-299.005510
-303.289256
-304.717172
-307.001837
-307.858586
-307.001837
-308.144169
-307.858586
-307.573003
-306.145087
-302.432507
-301.861341
-300.433425
-295.864096
-292.437098
-287.011019
-282.441690
-275.016529
-267.876951
-258.452709
-248.742883
-240.175390
-229.037649
-218.185491
-206.476584
-192.768595
-179.060606
-163.353535
-151.073462
-137.651056
-118.802571
-101.382002
-86.246097
-71.110193
-54.831956
-38.268136
-21.704316
-6.853994
8.497268
22.942623
37.387978
50.983607
64.012750
76.758652
88.088342
100.267760
111.314208
123.210383
136.522769
148.135701
159.748634
171.361566
184.673953
201.668488
213.564663
224.894353
232.825137
244.721311
252.935337
261.999089
272.195811
278.710383
288.057377
294.288707
300.236794
304.768670
306.468124
309.300546
309.017304
309.017304
309.867031
308.734062
309.017304
306.751366
304.202186
303.635701
301.936248
298.254098
293.438980
289.190346
283.525501
275.877960
268.513661
259.166667
249.819672
241.039162
228.576503
217.246812
204.784153
191.188525
176.459927
161.164845
147.569217
134.256831
115.562842
99.134791
81.857013
67.694900
52.399818
34.555556
18.977231
1.982696
-11.708907
-25.702479
-40.838384
-54.546373
-68.825528
-79.963269
-93.385675
-104.237833
-115.661157
-126.798898
-139.364555
-152.215794
-162.782369
-173.920110
-186.771350
-201.907254
-214.758494
-224.182736
-233.892562
-243.316804
-253.026630
-261.594123
-270.447199
-276.730028
-285.868687
-293.865014
-298.719927
-303.860422
-305.288338
-307.287420
-307.573003
-307.858586
-308.144169
-307.573003
-307.001837
-306.145087
-304.146006
-301.290174
-299.576676
-295.864096
-291.865932
-287.867769
-281.870523
-274.730946
-266.449036
-258.167126
-250.170799
-239.318641
-230.751148
-217.899908
-205.334252
-193.339761
-177.918274
-164.210285
-150.502296
-135.651974
-119.088154
-101.382002
-86.817264
-70.253444
-55.117539
-37.411387
-21.989899
-5.711662
8.780510
23.509107
38.804189
52.399818
65.428962
77.608379
90.637523
101.967213
112.447177
124.626594
138.505464
150.118397
162.014572
172.777778
187.223133
202.801457
216.113843
225.460838
235.091075
244.438069
253.785064
263.698543
271.912568
279.843352
288.907104
294.571949
301.369763
304.485428
307.317851
309.017304
309.300546
309.300546
309.017304
309.867031
309.017304
307.601093
305.335155
303.352459
301.936248
298.254098
294.005464
288.907104
282.959016
277.010929
268.230419
260.582878
251.519126
241.039162
230.842441
219.229508
205.067395
191.471767
177.026412
161.731330
148.418944
133.973588
116.695811
99.418033
81.857013
68.261384
52.683060
36.821494
19.543716
2.265938
-11.423324
-27.130395
-40.552801
-54.546373
-67.683196
-79.963269
-92.814509
-103.381084
-114.804408
-126.798898
-138.507805
-151.930211
-161.925620
-172.206612
-185.343434
-201.336088
-213.330579
-225.039486
-231.607897
-242.745638
-253.597796
-261.879706
-271.303949
-276.158861
-285.868687
-293.865014
-298.719927
-303.003673
-305.288338
-307.001837
-307.858586
-307.573003
-308.144169
-307.287420
-307.858586
-305.859504
-304.146006
-302.718090
-299.005510
-297.292011
-292.151515
-288.153352
-281.299357
-275.016529
-267.876951
-257.881543
-249.028466
-238.176309
-228.752066
-217.899908
-205.334252
-192.197429
-177.632691
-162.496786
-148.503214
-135.651974
-118.802571
-100.525253
-85.960514
-70.253444
-54.260790
-37.696970
-20.561983
-5.426079
9.346995
24.642077
38.804189
52.116576
65.428962
78.174863
91.487250
102.250455
113.863388
124.909836
137.938980
150.968124
162.014572
173.061020
187.223133
202.801457
215.547359
225.460838
233.108379
243.021858
253.218579
263.415301
271.346084
279.843352
286.924408
294.005464
301.086521
303.918944
307.034608
308.734062
309.867031
309.867031
310.150273
309.300546
309.017304
309.017304
305.901639
304.202186
302.502732
297.687614
294.571949
289.473588
284.658470
278.143898
269.929872
261.149362
251.802368
241.888889
230.559199
219.795993
207.050091
192.321494
178.442623
163.997268
149.835155
135.389800
118.678506
101.967213
85.822404
69.960838
54.948998
38.237705
20.959927
5.381603
-10.566575
-23.417815
-39.124885
-52.261708
-65.398531
-78.820937
-90.815427
-102.524334
-113.376492
-125.942149
-137.365473
-149.074380
-162.211203
-171.635445
-184.772268
-200.764922
-212.473829
-224.468320
-231.893480
-241.317723
-252.741047
-262.165289
-269.876033
-277.015611
-284.726354
-292.437098
-299.005510
-302.146924
-304.717172
-306.716253
-307.573003
-307.287420
-307.573003
-307.858586
-307.573003
-306.145087
-303.860422
-302.146924
-299.862259
-296.435262
-292.437098
-287.582185
-282.441690
-275.587695
-266.449036
-259.023875
-248.742883
-239.889807
-230.465565
-218.471074
-207.047750
-192.768595
-180.202938
-163.924702
-150.787879
-137.365473
-120.230487
-102.524334
-86.246097
-71.110193
-55.974288
-38.839302
-23.132231
-5.997245
8.497268
23.225865
37.954463
50.700364
64.295993
76.475410
89.221311
100.834244
112.163934
122.360656
135.956284
147.852459
159.748634
170.228597
184.107468
200.252277
213.847905
224.044627
232.825137
242.738616
253.218579
261.715847
270.496357
279.276867
286.924408
294.571949
300.520036
304.202186
306.468124
307.884335
309.300546
309.300546
309.017304
309.867031
308.734062
307.317851
306.468124
305.051913
302.785974
298.537341
294.571949
289.473588
284.091985
277.860656
269.929872
260.582878
252.085610
242.738616
231.975410
220.079235
207.333333
194.304189
179.575592
163.997268
150.684882
137.089253
121.227687
102.816940
85.255920
72.226776
54.948998
39.370674
21.243169
6.797814
-8.853076
-22.561065
-37.982553
-52.261708
-63.970615
-78.535354
-89.673095
-101.096419
-113.376492
-124.228650
-136.794307
-148.217631
-161.068871
-171.349862
-183.915519
-200.764922
-211.331497
-222.469238
-232.179063
-240.460973
-250.456382
-260.451791
-268.162534
-276.730028
-284.155188
-292.437098
-297.863177
-302.718090
-304.146006
-306.430670
-307.573003
-307.573003
-307.573003
-307.858586
-307.573003
-305.573921
-304.431589
-302.718090
-299.862259
-296.720845
-293.008264
-287.867769
-281.584940
-275.016529
-267.876951
-259.023875
-248.457300
-240.175390
-229.608815
-217.899908
-207.333333
-193.339761
-179.060606
-163.067952
-149.931129
-136.223140
-119.088154
-102.238751
-84.818182
-71.395776
-54.546373
-39.124885
-21.704316
-5.426079
7.930783
24.358834
37.954463
52.399818
64.579235
78.458106
91.204007
102.250455
113.296903
124.626594
137.372495
149.835155
162.014572
171.644809
186.373406
201.385246
215.830601
225.460838
233.674863
244.154827
253.501821
263.132058
272.479053
279.276867
288.340619
295.138434
302.502732
305.051913
307.884335
309.300546
309.867031
310.716758
310.433515
309.867031
310.433515
307.601093
306.468124
304.202186
302.219490
298.820583
294.005464
290.040073
284.375228
278.143898
270.496357
261.999089
252.368852
242.455373
232.825137
220.362477
208.466302
194.304189
180.142077
164.846995
150.118397
137.938980
120.377960
103.949909
85.822404
71.377049
56.081967
39.370674
23.225865
5.948087
-7.425161
-23.417815
-37.411387
-50.833792
-64.541781
-76.821855
-89.673095
-101.382002
-112.234160
-125.085399
-137.079890
-149.359963
-161.068871
-171.349862
-182.773186
-198.765840
-212.188246
-221.898072
-231.036731
-240.460973
-250.456382
-260.166208
-268.162534
-276.730028
-284.155188
-291.580349
-298.434343
-302.432507
-304.717172
-307.001837
-307.001837
-307.001837
-308.144169
-307.001837
-306.716253
-305.859504
-303.574839
-301.861341
-299.576676
-296.435262
-292.437098
-288.438935
-282.727273
-275.016529
-267.876951
-259.023875
-249.885216
-239.604224
-229.323232
-219.042241
-207.618916
-193.339761
-180.488522
-163.924702
-151.930211
-139.078972
-121.372819
-104.523416
-87.388430
-72.252525
-56.831038
-40.267218
-22.846648
-7.425161
8.214026
21.809654
36.538251
50.983607
64.295993
77.041894
88.088342
100.267760
111.880692
122.077413
134.823315
147.285974
159.182149
169.662113
182.691257
200.535519
213.281421
223.478142
232.258652
241.888889
253.218579
261.715847
270.496357
278.427140
286.357923
294.005464
299.670310
305.051913
305.901639
308.734062
309.017304
309.300546
310.433515
309.017304
309.583789
308.450820
306.184882
304.485428
302.219490
299.670310
294.855191
290.040073
285.224954
278.427140
271.629326
261.999089
252.652095
243.305100
231.975410
221.495446
208.749545
194.870674
181.275046
166.263206
151.817851
138.505464
121.794171
104.799636
88.088342
72.510018
57.214936
40.503643
24.642077
7.647541
-7.139578
-21.704316
-36.554637
-49.977043
-64.256198
-75.679522
-88.816345
-101.667585
-110.806244
-123.657484
-135.937557
-149.359963
-159.640955
-169.921947
-182.773186
-198.765840
-211.617080
-222.754821
-231.036731
-240.175390
-250.170799
-259.880624
-268.733701
-277.015611
-283.584022
-292.151515
-298.434343
-301.575758
-305.288338
-305.859504
-307.287420
-307.573003
-307.858586
-307.287420
-307.573003
-305.573921
-304.717172
-301.575758
-299.862259
-296.435262
-292.151515
-287.867769
-282.727273
-275.016529
-269.590450
-259.023875
-251.884298
-240.460973
-230.751148
-219.327824
-207.333333
-194.196511
-179.917355
-165.638200
-151.359045
-137.936639
-121.658402
-102.809917
-87.102847
-71.681359
-55.974288
-40.267218
-23.132231
-7.996327
7.647541
21.809654
36.538251
50.417122
63.729508
76.192168
88.371585
100.267760
111.030965
123.210383
135.389800
147.852459
159.748634
169.662113
183.540984
199.402550
212.998179
222.628415
231.692168
241.888889
251.519126
261.715847
269.646630
278.427140
285.791439
293.155738
300.520036
305.051913
306.751366
308.167577
309.300546
310.150273
309.300546
310.150273
309.300546
308.734062
306.468124
304.202186
303.352459
298.820583
295.138434
290.323315
285.224954
278.993625
270.779599
263.415301
252.935337
243.305100
232.825137
220.645719
209.882514
196.003643
180.991803
166.263206
152.384335
138.788707
122.360656
105.649362
88.088342
73.076503
57.214936
41.353370
24.358834
7.647541
-6.568411
-21.133150
-36.269054
-50.548209
-63.970615
-76.821855
-89.958678
-100.239669
-111.377410
-123.943067
-135.366391
-147.932048
-158.784206
-167.637282
-182.487603
-197.337925
-211.331497
-221.326905
-229.608815
-240.175390
-249.885216
-259.309458
-268.733701
-275.873278
-283.869605
-292.437098
-297.863177
-302.146924
-305.573921
-305.859504
-307.858586
-307.573003
-307.573003
-306.716253
-307.858586
-306.430670
-304.431589
-302.432507
-300.719008
-296.149679
-293.293848
-288.153352
-283.012856
-274.730946
-270.161616
-260.166208
-250.741965
-240.175390
-230.751148
-220.184573
-207.047750
-195.910009
-180.488522
-165.923783
-152.786961
-138.507805
-122.515152
-104.237833
-88.245179
-72.538108
-57.687787
-41.409550
-24.274564
-7.710744
5.381603
21.243169
35.122040
49.850638
62.879781
75.625683
88.371585
99.134791
111.314208
121.794171
133.407104
146.719490
159.465392
169.662113
182.124772
197.986339
212.714936
222.628415
231.692168
241.039162
251.802368
261.715847
269.646630
278.710383
286.357923
292.589253
300.803279
303.635701
307.601093
308.167577
309.583789
310.150273
309.017304
309.583789
309.017304
309.017304
306.751366
304.485428
302.219490
299.103825
295.138434
290.323315
285.224954
278.993625
271.346084
263.132058
252.935337
243.871585
233.108379
221.495446
209.032787
197.419854
181.841530
166.546448
152.101093
138.222222
121.794171
105.082878
89.221311
73.359745
58.631148
42.486339
24.358834
9.063752
-6.853994
-20.561983
-34.555556
-49.977043
-62.257117
-76.250689
-89.101928
-99.668503
-110.520661
-122.800735
-134.795225
-146.789715
-159.926538
-168.494031
-181.916437
-198.194674
-209.903581
-222.183655
-229.894399
-239.318641
-249.599633
-258.167126
-268.448118
-276.444444
-283.584022
-291.009183
-297.006428
-302.432507
-305.288338
-307.573003
-306.716253
-307.573003
-308.144169
-308.144169
-307.573003
-304.717172
-304.431589
-302.432507
-299.862259
-297.006428
-292.722681
-288.153352
-282.727273
-275.873278
-267.876951
-260.737374
-250.456382
-241.317723
-231.607897
-219.613407
-208.761249
-194.767677
-180.774105
-166.494949
-151.073462
-137.936639
-121.087236
-103.952250
-87.388430
-71.681359
-56.545455
-40.552801
-23.703398
-7.139578
7.364299
22.659381
36.821494
50.133880
64.579235
77.041894
89.787796
101.683971
111.880692
124.060109
136.806011
148.418944
160.881603
170.511840
183.540984
200.252277
213.564663
224.044627
233.391621
242.172131
252.935337
262.848816
269.929872
278.993625
286.357923
293.722222
300.520036
304.202186
307.317851
308.450820
310.433515
310.433515
309.867031
310.150273
309.583789
309.300546
306.184882
305.618397
304.202186
299.670310
296.271403
291.739526
285.791439
279.843352
272.479053
262.848816
254.634791
244.721311
234.241348
222.911658
211.015483
197.136612
183.257741
167.962659
154.083789
140.488160
125.193078
106.782332
90.920765
74.492714
59.197632
43.902550
26.058288
9.630237
-4.569330
-20.276400
-32.842057
-47.692378
-61.114784
-74.537190
-86.246097
-98.526171
-109.378329
-120.801653
-133.652893
-145.361800
-158.784206
-167.637282
-181.345271
-196.766758
-209.617998
-221.041322
-229.323232
-238.461892
-249.314050
-257.595960
-267.305785
-275.873278
-281.870523
-291.009183
-297.006428
-301.575758
-304.431589
-306.145087
-307.573003
-306.145087
-307.573003
-307.858586
-306.430670
-306.145087
-303.860422
-302.432507
-301.004591
-296.435262
-293.293848
-288.724518
-283.012856
-275.873278
-269.876033
-261.022957
-251.313131
-242.174472
-233.035813
-219.898990
-209.617998
-194.767677
-181.059688
-166.780533
-153.358127
-140.506887
-123.086318
-105.380165
-88.530762
-73.394858
-57.973370
-43.123049
-25.702479
-8.853076
5.381603
22.092896
35.971767
49.850638
63.446266
75.059199
87.805100
99.134791
109.331512
121.510929
133.407104
146.436248
158.332423
168.529144
180.991803
197.419854
211.015483
222.345173
230.275956
241.888889
249.819672
260.016393
269.080146
278.143898
286.074681
292.589253
299.953552
303.918944
306.184882
309.017304
309.867031
311.000000
310.150273
310.433515
309.867031
307.884335
307.601093
304.768670
302.219490
300.236794
295.421676
291.173042
285.508197
279.843352
272.479053
263.981785
253.785064
245.287796
235.091075
222.911658
211.581967
197.703097
183.257741
169.378871
154.367031
140.771403
125.476321
107.065574
90.637523
74.492714
60.897086
44.185792
27.191257
11.046448
-3.426997
-18.562902
-33.127640
-46.264463
-61.400367
-72.538108
-86.246097
-97.669421
-107.950413
-120.801653
-132.510560
-145.932966
-158.498623
-167.922865
-181.059688
-195.338843
-209.903581
-220.470156
-229.037649
-238.747475
-248.171717
-258.452709
-267.020202
-275.016529
-283.012856
-290.438017
-297.292011
-301.290174
-304.146006
-305.573921
-306.716253
-307.287420
-306.716253
-307.573003
-307.573003
-304.717172
-303.574839
-302.146924
-300.433425
-296.149679
-293.579431
-289.010101
-283.869605
-276.444444
-270.161616
-260.737374
-251.598714
-242.745638
-231.322314
-219.898990
-209.332415
-196.481175
-182.202020
-167.066116
-153.358127
-139.935721
-123.086318
-106.236915
-88.530762
-74.251607
-58.258953
-42.551882
-25.988062
-9.138659
5.381603
20.393443
35.688525
49.000911
62.030055
75.908925
87.521858
99.418033
110.747723
121.510929
133.973588
146.719490
158.049180
168.529144
181.558288
197.703097
211.298725
221.778689
231.408925
240.472678
251.802368
260.582878
269.080146
277.577413
284.941712
292.872495
299.387067
304.485428
307.317851
309.583789
310.433515
310.150273
311.000000
309.583789
310.150273
309.300546
307.601093
306.468124
303.635701
301.369763
296.837887
291.173042
286.641166
280.126594
273.045537
263.698543
254.634791
245.287796
234.241348
223.761384
211.298725
198.269581
184.390710
168.529144
154.933515
141.337887
125.193078
108.198543
90.920765
74.775956
59.480874
44.469035
28.324226
10.479964
-3.998163
-19.134068
-33.698806
-46.835629
-61.971534
-73.966024
-86.817264
-97.669421
-108.807163
-120.801653
-132.510560
-145.076217
-156.499541
-166.780533
-180.774105
-194.482094
-209.617998
-219.613407
-229.037649
-238.461892
-247.600551
-258.452709
-266.163453
-275.873278
-281.870523
-291.009183
-297.292011
-300.433425
-303.860422
-305.573921
-307.001837
-307.858586
-307.858586
-307.287420
-307.573003
-305.859504
-304.146006
-302.146924
-301.575758
-297.863177
-292.722681
-289.581267
-283.298439
-277.301194
-270.161616
-261.022957
-253.026630
-242.460055
-233.321396
-221.898072
-208.761249
-196.766758
-182.202020
-168.494031
-153.358127
-140.221304
-124.799816
-106.236915
-90.244261
-73.109275
-59.401286
-43.694215
-27.130395
-10.280992
4.815118
19.826958
34.272313
49.284153
62.030055
75.059199
86.955373
99.134791
109.048270
121.794171
133.690346
145.869763
158.898907
167.396175
181.841530
196.286885
210.448998
222.345173
229.709472
240.472678
250.102914
259.449909
268.513661
277.577413
285.224954
291.739526
299.670310
303.635701
307.034608
309.017304
309.583789
310.433515
310.150273
310.433515
309.583789
309.017304
306.751366
305.335155
303.352459
300.236794
296.271403
291.173042
286.074681
280.409836
272.195811
264.548270
254.634791
245.854281
235.091075
223.761384
212.431694
198.552823
184.673953
170.511840
154.650273
143.037341
126.892532
108.765027
92.620219
77.041894
62.030055
45.602004
28.040984
11.612933
-3.141414
-18.562902
-32.556474
-47.121212
-61.114784
-73.394858
-87.102847
-97.669421
-108.807163
-119.659320
-131.939394
-145.076217
-156.213958
-166.209366
-179.917355
-195.053260
-209.617998
-219.898990
-228.466483
-239.033058
-247.314968
-258.452709
-267.020202
-275.016529
-282.156107
-290.438017
-297.292011
-301.861341
-304.717172
-305.859504
-307.001837
-307.858586
-307.573003
-307.573003
-307.001837
-306.716253
-303.574839
-303.003673
-299.576676
-297.577594
-293.293848
-289.295684
-284.155188
-277.015611
-270.161616
-263.307622
-252.169881
-243.887971
-232.750230
-223.040404
-210.474747
-197.623508
-183.629936
-167.637282
-154.500459
-141.078053
-125.656566
-106.808081
-90.815427
-74.822773
-59.686869
-44.550964
-26.559229
-9.995409
5.098361
20.393443
34.272313
47.867942
61.463570
74.209472
87.521858
98.285064
109.897996
120.377960
133.123862
145.869763
157.482696
167.962659
179.858834
195.153916
210.165756
220.645719
231.125683
240.189435
249.819672
261.149362
267.663934
276.727687
285.224954
292.589253
299.103825
304.485428
307.317851
308.450820
309.017304
310.716758
309.583789
310.716758
309.867031
308.450820
307.317851
304.485428
302.502732
300.236794
296.837887
291.173042
287.207650
280.693078
273.328780
265.397996
254.068306
246.420765
235.374317
223.761384
211.865209
198.552823
185.523679
170.228597
155.216758
141.904372
126.609290
109.048270
92.620219
77.041894
61.180328
46.168488
28.607468
13.029144
-1.999082
-17.420569
-32.270891
-45.693297
-59.115702
-73.109275
-84.818182
-96.527089
-108.521579
-119.088154
-132.224977
-144.790634
-156.785124
-166.209366
-177.918274
-194.196511
-207.618916
-219.613407
-227.609734
-237.890725
-246.743802
-257.024793
-266.163453
-273.874197
-281.584940
-289.295684
-296.149679
-301.575758
-303.289256
-306.145087
-306.145087
-307.858586
-307.287420
-307.858586
-307.573003
-305.573921
-304.431589
-302.432507
-300.719008
-298.719927
-293.293848
-289.295684
-283.298439
-277.872360
-269.876033
-262.736455
-252.741047
-243.316804
-234.749311
-223.040404
-211.045914
-197.909091
-183.915519
-169.636364
-155.071625
-142.505969
-126.227732
-108.235996
-90.815427
-75.393939
-61.114784
-44.265381
-27.701561
-10.280992
4.248634
18.693989
33.422587
46.451730
60.897086
73.642987
85.539162
98.001821
108.765027
120.377960
131.707650
144.453552
156.916211
165.696721
179.009107
195.153916
208.749545
220.645719
229.992714
238.773224
248.969945
258.600182
268.513661
276.161202
283.808743
292.306011
299.103825
303.352459
307.317851
307.884335
309.867031
309.583789
309.583789
309.867031
309.583789
309.017304
307.601093
305.901639
303.352459
300.520036
297.404372
291.456284
286.924408
279.843352
272.195811
265.397996
254.918033
245.854281
235.940801
224.894353
211.865209
199.685792
184.957195
170.511840
156.349727
143.037341
127.459016
109.331512
92.620219
77.608379
61.463570
46.451730
29.173953
11.896175
-2.284665
-17.134986
-31.128558
-45.407713
-59.686869
-71.395776
-85.674931
-96.241506
-108.235996
-119.373737
-130.797062
-144.219467
-156.213958
-166.209366
-177.347107
-193.910927
-207.904500
-220.184573
-227.895317
-237.890725
-247.314968
-256.739210
-265.877870
-275.587695
-282.156107
-290.438017
-296.435262
-301.575758
-305.288338
-306.145087
-307.001837
-307.287420
-307.573003
-307.287420
-307.573003
-305.859504
-304.431589
-301.861341
-301.290174
-298.148760
-293.865014
-289.295684
-283.584022
-277.301194
-269.876033
-262.450872
-253.026630
-243.887971
-234.178145
-223.325987
-211.331497
-198.765840
-183.915519
-170.207530
-155.071625
-143.077135
-126.513315
-109.378329
-92.528926
-76.536272
-61.971534
-46.264463
-28.272727
-11.137741
4.248634
18.693989
32.572860
46.451730
60.047359
72.793260
85.822404
97.435337
107.348816
119.811475
130.857923
145.020036
156.349727
166.546448
177.876138
194.304189
208.466302
219.229508
228.859745
238.206740
248.686703
258.316940
268.230419
275.877960
284.091985
291.173042
297.687614
303.352459
305.901639
308.450820
309.583789
310.150273
310.433515
308.734062
309.583789
308.734062
307.317851
305.335155
302.785974
300.236794
295.988160
292.022769
287.490893
280.126594
274.461749
265.397996
256.334244
247.270492
236.507286
226.310565
212.998179
200.818761
186.373406
172.494536
158.049180
143.887067
128.875228
110.181239
94.886157
77.608379
63.446266
46.451730
30.023679
15.011840
-1.427916
-15.421488
-29.986226
-43.694215
-59.115702
-71.110193
-83.390266
-94.813590
-106.522498
-118.231405
-129.654729
-143.648301
-155.642792
-165.352617
-177.632691
-191.340680
-207.047750
-218.756657
-228.180900
-238.176309
-245.887052
-256.739210
-264.449954
-273.017447
-281.299357
-288.153352
-295.292929
-300.147842
-303.574839
-305.859504
-307.287420
-307.573003
-307.287420
-307.001837
-307.573003
-305.573921
-305.288338
-301.575758
-300.719008
-297.292011
-293.293848
-289.295684
-285.011938
-278.443526
-272.160698
-263.022039
-253.312213
-245.315886
-234.463728
-223.040404
-212.188246
-198.480257
-184.486685
-168.779614
-155.071625
-142.505969
-126.513315
-109.092746
-91.386593
-76.250689
-61.400367
-45.407713
-28.558310
-11.137741
3.398907
18.127505
33.139344
46.734973
61.463570
73.642987
87.238616
99.134791
110.181239
120.094718
133.407104
145.586521
158.049180
168.529144
179.575592
195.153916
210.448998
220.079235
229.709472
