-118.844383
-282.362799
-253.152855
-262.316759
-252.580110
-240.266114
-228.811234
-216.497238
-201.319521
-188.146409
-172.968692
-159.222836
-144.904236
-128.294659
-110.825967
-94.216390
-78.179558
-63.574586
-46.105893
-29.209945
-12.886740
2.542234
16.665758
33.049046
46.042688
59.318801
72.877384
85.023615
95.475023
107.621253
117.790191
130.218892
142.647593
153.663942
164.680291
175.696639
191.514986
206.203451
216.372389
225.128974
235.015441
244.901907
255.353315
262.980018
272.301544
280.493188
288.967302
295.181653
300.266122
303.373297
304.503179
307.327884
306.762943
307.327884
306.198002
305.915531
305.915531
303.655767
302.808356
299.418710
296.876476
292.356948
288.119891
283.882834
277.103542
270.041780
261.567666
252.811081
243.489555
233.603088
222.021798
210.722979
198.294278
185.300636
170.894641
156.206176
143.495005
127.111717
109.598547
93.497729
76.831971
63.273388
46.890100
30.224342
13.276113
-1.145488
-16.323204
-32.073665
-44.387661
-58.419890
-72.165746
-84.766114
-96.793738
-108.248619
-119.989871
-131.731123
-144.904236
-157.218232
-167.241252
-181.273481
-195.305709
-210.483425
-221.938306
-228.524862
-240.266114
-250.002762
-259.453039
-268.330571
-276.062615
-283.794659
-291.813076
-298.399632
-305.272560
-307.563536
-308.709024
-310.140884
-310.713628
-311.000000
-311.000000
-310.140884
-310.140884
-307.849908
-305.558932
-302.695212
-299.258748
-295.535912
-290.094843
-285.799263
-279.499079
-273.485267
-264.034991
-255.157459
-246.279926
-234.825046
-223.370166
-211.628913
-197.883057
-182.705341
-169.245856
-153.495396
-140.895028
-124.858195
-107.675875
-89.348066
-73.883978
-58.992634
-42.955801
-25.487109
-9.163904
5.931880
20.055404
35.591281
48.302452
63.273388
75.419619
87.565849
99.712080
111.010899
122.592189
133.608538
146.319709
157.618529
167.787466
180.781108
194.622162
209.593097
218.632153
228.801090
237.557675
246.879201
257.895550
266.652134
275.408719
282.752952
289.814714
298.006358
302.243415
305.633061
307.045413
307.892825
308.457766
308.457766
307.892825
307.892825
307.892825
304.785649
303.938238
300.266122
298.006358
293.769301
288.684832
284.447775
277.950954
270.324251
262.980018
253.376022
244.336966
234.732970
222.021798
211.570391
198.011807
185.018165
170.329700
155.923706
142.365123
127.676658
109.316076
92.932788
78.244323
61.861035
47.172570
29.376930
12.993642
-1.718232
-16.323204
-32.073665
-45.819521
-60.138122
-71.879374
-85.338858
-97.366483
-109.107735
-119.417127
-132.876611
-145.763352
-156.645488
-167.241252
-180.414365
-197.023941
-209.337937
-221.079190
-230.529466
-238.547882
-250.575506
-259.453039
-268.903315
-277.208103
-284.367403
-293.244936
-299.258748
-305.272560
-307.563536
-309.281768
-309.568140
-310.713628
-309.568140
-309.854512
-309.854512
-308.422652
-307.277164
-304.413444
-302.695212
-299.258748
-296.395028
-291.526703
-284.940147
-279.785451
-273.771639
-263.748619
-255.443831
-245.420810
-235.397790
-224.229282
-211.056169
-199.028545
-184.709945
-170.677716
-154.068140
-142.040516
-125.430939
-107.103131
-91.066298
-74.456722
-60.138122
-43.528545
-26.059853
-9.450276
5.366939
19.772934
34.743869
48.867393
61.861035
75.137148
86.718438
99.429609
110.163488
120.897366
132.761126
145.472298
158.465940
168.352407
180.781108
194.057221
210.440509
220.044505
227.671208
238.122616
247.726612
257.613079
265.804723
274.561308
283.317893
290.662125
297.723887
302.525886
305.068120
307.327884
308.175295
308.740236
309.022707
308.457766
308.175295
306.480472
306.198002
302.808356
300.266122
298.006358
292.356948
289.532243
284.447775
277.950954
270.041780
262.415077
253.376022
244.054496
234.732970
222.586739
210.440509
197.729337
184.170754
169.199818
156.206176
141.800182
126.546776
108.751135
92.367847
77.114441
61.578565
46.325159
29.094460
12.711172
-2.577348
-18.327808
-32.360037
-46.678637
-60.424494
-72.165746
-86.484346
-97.366483
-108.534991
-120.276243
-132.590239
-144.904236
-158.936464
-166.668508
-180.700737
-197.023941
-211.056169
-220.792818
-230.243094
-240.552486
-250.289134
-259.453039
-269.189687
-275.776243
-284.653775
-292.385820
-299.831492
-303.840700
-306.418048
-310.140884
-310.713628
-308.995396
-310.140884
-310.427256
-308.709024
-308.422652
-306.990792
-303.840700
-301.836096
-298.686004
-295.535912
-291.240331
-284.940147
-279.499079
-271.480663
-264.034991
-255.443831
-246.279926
-235.397790
-223.942910
-211.056169
-197.310313
-182.991713
-169.245856
-153.781768
-140.608656
-125.430939
-106.244015
-90.779926
-74.170350
-58.706262
-43.814917
-25.487109
-8.304788
5.931880
20.337875
35.873751
50.279746
63.555858
75.702089
88.413261
100.277021
109.881017
122.592189
133.891008
146.037239
158.748411
168.069936
179.933697
196.316985
210.158038
220.326975
228.801090
238.405086
248.856494
258.178020
266.369664
275.691190
282.470481
291.227066
298.006358
302.525886
305.633061
308.175295
307.892825
308.457766
309.305177
308.457766
309.022707
307.045413
305.068120
304.503179
301.396004
299.418710
294.334242
289.814714
284.447775
278.515895
271.454133
262.697548
253.376022
244.619437
234.732970
223.434151
211.005450
198.294278
184.735695
170.047230
155.076294
142.647593
126.829246
108.186194
93.497729
75.702089
62.708447
45.477748
29.094460
12.146231
-2.290976
-16.895948
-32.360037
-45.819521
-58.706262
-74.170350
-84.766114
-97.366483
-108.821363
-119.417127
-132.303867
-145.190608
-158.077348
-167.527624
-180.987109
-196.737569
-210.197053
-222.511050
-229.956722
-239.693370
-250.002762
-259.453039
-268.330571
-276.348987
-283.794659
-292.385820
-299.258748
-305.272560
-306.418048
-308.995396
-309.281768
-310.713628
-310.713628
-310.427256
-309.568140
-308.422652
-306.131676
-304.413444
-302.408840
-298.686004
-295.249540
-290.381215
-283.794659
-279.212707
-271.480663
-263.175875
-254.298343
-243.988950
-235.970534
-222.511050
-211.342541
-199.028545
-183.850829
-169.818600
-154.354512
-142.040516
-124.858195
-107.103131
-90.207182
-74.456722
-59.851750
-43.814917
-25.487109
-10.882136
5.366939
19.772934
34.743869
47.455041
61.861035
74.007266
86.718438
98.864668
108.751135
120.614896
133.043597
145.472298
157.618529
167.222525
179.368756
194.622162
208.745686
219.197094
227.953678
237.840145
248.574024
257.048138
267.217075
275.126249
282.752952
290.379655
297.441417
301.678474
304.785649
307.327884
308.740236
309.022707
308.457766
308.175295
308.457766
306.480472
304.785649
302.525886
300.831063
297.158946
293.769301
289.249773
284.730245
277.668483
270.041780
262.697548
253.658492
243.772025
234.450500
221.739328
210.722979
198.011807
184.453224
170.612171
154.793824
141.235241
126.546776
108.751135
92.367847
75.702089
61.578565
44.630336
28.247048
11.863760
-2.577348
-16.895948
-31.787293
-45.246777
-59.565378
-72.165746
-86.484346
-97.652855
-108.821363
-120.562615
-131.158379
-145.190608
-157.218232
-166.382136
-180.700737
-196.164825
-209.337937
-221.365562
-229.956722
-239.979742
-249.716390
-259.453039
-268.330571
-276.921731
-283.221915
-291.813076
-299.831492
-304.127072
-307.277164
-308.995396
-308.422652
-310.713628
-309.568140
-308.709024
-309.281768
-308.422652
-307.277164
-305.558932
-300.976980
-299.545120
-295.822284
-290.094843
-284.653775
-277.208103
-271.767035
-264.034991
-254.584715
-244.848066
-235.397790
-221.365562
-211.056169
-198.169429
-182.705341
-169.245856
-154.640884
-141.754144
-125.430939
-105.384899
-89.634438
-74.743094
-59.851750
-42.669429
-25.773481
-10.023020
5.366939
21.185286
35.026340
49.997275
62.425976
74.854678
87.848320
99.429609
110.445958
121.462307
133.608538
146.037239
159.030881
167.787466
180.498638
195.187103
209.875568
220.326975
228.518619
239.252498
249.138965
257.613079
267.782016
274.561308
283.882834
290.944596
298.006358
303.373297
305.068120
307.610354
308.457766
308.175295
309.587648
308.457766
308.740236
307.045413
305.350590
303.938238
300.831063
298.288828
292.639419
289.814714
284.165304
277.103542
270.606721
262.697548
252.246140
244.901907
234.168029
221.739328
210.158038
197.164396
182.475931
169.482289
154.511353
140.670300
126.264305
108.468665
91.520436
74.854678
60.448683
44.065395
28.247048
11.581290
-4.009208
-19.186924
-33.791897
-47.251381
-61.283610
-74.456722
-85.911602
-98.798343
-109.680479
-121.708103
-133.449355
-144.904236
-158.936464
-167.241252
-181.559853
-197.310313
-210.197053
-221.938306
-229.670350
-239.693370
-250.002762
-259.453039
-269.762431
-276.348987
-284.081031
-291.813076
-299.258748
-304.127072
-306.418048
-308.422652
-308.709024
-310.713628
-310.140884
-309.568140
-309.281768
-308.422652
-305.558932
-304.413444
-300.976980
-298.399632
-295.249540
-289.522099
-284.367403
-278.639963
-271.480663
-262.603131
-253.152855
-244.275322
-234.825046
-222.224678
-210.483425
-197.883057
-184.137201
-169.245856
-154.068140
-140.895028
-125.144567
-107.389503
-89.920810
-74.170350
-59.279006
-42.955801
-26.059853
-9.163904
4.801998
20.620345
35.308810
48.019982
62.425976
74.854678
86.718438
99.429609
109.316076
121.179837
131.913715
144.342416
158.465940
166.940054
180.781108
194.622162
209.875568
220.044505
228.801090
239.817439
248.291553
259.590372
267.217075
275.408719
284.447775
291.227066
299.136240
303.655767
305.915531
307.610354
308.457766
308.740236
307.892825
309.022707
307.892825
307.610354
305.633061
303.373297
300.831063
298.288828
293.769301
288.967302
285.295186
276.538601
270.041780
261.850136
253.093551
242.924614
233.885559
221.174387
209.875568
196.316985
182.758401
168.634877
154.228883
140.670300
124.851953
107.338783
91.237965
74.572207
59.318801
42.653043
26.269755
10.451408
-3.436464
-19.759669
-32.646409
-48.110497
-61.856354
-74.743094
-88.202578
-99.371087
-109.966851
-121.994475
-133.735727
-146.336096
-158.363720
-168.100368
-181.273481
-198.169429
-209.910681
-221.938306
-230.815838
-238.834254
-250.289134
-258.880295
-268.903315
-276.635359
-283.794659
-292.958564
-298.972376
-304.413444
-307.277164
-308.422652
-309.568140
-309.568140
-310.140884
-309.854512
-309.854512
-308.709024
-307.277164
-303.840700
-302.408840
-300.117864
-294.676796
-290.667587
-284.367403
-279.212707
-271.194291
-262.603131
-253.725599
-243.988950
-233.965930
-221.938306
-208.765193
-197.023941
-181.273481
-168.386740
-153.209024
-138.890424
-124.571823
-105.098527
-88.488950
-72.738490
-57.560773
-41.523941
-24.341621
-8.591160
7.344233
22.032698
36.156222
49.997275
63.838329
77.114441
89.825613
99.994550
111.010899
122.309718
135.585831
147.167121
160.443233
169.764759
182.475931
197.729337
212.135332
222.304269
230.495913
240.382380
250.268847
260.437784
268.629428
276.256131
284.447775
292.074478
299.418710
303.373297
306.480472
307.892825
308.457766
309.870118
309.022707
309.305177
309.305177
307.610354
306.480472
303.938238
301.396004
299.418710
294.051771
289.532243
284.730245
277.950954
271.454133
262.132607
253.658492
244.054496
233.320618
221.739328
211.570391
197.729337
183.888283
169.482289
153.663942
141.517711
125.134423
107.621253
90.673025
75.984559
59.883742
43.782925
26.552225
11.016349
-3.722836
-18.900552
-32.932781
-47.824125
-60.997238
-73.311234
-86.770718
-97.939227
-109.680479
-120.562615
-132.017495
-145.763352
-158.363720
-167.813996
-182.418969
-197.023941
-210.769797
-221.938306
-230.529466
-240.266114
-250.002762
-259.453039
-267.757827
-276.921731
-284.653775
-291.813076
-299.831492
-303.840700
-306.704420
-308.136280
-308.709024
-310.427256
-309.568140
-308.422652
-309.854512
-308.422652
-305.558932
-302.981584
-302.122468
-298.113260
-294.104052
-290.094843
-283.508287
-277.780847
-271.194291
-262.316759
-252.866483
-242.843462
-233.393186
-221.365562
-209.624309
-197.310313
-182.418969
-168.386740
-153.495396
-141.754144
-123.712707
-106.530387
-89.634438
-73.597606
-58.706262
-42.955801
-24.627993
-9.450276
5.366939
21.467757
35.308810
48.867393
62.990917
74.854678
87.000908
99.429609
108.751135
121.179837
131.913715
146.037239
158.748411
167.787466
181.346049
196.316985
211.005450
221.456857
229.366031
239.817439
250.551317
259.590372
268.346957
275.973660
283.600363
292.356948
298.571299
303.655767
306.198002
307.610354
308.740236
309.587648
308.740236
309.870118
309.870118
307.610354
305.915531
303.090827
301.396004
299.418710
294.051771
290.097184
283.882834
277.386013
271.171662
262.415077
252.811081
244.619437
232.190736
222.304269
209.310627
196.599455
183.040872
168.069936
155.358765
140.670300
124.569482
107.056312
91.520436
74.572207
59.883742
44.065395
27.399637
11.016349
-4.868324
-18.041436
-34.078269
-48.110497
-61.283610
-74.743094
-86.770718
-97.939227
-109.680479
-120.276243
-133.162983
-145.190608
-157.790976
-168.100368
-181.559853
-198.169429
-210.769797
-221.938306
-229.956722
-240.266114
-249.716390
-259.453039
-269.476059
-276.062615
-284.081031
-292.385820
-299.545120
-304.127072
-307.277164
-307.277164
-310.140884
-309.854512
-309.281768
-308.709024
-309.568140
-307.849908
-306.418048
-302.695212
-302.122468
-298.113260
-294.104052
-288.949355
-283.221915
-276.921731
-270.621547
-261.744015
-253.152855
-243.988950
-234.538674
-221.079190
-209.337937
-195.878453
-181.273481
-169.245856
-153.781768
-140.608656
-124.285451
-105.098527
-88.488950
-72.738490
-56.701657
-42.669429
-24.341621
-9.163904
7.061762
21.467757
35.308810
49.997275
61.578565
76.267030
87.000908
99.429609
109.881017
122.309718
133.043597
146.037239
158.465940
167.787466
180.498638
196.881926
210.440509
221.456857
230.213442
239.817439
249.986376
258.742961
267.499546
276.256131
283.317893
291.509537
298.006358
303.655767
305.915531
307.045413
308.740236
308.740236
309.022707
309.022707
308.457766
308.457766
306.480472
303.938238
300.266122
297.723887
294.334242
289.814714
284.447775
278.798365
270.606721
262.415077
253.376022
244.336966
234.168029
221.739328
210.158038
197.164396
181.910990
168.634877
153.946412
141.235241
125.416894
107.056312
90.955495
75.419619
60.166213
43.500454
27.682107
10.733878
-4.295580
-18.614180
-34.078269
-47.824125
-62.142726
-75.029466
-87.057090
-99.084715
-109.680479
-121.421731
-133.449355
-145.763352
-158.936464
-166.382136
-181.846225
-197.310313
-210.483425
-221.938306
-230.529466
-239.979742
-251.434622
-259.166667
-269.189687
-276.921731
-282.649171
-292.958564
-299.258748
-304.413444
-306.418048
-308.422652
-308.709024
-309.281768
-308.995396
-308.995396
-308.709024
-308.422652
-306.418048
-303.840700
-300.404236
-297.826888
-293.817680
-289.808471
-284.653775
-277.494475
-271.194291
-261.457643
-253.152855
-243.129834
-232.820442
-220.792818
-209.051565
-195.019337
-181.273481
-165.809392
-152.063536
-139.463168
-123.426335
-104.812155
-87.343462
-72.738490
-56.415285
-40.378453
-22.909761
-6.586556
7.344233
24.009991
37.286104
51.692098
65.533152
77.679382
90.673025
101.124432
112.423252
123.439600
135.303361
147.732062
160.443233
170.612171
183.040872
199.141689
212.135332
223.716621
230.778383
241.512262
251.398728
261.002725
270.606721
277.386013
285.860127
292.639419
299.418710
304.220708
305.633061
308.175295
309.022707
309.870118
310.152589
309.305177
309.587648
308.175295
306.198002
305.068120
301.678474
298.571299
293.769301
289.814714
283.882834
277.386013
270.889192
261.002725
253.940963
244.619437
232.755677
221.739328
210.440509
195.752044
182.758401
168.352407
153.663942
140.105359
124.851953
106.491371
90.673025
75.137148
59.318801
44.630336
27.399637
11.016349
-4.009208
-17.755064
-33.505525
-47.251381
-60.710866
-73.883978
-87.343462
-98.798343
-109.107735
-121.135359
-133.735727
-145.763352
-160.081952
-167.527624
-182.418969
-197.883057
-210.197053
-221.938306
-229.956722
-238.834254
-250.289134
-259.166667
-269.189687
-276.062615
-284.940147
-292.385820
-298.686004
-304.127072
-305.845304
-308.422652
-308.709024
-309.281768
-308.422652
-308.709024
-309.281768
-305.845304
-304.699816
-302.695212
-300.976980
-297.540516
-292.958564
-288.949355
-284.081031
-276.635359
-269.476059
-260.884899
-252.293738
-243.702578
-233.106814
-220.506446
-208.765193
-196.164825
-182.418969
-167.527624
-153.209024
-139.749540
-122.853591
-105.098527
-87.916206
-71.593002
-57.847145
-41.237569
-24.341621
-8.591160
7.061762
22.032698
36.438692
49.714805
63.555858
75.702089
87.565849
99.994550
110.728429
122.592189
133.326067
146.319709
159.030881
168.352407
182.758401
197.446866
211.005450
221.739328
229.930972
240.099909
249.138965
260.155313
268.346957
276.538601
284.447775
291.792007
299.136240
303.655767
306.480472
308.457766
309.587648
310.152589
309.587648
309.587648
309.022707
307.892825
307.045413
303.373297
301.113533
298.006358
293.486830
290.097184
284.730245
277.668483
270.324251
261.850136
252.811081
243.772025
233.038147
220.326975
209.593097
196.599455
182.193460
167.787466
153.663942
140.105359
124.004541
106.773842
90.955495
72.877384
60.448683
44.065395
26.552225
10.733878
-5.154696
-20.046041
-34.364641
-48.110497
-60.997238
-74.170350
-87.343462
-99.084715
-109.680479
-122.280847
-134.308471
-146.908840
-159.795580
-167.527624
-182.418969
-196.737569
-209.624309
-222.511050
-231.961326
-240.266114
-250.575506
-259.739411
-269.189687
-276.921731
-282.649171
-293.244936
-298.972376
-302.408840
-305.845304
-307.849908
-308.422652
-307.849908
-308.995396
-308.709024
-308.422652
-306.990792
-304.699816
-302.981584
-300.976980
-297.540516
-292.672192
-289.808471
-281.503683
-276.062615
-268.616943
-260.312155
-252.007366
-241.411602
-231.674954
-220.792818
-208.192449
-195.305709
-180.700737
-166.668508
-152.349908
-138.604052
-123.139963
-104.812155
-87.343462
-72.165746
-55.556169
-40.378453
-22.623389
-6.013812
8.474114
23.727520
37.286104
52.539510
63.555858
77.679382
89.543143
101.406903
112.705722
124.004541
136.715713
148.861944
160.725704
170.894641
183.605813
199.989101
212.700272
222.304269
230.778383
240.947321
251.681199
261.285195
269.194369
277.950954
285.860127
292.639419
300.266122
304.785649
307.045413
309.305177
309.305177
309.587648
310.152589
309.870118
309.305177
307.610354
306.480472
303.373297
301.113533
298.288828
293.486830
290.379655
284.730245
278.233424
270.324251
261.850136
252.246140
243.489555
232.473206
221.739328
208.180745
196.316985
182.193460
167.222525
153.099001
139.257947
122.874659
105.643960
90.390554
73.724796
58.471390
42.370572
25.422343
9.321526
-5.154696
-20.332413
-34.651013
-48.969613
-61.569982
-75.029466
-88.775322
-99.084715
-110.539595
-123.426335
-134.881215
-147.481584
-158.650092
-169.532228
-182.705341
-197.883057
-211.915285
-222.511050
-229.956722
-240.266114
-250.289134
-260.025783
-269.762431
-276.062615
-284.367403
-292.958564
-299.831492
-303.840700
-306.990792
-308.422652
-308.422652
-309.854512
-308.422652
-308.709024
-308.709024
-307.849908
-306.418048
-301.549724
-300.404236
-297.540516
-293.244936
-288.949355
-282.076427
-277.208103
-268.616943
-260.598527
-250.575506
-241.125230
-231.961326
-219.074586
-207.046961
-193.873849
-179.841621
-164.950276
-150.345304
-138.031308
-119.989871
-102.807551
-85.911602
-70.161142
-55.556169
-38.087477
-22.050645
-5.727440
9.886467
25.704814
38.980926
52.539510
65.533152
77.961853
91.520436
102.254314
113.270663
125.416894
137.563124
149.144414
161.855586
170.894641
184.735695
200.554042
213.547684
224.564033
232.190736
243.207084
252.528610
261.567666
269.759310
277.668483
285.860127
293.486830
299.983651
304.503179
307.892825
309.022707
309.870118
309.870118
309.870118
309.305177
309.587648
309.022707
306.762943
303.655767
303.373297
299.701181
294.616712
290.097184
285.860127
277.386013
270.606721
262.132607
252.811081
243.772025
232.190736
221.739328
208.745686
195.469573
182.475931
166.657584
153.663942
138.975477
123.722071
105.926431
88.695731
74.289737
59.036331
42.935513
25.422343
10.451408
-5.727440
-19.759669
-34.364641
-48.396869
-62.142726
-75.029466
-87.916206
-98.798343
-110.253223
-121.421731
-134.881215
-146.622468
-158.650092
-167.813996
-181.846225
-198.742173
-210.769797
-221.938306
-230.815838
-240.266114
-250.575506
-260.025783
-268.616943
-276.635359
-284.367403
-292.958564
-299.258748
-303.554328
-304.986188
-308.136280
-308.995396
-308.995396
-308.422652
-308.709024
-308.136280
-307.277164
-306.418048
-302.695212
-299.258748
-296.681400
-292.385820
-287.803867
-282.935543
-275.203499
-267.471455
-261.171271
-252.007366
-241.125230
-232.247698
-219.647330
-207.619705
-194.732965
-179.841621
-165.523020
-150.918048
-138.604052
-121.708103
-104.812155
-87.629834
-71.306630
-56.415285
-40.378453
-22.623389
-7.159300
8.474114
23.445050
37.286104
51.127157
63.838329
77.396912
89.543143
100.559491
110.728429
122.309718
135.585831
148.014532
160.160763
168.352407
183.040872
198.576748
212.135332
222.304269
231.343324
242.359673
251.963669
261.285195
269.759310
277.668483
285.860127
293.204360
299.701181
304.785649
307.610354
308.740236
310.435059
309.587648
309.870118
310.435059
308.457766
308.740236
306.762943
303.655767
302.243415
298.006358
294.616712
290.097184
284.447775
277.668483
270.889192
261.567666
253.093551
243.489555
233.038147
220.609446
209.593097
195.752044
181.628520
168.352407
152.816530
139.822888
122.592189
106.208901
90.108084
73.724796
59.883742
42.653043
25.422343
10.451408
-4.868324
-19.759669
-34.937385
-48.683241
-62.429098
-75.315838
-88.202578
-99.371087
-109.680479
-121.708103
-135.167587
-146.336096
-159.509208
-167.813996
-183.564457
-197.883057
-211.915285
-223.370166
-229.383978
-240.838858
-250.289134
-260.025783
-269.476059
-276.348987
-283.794659
-292.385820
-298.972376
-302.695212
-305.558932
-306.418048
-308.709024
-308.136280
-309.281768
-308.709024
-308.709024
-306.704420
-305.558932
-301.549724
-299.545120
-296.395028
-292.385820
-288.376611
-281.503683
-275.203499
-268.044199
-259.453039
-251.434622
-240.838858
-230.243094
-219.074586
-208.192449
-193.301105
-180.700737
-164.091160
-151.490792
-136.885820
-120.276243
-102.807551
-86.197974
-70.733886
-55.269797
-38.373849
-21.477901
-5.441068
9.039055
25.139873
38.133515
53.104450
66.098093
77.679382
91.520436
101.971844
113.835604
124.851953
137.563124
149.426885
161.008174
172.024523
184.170754
200.836512
214.112625
223.716621
233.885559
242.924614
252.528610
261.850136
271.171662
277.668483
287.837421
293.769301
300.548592
305.633061
307.610354
309.587648
309.587648
309.870118
310.717530
309.587648
309.305177
308.740236
305.915531
304.785649
301.678474
298.853769
295.181653
289.814714
285.295186
277.950954
270.606721
261.285195
253.093551
242.924614
232.755677
221.456857
208.745686
196.034514
182.193460
166.375114
151.969119
138.410536
121.462307
105.643960
87.848320
72.877384
57.906449
42.088102
24.857402
8.756585
-5.727440
-21.191529
-35.223757
-49.255985
-62.715470
-76.461326
-88.488950
-100.802947
-110.825967
-122.853591
-135.167587
-148.054328
-160.368324
-169.532228
-183.564457
-199.887661
-210.483425
-222.797422
-231.102210
-240.838858
-250.289134
-259.453039
-269.762431
-276.348987
-284.367403
-293.531308
-299.258748
-303.554328
-305.558932
-308.709024
-308.709024
-308.422652
-309.568140
-307.563536
-308.995396
-306.990792
-306.418048
-302.408840
-300.690608
-297.254144
-292.385820
-287.231123
-282.935543
-275.203499
-266.898711
-259.166667
-250.002762
-241.411602
-229.670350
-219.074586
-206.187845
-193.014733
-179.268877
-163.232044
-150.345304
-137.172192
-118.844383
-102.234807
-85.338858
-69.015654
-54.124309
-37.514733
-20.618785
-4.009208
10.451408
25.987284
39.828338
54.516803
65.815622
80.504087
91.802906
101.971844
112.988193
124.851953
136.998183
148.297003
161.008174
169.764759
184.735695
199.141689
212.982743
223.999092
231.343324
242.359673
251.398728
261.285195
270.889192
277.950954
287.272480
293.769301
301.396004
305.350590
307.327884
309.587648
309.305177
311.000000
309.870118
311.000000
309.022707
308.457766
307.045413
303.938238
302.525886
298.006358
295.181653
289.814714
284.730245
278.515895
269.759310
261.850136
253.093551
243.772025
232.473206
220.609446
208.463215
195.187103
182.193460
166.940054
153.381471
139.257947
122.592189
105.643960
89.543143
73.159855
58.753860
41.240690
24.574932
8.756585
-6.586556
-19.759669
-35.796501
-50.115101
-62.715470
-75.602210
-87.057090
-99.084715
-109.966851
-121.708103
-134.308471
-147.767956
-158.936464
-168.100368
-183.278085
-198.169429
-211.056169
-221.938306
-229.383978
-240.838858
-249.430018
-259.739411
-268.903315
-276.635359
-284.653775
-292.672192
-298.972376
-302.695212
-306.131676
-306.131676
-308.709024
-308.995396
-309.281768
-308.709024
-307.849908
-307.563536
-303.840700
-302.408840
-300.690608
-296.108656
-292.958564
-287.803867
-282.935543
-275.489871
-267.757827
-258.593923
-250.861878
-239.979742
-230.529466
-218.501842
-205.615101
-193.014733
-179.841621
-164.950276
-150.918048
-136.026703
-120.276243
-101.375691
-85.625230
-70.447514
-54.124309
-37.801105
-20.046041
-4.295580
10.451408
25.704814
39.545867
53.386921
65.815622
79.374205
91.802906
103.101726
114.965486
125.134423
138.410536
150.556767
162.138056
172.589464
186.430518
201.683924
214.960036
224.281562
233.320618
243.207084
253.376022
262.132607
271.736603
278.798365
286.707539
294.899183
301.396004
305.350590
308.175295
310.435059
309.870118
310.717530
311.000000
309.870118
309.587648
308.457766
307.610354
304.220708
302.243415
299.136240
294.334242
290.379655
284.447775
277.950954
270.041780
261.850136
252.528610
243.207084
231.908265
220.891916
208.180745
195.187103
180.781108
166.375114
151.969119
137.563124
122.309718
104.514078
88.413261
71.465032
57.906449
41.240690
24.574932
8.756585
-6.300184
-20.905157
-36.082873
-50.401473
-64.147330
-75.888582
-89.634438
-99.943831
-111.971455
-123.999079
-136.026703
-148.340700
-160.081952
-169.532228
-183.564457
-198.455801
-212.488029
-223.083794
-231.388582
-241.125230
-250.575506
-260.598527
-268.903315
-276.348987
-284.940147
-293.817680
-298.972376
-304.127072
-306.131676
-307.849908
-308.422652
-308.136280
-308.136280
-308.136280
-307.849908
-306.131676
-303.840700
-300.404236
-299.545120
-296.108656
-291.526703
-287.517495
-282.362799
-274.917127
-267.757827
-258.021179
-250.002762
-240.266114
-230.815838
-218.501842
-207.046961
-192.441989
-178.982505
-164.663904
-150.345304
-137.744936
-119.703499
-103.093923
-85.625230
-69.015654
-54.983425
-37.801105
-21.764273
-4.581952
9.886467
24.292461
39.545867
53.386921
66.098093
78.809264
91.237965
101.971844
113.835604
124.851953
136.998183
149.144414
160.725704
171.742053
185.300636
200.554042
213.547684
224.281562
232.190736
243.207084
252.528610
261.567666
272.019074
278.233424
287.554950
294.051771
301.113533
305.068120
307.610354
308.740236
310.152589
309.870118
309.587648
310.152589
309.870118
308.740236
307.045413
303.373297
301.960945
298.006358
293.769301
290.379655
283.882834
277.950954
270.606721
261.002725
251.398728
243.489555
231.060854
220.609446
208.180745
194.622162
181.346049
165.245232
152.251589
138.128065
120.614896
103.949137
87.565849
72.877384
56.776567
40.393279
24.009991
6.779292
-7.159300
-21.764273
-36.369245
-51.833333
-63.288214
-77.320442
-88.488950
-100.516575
-112.257827
-123.426335
-136.313076
-147.767956
-160.941068
-170.104972
-183.564457
-199.887661
-212.201657
-223.370166
-232.820442
-241.125230
-252.580110
-260.884899
-269.762431
-277.780847
-284.940147
-293.244936
-298.972376
-302.981584
-305.845304
-307.563536
-309.854512
-308.709024
-308.709024
-307.277164
-308.136280
-306.131676
-305.272560
-301.836096
-300.117864
-294.676796
-292.672192
-287.517495
-282.935543
-275.203499
-268.044199
-258.307551
-250.289134
-239.406998
-229.670350
-217.356354
-205.042357
-192.441989
-177.550645
-163.232044
-149.772560
-135.740331
-118.271639
-100.516575
-83.906998
-68.442910
-54.124309
-36.369245
-18.614180
-3.150092
11.581290
25.987284
40.675749
55.364214
67.792916
81.069028
93.215259
104.231608
114.965486
126.546776
139.822888
150.839237
162.420527
173.719346
185.583106
202.813806
215.524977
226.258856
234.450500
244.619437
253.940963
263.544959
272.866485
279.928247
287.272480
294.899183
301.396004
306.198002
308.740236
309.305177
310.717530
310.717530
310.717530
311.000000
309.305177
309.587648
307.327884
305.068120
301.678474
298.006358
294.334242
289.814714
284.730245
278.798365
269.759310
261.850136
253.376022
243.207084
232.190736
221.174387
208.180745
195.187103
180.498638
165.810173
151.686649
138.128065
121.744777
104.231608
88.130790
72.029973
57.341508
40.393279
23.727520
8.756585
-6.586556
-20.905157
-36.369245
-50.115101
-62.715470
-76.174954
-88.488950
-100.516575
-111.398711
-123.426335
-135.740331
-147.481584
-160.368324
-169.818600
-184.709945
-200.174033
-212.488029
-223.370166
-232.247698
-241.125230
-251.148250
-260.598527
-269.762431
-277.208103
-285.799263
-293.244936
-299.831492
-304.413444
-305.272560
-307.849908
-308.709024
-308.422652
-308.709024
-308.422652
-307.849908
-306.704420
-304.413444
-302.122468
-299.831492
-295.535912
-290.667587
-286.658379
-281.503683
-274.058011
-266.039595
-257.734807
-249.716390
-239.120626
-229.956722
-218.215470
-206.187845
-192.155617
-178.409761
-162.945672
-150.058932
-136.026703
-119.130755
-102.807551
-84.193370
-69.015654
-54.410681
-36.941989
-20.618785
-4.868324
11.298819
24.857402
40.393279
54.516803
67.227975
78.526794
90.955495
101.971844
112.988193
124.569482
137.280654
149.709355
160.443233
171.177112
184.735695
200.836512
214.112625
224.564033
233.603088
243.489555
252.811081
262.697548
271.171662
279.363306
287.272480
294.616712
300.831063
305.350590
307.327884
309.305177
310.717530
310.152589
310.435059
309.305177
310.152589
308.175295
307.045413
305.068120
301.678474
298.571299
294.334242
288.967302
283.600363
276.821072
270.606721
261.285195
252.246140
242.642144
231.625795
220.891916
208.463215
194.904632
181.063579
165.810173
151.969119
136.998183
121.179837
104.514078
87.848320
71.747502
57.623978
40.393279
24.009991
7.344233
-6.872928
-20.905157
-35.796501
-50.401473
-62.715470
-76.461326
-88.775322
-99.943831
-110.539595
-123.999079
-135.740331
-147.481584
-160.081952
-169.532228
-184.423573
-199.887661
-211.628913
-223.656538
-231.674954
-242.270718
-252.007366
-260.884899
-270.048803
-277.494475
-285.799263
-293.531308
-298.686004
-303.840700
-306.131676
-308.136280
-308.136280
-308.422652
-308.709024
-307.849908
-308.422652
-306.131676
-303.840700
-302.695212
-297.826888
-295.822284
-290.953959
-287.231123
-281.217311
-274.058011
-266.039595
-258.021179
-249.143646
-241.125230
-229.097606
-218.501842
-204.755985
-191.582873
-177.837017
-163.804788
-149.772560
-136.026703
-117.126151
-100.516575
-83.047882
-68.156538
-52.978821
-36.655617
-20.046041
-3.150092
11.298819
25.987284
41.523161
54.516803
68.075386
81.069028
93.215259
103.949137
115.530427
126.546776
140.387829
151.121708
163.267938
172.871935
187.277929
202.813806
214.960036
225.128974
233.038147
244.336966
253.658492
262.980018
272.301544
279.363306
287.837421
294.334242
301.678474
305.350590
308.457766
309.587648
309.587648
311.000000
309.870118
309.870118
309.870118
308.457766
307.045413
304.220708
302.525886
298.006358
293.204360
289.249773
283.317893
276.538601
269.194369
261.285195
252.528610
242.642144
232.190736
219.479564
207.615804
194.622162
181.063579
164.962761
151.686649
137.563124
120.614896
103.666667
86.718438
71.182561
56.494096
39.263397
22.032698
6.779292
-8.018416
-21.477901
-37.514733
-51.833333
-64.433702
-77.606814
-89.061694
-101.089319
-113.116943
-124.571823
-137.172192
-148.913444
-160.941068
-171.250460
-184.709945
-200.746777
-213.633517
-223.656538
-232.820442
-241.697974
-251.434622
-261.457643
-270.621547
-277.780847
-286.658379
-293.244936
-298.972376
-303.554328
-306.131676
-308.422652
-308.422652
-308.422652
-307.849908
-307.849908
-307.849908
-306.418048
-304.413444
-302.408840
-300.117864
-294.390424
-292.672192
-285.799263
-281.217311
-274.344383
-266.898711
-258.307551
-248.284530
-239.406998
-228.811234
-218.501842
-205.328729
-191.869245
-178.123389
-162.945672
-150.058932
-136.026703
-119.130755
-100.802947
-85.052486
-69.874770
-53.551565
-36.655617
-19.186924
-4.295580
10.733878
26.269755
39.545867
54.799273
67.227975
79.939146
92.367847
102.254314
114.965486
125.416894
137.563124
149.991826
161.290645
172.024523
185.018165
201.966394
214.395095
224.564033
233.320618
244.336966
252.528610
263.262489
271.454133
279.645777
286.990009
294.899183
301.678474
305.633061
308.175295
309.587648
309.587648
310.717530
309.305177
309.870118
309.870118
308.175295
306.762943
303.655767
301.113533
298.006358
293.204360
289.249773
283.600363
276.538601
269.759310
260.155313
250.833787
241.512262
231.343324
219.762035
206.768392
193.209809
179.368756
164.397820
150.556767
135.868302
120.332425
101.971844
85.588556
71.182561
55.081744
39.263397
22.032698
7.061762
-8.591160
-23.482505
-38.373849
-52.119705
-64.433702
-76.747698
-90.207182
-101.662063
-111.685083
-124.285451
-136.026703
-149.199816
-159.509208
-171.250460
-184.709945
-200.746777
-212.488029
-223.083794
-232.534070
-241.411602
-251.720994
-261.457643
-269.476059
-277.494475
-286.085635
-292.672192
-300.117864
-303.840700
-306.131676
-308.422652
-308.422652
-308.422652
-308.709024
-308.136280
-307.849908
-306.418048
-304.127072
-302.122468
-299.258748
-296.395028
-291.240331
-287.231123
-281.503683
