303.675725
304.239130
305.647645
305.647645
304.802536
305.084239
304.239130
302.548913
301.422101
297.759964
295.788043
290.153986
287.336957
281.139493
275.505435
267.336051
258.884964
249.588768
238.884058
227.897645
216.066123
204.234601
190.712862
176.346014
161.697464
147.048913
133.808877
118.878623
100.004529
82.820652
65.636775
49.579710
34.931159
17.465580
1.408514
-14.187956
-28.092153
-42.847628
-57.319343
-69.520985
-82.006387
-93.924270
-105.842153
-115.489964
-126.840328
-138.758212
-150.676095
-163.445255
-172.241788
-183.024635
-198.631387
-213.103102
-223.602190
-232.966241
-240.343978
-250.559307
-260.207117
-267.584854
-275.813869
-282.907847
-291.136861
-299.082117
-303.622263
-307.594891
-308.729927
-310.148723
-310.148723
-309.581204
-311.000000
-310.432482
-309.864964
-307.594891
-305.892336
-302.203467
-300.217153
-295.393248
-291.420620
-287.447993
-281.205292
-273.260036
-265.598540
-257.085766
-247.437956
-239.208942
-227.574818
-216.508212
-204.022810
-189.834854
-176.498175
-162.026460
-149.541058
-135.636861
-118.043796
-101.869526
-84.560219
-70.656022
-53.630474
-37.172445
-20.430657
-4.823905
8.732790
25.071558
38.875000
52.678442
65.636775
78.595109
90.990036
101.694746
113.807971
127.329710
139.161232
152.119565
162.260870
174.655797
189.022645
204.798007
217.192935
225.644022
235.785326
246.208333
255.504529
263.673913
272.970109
279.449275
288.463768
296.069746
302.548913
304.802536
307.619565
307.901268
309.309783
308.464674
308.464674
308.182971
307.901268
305.929348
302.548913
300.013587
296.914855
293.252717
288.463768
284.238225
277.477355
269.871377
263.110507
252.405797
243.673007
232.686594
220.291667
208.460145
195.220109
180.571558
166.486413
150.711051
137.471014
122.540761
103.948370
87.609601
70.989130
54.932065
38.875000
21.972826
5.352355
-9.080292
-24.403285
-38.307482
-52.211679
-66.683394
-78.317518
-91.086679
-102.153285
-113.787409
-125.137774
-135.069343
-147.838504
-159.756387
-170.822993
-180.754562
-194.942518
-210.265511
-221.332117
-229.844891
-238.641423
-247.721715
-257.653285
-267.301095
-274.678832
-282.340328
-290.569343
-297.379562
-303.338504
-306.176095
-307.878650
-309.013686
-308.729927
-310.432482
-309.864964
-309.581204
-308.162409
-306.743613
-306.459854
-302.487226
-299.649635
-295.109489
-290.853102
-286.880474
-280.070255
-273.827555
-264.747263
-255.950730
-246.019161
-236.655109
-225.020985
-215.373175
-201.752737
-188.416058
-174.795620
-160.891423
-147.270985
-133.366788
-114.922445
-98.748175
-83.992701
-68.102190
-53.062956
-35.753650
-18.444343
-3.121350
11.268116
26.480072
40.846920
54.932065
68.172101
80.848732
93.525362
104.230072
115.216486
127.611413
139.442935
152.964674
164.232790
174.937500
190.712862
206.206522
217.474638
226.489130
236.348732
246.771739
256.067935
265.645833
274.378623
281.702899
289.872283
296.914855
303.112319
305.929348
307.337862
308.464674
310.154891
308.746377
308.746377
309.591486
308.746377
307.056159
304.239130
301.422101
298.323370
294.379529
289.308877
286.210145
279.167572
271.843297
263.955616
254.659420
245.081522
233.813406
221.700181
210.150362
196.346920
183.670290
168.176630
153.246377
140.288043
124.794384
107.892210
90.426630
73.524457
58.594203
42.255435
25.353261
9.014493
-7.377737
-21.849453
-34.902372
-51.076642
-63.278285
-76.331204
-88.532847
-100.166971
-111.233577
-122.016423
-133.934307
-145.000912
-158.621350
-168.269161
-179.335766
-194.091241
-208.562956
-220.197080
-228.709854
-238.925182
-246.586679
-257.653285
-267.017336
-274.395073
-281.772810
-289.718066
-297.379562
-303.054745
-305.892336
-307.594891
-307.878650
-308.729927
-309.581204
-309.013686
-309.581204
-307.878650
-305.608577
-303.338504
-301.635949
-298.230839
-293.974453
-291.136861
-284.894161
-279.502737
-272.125000
-263.612226
-255.383212
-248.289234
-236.938869
-225.872263
-214.521898
-201.468978
-188.132299
-175.363139
-160.607664
-147.838504
-133.650547
-115.206204
-98.748175
-82.290146
-68.385949
-52.211679
-34.902372
-19.295620
-3.405109
11.549819
26.480072
40.565217
54.932065
66.200181
80.848732
92.961957
103.666667
114.934783
126.484601
138.879529
151.837862
161.697464
175.219203
189.304348
205.079710
217.474638
226.770833
236.348732
247.335145
256.913043
264.800725
274.096920
281.984601
289.590580
298.041667
303.394022
306.211051
307.056159
308.182971
309.591486
309.028080
309.873188
307.901268
308.746377
306.774457
303.957428
301.703804
298.323370
293.534420
289.590580
285.365036
278.604167
270.998188
263.110507
254.659420
245.081522
234.376812
223.108696
209.868659
197.473732
182.825181
168.458333
154.373188
140.569746
126.202899
108.173913
89.581522
74.369565
58.875906
43.100543
26.198370
10.423007
-5.958942
-20.714416
-34.902372
-49.941606
-62.427007
-75.763686
-87.681569
-100.166971
-110.949818
-122.583942
-134.785584
-146.135949
-158.905109
-167.134124
-178.484489
-193.523723
-207.711679
-220.197080
-228.709854
-237.222628
-247.721715
-257.653285
-266.733577
-273.827555
-282.056569
-290.285584
-297.379562
-304.189781
-305.041058
-307.878650
-308.446168
-309.013686
-309.297445
-308.446168
-309.297445
-306.743613
-305.608577
-304.473540
-301.068431
-298.514599
-293.974453
-290.853102
-284.610401
-278.367701
-272.125000
-263.044708
-255.099453
-246.019161
-236.087591
-226.156022
-213.670620
-202.036496
-187.848540
-174.511861
-159.756387
-147.270985
-133.083029
-114.638686
-98.748175
-82.290146
-67.534672
-51.644161
-35.186131
-17.025547
-2.837591
11.549819
27.043478
41.128623
56.058877
68.172101
80.848732
92.961957
103.666667
115.216486
126.484601
140.569746
152.401268
161.979167
175.219203
189.586051
205.924819
217.756341
225.925725
237.475543
247.335145
256.913043
266.490942
274.660326
282.548007
290.717391
297.478261
301.985507
305.365942
307.619565
307.901268
309.591486
309.028080
308.746377
309.309783
308.464674
305.929348
304.520833
301.422101
298.886775
294.379529
290.153986
285.083333
279.449275
271.843297
263.955616
254.377717
244.518116
235.221920
223.390399
211.558877
197.192029
183.388587
169.866848
154.373188
141.696558
126.766304
109.019022
91.835145
74.932971
60.566123
43.663949
26.761775
10.986413
-5.391423
-19.579380
-34.334854
-49.090328
-62.994526
-74.344891
-88.532847
-99.315693
-110.098540
-122.016423
-133.083029
-146.135949
-158.621350
-167.417883
-179.903285
-194.091241
-208.279197
-220.197080
-228.709854
-238.357664
-248.005474
-257.653285
-267.017336
-274.111314
-282.340328
-290.569343
-297.947080
-303.622263
-306.176095
-307.878650
-308.162409
-309.581204
-309.297445
-309.013686
-308.446168
-307.878650
-306.176095
-304.473540
-300.217153
-298.798358
-293.690693
-290.285584
-284.326642
-278.651460
-271.557482
-263.612226
-254.531934
-245.451642
-235.803832
-224.737226
-213.670620
-200.333942
-188.416058
-174.228102
-160.040146
-146.419708
-130.812956
-115.206204
-97.896898
-81.722628
-66.399635
-49.941606
-34.051095
-16.458029
-0.567518
13.240036
28.170290
42.537138
55.495471
69.017210
81.412138
93.243659
104.230072
115.216486
128.174819
140.288043
152.682971
163.669384
174.092391
190.712862
205.361413
217.192935
226.489130
236.630435
246.771739
255.786232
265.645833
273.533514
282.266304
290.153986
297.478261
303.675725
305.647645
307.337862
308.464674
309.873188
309.028080
309.591486
308.746377
307.619565
307.901268
303.957428
301.140399
298.605072
293.534420
290.153986
285.928442
278.604167
272.688406
263.955616
255.786232
245.081522
234.940217
223.672101
211.558877
198.600543
183.951993
170.711957
154.936594
141.978261
127.611413
109.019022
92.116848
76.341486
61.129529
45.635870
27.325181
10.986413
-3.688869
-18.444343
-32.632299
-47.955292
-61.008212
-73.777372
-86.546533
-97.613139
-108.963504
-119.746350
-132.231752
-145.000912
-157.202555
-166.282847
-177.349453
-192.672445
-206.860401
-218.778285
-227.291058
-237.506387
-245.451642
-256.802007
-265.882299
-273.827555
-280.070255
-289.150547
-297.663321
-302.770985
-305.608577
-306.743613
-308.162409
-309.581204
-307.311131
-308.446168
-307.878650
-306.743613
-306.459854
-302.203467
-300.784672
-296.528285
-293.406934
-290.001825
-283.191606
-278.367701
-272.408759
-263.612226
-254.248175
-245.451642
-234.668796
-224.453467
-212.535584
-200.050182
-186.429745
-171.390511
-157.770073
-144.717153
-130.529197
-112.084854
-95.626825
-79.736314
-64.413321
-48.239051
-30.929745
-14.755474
0.845109
14.930254
29.578804
43.663949
57.467391
71.270833
83.384058
96.060688
107.328804
118.878623
130.710145
143.105072
156.063406
165.923007
176.909420
192.966486
208.741848
220.291667
228.179348
239.165761
247.898551
257.476449
267.336051
274.378623
283.111413
290.153986
297.759964
303.957428
307.056159
307.901268
309.873188
310.154891
310.436594
309.873188
310.436594
308.464674
307.337862
303.957428
301.703804
298.323370
293.816123
290.435688
285.365036
279.449275
271.843297
263.673913
255.504529
246.490036
236.067029
223.953804
211.840580
198.600543
185.078804
170.148551
154.936594
142.541667
127.611413
109.864130
92.398551
76.059783
61.411232
45.072464
27.325181
11.549819
-3.405109
-19.295620
-32.916058
-47.104015
-60.724453
-73.493613
-87.397810
-98.180657
-109.247263
-121.165146
-132.515511
-144.717153
-156.918796
-167.417883
-178.768248
-192.104927
-208.562956
-218.778285
-228.142336
-238.073905
-247.437956
-257.085766
-266.449818
-274.395073
-281.205292
-290.569343
-297.095803
-303.054745
-305.324818
-308.162409
-308.446168
-307.878650
-308.729927
-308.729927
-307.878650
-307.311131
-305.041058
-303.622263
-299.933394
-296.812044
-292.555657
-288.015511
-284.042883
-278.083942
-271.557482
-263.044708
-255.383212
-245.451642
-235.236314
-224.737226
-211.400547
-199.766423
-185.862226
-172.241788
-158.053832
-144.717153
-129.677920
-113.219891
-95.626825
-78.885036
-64.697080
-49.374088
-31.781022
-14.755474
0.563406
14.930254
29.297101
43.663949
57.467391
71.270833
83.665761
96.060688
106.201993
117.470109
130.428442
141.978261
154.373188
165.359601
176.346014
190.994565
207.051630
219.164855
227.615942
237.475543
248.180254
257.476449
267.336051
274.942029
283.956522
290.435688
298.886775
303.675725
305.929348
307.901268
309.873188
309.309783
310.718297
309.591486
309.028080
308.464674
307.056159
303.394022
301.985507
299.168478
294.097826
289.872283
287.055254
278.885870
271.843297
263.955616
253.814312
245.363225
235.503623
223.672101
210.713768
198.318841
185.078804
169.866848
155.218297
142.541667
127.048007
110.145833
92.961957
76.059783
62.256341
44.227355
28.733696
11.831522
-3.405109
-17.876825
-32.348540
-47.387774
-61.008212
-74.061131
-85.979015
-97.613139
-109.531022
-120.597628
-132.515511
-144.433394
-156.918796
-166.566606
-178.484489
-192.956204
-207.995438
-219.062044
-227.291058
-237.506387
-247.437956
-257.085766
-266.166058
-274.395073
-282.624088
-288.866788
-297.379562
-303.054745
-305.324818
-307.027372
-307.594891
-309.013686
-309.013686
-308.446168
-307.878650
-306.743613
-305.324818
-302.770985
-300.500912
-297.379562
-291.420620
-289.150547
-283.475365
-277.516423
-270.138686
-262.477190
-253.964416
-244.600365
-236.087591
-224.453467
-212.819343
-199.198905
-187.564781
-171.390511
-158.053832
-144.433394
-129.394161
-110.666058
-95.059307
-78.601277
-63.278285
-47.671533
-31.213504
-14.755474
1.408514
16.338768
30.705616
44.790761
57.467391
70.989130
83.947464
95.215580
106.765399
118.596920
129.019928
141.696558
154.936594
164.796196
176.627717
192.403080
207.051630
218.601449
227.615942
238.038949
247.335145
257.194746
266.772645
274.378623
282.266304
290.435688
298.323370
303.394022
306.774457
307.056159
309.873188
309.873188
309.309783
309.873188
309.309783
308.464674
306.774457
304.520833
301.703804
297.759964
295.224638
289.590580
285.083333
279.449275
270.998188
262.828804
254.096014
245.926630
234.940217
223.390399
210.995471
198.882246
184.797101
169.866848
155.781703
142.541667
128.174819
109.019022
92.961957
77.750000
61.129529
45.635870
29.015399
12.113225
-2.553832
-18.728102
-32.348540
-46.820255
-60.156934
-74.061131
-87.114051
-97.896898
-109.247263
-119.746350
-132.799270
-144.149635
-157.770073
-165.999088
-177.916971
-192.104927
-207.711679
-219.913321
-228.426095
-237.790146
-247.721715
-256.802007
-267.017336
-274.962591
-281.772810
-290.285584
-297.095803
-303.622263
-305.041058
-306.743613
-307.878650
-307.878650
-308.729927
-308.162409
-307.878650
-306.459854
-305.324818
-303.338504
-300.500912
-297.663321
-292.839416
-288.583029
-283.759124
-278.083942
-270.422445
-261.909672
-253.396898
-244.884124
-234.101277
-223.318431
-211.684307
-199.482664
-186.713504
-171.106752
-158.337591
-144.433394
-130.245438
-111.801095
-95.059307
-79.452555
-64.129562
-47.104015
-30.929745
-13.904197
1.126812
16.620471
30.705616
44.227355
59.439312
71.270833
83.947464
95.778986
106.483696
118.596920
130.710145
142.541667
154.091486
163.951087
176.346014
190.994565
207.615036
218.601449
227.615942
237.475543
246.771739
257.476449
266.772645
274.096920
283.393116
291.280797
298.323370
304.802536
306.492754
308.182971
308.746377
309.309783
309.309783
309.591486
309.591486
308.182971
307.337862
304.239130
301.422101
300.013587
294.379529
290.153986
285.365036
279.449275
272.125000
262.547101
254.377717
244.799819
235.221920
223.953804
211.558877
199.163949
184.515399
170.430254
156.063406
142.541667
127.611413
109.582428
93.243659
76.341486
62.256341
45.635870
28.170290
11.549819
-3.121350
-17.593066
-32.916058
-47.104015
-60.724453
-73.209854
-86.546533
-97.045620
-108.112226
-120.597628
-132.515511
-145.000912
-157.202555
-166.282847
-178.484489
-192.956204
-207.427920
-219.062044
-227.858577
-238.073905
-247.437956
-257.085766
-266.733577
-274.111314
-282.624088
-290.001825
-297.379562
-303.338504
-304.757299
-306.176095
-307.878650
-308.446168
-308.162409
-308.729927
-307.027372
-307.027372
-305.041058
-303.338504
-299.933394
-298.230839
-291.704380
-289.150547
-282.340328
-278.083942
-271.841241
-262.760949
-253.964416
-244.884124
-234.952555
-223.602190
-212.819343
-198.915146
-186.145985
-170.539234
-157.770073
-143.865876
-127.975365
-110.949818
-93.640511
-78.601277
-62.994526
-47.104015
-30.929745
-13.052920
2.253623
15.211957
30.423913
44.227355
58.875906
71.552536
83.665761
95.778986
106.483696
118.033514
130.428442
143.105072
155.500000
165.641304
177.472826
192.403080
207.896739
219.164855
228.179348
237.757246
248.180254
258.039855
266.772645
275.223732
282.829710
290.999094
298.605072
304.520833
306.211051
307.337862
309.591486
309.309783
310.436594
309.873188
308.746377
308.182971
306.211051
303.957428
301.985507
298.605072
294.097826
290.153986
285.365036
279.167572
272.125000
263.955616
254.377717
245.926630
234.095109
223.672101
211.277174
198.882246
185.078804
170.711957
156.345109
142.541667
128.174819
109.300725
92.680254
77.750000
62.256341
45.917572
28.170290
12.394928
-3.688869
-18.444343
-33.199818
-47.104015
-60.440693
-73.777372
-86.262774
-97.613139
-110.098540
-119.746350
-132.799270
-145.568431
-156.918796
-167.417883
-178.484489
-193.239964
-209.130474
-220.480839
-227.858577
-238.641423
-248.289234
-257.085766
-266.733577
-274.111314
-281.205292
-290.001825
-297.947080
-302.487226
-305.608577
-306.176095
-307.878650
-307.878650
-307.878650
-307.878650
-307.311131
-305.608577
-305.041058
-302.770985
-300.217153
-297.379562
-293.123175
-289.718066
-282.907847
-278.083942
-270.706204
-262.477190
-253.964416
-244.884124
-234.101277
-223.318431
-210.833029
-198.347628
-184.727190
-170.822993
-157.770073
-143.865876
-128.826642
-110.382299
-93.640511
-78.033759
-63.278285
-47.104015
-30.078467
-12.485401
2.535326
17.183877
32.114130
46.199275
58.875906
71.552536
84.229167
97.187500
107.328804
117.751812
130.710145
141.696558
154.936594
165.077899
176.909420
192.684783
208.460145
220.291667
227.615942
238.884058
247.335145
257.758152
267.617754
274.942029
282.829710
290.717391
298.605072
303.675725
306.211051
307.901268
309.309783
309.873188
309.873188
309.873188
308.746377
308.464674
307.056159
303.675725
301.703804
298.323370
293.534420
289.872283
285.365036
278.604167
271.561594
262.828804
254.659420
245.926630
234.940217
223.953804
211.558877
198.882246
184.515399
170.148551
155.781703
142.259964
126.484601
109.300725
92.116848
76.059783
61.411232
45.072464
28.451993
11.268116
-4.256387
-18.444343
-33.767336
-47.387774
-61.008212
-73.777372
-86.546533
-97.329380
-110.382299
-121.448905
-132.515511
-145.000912
-156.918796
-166.566606
-179.335766
-194.375000
-208.846715
-218.778285
-228.142336
-237.506387
-247.154197
-257.085766
-266.449818
-274.395073
-282.056569
-289.150547
-297.379562
-302.770985
-304.757299
-307.311131
-308.446168
-307.311131
-308.446168
-308.162409
-307.311131
-307.311131
-305.324818
-302.487226
-299.365876
-297.663321
-293.123175
-288.299270
-283.759124
-277.232664
-270.138686
-262.193431
-252.829380
-244.884124
-234.101277
-223.602190
-210.549270
-198.631387
-185.578467
-170.822993
-157.202555
-143.865876
-128.542883
-110.666058
-93.356752
-77.182482
-62.710766
-45.968978
-28.943431
-12.485401
3.380435
17.465580
31.269022
46.480978
59.157609
72.115942
85.074275
95.215580
107.328804
117.751812
131.555254
142.259964
155.500000
165.359601
176.909420
192.966486
208.741848
220.009964
228.461051
238.602355
248.743659
258.321558
267.617754
275.223732
283.393116
290.717391
297.759964
304.520833
306.492754
307.619565
309.873188
309.028080
309.873188
309.028080
309.873188
309.028080
305.929348
304.520833
301.422101
298.323370
293.816123
289.308877
285.083333
278.040761
271.843297
262.547101
254.377717
245.926630
234.940217
223.108696
210.995471
198.318841
185.360507
169.866848
155.781703
143.386775
126.766304
110.145833
92.398551
76.904891
61.974638
45.354167
28.733696
11.549819
-3.121350
-17.025547
-32.632299
-46.536496
-59.873175
-73.209854
-83.992701
-97.045620
-109.247263
-120.030109
-132.799270
-145.000912
-156.351277
-166.566606
-178.484489
-194.658759
-207.995438
-219.913321
-227.858577
-238.357664
-248.005474
-257.653285
-266.166058
-274.111314
-281.205292
-288.866788
-297.095803
-302.487226
-305.041058
-306.176095
-308.162409
-307.878650
-307.878650
-307.878650
-307.594891
-305.892336
-305.608577
-301.635949
-298.798358
-297.379562
-291.988139
-288.583029
-283.191606
-277.516423
-269.854927
-261.342153
-253.964416
-243.181569
-234.952555
-223.034672
-210.549270
-198.063869
-183.875912
-169.404197
-154.648723
-142.447080
-126.840328
-109.247263
-91.370438
-77.182482
-61.291971
-44.550182
-27.524635
-10.499088
4.507246
18.310688
32.959239
47.326087
60.566123
74.087862
86.482790
98.032609
110.145833
120.568841
133.245471
145.640399
157.753623
166.768116
178.881341
194.093297
209.868659
220.009964
228.461051
239.447464
249.588768
258.321558
267.899457
275.787138
283.674819
290.717391
298.886775
304.239130
306.774457
308.182971
309.873188
310.718297
309.309783
310.436594
309.028080
309.028080
307.619565
304.520833
302.548913
298.323370
294.661232
289.872283
285.365036
278.322464
271.279891
263.673913
254.659420
245.926630
234.658514
223.672101
211.277174
198.882246
184.515399
170.148551
155.500000
142.541667
126.766304
108.737319
91.835145
77.186594
60.284420
45.354167
28.451993
11.268116
-3.688869
-19.011861
-32.348540
-47.387774
-60.724453
-73.493613
-86.830292
-97.329380
-109.531022
-120.313869
-132.799270
-145.284672
-156.918796
-167.134124
-178.768248
-193.239964
-208.279197
-219.913321
-228.142336
-238.641423
-248.289234
-257.653285
-266.449818
-274.678832
-281.772810
-290.569343
-296.812044
-302.487226
-305.608577
-306.459854
-307.594891
-308.162409
-307.311131
-307.311131
-307.027372
-305.608577
-304.473540
-301.635949
-298.798358
-295.677007
-291.988139
-287.447993
-283.191606
-276.948905
-269.854927
-261.909672
-252.545620
-243.465328
-233.250000
-221.899635
-210.265511
-196.928832
-184.159672
-168.836679
-155.216241
-141.312044
-125.705292
-108.112226
-90.235401
-76.047445
-59.873175
-43.982664
-26.957117
-10.499088
5.352355
19.437500
33.804348
47.889493
61.411232
75.496377
90.426630
99.722826
110.709239
123.104167
133.527174
146.203804
158.317029
169.021739
180.571558
194.938406
210.995471
221.700181
230.432971
240.574275
250.433877
260.575181
269.026268
276.632246
284.801630
291.562500
300.013587
304.802536
307.056159
308.746377
309.873188
310.154891
311.000000
309.873188
310.436594
309.591486
306.774457
305.084239
301.985507
298.886775
294.379529
290.717391
284.801630
278.604167
272.406703
263.392210
255.222826
245.644928
235.221920
223.953804
211.277174
199.445652
185.078804
171.275362
156.345109
142.259964
127.329710
109.019022
92.961957
77.186594
63.101449
44.509058
27.606884
11.549819
-3.688869
-17.025547
-32.348540
-45.685219
-59.021898
-72.358577
-85.979015
-96.761861
-108.112226
-119.462591
-133.083029
-144.717153
-156.351277
-166.566606
-178.768248
-193.239964
-208.846715
-220.480839
-227.858577
-238.357664
-248.005474
-257.653285
-267.584854
-274.962591
-281.489051
-290.569343
-296.244526
-302.770985
-304.189781
-306.176095
-307.311131
-307.311131
-307.878650
-308.162409
-306.743613
-305.892336
-303.906022
-301.068431
-299.933394
-295.677007
-291.420620
-287.447993
-281.772810
-276.665146
-268.719891
-260.774635
-253.113139
-242.330292
-233.250000
-222.750912
-209.981752
-196.645073
-184.159672
-169.120438
-154.932482
-142.730839
-125.137774
-108.679745
-90.802920
-75.196168
-60.724453
-43.415146
-27.524635
-10.499088
3.943841
19.437500
33.522645
47.044384
61.129529
73.524457
86.764493
98.032609
108.737319
119.723732
133.245471
145.358696
156.626812
166.768116
178.599638
194.375000
210.432065
220.009964
229.869565
239.165761
249.870471
259.448370
268.462862
276.350543
283.956522
291.844203
298.886775
304.802536
307.337862
307.619565
310.436594
310.436594
310.718297
310.436594
309.873188
309.309783
306.492754
304.520833
301.985507
298.605072
294.097826
290.435688
285.083333
278.885870
271.561594
263.110507
254.941123
245.081522
234.376812
224.235507
211.277174
199.163949
185.078804
169.866848
156.345109
142.259964
127.048007
108.455616
92.116848
76.341486
61.974638
45.917572
28.451993
10.986413
-3.405109
-18.444343
-32.632299
-47.387774
-59.305657
-73.493613
-85.695255
-97.896898
-108.679745
-120.313869
-133.366788
-145.284672
-156.635036
-167.134124
-179.052007
-194.658759
-209.130474
-220.480839
-229.561131
-238.641423
-248.572993
-257.369526
-267.301095
-274.395073
-281.205292
-290.853102
-296.528285
-303.054745
-305.324818
-305.324818
-306.743613
-306.743613
-306.743613
-307.594891
-306.459854
-306.176095
-304.757299
-302.770985
-299.649635
-295.677007
-291.988139
-288.299270
-282.907847
-277.516423
-268.719891
-262.193431
-252.545620
-242.614051
-233.817518
-221.899635
-209.697993
-197.496350
-182.457117
-168.552920
-154.648723
-142.447080
-126.840328
-108.963504
-91.086679
-75.763686
-60.156934
-43.982664
-27.240876
-11.634124
4.507246
19.155797
33.804348
48.171196
60.847826
74.369565
86.201087
97.469203
108.173913
120.005435
132.118659
143.668478
157.190217
166.204710
178.317935
194.375000
209.305254
220.573370
229.024457
239.447464
249.307065
258.884964
267.617754
275.505435
284.238225
292.125906
298.886775
304.520833
306.211051
308.182971
309.028080
310.154891
310.718297
309.873188
309.873188
308.182971
307.056159
304.802536
302.267210
297.759964
294.942935
289.872283
285.083333
278.885870
271.561594
262.828804
254.377717
245.363225
234.940217
224.235507
211.277174
198.318841
184.233696
169.585145
155.781703
142.541667
127.048007
110.145833
92.116848
76.341486
62.256341
44.509058
28.733696
12.676630
-2.837591
-17.025547
-32.916058
-46.820255
-60.156934
-72.642336
-84.560219
-97.045620
-108.112226
-119.462591
-131.947993
-145.000912
-155.783759
-165.999088
-178.484489
-193.807482
-209.130474
-220.197080
-228.426095
-238.641423
-248.005474
-257.653285
-265.314781
-274.395073
-282.340328
-289.150547
-297.095803
-301.352190
-304.473540
-305.608577
-306.743613
-307.878650
-307.594891
-306.176095
-306.176095
-305.892336
-303.622263
-302.203467
-298.230839
-294.825730
-291.136861
-287.447993
-281.772810
-274.962591
-269.287409
-260.207117
-251.126825
-242.897810
-233.250000
-221.899635
-209.981752
-195.793796
-183.024635
-167.701642
-152.946168
-139.893248
-124.570255
-108.112226
-89.384124
-74.344891
-58.738139
-43.131387
-25.822080
-9.647810
5.915761
20.282609
35.212862
49.579710
62.538043
76.059783
88.454710
99.722826
111.554348
122.540761
134.653986
146.767210
158.317029
168.458333
180.008152
196.910326
210.995471
222.263587
230.432971
240.292572
250.715580
259.730072
269.026268
276.632246
284.519928
292.689312
298.886775
305.647645
307.337862
308.464674
309.873188
309.873188
311.000000
309.309783
309.873188
308.746377
307.056159
304.802536
301.985507
299.168478
295.788043
289.872283
285.646739
279.167572
271.279891
262.547101
255.222826
245.363225
234.940217
224.235507
210.713768
198.882246
184.233696
169.866848
154.936594
142.259964
125.639493
108.737319
91.553442
75.778080
61.129529
44.227355
27.043478
10.986413
-3.688869
-18.728102
-34.051095
-47.387774
-61.008212
-74.628650
-85.979015
-98.180657
-108.963504
-121.165146
-133.366788
-144.433394
-157.202555
-166.850365
-179.335766
-194.658759
-208.562956
-218.778285
-228.426095
-238.357664
-248.572993
-257.653285
-267.301095
-274.111314
-282.056569
-290.569343
-296.528285
-303.054745
-305.324818
-305.892336
-306.459854
-306.743613
-307.027372
-306.459854
-306.176095
-304.757299
-303.338504
-300.784672
-297.095803
-295.393248
-291.704380
-286.880474
-281.205292
-276.665146
-268.436131
-259.923358
-252.261861
-242.330292
-232.682482
-221.332117
-209.414234
-197.212591
-182.740876
-168.269161
-153.513686
-140.460766
-125.989051
-107.544708
-89.951642
-75.196168
-58.454380
-42.847628
-26.673358
-9.647810
4.788949
19.719203
34.086051
49.016304
61.411232
74.932971
87.327899
99.441123
110.427536
121.695652
133.808877
145.640399
158.035326
168.458333
179.726449
196.065217
210.713768
221.136775
230.151268
240.292572
249.588768
261.138587
268.744565
276.913949
285.365036
291.844203
299.450181
305.084239
306.774457
308.464674
309.309783
310.436594
309.309783
310.718297
308.746377
308.746377
307.056159
303.957428
302.267210
298.041667
294.661232
289.872283
284.238225
278.322464
270.716486
263.110507
253.814312
245.926630
234.940217
223.108696
211.277174
198.600543
184.515399
169.866848
154.091486
140.851449
125.357790
107.610507
90.990036
75.778080
60.284420
44.509058
28.170290
10.423007
-3.972628
-19.011861
-32.348540
-47.104015
-60.724453
-73.777372
-87.114051
-98.180657
-109.814781
-122.300182
-133.366788
-146.419708
-156.351277
-167.417883
-179.903285
-196.077555
-209.981752
-220.764599
-229.561131
-238.641423
-248.289234
-258.788321
-267.017336
-274.678832
-283.191606
-290.285584
-297.379562
-303.338504
-303.906022
-305.892336
-307.878650
-307.311131
-307.878650
-307.594891
-305.892336
-305.608577
-303.622263
-299.933394
-299.365876
-295.109489
-291.704380
-286.880474
-281.489051
-275.246350
-267.868613
-260.207117
-251.410584
-241.762774
-231.547445
-221.048358
-207.711679
-195.226277
-182.457117
-167.701642
-154.081204
-140.744526
-124.286496
-107.260949
-88.816606
-75.196168
-59.589416
-43.698905
-25.822080
-9.364051
5.070652
21.127717
34.649457
48.452899
61.411232
75.214674
87.609601
100.004529
110.709239
121.977355
134.372283
147.894022
157.471920
167.049819
180.571558
195.501812
210.995471
221.418478
229.587862
240.855978
249.870471
260.856884
269.026268
276.913949
285.928442
291.844203
300.576993
304.520833
307.337862
308.746377
308.746377
310.436594
310.436594
310.154891
310.436594
308.746377
307.056159
304.520833
301.985507
298.605072
294.379529
289.590580
284.801630
278.040761
270.716486
262.547101
253.250906
243.954710
234.095109
222.826993
209.868659
198.600543
184.233696
169.021739
155.500000
141.696558
126.202899
107.610507
90.990036
74.651268
59.721014
43.945652
25.916667
10.423007
-5.958942
-19.579380
-34.051095
-47.387774
-61.291971
-74.912409
-87.114051
-98.180657
-110.382299
-120.597628
-134.501825
-145.000912
-158.621350
-167.134124
-179.903285
-196.645073
-209.981752
-221.332117
-229.277372
-238.925182
-248.289234
-258.788321
-267.584854
-275.246350
-282.056569
-291.420620
-297.379562
-303.338504
-305.041058
-306.176095
-307.594891
-307.311131
-307.878650
-307.311131
-306.743613
-306.176095
-304.189781
-301.068431
-297.947080
-295.109489
-291.420620
-287.447993
-281.772810
-275.246350
-268.436131
-260.774635
-252.261861
-242.330292
-232.398723
-221.615876
-208.846715
-196.361314
-181.322080
-167.985401
-154.364964
-140.744526
-124.570255
-106.977190
-89.384124
-72.642336
-58.454380
-41.996350
-25.822080
-8.796533
5.070652
20.846014
35.212862
48.171196
62.819746
74.651268
87.891304
99.722826
110.145833
121.695652
133.245471
145.640399
158.598732
167.331522
180.008152
196.910326
211.558877
221.136775
230.714674
240.010870
250.152174
259.730072
269.307971
277.195652
285.083333
292.689312
300.013587
304.520833
306.774457
308.464674
309.591486
309.591486
310.154891
310.154891
309.028080
309.591486
306.492754
303.957428
301.703804
297.759964
294.661232
289.590580
285.646739
279.449275
271.561594
262.547101
253.814312
243.391304
234.658514
221.981884
210.150362
197.755435
183.388587
168.740036
154.654891
141.414855
125.639493
107.892210
90.426630
75.496377
60.002717
43.945652
26.761775
10.423007
-4.256387
-19.579380
-34.051095
-48.806569
-61.291971
-74.061131
-87.397810
-97.896898
-111.233577
-121.732664
-133.650547
-145.852190
-158.621350
-167.417883
-180.187044
-195.510036
-210.265511
-220.764599
-230.128650
-238.925182
-249.140511
-259.072080
-267.301095
-275.246350
-282.340328
-292.271898
-297.379562
-303.054745
-305.041058
-306.176095
-307.594891
-306.743613
-307.878650
-306.743613
-305.041058
-305.608577
-303.338504
-301.068431
-298.798358
-295.677007
-291.420620
-287.447993
-281.489051
-277.232664
-267.301095
-259.923358
-251.694343
-241.762774
-232.682482
-220.480839
-208.562956
-196.928832
-181.322080
-167.417883
-153.229927
-140.177007
-124.570255
-105.274635
-89.384124
-73.777372
-57.886861
-42.280109
-24.970803
-8.796533
5.070652
21.972826
36.621377
49.861413
61.974638
74.932971
87.046196
99.159420
110.145833
121.132246
133.808877
146.203804
158.035326
167.613225
180.008152
196.910326
210.713768
221.418478
230.432971
240.574275
250.715580
259.730072
269.307971
276.913949
285.083333
293.252717
300.013587
305.084239
307.337862
309.309783
309.873188
309.873188
310.718297
310.154891
309.591486
309.028080
307.337862
303.957428
301.703804
297.759964
293.816123
289.308877
283.674819
278.040761
270.153080
262.828804
252.687500
244.236413
233.813406
222.545290
209.868659
197.192029
183.106884
168.458333
154.936594
140.006341
125.921196
106.483696
90.708333
75.214674
59.439312
42.537138
26.761775
9.859601
-4.823905
-19.579380
-35.469891
-48.239051
-61.575730
-76.047445
-87.114051
-98.464416
-110.382299
-122.583942
-135.069343
-145.852190
-159.472628
-167.985401
-180.187044
-196.077555
-210.549270
-221.615876
-230.412409
-239.492701
-248.856752
-259.072080
-267.868613
-275.813869
-283.475365
-290.569343
-298.514599
-302.770985
-305.324818
-305.892336
-306.176095
-307.878650
-306.459854
-306.743613
-307.311131
-305.608577
-304.473540
-300.217153
-298.230839
-295.393248
-291.420620
-286.029197
-280.921533
-274.395073
-267.868613
-259.923358
-251.410584
-242.897810
-231.263686
-219.913321
-207.995438
-195.226277
-181.889599
-167.701642
-153.229927
-140.460766
-124.002737
-106.693431
-89.100365
-73.209854
-59.305657
-42.847628
-25.538321
-9.364051
5.070652
21.972826
34.931159
49.579710
63.101449
75.214674
87.327899
98.877717
109.019022
120.568841
134.090580
145.922101
158.035326
168.176630
181.134964
196.065217
211.558877
221.136775
230.996377
240.010870
250.997283
259.730072
269.871377
276.913949
283.956522
293.252717
299.450181
304.520833
307.337862
308.182971
309.873188
309.591486
310.436594
309.873188
309.028080
309.028080
306.492754
305.084239
301.985507
298.886775
294.661232
289.308877
285.365036
278.604167
269.871377
262.547101
252.969203
244.518116
234.658514
222.263587
210.150362
197.755435
183.951993
168.458333
155.500000
141.696558
126.766304
108.455616
91.553442
76.059783
61.129529
43.382246
28.170290
10.986413
-4.540146
-17.876825
-33.767336
-47.387774
-61.575730
-74.061131
-85.979015
-98.464416
-108.395985
-121.732664
-133.650547
-145.000912
-157.770073
-167.134124
-179.903285
-196.361314
-209.414234
-220.764599
-230.412409
-239.492701
-248.572993
-259.639599
-267.584854
-275.246350
-282.907847
-290.853102
-296.244526
-302.770985
-304.757299
-305.608577
-307.594891
-306.743613
-307.311131
-307.027372
-306.176095
-305.892336
-304.473540
-302.487226
-299.365876
-296.812044
-291.988139
-287.447993
-281.205292
-274.962591
-269.003650
-259.923358
-249.708029
-241.195255
-231.263686
-219.629562
-206.576642
-195.510036
-180.187044
-166.282847
-152.094891
-138.758212
-122.300182
-104.423358
-88.249088
-72.358577
-56.184307
-40.293796
-23.552007
-7.377737
7.605978
22.254529
37.466486
50.706522
64.791667
77.186594
90.708333
102.258152
113.244565
124.512681
136.907609
147.894022
160.288949
169.585145
182.543478
198.882246
212.685688
223.108696
231.559783
241.701087
252.124094
261.701993
270.434783
277.759058
286.210145
292.971014
301.140399
305.647645
307.337862
