-92.248309
-114.183575
-128.005797
-142.729469
-155.950725
-166.768116
-181.191304
-195.914976
-212.141063
-222.657971
-231.371981
-241.287923
-250.302415
-258.415459
-267.129469
-274.040580
-281.552657
-288.163285
-295.675362
-300.182609
-303.187440
-305.290821
-305.290821
-307.694686
-306.492754
-306.192271
-306.793237
-304.689855
-303.487923
-302.886957
-299.281159
-295.675362
-292.670531
-286.360386
-281.552657
-273.139130
-266.528502
-256.612560
-245.194203
-235.578744
-224.160386
-211.540097
-198.018357
-183.895652
-169.472464
-153.847343
-138.823188
-123.498551
-107.873430
-89.844444
-72.716908
-55.889855
-40.865700
-24.639614
-9.014493
6.491461
21.539848
35.703036
49.866224
62.849146
74.356736
87.634725
100.027514
111.240038
121.567362
133.960152
145.172676
158.450664
169.073055
180.285579
192.678368
208.316888
220.709677
230.151803
238.118596
248.150854
255.527514
264.084440
271.166034
278.247628
285.624288
293.296015
299.787476
303.623340
305.688805
307.754269
309.819734
310.114801
309.819734
310.409867
309.524668
307.754269
307.459203
305.983871
304.508539
300.672676
297.426945
290.935484
285.624288
280.313093
272.051233
262.018975
254.642315
243.724858
233.692600
223.070209
210.677419
197.989564
182.646110
169.958254
154.319734
141.336812
124.813093
108.879507
92.355787
76.127135
61.373814
46.620493
30.686907
15.343454
0.590133
-14.723671
-28.846377
-42.668599
-55.889855
-70.313043
-84.135266
-96.455072
-109.075362
-122.296618
-134.916908
-149.039614
-163.162319
-172.777778
-187.200966
-201.924638
-215.746860
-227.465700
-234.076329
-246.396135
-253.908213
-262.622222
-269.833816
-276.744928
-285.458937
-293.571981
-298.980676
-303.187440
-305.891787
-307.093720
-309.197101
-309.197101
-309.798068
-309.197101
-309.197101
-308.295652
-307.694686
-305.591304
-302.886957
-299.281159
-295.074396
-289.064734
-284.857971
-278.247343
-271.035749
-261.420290
-250.602899
-240.085990
-228.066667
-216.948792
-202.826087
-189.604831
-174.280193
-158.955556
-144.832850
-129.207729
-113.282126
-94.952657
-78.125604
-61.899517
-46.274396
-30.348792
-13.822222
0.590133
15.343454
30.096774
43.669829
56.947818
70.225806
82.323529
95.896584
106.814042
118.911765
129.239089
142.222011
154.614801
166.417457
177.039848
189.727704
205.071157
217.759013
227.496205
236.053131
244.905123
253.757116
262.609108
268.510436
277.657495
284.739089
291.230550
298.017078
302.443074
304.803605
306.278937
309.229602
308.934535
308.639469
308.934535
309.524668
308.639469
305.393738
305.098672
302.443074
300.082543
295.656546
290.935484
285.329222
279.132827
272.051233
263.199241
253.757116
242.249526
233.987666
221.889943
210.677419
197.104364
183.236243
168.777989
153.729602
141.041746
124.518027
107.404175
92.060721
75.832068
61.668880
45.735294
30.391841
12.982922
-0.600966
-15.024155
-29.447343
-44.771981
-57.392271
-72.416425
-85.036715
-97.957488
-110.277295
-122.597101
-135.517874
-149.340097
-162.260870
-172.477295
-185.999034
-202.225121
-216.047343
-225.963285
-235.278261
-246.095652
-254.809662
-263.523671
-270.134300
-277.646377
-286.360386
-292.670531
-298.680193
-303.187440
-306.492754
-308.295652
-309.497585
-309.197101
-310.699517
-310.699517
-309.497585
-308.596135
-307.995169
-305.290821
-304.088889
-301.084058
-295.975845
-290.867633
-285.158454
-279.749758
-269.833816
-262.321739
-252.105314
-242.489855
-230.771014
-219.352657
-205.229952
-192.008696
-176.984541
-161.058937
-146.635749
-132.813527
-115.685990
-97.957488
-80.228986
-64.303382
-48.377778
-32.452174
-16.526570
-0.901449
13.277989
27.441176
41.604364
54.587287
67.275142
80.848197
93.536053
105.928843
116.551233
127.468691
140.746679
153.729602
166.122391
174.974383
188.252372
203.300759
215.693548
226.315939
234.872865
244.019924
253.757116
261.133776
268.510436
277.067362
284.148956
291.820683
297.426945
303.033207
305.688805
307.164137
308.344402
309.229602
309.229602
309.229602
307.754269
307.459203
306.574004
304.508539
301.852941
300.672676
295.361480
291.820683
285.624288
279.722960
271.461101
263.789374
254.347249
244.314991
233.397533
222.185009
209.792220
197.104364
182.646110
167.892789
154.024668
140.746679
125.403226
108.289374
91.470588
75.832068
59.898482
45.735294
29.506641
14.163188
-1.802899
-15.324638
-29.747826
-44.171014
-57.392271
-71.514976
-84.736232
-97.657005
-110.277295
-121.695652
-134.916908
-148.739130
-162.861836
-172.477295
-187.501449
-202.225121
-214.544928
-225.963285
-234.977778
-244.292754
-254.809662
-261.420290
-269.833816
-277.646377
-284.857971
-293.872464
-298.379710
-303.487923
-306.793237
-307.995169
-310.098551
-310.098551
-309.798068
-310.399034
-309.798068
-308.295652
-307.093720
-305.891787
-304.088889
-299.581643
-296.276329
-290.266667
-286.360386
-277.946860
-270.735266
-263.223188
-253.307246
-242.790338
-233.174879
-221.456039
-206.732367
-193.210628
-179.087923
-162.861836
-148.739130
-134.015459
-116.887923
-99.159420
-81.731401
-66.106280
-50.781643
-35.156522
-18.629952
-3.605797
11.507590
25.670778
39.538899
53.702087
65.799810
79.077799
91.470588
104.748577
115.370968
127.468691
140.451613
152.549336
164.647059
175.564516
188.842505
203.595825
215.988615
226.611006
234.577799
245.495256
254.052182
262.018975
268.510436
276.477230
283.263757
292.115750
298.902277
302.443074
304.803605
306.574004
306.574004
309.524668
308.344402
308.344402
308.934535
308.049336
306.574004
304.803605
303.328273
300.082543
296.541746
291.230550
285.329222
278.837761
270.870968
263.789374
253.166983
242.839658
233.102467
222.185009
210.677419
196.809298
183.826376
168.777989
155.204934
141.336812
125.403226
107.994307
91.175522
76.127135
61.078748
45.440228
29.506641
13.573055
-1.802899
-15.925604
-30.949758
-44.171014
-58.293720
-72.115942
-85.036715
-97.056039
-109.676329
-122.597101
-134.616425
-149.640580
-161.960386
-173.378744
-186.900483
-201.323671
-215.446377
-226.564251
-235.578744
-246.396135
-254.509179
-263.223188
-270.134300
-277.646377
-285.759420
-292.670531
-299.581643
-304.689855
-306.793237
-308.896618
-309.798068
-309.497585
-310.098551
-308.896618
-309.197101
-308.295652
-307.394203
-304.990338
-303.487923
-299.281159
-295.975845
-290.266667
-286.360386
-278.247343
-271.035749
-263.523671
-253.307246
-243.691787
-232.573913
-221.756522
-208.835749
-194.412560
-179.688889
-163.162319
-149.340097
-136.419324
-118.690821
-102.164251
-84.135266
-67.608696
-52.584541
-36.959420
-21.033816
-6.009662
9.147059
24.195446
38.063567
52.226755
64.619545
77.012334
90.585389
101.797913
113.895636
125.403226
137.500949
150.188805
162.876660
173.203985
185.596774
201.825427
214.513283
225.135674
233.102467
244.019924
253.166983
260.248577
267.920304
275.592030
283.853890
291.230550
298.017078
303.328273
304.213472
305.688805
308.344402
308.049336
308.639469
308.344402
308.639469
307.754269
305.688805
304.803605
302.148008
300.082543
295.951613
290.050285
285.624288
278.837761
272.346300
263.789374
254.937381
244.905123
233.692600
223.955408
211.857685
197.399431
183.531309
168.482922
154.024668
140.746679
125.698292
107.699241
90.880455
75.832068
60.783681
44.555028
29.506641
13.868121
-1.802899
-15.925604
-30.048309
-43.870531
-58.293720
-72.716908
-85.337198
-97.957488
-109.976812
-122.296618
-136.419324
-149.340097
-161.058937
-173.679227
-185.698551
-200.722705
-215.746860
-225.662802
-233.775845
-244.893720
-253.006763
-261.420290
-269.533333
-277.646377
-284.557488
-292.670531
-298.980676
-304.389372
-307.093720
-307.694686
-310.098551
-311.000000
-310.098551
-311.000000
-309.497585
-309.197101
-307.093720
-305.891787
-303.487923
-300.783575
-296.576812
-292.069565
-285.458937
-280.050242
-270.434783
-263.523671
-254.509179
-243.090821
-233.174879
-221.756522
-209.136232
-194.713043
-179.989372
-164.965217
-150.241546
-135.517874
-119.892754
-102.464734
-85.036715
-68.810628
-52.885024
-37.259903
-20.432850
-5.408696
8.851992
23.015180
37.768501
50.751423
65.209677
77.307400
89.995256
102.388046
114.190702
125.993359
138.976281
151.664137
163.761860
174.089184
186.481973
201.235294
214.808349
224.840607
233.397533
244.019924
253.757116
260.543643
268.215370
277.067362
283.853890
291.525617
297.426945
302.443074
305.098672
305.393738
307.754269
309.229602
308.934535
308.639469
308.934535
307.754269
306.869070
304.213472
303.033207
299.787476
297.131879
290.935484
285.624288
279.722960
272.051233
263.789374
253.757116
244.019924
233.987666
222.775142
210.972486
197.989564
183.826376
168.482922
154.614801
140.746679
125.698292
107.699241
90.290323
76.422201
60.783681
45.440228
28.621442
13.277989
-1.502415
-15.925604
-29.447343
-44.171014
-57.692754
-71.514976
-84.435749
-97.056039
-109.676329
-122.296618
-133.114010
-149.039614
-160.758454
-171.275362
-185.698551
-200.121739
-214.544928
-225.061836
-234.076329
-245.194203
-254.208696
-261.720773
-270.735266
-277.946860
-285.759420
-293.271498
-298.680193
-304.389372
-306.793237
-308.295652
-307.694686
-310.098551
-309.798068
-309.798068
-309.197101
-308.295652
-307.394203
-305.290821
-303.187440
-300.783575
-296.877295
-291.168116
-285.158454
-279.148792
-272.538164
-263.824155
-254.509179
-243.691787
-233.174879
-221.756522
-209.436715
-195.314010
-179.989372
-165.265700
-151.142995
-136.719807
-121.094686
-102.765217
-86.539130
-70.313043
-54.988406
-39.363285
-22.836715
-7.512077
6.786528
21.834915
35.407970
48.981025
62.554080
75.832068
88.814991
100.617647
112.715370
124.518027
136.910816
149.893738
161.106262
172.318786
184.416509
200.350095
214.218216
224.250474
232.217268
243.429791
251.691651
260.543643
267.625237
275.887097
283.558824
290.640417
298.607211
302.443074
304.803605
306.869070
308.344402
308.344402
309.524668
308.344402
307.754269
308.344402
305.688805
304.213472
301.557875
299.197343
296.246679
291.525617
286.214421
279.132827
271.756167
263.494307
253.166983
244.019924
234.577799
223.660342
210.382353
197.104364
183.826376
168.777989
154.614801
141.336812
126.288425
108.289374
90.880455
74.061670
59.898482
44.259962
29.211575
13.573055
-1.502415
-16.226087
-30.649275
-44.771981
-57.993237
-72.716908
-86.238647
-98.858937
-109.676329
-122.296618
-134.916908
-146.936232
-162.260870
-171.575845
-185.698551
-202.225121
-214.845411
-225.061836
-234.076329
-245.494686
-253.607729
-262.321739
-269.833816
-278.247343
-285.158454
-292.670531
-298.680193
-302.586473
-306.793237
-307.394203
-309.197101
-309.798068
-309.197101
-308.896618
-309.197101
-309.497585
-307.093720
-304.990338
-303.187440
-300.182609
-296.576812
-289.665700
-285.759420
-278.547826
-271.336232
-264.124638
-253.307246
-245.194203
-234.677295
-222.057005
-209.436715
-197.417391
-182.092754
-165.866667
-152.044444
-137.921739
-119.592271
-103.666667
-85.938164
-70.313043
-54.988406
-38.762319
-22.836715
-6.911111
7.081594
21.539848
35.703036
48.981025
62.554080
75.537002
88.224858
100.912713
112.125237
123.927894
136.615750
149.598672
162.286528
172.613852
185.006641
200.055028
213.923150
224.840607
233.692600
243.429791
253.462049
261.428843
267.920304
276.182163
283.853890
291.820683
297.426945
303.033207
305.098672
306.869070
307.754269
308.344402
308.049336
309.229602
308.344402
308.049336
306.869070
304.508539
302.738140
300.672676
296.541746
290.935484
285.624288
278.837761
271.756167
263.494307
254.347249
244.610057
233.987666
223.365275
210.972486
198.284630
183.826376
168.482922
154.614801
140.746679
125.993359
107.994307
91.765655
76.127135
60.488615
46.030361
28.326376
13.868121
-0.901449
-16.226087
-30.649275
-44.171014
-57.692754
-72.716908
-85.337198
-97.957488
-110.878261
-121.695652
-135.217391
-148.138164
-162.561353
-171.275362
-184.797101
-200.722705
-214.244444
-223.859903
-233.174879
-244.593237
-253.607729
-261.119807
-268.932367
-277.345894
-284.257005
-292.069565
-297.778744
-303.788406
-306.793237
-307.394203
-309.197101
-309.497585
-310.098551
-309.197101
-309.197101
-308.295652
-306.492754
-305.891787
-304.689855
-300.182609
-295.975845
-290.867633
-286.360386
-279.749758
-271.336232
-265.026087
-254.809662
-244.893720
-233.775845
-222.958454
-209.436715
-197.417391
-181.792271
-166.467633
-152.044444
-136.719807
-121.996135
-103.967150
-85.938164
-70.914010
-54.687923
-38.762319
-22.836715
-6.610628
7.081594
22.129981
35.703036
49.276091
62.554080
75.241935
88.519924
100.322581
112.125237
123.927894
136.615750
149.008539
162.286528
172.613852
185.301708
200.350095
213.333017
224.545541
232.807400
243.724858
253.166983
260.838710
267.625237
275.296964
284.148956
290.345351
297.131879
301.852941
304.508539
306.869070
308.344402
308.934535
308.934535
309.229602
308.639469
307.754269
307.459203
303.918406
302.443074
300.672676
297.131879
291.525617
286.214421
279.722960
272.936433
264.674573
254.052182
244.905123
235.167932
223.955408
212.152751
197.989564
185.301708
169.663188
155.500000
141.926945
126.878558
108.879507
92.355787
77.012334
61.668880
45.440228
29.506641
14.458254
-0.300483
-15.324638
-29.447343
-42.969082
-56.791304
-70.313043
-82.933333
-96.154589
-108.173913
-120.794203
-132.212560
-147.837681
-159.556522
-170.373913
-183.895652
-199.220290
-213.943961
-223.859903
-233.174879
-243.691787
-252.405797
-261.420290
-268.631884
-276.444444
-283.656039
-290.567150
-297.778744
-302.886957
-305.591304
-307.995169
-308.596135
-308.896618
-310.098551
-308.896618
-309.197101
-308.295652
-307.694686
-304.689855
-301.685024
-300.182609
-296.576812
-290.867633
-286.059903
-279.148792
-271.937198
-263.223188
-253.908213
-243.992271
-233.174879
-223.258937
-209.737198
-197.417391
-182.994203
-167.068599
-153.246377
-138.222222
-123.198068
-105.770048
-87.741063
-72.416425
-57.091787
-40.565217
-25.240580
-9.615459
5.901328
19.769450
34.522770
48.685958
60.783681
74.061670
87.044592
99.142315
110.354839
122.452562
135.435484
147.828273
160.221063
171.138520
183.826376
198.874763
212.742884
224.545541
232.512334
243.134725
251.986717
260.543643
267.330171
275.887097
284.444023
290.935484
298.017078
302.738140
304.803605
307.754269
308.344402
308.934535
309.229602
308.639469
308.344402
308.049336
307.164137
305.098672
302.148008
300.672676
296.246679
292.410816
286.214421
280.313093
272.936433
264.969639
255.822581
245.790323
234.872865
224.545541
212.447818
199.464896
185.006641
171.433586
156.975332
142.812144
127.763757
110.354839
92.650854
77.602467
62.554080
46.620493
31.277040
15.638520
0.295066
-14.122705
-28.846377
-42.067633
-56.490821
-70.012560
-83.834783
-96.455072
-108.774879
-119.291787
-131.912077
-145.734300
-158.955556
-169.772947
-181.792271
-198.919807
-211.540097
-222.657971
-231.972947
-241.588406
-251.504348
-259.917874
-268.932367
-275.542995
-283.055072
-291.168116
-296.877295
-302.285990
-305.891787
-306.492754
-309.798068
-308.295652
-310.098551
-308.896618
-308.596135
-308.596135
-307.093720
-303.788406
-302.586473
-299.281159
-295.975845
-290.867633
-286.059903
-278.848309
-272.538164
-264.425121
-254.509179
-244.593237
-234.076329
-223.559420
-211.540097
-197.417391
-182.994203
-167.669565
-153.246377
-138.823188
-122.597101
-104.568116
-88.342029
-72.416425
-55.589372
-39.663768
-24.639614
-8.714010
5.606262
20.654649
34.522770
48.390892
61.668880
74.946869
86.454459
100.617647
111.830171
123.042694
135.730550
148.713472
160.221063
171.138520
184.121442
199.169829
213.037951
224.545541
233.397533
243.134725
252.871917
261.428843
268.510436
276.477230
282.378558
291.525617
298.017078
302.148008
305.393738
306.869070
308.639469
309.524668
309.524668
309.229602
309.229602
308.639469
306.869070
305.983871
303.033207
301.262808
297.131879
291.820683
286.509488
280.018027
272.641366
264.379507
254.347249
244.905123
235.758065
226.020873
213.628083
200.350095
185.301708
170.548387
156.090133
141.926945
126.583491
109.174573
91.765655
76.717268
61.078748
46.620493
29.801708
14.753321
-0.300483
-15.324638
-30.048309
-43.870531
-57.392271
-71.514976
-85.036715
-97.356522
-109.676329
-121.395169
-133.714976
-147.537198
-160.457971
-170.674396
-183.595169
-199.520773
-213.943961
-223.258937
-231.672464
-243.691787
-251.804831
-260.518841
-269.533333
-276.143961
-283.656039
-291.769082
-297.778744
-303.487923
-305.290821
-307.995169
-308.295652
-309.497585
-309.798068
-309.497585
-307.995169
-308.295652
-307.694686
-304.990338
-303.187440
-300.483092
-295.975845
-291.769082
-286.360386
-278.547826
-273.139130
-264.425121
-255.711111
-244.593237
-235.278261
-223.258937
-210.939130
-198.318841
-182.994203
-167.369082
-152.645411
-139.123671
-122.597101
-105.469565
-88.041546
-72.716908
-56.490821
-40.865700
-24.639614
-9.014493
5.016129
20.064516
34.227704
48.095825
61.668880
74.946869
87.339658
99.732448
112.125237
122.452562
136.615750
148.713472
161.696395
171.728653
185.006641
199.464896
213.923150
225.725806
233.987666
244.019924
252.281784
261.428843
268.805503
276.182163
283.853890
290.640417
298.607211
303.033207
304.508539
306.869070
308.639469
309.524668
309.524668
309.524668
308.934535
308.934535
308.049336
305.688805
303.623340
300.377609
296.836812
291.230550
286.804554
280.608159
272.936433
265.559772
255.822581
246.085389
236.348197
225.135674
213.037951
200.350095
185.891841
170.548387
156.090133
141.926945
127.173624
108.879507
92.650854
75.832068
60.783681
46.030361
29.211575
14.163188
-1.201932
-15.324638
-30.048309
-44.171014
-56.490821
-71.214493
-83.834783
-96.455072
-108.474396
-120.493720
-133.414493
-148.138164
-160.758454
-170.073430
-182.693720
-199.220290
-212.441546
-222.657971
-231.972947
-242.489855
-251.203865
-260.218357
-267.429952
-275.242512
-283.355556
-289.966184
-298.079227
-302.886957
-305.290821
-306.492754
-307.995169
-309.497585
-309.197101
-308.596135
-308.596135
-308.896618
-307.093720
-305.591304
-302.586473
-301.084058
-297.478261
-291.168116
-285.759420
-279.148792
-272.237681
-263.824155
-254.208696
-245.194203
-234.677295
-223.859903
-210.939130
-197.717874
-184.196135
-169.472464
-153.546860
-139.123671
-123.799034
-107.272464
-89.844444
-73.918841
-58.293720
-41.767150
-26.742995
-10.216425
4.130930
18.884250
33.342505
46.915560
60.193548
74.061670
84.979127
98.552182
108.879507
122.157495
134.550285
146.648008
160.811195
171.138520
182.941176
197.399431
212.152751
222.775142
232.807400
242.839658
252.871917
260.838710
268.805503
275.592030
283.853890
291.230550
297.722011
301.852941
305.393738
307.459203
307.754269
309.229602
308.934535
308.934535
309.229602
308.049336
306.278937
304.508539
303.918406
301.262808
297.131879
291.820683
286.509488
280.903226
273.821632
265.264706
256.412713
245.200190
234.872865
224.545541
213.333017
199.464896
185.596774
170.253321
156.385199
141.926945
127.173624
109.764706
92.355787
77.012334
61.963947
47.210626
30.096774
13.868121
-0.300483
-15.324638
-29.747826
-42.368116
-57.392271
-71.214493
-84.435749
-97.657005
-108.774879
-120.193237
-134.315942
-147.537198
-160.157488
-171.876329
-182.393237
-198.318841
-213.042512
-223.559420
-232.874396
-242.790338
-252.405797
-260.518841
-268.030918
-275.242512
-282.153623
-290.567150
-296.877295
-302.886957
-306.192271
-306.192271
-309.197101
-309.497585
-309.197101
-309.197101
-309.497585
-307.394203
-306.492754
-304.389372
-302.886957
-299.882126
-296.877295
-290.867633
-286.059903
-279.148792
-272.237681
-264.425121
-254.809662
-245.494686
-234.376812
-222.657971
-210.638647
-197.116908
-182.393237
-169.171981
-153.546860
-139.724638
-122.897585
-106.070531
-88.342029
-73.317874
-57.091787
-41.767150
-25.240580
-10.216425
4.130930
20.359583
33.047438
47.800759
61.373814
73.176471
87.634725
100.027514
110.944972
122.157495
136.025617
148.418406
161.401328
171.433586
182.941176
199.759962
214.218216
223.955408
231.922201
242.544592
252.871917
259.953510
268.215370
275.887097
283.853890
291.230550
298.017078
302.443074
305.688805
307.459203
308.639469
310.409867
309.524668
309.819734
309.819734
308.934535
307.459203
306.278937
303.033207
301.852941
298.312144
293.591082
287.099620
280.018027
273.231499
265.264706
256.412713
246.380455
236.053131
225.135674
214.513283
200.940228
186.481973
172.023719
156.385199
143.697343
127.763757
110.649905
93.536053
76.717268
62.849146
46.620493
30.981973
14.753321
-0.000000
-14.122705
-28.846377
-42.067633
-56.490821
-69.411594
-82.933333
-96.455072
-106.070531
-120.193237
-132.212560
-145.433816
-158.955556
-169.772947
-182.092754
-197.116908
-211.840580
-223.559420
-231.371981
-243.090821
-250.903382
-260.218357
-266.828986
-274.341063
-282.153623
-289.966184
-296.877295
-301.685024
-306.192271
-306.793237
-307.394203
-309.197101
-309.197101
-309.197101
-307.694686
-307.694686
-306.793237
-305.891787
-301.384541
-299.581643
-297.478261
-291.168116
-286.360386
-279.449275
-272.237681
-264.725604
-253.006763
-245.194203
-233.775845
-223.258937
-211.540097
-198.318841
-184.196135
-168.871498
-153.546860
-140.626087
-125.000966
-106.971981
-90.144928
-73.317874
-57.993237
-42.067633
-27.644444
-10.817391
4.425996
18.589184
33.932638
47.210626
60.783681
73.766603
85.569260
98.552182
110.059772
122.452562
133.074953
146.648008
159.335863
169.663188
182.351044
197.694497
212.447818
223.365275
231.627135
242.249526
251.986717
260.543643
267.625237
275.001898
283.263757
290.935484
298.312144
302.443074
304.803605
307.164137
309.229602
309.524668
310.114801
308.934535
308.639469
308.639469
307.754269
306.574004
303.623340
301.262808
298.312144
293.000949
287.394687
280.313093
274.116698
264.969639
257.002846
246.970588
235.462998
225.135674
213.923150
199.759962
186.481973
170.843454
156.385199
144.287476
128.058824
110.059772
93.536053
77.602467
62.259013
46.620493
31.277040
15.933586
0.295066
-14.423188
-29.747826
-42.368116
-57.692754
-70.613527
-83.233816
-96.755556
-107.572947
-119.892754
-132.813527
-146.034783
-159.256039
-169.472464
-182.994203
-196.215459
-211.540097
-222.057005
-231.071498
-241.588406
-252.105314
-260.218357
-267.129469
-275.542995
-282.153623
-290.266667
-297.177778
-302.285990
-305.891787
-305.891787
-308.896618
-308.596135
-308.896618
-308.596135
-308.295652
-307.995169
-305.591304
-306.192271
-302.886957
-300.182609
-295.675362
-291.168116
-286.660870
-279.449275
-272.237681
-264.124638
-255.410628
-245.194203
-235.278261
-224.460870
-210.939130
-198.619324
-183.595169
-169.472464
-154.448309
-140.626087
-125.902415
-107.272464
-91.046377
-73.618357
-58.594203
-43.269565
-27.043478
-11.718841
3.245731
17.408918
31.572106
45.145161
58.718216
72.586338
85.569260
97.962049
109.764706
121.272296
133.370019
146.352941
158.745731
169.368121
183.236243
197.694497
212.152751
223.660342
230.741935
242.249526
252.576850
260.248577
267.330171
275.296964
282.673624
290.050285
298.017078
302.443074
306.278937
307.164137
309.229602
309.229602
309.819734
310.409867
309.524668
308.639469
307.459203
305.393738
304.213472
300.672676
298.607211
292.705882
286.509488
281.493359
272.936433
265.854839
255.822581
246.970588
236.348197
225.135674
214.218216
200.645161
186.481973
171.728653
156.385199
143.697343
127.763757
110.059772
93.831120
76.717268
62.554080
46.915560
30.686907
15.638520
0.590133
-15.324638
-28.245411
-43.269565
-57.392271
-70.313043
-83.834783
-96.455072
-108.173913
-120.794203
-133.114010
-146.635749
-158.054106
-169.772947
-181.491787
-196.816425
-211.840580
-222.657971
-231.972947
-242.189372
-250.903382
-259.316908
-267.429952
-274.942029
-283.055072
-289.966184
-297.778744
-302.285990
-305.290821
-307.093720
-308.896618
-307.995169
-309.497585
-309.497585
-307.995169
-308.596135
-307.093720
-304.990338
-302.285990
-301.084058
-296.276329
-291.168116
-286.961353
-278.547826
-271.636715
-263.824155
-255.410628
-244.593237
-234.376812
-224.160386
-211.540097
-197.717874
-184.196135
-169.472464
-154.448309
-140.325604
-124.700483
-106.371014
-90.144928
-74.519807
-58.293720
-43.269565
-26.742995
-11.117874
2.950664
18.589184
32.752372
46.620493
60.193548
72.586338
86.159393
98.552182
109.174573
121.567362
134.550285
146.648008
159.630930
169.958254
182.941176
197.694497
211.857685
223.365275
231.627135
241.954459
251.396584
260.838710
267.625237
275.001898
282.673624
289.755218
298.017078
301.557875
305.098672
307.754269
307.164137
310.114801
309.229602
310.114801
309.229602
308.639469
306.278937
305.098672
304.508539
301.557875
296.836812
292.705882
288.279886
280.903226
274.116698
265.559772
256.412713
247.855787
236.938330
225.135674
213.037951
200.350095
187.367173
171.433586
157.270398
143.697343
129.239089
110.649905
93.831120
78.782732
62.849146
48.095825
31.867173
16.228653
0.590133
-13.822222
-27.644444
-41.166184
-55.889855
-68.810628
-82.031884
-95.553623
-107.272464
-119.592271
-131.311111
-145.734300
-157.753623
-169.472464
-181.792271
-197.116908
-211.239614
-222.357488
-231.071498
-241.287923
-251.203865
-258.715942
-266.228019
-273.740097
-282.454106
-289.064734
-296.276329
-301.084058
-304.689855
-307.093720
-307.694686
-309.197101
-309.197101
-308.596135
-308.295652
-307.995169
-305.891787
-304.088889
-303.187440
-299.882126
-295.675362
-291.168116
-286.360386
-278.848309
-271.336232
-264.725604
-255.711111
-245.795169
-235.278261
-224.460870
-212.141063
-198.919807
-185.698551
-170.974879
-155.349758
-143.029952
-125.902415
-108.474396
-90.745894
-75.120773
-59.195169
-44.171014
-28.846377
-11.718841
2.655598
16.523719
30.391841
44.259962
58.128083
71.111006
83.208729
96.486717
107.994307
119.501898
132.484820
146.352941
158.450664
169.073055
182.055977
196.809298
210.382353
223.365275
230.741935
241.069260
251.691651
260.248577
266.740038
275.296964
282.083491
290.935484
297.426945
301.557875
305.393738
306.869070
308.344402
308.344402
308.934535
309.524668
308.344402
308.344402
307.459203
305.393738
304.213472
301.557875
297.722011
292.410816
287.394687
282.378558
274.116698
266.149905
256.707780
246.380455
237.233397
226.020873
214.513283
200.645161
186.777040
173.499051
158.745731
144.877609
130.419355
111.830171
95.896584
79.962998
63.439279
49.571157
32.752372
17.703985
2.360531
-12.620290
-27.343961
-40.565217
-54.387440
-68.510145
-80.829952
-93.750725
-105.770048
-117.488889
-129.508213
-143.330435
-155.950725
-167.068599
-179.688889
-194.112077
-209.136232
-221.756522
-230.170048
-240.085990
-249.400966
-258.415459
-266.528502
-273.439614
-281.252174
-289.064734
-295.675362
-301.685024
-304.389372
-305.891787
-307.394203
-308.295652
-307.995169
-308.295652
-307.694686
-307.995169
-306.492754
-304.689855
-303.487923
-301.084058
-296.877295
-290.266667
-286.660870
-279.449275
-272.237681
-265.026087
-254.208696
-245.795169
-235.278261
-224.160386
-212.441546
-198.318841
-184.196135
-170.373913
-155.650242
-141.828019
-126.202899
-108.774879
-91.647343
-75.120773
-59.796135
-43.269565
-27.043478
-12.319807
2.950664
17.703985
31.572106
45.145161
59.603416
71.111006
85.274194
97.076850
108.879507
120.977230
132.779886
146.057875
158.155598
169.368121
181.760911
196.219165
210.087287
222.775142
231.627135
241.659393
251.691651
259.363378
267.920304
275.001898
283.558824
289.755218
297.131879
302.443074
305.393738
307.164137
308.639469
308.049336
309.819734
308.639469
309.229602
308.639469
307.754269
304.803605
303.623340
301.852941
298.017078
292.410816
288.279886
281.198292
274.706831
266.149905
257.888046
247.560721
238.118596
226.315939
214.218216
201.530361
187.957306
172.613852
157.860531
143.402277
129.239089
111.240038
95.601518
78.487666
64.029412
48.095825
32.162239
17.113852
1.180266
-12.620290
-27.644444
-40.264734
-54.988406
-68.810628
-81.731401
-94.952657
-106.070531
-118.991304
-131.311111
-144.231884
-157.753623
-170.073430
-181.491787
-195.013527
-210.939130
-222.057005
-230.470531
-240.686957
-249.400966
-258.715942
-265.627053
-273.740097
-281.252174
-289.064734
-296.576812
-301.985507
-304.990338
-306.793237
-308.896618
-309.497585
-309.197101
-309.798068
-307.995169
-307.995169
-307.694686
-304.389372
-302.285990
-300.783575
-295.975845
-291.168116
-286.660870
-280.050242
-272.838647
-264.124638
-255.711111
-245.194203
-233.475362
-224.160386
-212.141063
-197.717874
-185.698551
-169.472464
-154.748792
-142.128502
-125.902415
-109.976812
-90.745894
-75.421256
-59.495652
-43.269565
-28.245411
-11.718841
2.950664
17.408918
32.752372
45.735294
59.603416
72.291271
84.979127
98.257116
109.469639
121.272296
133.665085
146.352941
159.040797
170.253321
181.760911
197.694497
212.152751
222.775142
232.217268
241.954459
251.396584
261.133776
268.215370
277.067362
282.968691
290.345351
297.722011
302.148008
305.688805
307.164137
308.639469
310.409867
310.409867
309.524668
309.524668
308.049336
307.164137
306.574004
303.328273
302.148008
298.902277
293.591082
289.165085
282.083491
275.592030
267.035104
257.297913
248.150854
237.528463
226.020873
215.693548
201.825427
187.662239
173.794118
158.745731
144.877609
129.829222
113.010436
95.011385
79.077799
64.029412
49.571157
33.932638
17.113852
1.770398
-12.920773
-26.442512
-40.865700
-54.988406
-67.608696
-82.332367
-93.750725
-106.671498
-119.291787
-131.010628
-143.931401
-157.152657
-168.270531
-180.890821
-195.314010
-209.436715
-221.155556
-230.470531
-240.686957
-249.100483
-259.316908
-266.828986
-274.942029
-281.252174
-289.064734
-296.576812
-301.685024
-305.891787
-306.793237
-307.995169
-308.596135
-307.995169
-307.995169
-308.596135
-307.394203
-305.591304
-304.689855
-302.586473
-300.483092
-297.177778
-290.567150
-287.261836
-279.148792
-273.740097
-265.627053
-256.312077
-246.396135
-235.578744
-225.362319
-213.042512
-199.821256
-185.999034
-169.772947
-156.251208
-142.428986
-127.705314
-108.774879
-91.647343
-75.421256
-59.796135
-44.171014
-28.846377
-12.620290
2.065465
16.818786
31.572106
45.440228
58.128083
71.111006
84.388994
97.076850
108.584440
119.796964
131.894687
144.877609
157.860531
169.073055
181.760911
196.514231
211.267552
222.480076
231.037002
241.954459
250.806452
259.363378
266.740038
274.116698
282.378558
289.755218
297.426945
301.557875
305.393738
307.754269
308.934535
309.229602
309.524668
310.114801
309.524668
308.934535
307.754269
305.688805
304.508539
301.557875
298.017078
293.296015
287.984820
281.788425
274.706831
267.330171
257.002846
248.150854
238.118596
226.906072
215.398482
202.415560
188.252372
174.089184
158.745731
145.172676
131.304554
112.715370
96.191651
79.372865
64.324478
49.866224
32.752372
18.294118
2.360531
-12.019324
-26.442512
-40.565217
-54.988406
-67.308213
-81.130435
-93.149758
-105.469565
-117.488889
-129.508213
-142.729469
-156.852174
-167.068599
-179.087923
-194.412560
-209.436715
-220.855072
-229.869565
-239.785507
-248.800000
-258.415459
-265.627053
-272.538164
-280.651208
-289.365217
-295.074396
-299.882126
-304.389372
-305.891787
-307.995169
-307.694686
-309.197101
-308.295652
-307.995169
-307.093720
-306.793237
-304.389372
-303.487923
-299.581643
-296.576812
-291.168116
-286.059903
-279.449275
-273.139130
-264.124638
-254.809662
-245.494686
-234.677295
-225.061836
-212.441546
-199.520773
-186.299517
-170.373913
-156.251208
-142.428986
-126.202899
-108.774879
-91.947826
-76.623188
-59.495652
-45.072464
-28.846377
-12.319807
2.065465
17.113852
31.572106
45.145161
58.718216
71.701139
84.684061
97.666983
108.289374
119.796964
132.484820
145.762808
158.450664
168.777989
181.170778
195.629032
210.972486
222.185009
231.332068
241.069260
251.396584
260.248577
266.444972
275.592030
282.378558
290.345351
297.722011
302.738140
305.688805
307.754269
309.524668
309.524668
310.114801
311.000000
310.114801
309.819734
308.639469
305.393738
305.098672
301.557875
298.607211
293.886148
288.279886
283.558824
276.182163
267.035104
258.183112
248.445920
238.118596
226.611006
215.398482
200.350095
188.252372
173.794118
159.335863
144.877609
131.009488
112.125237
95.306452
79.962998
64.324478
49.571157
33.047438
17.703985
2.950664
-12.319807
-25.841546
-40.565217
-54.387440
-68.810628
-81.430918
-94.351691
-106.070531
-117.789372
-130.409662
-143.630918
-156.852174
-168.871498
-179.688889
-194.412560
-209.737198
-221.456039
-230.470531
-240.686957
-250.001932
-257.814493
-265.927536
-273.439614
-280.350725
-287.562319
-295.975845
-301.084058
-304.389372
-306.492754
-307.394203
-307.995169
-308.295652
-309.798068
-308.295652
-307.694686
-306.793237
-304.389372
-303.187440
-300.783575
-295.374879
-291.168116
-285.458937
-279.749758
-272.538164
-265.026087
-256.312077
-246.396135
-236.780676
-224.761353
-213.943961
-199.821256
-186.299517
-170.974879
-155.950725
-142.428986
-127.705314
-109.976812
-91.947826
-76.623188
-60.998068
-45.973913
-29.747826
-13.521739
0.885199
15.343454
30.686907
43.964896
58.128083
70.815939
83.503795
96.191651
107.699241
119.501898
132.484820
144.877609
159.335863
168.187856
180.875712
195.333966
210.677419
222.775142
231.037002
241.954459
250.806452
259.363378
267.330171
275.001898
281.788425
289.460152
296.836812
302.443074
305.688805
306.574004
309.819734
309.524668
310.114801
309.819734
308.934535
309.819734
308.344402
306.574004
305.688805
301.852941
300.377609
293.296015
287.689753
282.673624
275.592030
267.330171
258.773245
247.855787
238.118596
226.611006
215.988615
203.005693
189.137571
175.859583
160.516129
146.648008
132.484820
114.485769
96.781784
81.733397
66.094877
51.046490
34.817837
17.703985
2.950664
-11.418357
-25.841546
-39.363285
-53.185507
-67.308213
-80.228986
-92.548792
