-211.744681
-215.053191
-239.115087
-245.130561
-257.161509
-264.380077
-273.403288
-280.321083
-287.840426
-295.961315
-300.472921
-304.082205
-305.285300
-306.488395
-307.089942
-307.691489
-307.089942
-306.187621
-305.285300
-304.683752
-304.082205
-301.375242
-299.570600
-294.758221
-289.945841
-284.832689
-277.614120
-271.598646
-261.973888
-253.552224
-243.325919
-234.001934
-222.572534
-210.240812
-196.705996
-182.268859
-168.132495
-152.492263
-139.558994
-125.422631
-105.571567
-89.029014
-73.388781
-57.447776
-44.213733
-26.167311
-10.527079
5.311195
18.589184
34.227704
46.915560
60.193548
73.766603
86.159393
100.027514
110.944972
121.862429
135.140417
147.828273
159.630930
170.843454
182.941176
198.284630
212.152751
223.365275
232.217268
241.659393
251.986717
260.543643
266.740038
274.706831
282.083491
291.230550
297.722011
302.443074
306.278937
306.869070
308.639469
310.114801
309.524668
309.524668
309.819734
308.639469
307.164137
305.393738
304.213472
300.967742
297.722011
293.296015
287.689753
282.083491
274.706831
266.740038
258.183112
247.265655
237.233397
226.020873
214.218216
201.530361
186.186907
171.728653
157.565465
144.582543
129.534156
111.535104
95.601518
79.962998
64.029412
49.571157
32.752372
17.999051
2.065465
-11.730174
-26.468085
-40.604449
-54.740812
-67.674081
-81.509671
-95.646035
-105.872340
-119.106383
-131.438104
-145.273694
-157.003868
-169.335590
-181.366538
-197.006770
-211.744681
-222.873308
-231.896518
-242.122824
-251.446809
-260.169246
-266.184720
-274.305609
-281.524178
-290.246615
-297.164410
-301.976789
-304.984526
-305.886847
-307.992263
-307.992263
-309.195358
-308.593810
-309.496132
-308.293037
-306.187621
-304.683752
-303.179884
-300.172147
-296.562863
-291.449710
-286.938104
-279.719536
-272.801741
-266.184720
-256.259188
-245.732108
-236.408124
-223.474855
-211.744681
-199.112186
-184.073501
-169.335590
-154.296905
-141.363636
-124.821083
-107.376209
-90.232108
-73.689555
-58.350097
-43.912959
-26.768859
-11.429400
4.130930
17.999051
32.457306
45.735294
59.603416
72.291271
85.569260
98.847249
110.059772
122.157495
134.255218
147.533207
159.040797
169.958254
182.941176
197.399431
212.742884
223.070209
232.512334
241.954459
250.806452
259.658444
266.149905
274.411765
282.083491
289.755218
296.836812
302.443074
304.803605
306.278937
308.934535
308.344402
310.114801
309.524668
308.934535
307.754269
306.574004
305.098672
303.623340
300.967742
297.722011
291.525617
286.509488
280.903226
274.706831
266.149905
257.297913
246.675522
235.462998
225.725806
214.218216
200.055028
185.891841
172.023719
156.975332
144.582543
129.534156
111.240038
95.306452
78.782732
63.734345
50.161290
32.752372
17.408918
2.065465
-12.331721
-27.069632
-42.108317
-53.838491
-68.275629
-81.208897
-94.442940
-105.571567
-118.805609
-130.535783
-144.972921
-158.206963
-167.831721
-180.764990
-197.307544
-211.443907
-222.572534
-231.595745
-241.521277
-251.446809
-259.567698
-267.087041
-275.207930
-282.727273
-289.645068
-296.562863
-303.480658
-305.285300
-307.089942
-308.293037
-309.496132
-311.000000
-309.195358
-310.097679
-308.593810
-307.390716
-305.586074
-303.179884
-300.472921
-295.359768
-292.652805
-286.938104
-278.817215
-272.500967
-266.485493
-255.657640
-246.634429
-235.806576
-224.076402
-212.346228
-197.909091
-184.975822
-169.034816
-155.800774
-141.965184
-126.324952
-107.676983
-90.833656
-74.291103
-59.252418
-44.213733
-27.370406
-10.827853
2.950664
16.818786
31.572106
44.555028
58.128083
71.701139
84.684061
97.666983
108.584440
120.387097
133.370019
146.057875
158.450664
168.187856
181.170778
197.104364
211.562619
221.594877
230.741935
241.954459
250.216319
259.068311
266.444972
275.001898
281.788425
289.165085
297.426945
301.262808
304.213472
305.983871
307.164137
308.344402
308.934535
309.229602
308.344402
308.639469
305.688805
305.393738
303.623340
300.377609
297.722011
290.935484
287.099620
280.313093
274.116698
265.559772
256.117647
246.675522
235.758065
226.020873
213.923150
200.055028
186.481973
171.138520
156.680266
144.287476
128.058824
111.240038
93.831120
77.897533
62.849146
48.685958
32.752372
16.818786
0.590133
-13.835590
-27.971954
-40.905222
-55.643133
-68.576402
-82.111219
-95.044487
-107.676983
-120.008704
-133.242747
-145.574468
-159.109284
-169.636364
-181.968085
-198.811412
-212.346228
-223.174081
-232.498066
-242.122824
-251.747582
-259.868472
-266.786267
-273.403288
-282.125725
-290.547389
-297.765957
-303.781431
-305.285300
-307.691489
-309.496132
-309.496132
-309.496132
-310.097679
-308.593810
-308.894584
-307.390716
-304.984526
-303.179884
-300.773694
-297.164410
-291.148936
-286.336557
-280.321083
-273.102515
-265.282398
-256.559961
-246.634429
-236.708897
-225.881044
-212.346228
-199.713733
-184.975822
-170.237911
-155.800774
-141.965184
-126.024178
-107.977756
-91.435203
-75.494197
-59.252418
-44.815280
-28.573501
-12.632495
2.360531
17.408918
30.981973
44.259962
59.308349
71.111006
84.093928
96.191651
108.289374
119.501898
131.894687
146.057875
158.155598
169.368121
181.170778
196.809298
210.382353
223.365275
231.332068
242.249526
251.101518
259.363378
266.149905
274.411765
281.788425
289.165085
296.246679
302.148008
304.508539
306.278937
307.164137
308.344402
308.344402
308.934535
308.934535
307.754269
306.869070
304.803605
303.623340
300.082543
296.836812
292.410816
286.214421
280.903226
273.821632
265.264706
256.707780
246.085389
237.233397
226.020873
213.923150
200.645161
186.186907
171.728653
157.565465
143.992410
129.534156
110.354839
94.716319
78.487666
63.439279
49.571157
33.047438
16.818786
2.065465
-12.030948
-26.768859
-40.002901
-54.740812
-67.674081
-81.208897
-95.044487
-105.872340
-119.106383
-131.137331
-144.972921
-158.206963
-168.433269
-181.667311
-195.803675
-211.143133
-221.970986
-230.994197
-242.122824
-250.845261
-259.567698
-266.485493
-274.907157
-282.727273
-289.344294
-298.066731
-302.277563
-305.886847
-308.593810
-309.496132
-309.195358
-309.195358
-307.992263
-308.593810
-308.593810
-307.089942
-304.382979
-303.781431
-299.871373
-296.562863
-292.051257
-286.637331
-279.418762
-273.102515
-265.883946
-254.454545
-245.431335
-235.806576
-224.677950
-213.248549
-198.811412
-184.675048
-169.636364
-154.898453
-141.965184
-126.324952
-108.579304
-90.532882
-76.095745
-59.553191
-44.213733
-27.671180
-11.730174
2.065465
17.999051
30.686907
44.555028
58.128083
71.406072
84.388994
97.076850
108.879507
120.387097
132.779886
146.352941
158.155598
169.073055
182.941176
197.104364
211.562619
223.070209
230.741935
241.954459
249.921252
259.953510
266.444972
274.411765
282.378558
289.460152
298.312144
301.262808
304.803605
307.164137
307.754269
308.934535
309.524668
308.639469
309.229602
308.049336
306.574004
304.803605
303.328273
300.967742
297.131879
291.820683
286.804554
281.198292
274.411765
265.264706
257.888046
246.675522
236.643264
226.315939
213.923150
200.350095
186.481973
172.613852
156.680266
144.582543
128.648956
110.944972
93.536053
77.897533
63.439279
48.685958
31.572106
16.228653
0.590133
-14.737911
-27.971954
-42.108317
-55.943907
-69.779497
-82.712766
-94.743714
-107.376209
-119.106383
-132.039652
-146.176015
-157.906190
-169.636364
-182.268859
-198.209865
-211.744681
-223.174081
-232.798839
-242.423598
-251.747582
-259.567698
-267.688588
-275.508704
-282.727273
-289.945841
-297.164410
-303.179884
-305.586074
-307.089942
-309.195358
-309.496132
-310.398453
-309.195358
-309.195358
-308.593810
-306.488395
-305.886847
-303.480658
-300.472921
-296.863636
-292.352031
-286.637331
-280.321083
-273.102515
-265.583172
-255.958414
-246.333656
-235.505803
-224.377176
-212.045455
-199.412959
-185.276596
-170.538685
-155.500000
-142.867505
-127.227273
-107.977756
-92.337524
-76.095745
-60.455513
-45.116054
-28.272727
-12.331721
2.655598
17.113852
30.981973
44.555028
57.833017
70.520873
84.684061
97.371917
107.994307
120.092030
132.189753
145.762808
158.155598
168.482922
181.465844
196.809298
210.677419
223.070209
231.037002
241.364326
251.396584
259.953510
266.740038
275.001898
282.378558
289.460152
297.426945
302.738140
304.508539
306.869070
307.754269
309.229602
308.639469
308.934535
308.639469
307.459203
306.869070
304.803605
303.623340
300.377609
296.246679
292.115750
286.509488
281.493359
273.526565
266.444972
256.412713
246.675522
236.348197
225.135674
213.628083
200.350095
185.891841
171.138520
156.680266
143.107211
128.353890
109.469639
93.240987
77.012334
62.259013
47.505693
30.686907
15.343454
0.885199
-14.136364
-27.370406
-42.709865
-55.643133
-69.177950
-83.013540
-96.548356
-107.676983
-120.610251
-132.641199
-146.476789
-159.410058
-169.335590
-181.968085
-196.705996
-212.647002
-222.572534
-233.099613
-242.122824
-251.747582
-258.665377
-267.087041
-275.809478
-282.727273
-290.848162
-298.367505
-303.480658
-305.285300
-307.691489
-308.894584
-310.097679
-309.796905
-309.796905
-308.894584
-307.691489
-307.691489
-304.984526
-303.480658
-300.472921
-296.863636
-291.750484
-285.735010
-280.922631
-272.801741
-265.282398
-255.958414
-246.032882
-236.408124
-224.978723
-212.346228
-200.014507
-185.276596
-169.034816
-155.500000
-141.363636
-126.024178
-107.977756
-91.134429
-74.291103
-58.951644
-44.815280
-27.971954
-12.632495
2.655598
17.408918
30.391841
45.145161
58.423150
72.881404
83.798861
97.666983
109.174573
121.567362
132.779886
146.352941
158.745731
170.548387
182.646110
197.399431
211.857685
223.365275
231.332068
241.954459
251.986717
259.363378
266.444972
275.001898
282.968691
289.755218
297.131879
302.148008
304.213472
306.574004
308.049336
308.344402
310.114801
308.934535
308.934535
307.754269
306.278937
305.688805
302.738140
300.967742
297.426945
291.230550
286.804554
280.608159
273.821632
265.559772
256.117647
246.675522
235.462998
225.135674
214.218216
200.055028
186.481973
171.138520
156.385199
143.402277
128.353890
110.944972
92.650854
78.192600
62.849146
48.095825
30.981973
15.933586
-0.000000
-14.737911
-27.069632
-42.709865
-56.244681
-69.478723
-83.013540
-96.247582
-108.579304
-120.309478
-133.543520
-145.875242
-159.710832
-169.335590
-182.268859
-198.209865
-212.346228
-223.775629
-231.595745
-242.724371
-252.349130
-259.567698
-267.387814
-275.207930
-283.328820
-290.848162
-296.863636
-303.179884
-304.984526
-307.390716
-308.593810
-308.593810
-309.796905
-309.195358
-309.496132
-308.894584
-308.293037
-305.285300
-303.179884
-300.773694
-296.863636
-290.547389
-286.637331
-279.418762
-273.102515
-264.079304
-256.259188
-246.634429
-235.505803
-224.978723
-213.850097
-199.713733
-186.178917
-170.839458
-156.402321
-143.168279
-126.024178
-108.579304
-91.134429
-74.591876
-60.154739
-44.514507
-27.370406
-12.331721
3.245731
16.523719
32.162239
45.145161
58.128083
71.701139
83.503795
98.257116
109.174573
120.092030
133.074953
145.172676
158.155598
169.073055
181.465844
197.104364
211.857685
222.775142
231.627135
242.544592
250.806452
260.248577
266.740038
274.411765
282.378558
290.345351
297.131879
302.443074
305.098672
305.983871
307.164137
308.639469
308.344402
309.524668
308.639469
307.754269
306.869070
304.508539
303.918406
300.082543
297.722011
291.230550
287.099620
280.313093
273.526565
266.149905
256.117647
246.675522
236.348197
225.135674
214.218216
199.759962
185.891841
170.843454
156.385199
143.697343
127.763757
110.649905
93.240987
76.717268
62.259013
46.620493
30.981973
14.753321
0.295066
-14.136364
-28.874275
-41.807544
-55.943907
-70.381044
-83.013540
-96.548356
-108.579304
-120.610251
-133.543520
-146.176015
-159.710832
-169.937137
-181.366538
-198.510638
-212.947776
-223.775629
-232.197292
-242.122824
-252.048356
-258.966151
-267.688588
-274.606383
-282.727273
-290.246615
-297.164410
-303.179884
-303.781431
-307.691489
-309.195358
-309.796905
-308.894584
-309.796905
-309.496132
-307.992263
-307.390716
-304.683752
-304.082205
-300.773694
-295.961315
-292.051257
-286.637331
-280.621857
-273.102515
-265.282398
-255.657640
-244.529014
-235.806576
-224.677950
-212.346228
-198.811412
-184.975822
-169.636364
-155.500000
-141.965184
-125.422631
-107.676983
-89.931335
-74.291103
-58.049323
-43.912959
-26.768859
-11.730174
3.245731
18.294118
32.752372
46.030361
58.718216
71.701139
85.274194
98.257116
109.764706
121.272296
133.665085
147.238140
159.335863
169.368121
182.055977
197.104364
213.037951
223.070209
231.627135
241.954459
251.986717
259.658444
267.625237
274.706831
283.263757
289.755218
298.017078
303.033207
305.393738
306.574004
308.344402
308.639469
308.934535
309.229602
308.934535
308.344402
307.459203
305.098672
303.623340
302.148008
297.131879
292.115750
287.099620
280.313093
273.526565
266.149905
257.297913
246.970588
236.348197
225.725806
213.333017
200.940228
186.481973
172.908918
156.680266
143.697343
129.239089
110.354839
94.716319
77.307400
63.144213
48.390892
31.277040
16.523719
0.295066
-14.136364
-27.671180
-42.409091
-55.643133
-68.877176
-82.111219
-94.743714
-106.173114
-119.106383
-131.438104
-145.574468
-158.206963
-168.734043
-181.366538
-195.803675
-212.045455
-222.271760
-230.994197
-240.919729
-250.544487
-259.266925
-266.786267
-273.704062
-282.125725
-288.742747
-296.562863
-302.879110
-305.586074
-306.488395
-308.293037
-309.195358
-309.496132
-309.195358
-308.894584
-307.691489
-305.886847
-304.984526
-301.676015
-299.570600
-295.961315
-289.945841
-286.035783
-280.621857
-272.801741
-265.282398
-254.454545
-245.130561
-236.708897
-225.279497
-212.947776
-198.811412
-185.276596
-170.237911
-155.199226
-142.867505
-126.324952
-108.278530
-91.435203
-74.892650
-59.553191
-44.514507
-27.671180
-12.030948
2.655598
18.294118
30.391841
44.555028
58.718216
71.996205
85.864326
98.257116
109.174573
121.272296
133.960152
147.238140
159.040797
169.663188
182.646110
197.399431
212.152751
222.775142
231.037002
242.544592
251.396584
259.363378
267.035104
274.116698
282.673624
290.050285
297.131879
302.148008
304.213472
306.574004
307.459203
309.524668
309.229602
308.344402
308.639469
307.754269
305.983871
304.213472
303.033207
301.262808
297.426945
292.115750
287.394687
280.903226
273.526565
264.969639
257.002846
246.970588
236.348197
225.725806
214.218216
200.645161
186.186907
172.318786
156.975332
143.992410
129.534156
110.059772
93.536053
77.307400
63.144213
48.095825
30.981973
16.523719
0.590133
-14.136364
-28.272727
-41.807544
-56.244681
-68.576402
-82.712766
-95.946809
-107.376209
-119.106383
-132.941973
-145.273694
-159.410058
-170.538685
-181.065764
-198.209865
-212.647002
-222.572534
-231.896518
-241.822050
-251.446809
-260.470019
-266.485493
-275.508704
-282.125725
-289.645068
-298.066731
-302.277563
-305.285300
-306.187621
-309.195358
-308.593810
-308.894584
-308.894584
-308.293037
-308.894584
-306.187621
-304.683752
-303.179884
-299.570600
-296.562863
-290.246615
-286.637331
-279.719536
-273.102515
-264.380077
-254.755319
-246.032882
-234.603482
-224.677950
-212.947776
-199.112186
-184.975822
-170.237911
-156.101547
-142.265957
-126.625725
-108.579304
-91.134429
-74.892650
-59.853965
-44.815280
-28.272727
-12.030948
2.950664
16.818786
31.277040
44.850095
58.128083
71.996205
83.503795
95.896584
107.699241
119.501898
132.189753
146.057875
158.450664
168.187856
182.055977
197.399431
210.972486
223.070209
231.627135
242.249526
250.806452
258.773245
267.035104
275.001898
282.083491
290.345351
298.902277
303.623340
305.098672
306.574004
308.344402
309.819734
309.819734
310.409867
309.819734
307.754269
306.869070
305.098672
303.918406
300.672676
297.131879
293.000949
286.804554
281.788425
275.001898
266.149905
257.592979
246.675522
237.233397
226.906072
214.513283
200.940228
186.777040
172.023719
157.270398
144.287476
128.944023
111.240038
94.421252
77.897533
63.144213
48.981025
32.752372
16.818786
2.065465
-12.331721
-27.069632
-41.205996
-55.342360
-67.674081
-81.208897
-94.743714
-105.872340
-118.204062
-130.535783
-144.070600
-157.003868
-168.433269
-180.764990
-195.803675
-210.842360
-221.670213
-231.595745
-241.521277
-250.544487
-258.665377
-265.883946
-274.004836
-282.125725
-289.945841
-297.765957
-302.578337
-306.488395
-307.390716
-308.293037
-309.195358
-308.593810
-308.894584
-308.293037
-308.593810
-307.089942
-304.683752
-302.879110
-298.969052
-296.562863
-289.945841
-285.133462
-279.719536
-272.801741
-265.282398
-255.356867
-245.130561
-234.904255
-224.677950
-212.647002
-198.510638
-184.374275
-169.937137
-153.695358
-141.062863
-124.821083
-107.676983
-89.630561
-73.689555
-58.049323
-43.912959
-26.468085
-12.030948
4.425996
17.703985
32.162239
46.325427
59.308349
73.176471
86.159393
97.962049
110.354839
121.272296
134.845351
146.352941
159.925996
170.253321
183.236243
197.989564
211.857685
223.070209
231.627135
242.249526
251.986717
259.658444
267.330171
275.592030
283.558824
290.640417
298.017078
303.328273
305.983871
307.164137
309.229602
309.819734
310.114801
309.229602
310.114801
308.934535
306.574004
305.688805
303.918406
301.262808
298.312144
292.410816
287.394687
282.083491
274.411765
267.035104
257.888046
246.970588
236.348197
226.315939
214.218216
200.940228
186.186907
170.843454
156.680266
143.107211
127.468691
110.354839
92.355787
77.012334
62.554080
47.210626
30.686907
14.753321
-0.000000
-14.437137
-27.671180
-42.409091
-55.643133
-70.681818
-83.915861
-95.646035
-107.977756
-119.707930
-132.039652
-146.176015
-158.808511
-169.636364
-181.667311
-197.909091
-212.647002
-222.572534
-231.595745
-242.423598
-251.146035
-259.868472
-267.688588
-274.606383
-282.727273
-290.246615
-297.164410
-302.578337
-304.082205
-307.089942
-308.293037
-308.894584
-308.593810
-309.496132
-309.195358
-308.293037
-307.390716
-305.285300
-301.375242
-299.871373
-295.359768
-290.547389
-287.238878
-278.817215
-272.801741
-263.778530
-254.454545
-246.032882
-234.904255
-223.775629
-210.842360
-198.811412
-184.073501
-169.636364
-154.296905
-141.664410
-124.219536
-107.075435
-89.329787
-73.990329
-58.650870
-42.108317
-26.768859
-10.827853
4.425996
19.179317
32.752372
47.210626
59.898482
73.471537
86.454459
99.437381
110.059772
122.157495
134.845351
147.533207
160.221063
170.843454
183.531309
198.284630
212.742884
223.365275
231.922201
242.544592
252.576850
259.953510
267.920304
275.592030
283.558824
290.345351
297.722011
303.033207
305.688805
307.459203
307.754269
309.819734
308.934535
309.819734
309.819734
308.049336
307.754269
304.508539
303.918406
301.852941
297.426945
293.000949
287.099620
282.083491
274.116698
266.444972
257.888046
247.265655
236.348197
225.725806
213.923150
198.874763
186.186907
171.433586
157.270398
143.697343
128.353890
111.240038
92.650854
77.602467
62.849146
47.800759
31.867173
15.933586
0.295066
-12.632495
-27.671180
-41.807544
-55.041586
-70.381044
-83.013540
-95.044487
-106.473888
-119.407157
-132.340426
-145.574468
-159.410058
-169.636364
-181.667311
-198.510638
-211.143133
-222.271760
-231.294971
-242.724371
-252.048356
-259.266925
-266.485493
-274.907157
-282.125725
-290.848162
-296.562863
-302.879110
-304.683752
-307.390716
-307.390716
-308.293037
-308.894584
-307.691489
-308.894584
-307.691489
-306.187621
-304.382979
-301.976789
-299.269826
-294.758221
-290.246615
-285.735010
-279.418762
-271.899420
-264.680851
-255.657640
-244.829787
-235.205029
-223.474855
-211.744681
-198.209865
-184.675048
-170.237911
-154.898453
-141.664410
-125.422631
-107.676983
-90.232108
-75.193424
-58.951644
-43.612186
-27.671180
-11.128627
2.655598
18.884250
30.981973
45.440228
58.423150
71.701139
85.274194
97.666983
109.174573
120.387097
133.960152
146.648008
159.335863
169.958254
182.646110
198.284630
213.333017
222.775142
233.102467
243.134725
251.101518
260.838710
267.035104
275.296964
283.263757
290.640417
297.131879
303.623340
305.393738
306.574004
308.934535
309.819734
309.229602
309.524668
309.524668
308.934535
307.164137
305.983871
303.623340
300.967742
297.722011
292.705882
287.689753
280.608159
274.411765
265.854839
257.297913
247.265655
236.938330
226.020873
213.923150
201.235294
186.481973
172.023719
157.860531
144.582543
129.829222
110.649905
94.716319
78.487666
63.144213
48.981025
31.572106
17.113852
1.770398
-12.632495
-27.069632
-41.205996
-54.139265
-67.674081
-81.509671
-93.239845
-104.669246
-118.204062
-131.137331
-144.672147
-156.402321
-169.034816
-181.667311
-196.104449
-211.744681
-222.572534
-230.994197
-241.822050
-249.341393
-258.966151
-266.786267
-273.704062
-281.824952
-289.645068
-296.863636
-302.277563
-304.683752
-306.789168
-307.390716
-307.691489
-308.293037
-308.593810
-307.992263
-307.691489
-305.586074
-303.781431
-301.976789
-299.269826
-295.359768
-291.148936
-286.637331
-277.914894
-272.500967
-263.778530
-253.852998
-244.228240
-235.505803
-224.377176
-212.045455
-197.006770
-183.171180
-168.132495
-154.296905
-140.461315
-124.520309
-106.173114
-89.329787
-74.591876
-58.650870
-42.409091
-26.167311
-10.827853
5.016129
18.589184
32.457306
45.735294
61.078748
72.291271
86.159393
99.142315
110.059772
120.977230
134.255218
147.533207
159.925996
170.253321
183.236243
197.694497
213.333017
223.955408
232.807400
243.724858
251.986717
260.543643
267.625237
276.182163
284.444023
291.230550
298.902277
304.508539
306.278937
307.754269
309.229602
309.819734
309.229602
309.524668
309.229602
308.934535
307.164137
305.983871
304.508539
301.557875
297.426945
292.410816
287.689753
281.788425
275.001898
266.149905
258.183112
247.560721
237.233397
226.315939
213.333017
200.645161
185.891841
171.138520
156.680266
143.107211
129.239089
110.944972
93.831120
77.012334
62.849146
47.210626
31.277040
16.228653
0.885199
-14.136364
-28.573501
-42.409091
-56.244681
-70.381044
-83.013540
-95.646035
-108.579304
-120.008704
-132.641199
-145.875242
-159.410058
-169.335590
-182.870406
-197.909091
-211.744681
-222.572534
-231.896518
-241.822050
-251.146035
-259.266925
-265.883946
-275.207930
-281.524178
-290.246615
-296.863636
-302.578337
-304.984526
-306.488395
-308.293037
-309.195358
-308.894584
-309.496132
-308.593810
-307.992263
-306.187621
-304.984526
-302.879110
-299.269826
-295.961315
-290.547389
-286.336557
-279.418762
-271.899420
-263.778530
-254.755319
-244.529014
-234.001934
-223.174081
-210.842360
-197.608317
-183.772727
-169.034816
-153.695358
-139.258221
-124.219536
-106.473888
-89.029014
-73.990329
-57.447776
-43.010638
-25.565764
-11.128627
5.901328
18.589184
32.752372
46.620493
59.603416
73.176471
86.159393
98.847249
110.944972
121.567362
135.730550
149.008539
159.925996
170.843454
183.826376
199.464896
213.628083
225.135674
232.807400
243.429791
253.166983
261.133776
267.330171
275.296964
282.968691
290.935484
298.017078
303.033207
305.983871
307.459203
310.114801
309.229602
311.000000
311.000000
309.229602
309.229602
307.754269
305.098672
303.918406
301.557875
298.017078
293.296015
287.099620
282.083491
274.116698
266.444972
257.888046
246.970588
237.233397
226.020873
214.218216
201.235294
186.481973
171.433586
156.680266
143.992410
128.353890
110.354839
94.421252
78.192600
63.144213
47.800759
31.867173
16.228653
0.590133
-13.234043
-27.671180
-42.709865
-55.643133
-69.779497
-82.111219
-96.548356
-107.376209
-119.707930
-132.641199
-145.273694
-158.808511
-169.034816
-182.268859
-198.510638
-211.143133
-222.873308
-232.197292
-242.122824
-251.146035
-259.567698
-265.883946
-274.907157
-282.727273
-289.645068
-297.465184
-301.976789
-305.886847
-307.089942
-308.593810
-308.894584
-308.593810
-309.195358
-308.293037
-307.691489
-305.886847
-304.683752
-301.676015
-298.367505
-295.660542
-289.344294
-285.735010
-279.117988
-271.899420
-264.380077
-254.755319
-245.130561
-234.603482
-223.775629
-211.744681
-197.006770
-184.073501
-169.335590
-154.296905
-141.965184
-125.121857
-106.774662
-89.931335
-73.689555
-58.049323
-44.815280
-27.069632
-11.429400
3.835863
17.999051
30.686907
46.030361
59.308349
72.881404
84.979127
97.962049
110.059772
120.682163
133.665085
146.943074
159.630930
170.253321
182.351044
198.874763
213.333017
223.955408
232.217268
243.429791
251.986717
259.953510
266.740038
275.001898
283.853890
291.525617
297.722011
302.738140
305.688805
307.754269
308.639469
309.819734
309.524668
311.000000
309.819734
308.049336
307.754269
305.688805
303.623340
302.148008
298.902277
293.000949
287.689753
281.198292
274.706831
267.330171
257.592979
247.560721
236.348197
225.430740
214.218216
200.645161
186.481973
171.138520
157.565465
144.877609
128.353890
110.649905
93.831120
78.192600
62.849146
48.390892
31.277040
16.523719
0.885199
-13.835590
-26.768859
-41.807544
-55.041586
-68.576402
-81.509671
-94.442940
-106.473888
-118.204062
-130.836557
-145.574468
-156.703095
-169.034816
-180.163443
-196.104449
-211.143133
-222.572534
-231.595745
-240.919729
-251.146035
-258.063830
-266.786267
-273.704062
-282.125725
-289.043520
-296.262089
-302.578337
-304.382979
-305.586074
-307.390716
-308.293037
-308.593810
-307.691489
-308.293037
-308.293037
-305.886847
-304.382979
-302.277563
-299.570600
-294.758221
-290.848162
-284.832689
-279.117988
-271.297872
-262.274662
-254.454545
-243.025145
-234.904255
-223.775629
-210.842360
-197.909091
-183.772727
-168.734043
-153.695358
-140.461315
-124.219536
-106.173114
-88.427466
-72.185687
-58.350097
-42.709865
-25.565764
-11.128627
5.016129
18.884250
33.932638
47.800759
60.783681
74.356736
87.339658
100.027514
110.944972
122.452562
136.320683
148.123340
160.516129
170.843454
183.826376
200.055028
213.923150
224.840607
232.807400
243.429791
253.462049
260.838710
268.510436
276.477230
284.444023
292.705882
299.197343
303.328273
306.574004
308.049336
309.229602
310.114801
310.114801
310.409867
309.819734
309.229602
308.639469
305.688805
304.508539
301.557875
298.312144
292.705882
287.984820
282.378558
275.592030
265.854839
257.592979
247.265655
236.643264
225.725806
214.218216
200.645161
187.072106
171.728653
157.270398
143.992410
128.058824
111.535104
93.536053
77.602467
63.439279
47.800759
31.572106
15.933586
0.295066
-12.933269
-27.971954
-40.905222
-55.643133
-69.177950
-82.111219
-95.646035
-106.173114
-119.106383
-132.039652
-145.273694
-158.206963
-167.530948
-181.968085
-196.705996
-211.443907
-221.970986
-230.994197
-241.220503
-250.544487
-258.966151
-266.786267
-274.606383
-282.125725
-289.945841
-295.961315
-302.277563
-304.984526
-306.187621
-307.691489
-308.293037
-307.691489
-307.691489
-308.293037
-306.187621
-306.187621
-303.781431
-300.172147
-299.269826
-294.457447
-289.945841
-283.930368
-278.516441
-271.598646
-262.876209
-254.454545
-244.829787
-234.001934
-223.174081
-210.842360
-198.209865
-183.171180
-168.433269
-154.597679
-140.461315
-124.219536
-106.173114
-89.931335
-73.689555
-58.951644
-43.612186
-26.768859
-11.429400
3.540797
18.589184
33.047438
46.325427
60.488615
72.586338
86.454459
99.142315
110.059772
122.157495
135.435484
148.123340
159.925996
170.548387
183.826376
199.464896
213.333017
223.955408
233.397533
242.544592
252.281784
260.838710
267.625237
276.772296
283.558824
290.935484
298.312144
303.328273
305.098672
307.459203
309.819734
309.819734
310.114801
310.409867
309.524668
308.934535
307.754269
306.574004
304.508539
301.557875
299.197343
292.115750
287.099620
281.493359
274.411765
266.149905
258.183112
247.265655
237.233397
226.020873
214.218216
201.530361
186.777040
172.318786
157.860531
143.992410
130.419355
111.240038
94.716319
77.012334
63.144213
49.276091
32.457306
16.818786
0.885199
-12.331721
-26.468085
-41.807544
-54.139265
-68.576402
-81.509671
-94.743714
-107.075435
-118.805609
-130.535783
-144.972921
-157.304642
-168.433269
-179.862669
-196.405222
-210.842360
-221.369439
-230.693424
-240.618956
-250.544487
-258.364603
-266.485493
-273.102515
-280.922631
-289.645068
-296.262089
-302.879110
-304.082205
-306.187621
-306.789168
-307.691489
-308.293037
-307.691489
-308.293037
-307.089942
-305.586074
-304.683752
-301.676015
-298.668279
-295.058994
-289.344294
-285.133462
-277.313346
-271.899420
-263.477756
-253.552224
-243.927466
-232.197292
-222.873308
-210.541586
-196.705996
-182.569632
-168.132495
-152.492263
-140.160542
-123.918762
-105.872340
-89.931335
-73.088008
-57.748549
-41.807544
-26.167311
-11.429400
5.311195
19.474383
34.227704
47.505693
60.783681
74.356736
86.454459
100.617647
111.535104
123.042694
136.025617
149.303605
160.811195
170.253321
184.121442
199.169829
214.218216
225.135674
233.987666
244.019924
252.576850
261.133776
268.510436
275.887097
284.148956
291.525617
300.082543
303.623340
305.983871
308.049336
308.934535
310.409867
311.000000
310.409867
309.229602
308.639469
308.639469
305.983871
304.508539
301.557875
297.722011
293.000949
287.394687
280.903226
275.296964
266.444972
257.888046
247.855787
236.938330
225.430740
213.628083
200.645161
186.186907
170.843454
156.385199
143.402277
127.468691
109.764706
93.536053
77.602467
61.963947
48.095825
32.457306
16.228653
-0.000000
-13.534816
-27.671180
-42.409091
-56.545455
-69.779497
-82.111219
-95.646035
-107.676983
-119.106383
-132.941973
-145.273694
-158.507737
-169.335590
-181.968085
-197.307544
-211.443907
-222.873308
-231.294971
-241.822050
-250.243714
-259.266925
-265.282398
-274.004836
-281.824952
-289.945841
-296.262089
-301.375242
-305.285300
-305.586074
-307.992263
-308.593810
-308.293037
-307.691489
-307.992263
-307.390716
-305.285300
-304.082205
-301.074468
-297.765957
-294.758221
-288.742747
-284.531915
-279.117988
-271.297872
-263.477756
-253.852998
-244.228240
-234.603482
-223.174081
-211.443907
-198.209865
-183.772727
-169.034816
-154.296905
-141.363636
-124.821083
-106.473888
-89.931335
-73.990329
-57.447776
-42.709865
-25.866538
-11.128627
4.130930
18.884250
32.457306
46.915560
59.898482
73.176471
86.159393
98.552182
110.059772
122.157495
135.730550
146.943074
160.516129
170.548387
183.531309
199.169829
213.628083
223.955408
232.807400
242.839658
252.576850
261.133776
268.215370
276.182163
284.739089
292.410816
300.082543
303.328273
305.688805
307.754269
309.524668
309.524668
310.704934
310.704934
309.229602
309.819734
307.164137
306.278937
303.623340
301.262808
298.017078
292.705882
287.394687
282.083491
274.411765
266.149905
257.002846
246.380455
237.528463
225.725806
213.333017
200.055028
186.186907
171.138520
156.975332
143.697343
127.763757
110.059772
93.536053
77.307400
62.554080
48.390892
31.277040
15.638520
0.885199
-13.534816
-27.971954
-42.108317
-56.545455
-69.779497
-82.712766
-95.044487
-107.676983
-120.008704
-132.941973
-146.476789
-158.808511
-169.335590
-182.268859
-197.608317
-212.346228
-223.174081
-231.595745
-241.521277
-251.146035
-258.966151
-267.387814
-274.004836
-282.125725
-290.246615
-297.164410
-302.578337
-304.382979
-306.488395
-307.691489
-307.992263
-307.390716
-308.293037
-306.789168
-306.789168
-305.285300
-303.480658
-301.676015
-298.668279
-296.262089
-289.344294
-284.531915
-278.516441
-272.200193
-264.079304
-253.251451
-244.529014
-234.302708
-223.174081
-211.744681
-197.307544
-184.073501
-167.530948
-152.793037
-140.160542
-124.821083
-107.075435
-90.532882
-74.291103
-59.853965
-43.612186
-25.565764
-12.632495
3.245731
17.999051
33.342505
46.620493
60.193548
73.176471
85.864326
98.552182
109.469639
120.682163
134.845351
146.352941
159.040797
170.253321
182.941176
198.874763
213.628083
223.070209
233.102467
243.134725
253.166983
260.543643
267.625237
275.296964
283.853890
291.820683
297.722011
303.918406
305.688805
308.344402
308.934535
310.409867
310.114801
309.819734
310.114801
308.934535
307.164137
305.393738
304.213472
301.262808
297.426945
292.410816
287.394687
281.788425
274.411765
267.625237
256.707780
247.560721
236.938330
225.725806
214.218216
199.759962
186.481973
171.728653
156.975332
144.582543
128.353890
110.649905
93.831120
78.782732
63.144213
49.276091
31.572106
16.818786
0.885199
-13.234043
-26.768859
-41.506770
-54.740812
-69.177950
-81.810445
-95.044487
-107.376209
-119.106383
-132.340426
-144.371373
-157.304642
-169.636364
-181.366538
-197.307544
-211.443907
-221.970986
-231.595745
-240.919729
-250.845261
-258.364603
-267.387814
-274.004836
-280.922631
-289.645068
-295.660542
-301.976789
-304.382979
-305.285300
-307.691489
-307.992263
-308.593810
-307.691489
-308.293037
-306.187621
-305.285300
-303.179884
-301.074468
-299.269826
-294.758221
-290.547389
-284.832689
-278.817215
-271.297872
-264.079304
-254.755319
-243.927466
-233.099613
-223.775629
-210.842360
-197.307544
-183.772727
-168.734043
-154.296905
-140.762089
-124.520309
-107.075435
-89.029014
-73.388781
-56.846228
-42.108317
-27.069632
-10.226306
4.130930
18.294118
32.752372
46.620493
59.898482
72.881404
86.159393
100.027514
110.354839
122.747628
135.140417
147.828273
160.221063
170.843454
183.531309
198.579696
212.742884
224.250474
232.512334
242.249526
252.871917
261.133776
268.215370
276.477230
284.148956
292.410816
298.902277
303.623340
306.574004
307.754269
309.524668
310.114801
309.524668
309.819734
309.819734
309.524668
307.459203
305.393738
303.918406
301.557875
297.722011
293.296015
286.804554
282.378558
274.116698
265.854839
257.002846
246.675522
236.348197
225.135674
212.742884
199.759962
185.596774
171.138520
156.385199
143.697343
126.878558
110.059772
92.650854
77.012334
62.554080
46.915560
30.981973
14.753321
-0.601547
-14.136364
-29.475822
-42.108317
-56.545455
-70.381044
-83.314313
-96.849130
-108.880077
-120.610251
-132.941973
-146.476789
-159.410058
-169.636364
-181.968085
-197.909091
-212.346228
