-297.804243
-274.711668
-270.513018
-276.211186
-259.416586
-257.017358
-247.420444
-236.623915
-224.027965
-211.731919
-196.436837
-183.241080
-167.945998
-154.750241
-139.455159
-122.060752
-104.966249
-88.171649
-73.776278
-58.481196
-41.986500
-25.791707
-9.896818
3.517436
19.345900
33.122526
47.485391
60.089538
73.866164
86.470311
99.074458
111.678605
124.575872
137.766258
152.422243
162.388313
175.285580
189.941565
205.183789
216.615457
226.874647
236.547597
245.927427
255.014138
262.049010
270.256362
277.584354
284.619227
292.240339
297.516494
300.154571
301.033930
301.327050
301.327050
299.861451
300.447691
297.809614
296.344015
293.119698
288.722903
285.498586
279.929312
272.015080
264.100848
254.427898
242.409991
229.805844
215.442978
199.907634
182.906692
165.026390
148.025448
129.558907
110.799246
91.746466
71.521206
54.813384
38.105561
21.983977
4.396795
-12.296046
-27.291225
-40.486982
-51.583414
-64.479267
-76.475410
-86.072324
-96.568949
-105.865959
-113.963356
-122.360656
-129.558341
-137.655738
-145.753134
-152.950820
-158.948891
-167.646095
-176.343298
-185.640309
-192.538091
-200.635487
-214.730955
-226.727097
-236.324012
-244.421408
-253.418515
-260.616201
-267.813886
-273.212150
-280.109932
-286.707811
-292.405979
-298.703954
-303.502411
-307.701061
-308.600771
-309.200579
-310.100289
-310.700096
-311.000000
-310.700096
-309.500482
-308.900675
-306.501446
-304.702025
-302.302797
-298.104147
-293.305689
-287.907425
-283.108968
-276.810993
-266.614272
-258.516876
-249.519769
-238.423337
-229.726133
-217.130183
-204.534233
-190.438766
-176.643202
-162.247830
-149.351977
-134.356798
-117.262295
-99.567985
-84.872710
-68.977821
-53.682739
-37.188042
-21.293153
-5.998071
7.621112
23.156456
36.639962
50.709708
63.606975
76.504241
90.867107
102.298775
114.609802
127.800189
140.697455
155.646560
165.319510
177.630537
193.459001
206.649387
219.839774
228.340245
238.599434
248.858624
256.186616
264.393968
271.721960
279.049953
286.671065
293.119698
300.447691
303.378888
306.016965
307.189444
307.189444
307.482564
306.896324
306.896324
307.775683
305.430726
303.378888
300.447691
298.102733
294.878417
287.550424
281.981150
274.653157
266.445806
257.065975
245.634307
235.668238
223.357210
211.925542
197.562677
182.320452
167.371348
149.784166
134.248822
118.420358
102.591894
84.125353
64.486334
47.192271
31.656927
17.294062
0.293120
-14.695275
-29.690453
-42.886210
-56.381871
-68.378014
-80.074253
-92.970106
-104.366442
-116.362584
-125.359691
-137.055931
-148.152363
-160.148505
-172.444552
-181.741562
-192.238187
-206.933462
-220.729026
-230.625844
-238.723240
-248.320154
-256.117647
-262.715526
-270.213115
-276.511090
-284.008679
-291.806172
-296.904532
-302.002893
-305.901639
-308.600771
-310.100289
-310.100289
-309.800386
-309.800386
-310.400193
-309.800386
-308.900675
-306.501446
-304.102218
-302.002893
-299.603664
-293.605593
-287.307618
-281.609450
-275.311475
-266.914176
-257.617165
-248.320154
-237.823529
-228.226615
-216.830280
-202.734812
-190.138862
-174.243973
-161.947927
-147.852459
-134.056895
-115.762777
-99.567985
-83.073288
-68.078110
-53.382835
-37.188042
-20.993250
-5.398264
8.500471
23.449576
37.812441
51.882187
65.365693
77.676720
91.453346
103.764373
115.196041
128.093308
142.456173
154.767201
166.198869
177.630537
193.165881
209.580584
219.839774
228.926484
240.358153
248.565504
256.772856
264.687088
272.308200
279.929312
286.671065
294.292177
300.447691
303.378888
305.137606
307.775683
308.361923
308.655042
307.189444
307.775683
307.775683
306.603205
304.844486
302.499529
299.568332
295.757776
291.654100
284.912347
276.998115
271.428841
261.755891
251.789821
240.358153
229.805844
218.960415
206.063148
191.700283
177.337418
161.215834
147.439208
131.317625
116.661640
99.074458
80.314797
62.727615
47.778511
33.122526
17.000943
1.172479
-14.095468
-28.190935
-41.986500
-56.681774
-67.478303
-80.374156
-93.869817
-105.266152
-116.962392
-129.258438
-141.254581
-153.550627
-166.746384
-176.343298
-187.139826
-202.434908
-216.530376
-225.827387
-234.524590
-244.421408
-251.918997
-259.116683
-266.614272
-273.512054
-280.709740
-288.807136
-296.304725
-302.002893
-305.301832
-308.600771
-308.600771
-309.500482
-309.500482
-310.400193
-309.200579
-310.100289
-308.600771
-307.101254
-304.402122
-302.002893
-297.504339
-294.205400
-287.607522
-281.909354
-275.311475
-267.513983
-258.216972
-247.720347
-238.123433
-227.626808
-216.530376
-202.434908
-189.239151
-175.743491
-161.648023
-147.552555
-133.157184
-116.962392
-98.668274
-83.373192
-67.178399
-52.783028
-35.388621
-19.193828
-5.098361
9.672950
24.035815
38.691800
51.882187
64.779453
78.556079
92.039585
103.764373
115.489161
128.972667
141.576814
155.060320
165.905749
177.923657
193.459001
208.408106
220.426013
229.219604
238.892554
249.444863
256.772856
264.980207
272.308200
279.929312
286.377945
293.999057
300.154571
303.085768
305.723845
307.482564
308.361923
308.068803
308.655042
308.655042
307.482564
307.189444
305.137606
302.499529
301.033930
296.637135
292.240339
285.791706
281.101791
272.894439
264.100848
254.721018
244.168709
233.030160
221.598492
208.994345
195.510839
180.854854
166.198869
150.077286
137.180019
121.351555
103.471254
86.177191
69.176249
53.640905
38.398680
21.983977
6.741753
-8.097396
-22.792671
-37.188042
-50.683703
-65.378978
-77.075217
-91.170685
-102.267117
-115.462874
-126.859209
-138.855352
-151.751205
-163.747348
-175.143684
-185.640309
-200.335583
-215.930569
-224.027965
-233.025072
-243.521697
-251.619094
-259.416586
-266.614272
-274.111861
-281.309547
-288.507232
-295.405014
-302.002893
-305.601736
-307.101254
-309.200579
-309.500482
-309.500482
-309.800386
-309.200579
-309.800386
-308.000964
-306.201543
-305.001929
-302.302797
-298.104147
-293.905497
-288.207329
-281.909354
-274.711668
-266.614272
-257.317261
-248.020251
-238.123433
-227.326905
-216.530376
-202.734812
-189.838959
-175.143684
-161.048216
-148.152363
-133.157184
-114.863067
-98.668274
-82.473481
-66.878496
-52.783028
-35.988428
-19.793635
-4.498554
10.552309
23.156456
37.519321
51.882187
65.072573
78.849199
91.160226
104.350613
115.196041
128.093308
142.456173
155.353440
167.371348
178.509896
193.459001
209.287465
221.012253
229.219604
239.771913
247.686145
256.479736
264.687088
271.721960
279.636192
285.791706
293.999057
300.740811
303.672008
306.310085
306.896324
308.655042
309.827521
309.241282
307.775683
308.068803
306.016965
305.430726
302.206409
300.154571
296.930254
292.826579
286.084826
281.101791
274.360038
266.152686
257.065975
245.048068
235.668238
223.357210
211.925542
197.562677
183.492931
168.543827
153.008483
139.818096
124.868992
107.281810
88.522149
72.400566
57.451461
42.795476
25.501414
10.845429
-4.198650
-19.493732
-33.889103
-47.684667
-61.180328
-72.876567
-86.372228
-99.567985
-111.564127
-123.560270
-136.156220
-149.651880
-161.648023
-172.744455
-182.941176
-198.236258
-212.331726
-224.327869
-232.425265
-242.022179
-249.819672
-257.917068
-265.414658
-273.212150
-281.009643
-288.507232
-296.304725
-301.103182
-305.301832
-306.201543
-307.701061
-308.900675
-310.100289
-308.900675
-309.500482
-309.200579
-306.801350
-308.000964
-303.202507
-301.702989
-298.404050
-292.106075
-287.307618
-281.909354
-275.011572
-266.614272
-258.216972
-248.620058
-238.723240
-229.426230
-216.830280
-203.634523
-189.838959
-177.842816
-161.947927
-149.052073
-134.056895
-116.962392
-99.567985
-82.473481
-67.478303
-51.883317
-35.688525
-20.093539
-4.198650
9.086711
24.622055
38.105561
51.002828
65.072573
77.969840
90.867107
103.178134
114.023563
127.213949
140.697455
154.474081
165.026390
177.044298
191.993402
208.408106
220.132893
227.754006
238.599434
248.272385
256.772856
264.100848
272.894439
279.343073
286.671065
294.878417
299.861451
304.551367
306.016965
307.775683
308.361923
308.361923
308.068803
308.361923
308.068803
306.310085
305.137606
302.792648
300.740811
297.809614
292.240339
288.722903
280.808671
274.360038
265.859566
257.065975
247.393025
236.254477
225.409048
212.511781
198.442036
185.251649
170.009425
155.353440
140.990575
128.386428
110.213007
92.039585
75.331762
59.796418
44.261074
28.725730
12.604147
-2.099325
-16.794600
-31.189971
-45.885246
-58.781099
-71.377049
-84.872710
-96.868852
-110.964320
-122.060752
-134.956606
-147.552555
-161.048216
-171.544841
-182.041466
-197.936355
-210.232401
-222.828351
-231.225651
-240.822565
-250.119576
-257.617165
-265.114754
-273.212150
-281.609450
-287.607522
-295.704918
-302.902604
-305.601736
-307.401157
-308.000964
-309.500482
-310.400193
-310.100289
-309.200579
-309.500482
-308.000964
-305.301832
-305.001929
-300.803279
-297.204436
-293.005786
-286.407907
-281.609450
-274.411765
-266.614272
-258.516876
-248.919961
-239.323047
-228.826422
-216.530376
-204.234330
-189.838959
-175.743491
-161.048216
-148.152363
-133.157184
-115.762777
-98.968177
-82.173578
-67.478303
-52.483124
-34.788814
-19.493732
-3.898746
9.379830
24.622055
37.226202
51.882187
64.486334
77.969840
90.573987
102.885014
114.316682
128.093308
140.990575
154.767201
165.905749
176.751178
192.286522
208.408106
220.132893
228.633365
238.892554
248.565504
256.186616
264.100848
271.135721
278.756833
286.377945
294.292177
300.154571
303.672008
305.723845
308.068803
308.361923
308.361923
308.655042
308.361923
308.361923
306.603205
305.137606
302.792648
300.740811
297.809614
292.240339
287.843544
280.808671
274.653157
267.325165
258.238454
247.979265
237.720075
226.288407
214.270500
200.493874
186.424128
171.768143
155.646560
142.456173
127.800189
110.506126
93.505184
76.504241
59.796418
46.899152
29.898209
14.655985
-1.199614
-15.894889
-29.090646
-44.085824
-57.581485
-71.077146
-84.272903
-97.468660
-109.464802
-121.460945
-134.356798
-146.952748
-159.848602
-171.544841
-181.741562
-196.736741
-211.132112
-221.928640
-230.625844
-239.922854
-248.320154
-257.617165
-265.414658
-272.312440
-280.409836
-287.607522
-294.505304
-301.103182
-304.402122
-306.501446
-308.000964
-309.200579
-310.400193
-309.800386
-309.200579
-309.200579
-306.801350
-306.501446
-304.102218
-303.802314
-298.104147
-292.705882
-288.807136
-282.209257
-275.611379
-267.813886
-257.617165
-248.320154
-239.023144
-227.926712
-215.930569
-203.034716
-189.239151
-174.843780
-160.448409
-147.852459
-132.857281
-116.062681
-98.068467
-81.573770
-65.978785
-51.283510
-34.788814
-19.193828
-3.898746
9.966070
24.915174
39.571159
53.347785
66.245052
80.021678
92.039585
104.936852
117.247879
129.265787
142.749293
155.060320
165.612630
177.630537
193.752121
208.994345
219.546654
229.805844
238.892554
249.151744
257.945335
264.687088
272.601320
279.636192
286.964185
294.585297
300.154571
303.672008
306.016965
307.775683
308.655042
308.948162
308.948162
308.361923
308.361923
307.189444
306.016965
303.085768
301.620170
297.809614
292.826579
287.257304
281.101791
274.653157
266.738926
258.238454
247.393025
237.720075
227.460886
214.270500
201.666352
187.303487
172.061263
157.405278
143.921772
130.145146
111.971725
94.091423
78.262959
61.848256
47.192271
32.243167
16.707823
0.293120
-14.695275
-29.090646
-41.986500
-56.081967
-69.577628
-82.773385
-96.269045
-108.265188
-119.961427
-132.857281
-145.153327
-158.349084
-169.745419
-180.541948
-196.136933
-210.832208
-221.028930
-230.325940
-239.622951
-250.419479
-257.017358
-265.414658
-272.012536
-280.409836
-287.607522
-295.105111
-300.803279
-305.001929
-306.801350
-308.600771
-309.200579
-310.400193
-309.200579
-309.200579
-308.600771
-307.401157
-306.801350
-303.802314
-301.103182
-296.004822
-291.206365
-287.007715
-279.210222
-274.111861
-265.714561
-257.617165
-248.620058
-237.823529
-227.326905
-216.530376
-203.634523
-189.838959
-175.443587
-161.648023
-147.552555
-133.157184
-116.962392
-98.368370
-81.873674
-65.978785
-50.983607
-34.788814
-19.193828
-3.298939
10.552309
24.915174
39.278040
53.054665
65.072573
78.849199
92.039585
104.350613
116.075401
128.093308
143.335533
155.353440
165.319510
176.458058
191.700283
208.114986
219.839774
228.047125
238.599434
249.444863
256.186616
263.807729
272.015080
279.929312
287.550424
293.705938
300.154571
304.551367
305.723845
306.603205
308.361923
309.534402
308.948162
308.655042
308.361923
307.775683
305.137606
304.258247
301.327050
298.102733
292.826579
287.843544
282.567389
275.239397
267.032045
258.238454
247.979265
238.306315
228.340245
215.442978
203.131951
188.182846
173.819981
158.284637
145.680490
130.731385
113.730443
96.436381
78.849199
64.193214
48.950990
32.536287
17.294062
0.879359
-13.495661
-27.591128
-42.586307
-55.182257
-68.677917
-82.173578
-95.069431
-107.665381
-119.661524
-132.257473
-145.753134
-158.648987
-169.745419
-180.541948
-195.237223
-209.332690
-220.129219
-230.625844
-239.323047
-249.219865
-257.917068
-263.615236
-273.212150
-280.109932
-287.907425
-295.405014
-301.403086
-305.301832
-306.801350
-307.401157
-309.500482
-310.100289
-309.200579
-309.200579
-308.900675
-308.600771
-306.201543
-304.702025
-302.302797
-298.104147
-292.106075
-287.007715
-282.809065
-274.711668
-268.413693
-257.317261
-248.620058
-238.723240
-227.926712
-215.930569
-203.934426
-190.438766
-175.143684
-161.648023
-146.352941
-133.457088
-115.162970
-98.068467
-80.973963
-65.079074
-50.683703
-33.889103
-18.594021
-2.999036
11.724788
26.087653
40.157399
53.640905
67.710650
80.314797
93.212064
105.229972
117.247879
129.265787
142.163054
155.060320
167.078228
177.630537
192.286522
208.408106
218.667295
229.219604
238.599434
247.979265
257.652215
264.100848
271.428841
279.636192
287.257304
293.999057
300.447691
304.258247
306.310085
307.482564
309.241282
308.948162
309.534402
308.655042
309.241282
307.482564
304.844486
303.085768
301.620170
298.688973
293.412818
289.016023
281.981150
276.411876
266.738926
259.410933
248.858624
239.185674
228.633365
217.787936
203.131951
188.182846
175.285580
160.336475
145.094251
132.196984
114.316682
97.022620
80.314797
64.779453
51.295947
34.295005
19.345900
3.517436
-11.096432
-25.191900
-39.287367
-53.382835
-66.878496
-80.074253
-92.970106
-105.566056
-117.862102
-130.458052
-143.653809
-156.249759
-167.945998
-178.142719
-193.137898
-208.432980
-220.429122
-229.426230
-237.823529
-249.219865
-257.617165
-263.615236
-271.112825
-278.610415
-288.207329
-295.405014
-299.303761
-304.702025
-306.801350
-308.600771
-308.600771
-309.800386
-309.200579
-307.401157
-309.500482
-308.300868
-305.901639
-303.802314
-301.702989
-297.204436
-292.405979
-287.607522
-280.709740
-274.711668
-267.513983
-257.917068
-248.020251
-238.423337
-227.626808
-217.130183
-204.234330
-189.539055
-175.743491
-161.048216
-147.852459
-133.756991
-115.762777
-98.968177
-80.374156
-66.578592
-50.983607
-35.088717
-19.193828
-2.999036
11.138549
25.208294
39.571159
53.054665
66.538172
79.142319
93.212064
104.350613
116.661640
129.558907
142.163054
154.767201
164.733270
177.337418
191.993402
208.408106
219.839774
227.460886
238.892554
248.565504
257.065975
264.100848
271.428841
279.636192
287.550424
294.585297
299.861451
304.258247
305.723845
308.068803
308.948162
309.241282
309.241282
308.948162
308.948162
308.068803
305.430726
303.672008
300.740811
298.982092
293.999057
288.429783
281.688030
275.825636
267.618285
259.117813
249.151744
239.478794
228.047125
216.908577
203.131951
189.062205
174.992460
159.457116
145.973610
132.196984
115.489161
97.022620
81.194156
65.072573
50.709708
34.588124
18.173421
3.810556
-11.696239
-26.091610
-40.187078
-53.982642
-67.178399
-80.374156
-93.270010
-105.566056
-118.162006
-131.357763
-144.253616
-156.849566
-168.845709
-179.042430
-193.437801
-208.432980
-220.129219
-229.726133
-238.723240
-249.219865
-254.918033
-264.215043
-272.012536
-279.810029
-287.007715
-294.805207
-299.903568
-305.601736
-306.801350
-308.900675
-308.900675
-309.200579
-309.200579
-308.900675
-309.200579
-306.501446
-305.301832
-304.402122
-300.803279
-297.504339
-292.405979
-287.607522
-282.209257
-274.711668
-267.513983
-257.917068
-247.120540
-239.323047
-227.027001
-218.029894
-203.634523
-189.838959
-175.743491
-161.348120
-146.952748
-133.756991
-115.762777
-98.668274
-81.873674
-66.878496
-51.583414
-34.488910
-17.994214
-3.898746
11.724788
24.915174
39.864279
52.761546
66.831291
78.556079
92.625825
104.350613
115.489161
127.507069
141.283695
154.474081
165.905749
177.044298
191.993402
207.235627
219.253534
227.754006
238.599434
247.099906
256.186616
264.393968
270.842601
279.343073
286.964185
293.119698
299.861451
303.085768
306.016965
308.068803
308.361923
309.534402
310.120641
308.361923
308.068803
306.310085
305.430726
303.672008
301.327050
298.688973
292.826579
288.722903
281.981150
276.118756
268.497644
259.117813
249.737983
239.478794
229.512724
218.667295
204.304430
190.820924
177.044298
161.802074
147.146089
133.662582
117.540999
99.367578
82.952875
67.417531
53.640905
36.053723
20.518379
5.862394
-9.596914
-23.392478
-38.987464
-51.883317
-65.378978
-78.274831
-91.470588
-103.466731
-116.062681
-129.858245
-141.854388
-154.750241
-166.146577
-176.943105
-191.038573
-207.233365
-219.229508
-228.226615
-237.823529
-248.320154
-255.217936
-263.015429
-269.913211
-279.210222
-285.808100
-294.205400
-299.603664
-305.301832
-306.201543
-306.801350
-308.000964
-308.600771
-309.200579
-309.200579
-308.600771
-307.701061
-305.901639
-303.502411
-301.702989
-296.904532
-292.405979
-287.907425
-281.909354
-275.311475
-266.914176
-258.816779
-248.320154
-239.622951
-227.027001
-217.430087
-202.434908
-190.138862
-175.143684
-160.748312
-146.952748
-132.857281
-115.462874
-97.168756
-81.573770
-64.479267
-50.083896
-34.189007
-16.794600
-2.399229
12.311027
26.380773
40.450518
54.520264
66.831291
80.314797
92.918944
104.643732
116.954760
129.265787
143.335533
155.060320
166.198869
177.923657
192.286522
208.408106
219.253534
228.926484
238.892554
248.565504
257.652215
263.221489
273.480679
279.343073
286.084826
294.878417
298.982092
303.965127
307.189444
307.189444
308.361923
309.241282
310.120641
310.120641
309.827521
308.068803
306.896324
304.844486
301.033930
298.688973
293.412818
288.429783
282.860509
275.532516
267.911404
259.704053
250.324222
240.651272
228.926484
217.494816
204.011310
190.820924
175.285580
161.508954
147.732328
133.076343
116.661640
99.074458
81.780396
66.831291
52.761546
36.639962
20.518379
5.276155
-9.596914
-23.992285
-37.487946
-53.682739
-66.278689
-80.074253
-93.270010
-104.366442
-116.662488
-129.558341
-142.154291
-155.649952
-167.346191
-177.542912
-192.837994
-208.432980
-218.629701
-229.126326
-237.523626
-247.420444
-255.517840
-264.215043
-271.112825
-278.610415
-286.108004
-292.705882
-299.903568
-304.402122
-307.101254
-308.900675
-310.100289
-309.200579
-309.200579
-309.500482
-309.500482
-307.401157
-305.601736
-304.402122
-300.503375
-297.804243
-293.005786
-288.507232
-281.909354
-275.311475
-266.614272
-258.216972
-247.720347
-238.423337
-228.526519
-215.930569
-203.634523
-189.838959
-174.543877
-160.448409
-146.352941
-132.557377
-115.462874
-97.768563
-80.374156
-65.678881
-50.383799
-33.889103
-18.294118
-2.699132
12.604147
26.087653
40.450518
54.227144
66.831291
80.314797
93.505184
106.109331
118.127238
130.438266
143.042413
155.353440
167.078228
177.630537
191.407163
208.994345
220.132893
229.512724
238.599434
248.272385
256.479736
263.807729
271.721960
278.756833
287.257304
293.705938
300.154571
304.551367
306.016965
308.948162
310.120641
310.413761
309.241282
309.534402
308.655042
307.775683
306.603205
304.258247
302.499529
298.395853
294.292177
288.429783
283.739868
276.411876
268.790763
259.704053
249.151744
240.065033
229.805844
218.374175
204.890669
192.286522
177.337418
162.681433
149.197926
134.835061
117.540999
100.246937
83.832234
68.003770
53.347785
37.519321
21.397738
7.034873
-8.697203
-22.192864
-37.188042
-50.083896
-64.179364
-77.675024
-91.470588
-103.166827
-115.162970
-127.758920
-139.155256
-153.850530
-164.946962
-176.043394
-191.038573
-206.933462
-218.329797
-227.326905
-238.423337
-246.820636
-256.717454
-263.915140
-270.513018
-278.010608
-285.808100
-293.905497
-299.603664
-304.402122
-305.601736
-307.401157
-308.300868
-309.200579
-307.101254
-308.000964
-307.401157
-308.000964
-305.901639
-304.102218
-301.103182
-297.804243
-292.405979
-286.707811
-281.309547
-274.111861
-266.914176
-257.317261
-247.720347
-238.423337
-228.826422
-215.930569
-203.634523
-190.438766
-176.043394
-161.648023
-147.852459
-132.557377
-115.462874
-98.368370
-81.873674
-64.779171
-51.583414
-33.889103
-18.594021
-3.298939
11.138549
25.794533
41.329877
52.175306
67.417531
80.021678
93.212064
104.350613
116.661640
128.679548
142.163054
154.474081
166.491989
176.751178
191.993402
207.821866
218.374175
228.633365
238.599434
247.686145
257.065975
263.514609
272.308200
279.929312
287.257304
294.878417
300.447691
304.258247
307.482564
307.482564
309.241282
309.241282
309.534402
309.827521
308.068803
307.775683
306.016965
303.965127
302.499529
299.275212
293.705938
290.188501
283.739868
276.704995
269.377003
260.290292
250.031103
239.771913
229.512724
218.960415
205.770028
191.407163
177.630537
162.095193
149.491046
134.835061
116.661640
100.246937
82.952875
68.003770
53.934025
35.467484
21.397738
5.276155
-8.397300
-21.593057
-37.188042
-50.683703
-64.479267
-77.675024
-92.370299
-104.066538
-115.162970
-127.758920
-141.254581
-155.050145
-166.446480
-176.643202
-191.938284
-206.333655
-218.629701
-228.226615
-237.223722
-248.320154
-256.117647
-263.315333
-270.213115
-277.410800
-286.108004
-294.205400
-299.303761
-304.702025
-305.601736
-308.000964
-309.200579
-308.000964
-309.200579
-309.200579
-308.600771
-306.501446
-304.702025
-303.502411
-299.903568
-297.804243
-291.806172
-288.207329
-281.609450
-275.611379
-266.914176
-258.216972
-248.320154
-238.723240
-228.226615
-216.530376
-205.134041
-189.539055
-175.743491
-161.348120
-148.752170
-133.457088
-115.762777
-98.668274
-81.573770
-67.178399
-50.683703
-34.488910
-18.594021
-2.999036
11.724788
25.794533
39.278040
52.761546
65.951932
79.142319
92.332705
104.936852
115.782281
129.852026
140.990575
154.180961
167.078228
177.337418
190.820924
206.942507
218.960415
227.460886
238.013195
247.686145
256.772856
263.807729
270.549482
279.343073
285.498586
294.292177
300.154571
303.965127
305.723845
307.189444
309.241282
308.361923
309.827521
308.068803
308.655042
308.948162
307.189444
304.551367
301.913289
298.395853
295.171536
289.895382
283.446748
277.291235
268.497644
260.583412
251.203582
240.651272
229.805844
218.960415
205.770028
193.165881
177.923657
163.853911
149.784166
136.593779
118.420358
101.126296
84.418473
67.710650
53.934025
38.398680
22.570217
7.034873
-8.097396
-21.293153
-35.388621
-50.983607
-62.679846
-76.475410
-89.671167
-101.367406
-114.263259
-127.159113
-139.455159
-153.250723
-164.647059
-176.043394
-189.838959
-205.733848
-217.729990
-227.027001
-236.024108
-247.420444
-254.318226
-262.415622
-270.513018
-277.410800
-286.108004
-293.005786
-298.703954
-304.102218
-306.201543
-306.801350
-308.900675
-308.600771
-309.200579
-308.000964
-307.101254
-307.101254
-304.702025
-303.202507
-300.503375
-297.504339
-292.705882
-287.007715
-281.909354
-275.311475
-267.513983
-257.617165
-248.320154
-238.423337
-228.226615
-216.530376
-203.634523
-190.438766
-175.143684
-160.748312
-147.552555
-133.457088
-116.062681
-98.068467
-81.873674
-66.278689
-50.983607
-34.189007
-18.294118
-2.699132
12.311027
25.794533
39.864279
53.054665
66.245052
80.021678
92.625825
104.936852
116.954760
129.558907
141.576814
155.060320
166.198869
177.044298
191.114043
205.476909
218.960415
228.633365
238.013195
247.979265
255.893497
264.100848
271.721960
279.929312
286.964185
294.585297
300.447691
305.430726
306.016965
308.068803
308.948162
310.413761
309.827521
309.241282
309.827521
308.068803
306.896324
305.430726
301.327050
299.568332
294.292177
289.602262
283.446748
276.998115
269.377003
261.169651
251.203582
240.944392
230.098963
219.253534
206.063148
192.579642
177.923657
162.388313
149.197926
135.421301
118.420358
101.126296
84.418473
69.176249
54.227144
37.519321
22.277097
6.741753
-8.097396
-21.892960
-36.588235
-50.383799
-63.879460
-77.375121
-91.470588
-103.466731
-115.462874
-128.658631
-141.554484
-154.450338
-165.846673
-176.343298
-190.738669
-206.633558
-218.329797
-228.526519
-237.223722
-247.120540
-255.217936
-262.715526
-270.513018
-278.010608
-284.908390
-293.005786
-299.003857
-304.102218
-308.000964
-307.101254
-308.600771
-308.000964
-309.200579
-309.200579
-308.300868
-306.501446
-305.901639
-303.202507
-301.403086
-296.004822
-293.005786
-286.707811
-281.609450
-276.211186
-267.214079
-258.216972
-249.219865
-239.023144
-230.026037
-216.830280
-205.433944
-190.438766
-176.343298
-162.247830
-148.752170
-133.756991
-116.062681
-99.567985
-82.173578
-65.378978
-51.283510
-35.388621
-19.493732
-2.099325
11.724788
25.208294
39.864279
53.054665
66.831291
78.849199
92.039585
104.643732
116.075401
128.386428
141.576814
154.474081
165.319510
176.751178
190.234684
206.063148
218.960415
227.754006
237.720075
247.979265
255.600377
264.100848
271.428841
279.049953
287.257304
295.464656
299.861451
304.844486
305.137606
307.189444
309.534402
308.948162
309.534402
309.827521
309.534402
308.068803
306.896324
305.137606
301.327050
298.982092
294.878417
289.309142
284.032988
276.704995
269.670123
259.704053
252.082941
241.530631
230.685203
218.960415
205.770028
191.993402
178.803016
162.388313
149.784166
134.541942
118.127238
100.540057
84.711593
68.883129
55.106503
38.984920
21.983977
7.914232
-6.297975
-22.492768
-35.988428
-50.983607
-63.879460
-77.974928
-90.870781
-102.866924
-115.462874
-128.958534
-140.654773
-154.750241
-165.246866
-176.643202
-191.638380
-206.333655
-218.329797
-228.526519
-238.123433
-246.820636
-257.017358
-263.915140
-270.213115
-278.010608
-287.007715
-294.505304
-299.003857
-304.402122
-306.201543
-308.000964
-308.900675
-308.900675
-308.900675
-308.900675
-308.000964
-307.401157
-304.402122
-303.202507
-301.702989
-297.204436
-293.305689
-287.307618
-281.009643
-276.211186
-267.513983
-258.216972
-249.519769
-239.323047
-229.426230
-218.329797
-204.234330
-191.338476
-175.443587
-161.648023
-147.252652
-133.457088
-116.962392
-98.668274
-83.373192
-66.278689
-51.883317
-34.488910
-18.294118
-3.898746
11.431668
25.208294
38.984920
52.761546
65.951932
78.849199
92.039585
103.178134
115.782281
127.800189
141.283695
153.594722
165.026390
175.578699
189.648445
205.770028
217.201697
227.167766
238.013195
247.393025
255.893497
263.807729
270.842601
278.170594
286.377945
293.705938
299.568332
303.965127
306.603205
308.068803
308.948162
309.241282
310.120641
308.655042
310.120641
308.068803
306.016965
303.965127
302.499529
298.395853
293.999057
289.309142
283.446748
277.291235
269.963242
260.290292
250.324222
241.237512
230.098963
219.253534
207.821866
192.579642
178.216777
163.267672
148.904807
136.300660
119.006598
102.005655
84.711593
69.176249
55.106503
38.691800
23.156456
7.327992
-5.998071
-21.293153
-35.688525
-48.884282
-62.679846
-75.575699
-88.771456
-101.667310
-113.663452
-126.859209
-140.054966
-153.550627
-164.946962
-175.143684
-189.539055
-205.733848
-217.729990
-227.926712
-237.223722
-247.120540
-255.217936
-263.015429
-269.913211
-277.110897
-284.308582
-292.106075
-297.804243
-304.102218
-305.301832
-306.501446
-308.000964
-308.300868
-308.600771
-309.500482
-307.401157
-306.801350
-305.301832
-303.802314
-300.503375
-297.804243
-293.305689
-287.307618
-282.509161
-275.311475
-267.214079
-259.416586
-249.219865
-239.922854
-229.726133
-218.929605
-204.234330
-190.738669
-177.542912
-161.648023
-148.452266
-134.356798
-117.262295
-99.567985
-81.273867
-67.178399
-51.583414
-35.688525
-18.294118
-3.598843
10.552309
24.915174
39.864279
52.468426
65.365693
78.556079
92.918944
104.643732
116.075401
127.507069
141.869934
153.301602
165.905749
175.871819
190.234684
206.063148
218.667295
228.047125
237.720075
247.393025
256.479736
263.514609
271.721960
278.756833
285.498586
293.999057
299.568332
304.551367
306.896324
307.482564
309.534402
309.241282
309.827521
309.534402
308.948162
307.775683
306.310085
304.258247
302.206409
298.982092
294.878417
290.188501
282.860509
277.584354
269.963242
260.876532
252.376060
241.237512
230.978322
220.426013
206.356268
193.459001
179.389255
164.147031
150.370405
136.593779
119.592837
102.591894
84.711593
70.055608
55.985862
38.105561
24.328935
7.914232
-5.398264
-20.393443
-34.788814
-48.284474
-62.979749
-76.775313
-89.071360
-101.967213
-113.963356
-126.859209
-140.654773
-152.051109
-164.047252
-174.843780
-189.239151
-204.234330
-216.830280
-227.326905
-236.623915
-245.920926
-253.718419
-261.815815
-270.213115
-277.410800
-285.508197
-293.905497
-298.703954
-303.802314
-306.801350
-307.401157
-307.401157
-308.300868
-308.600771
-308.600771
-308.600771
-308.000964
-304.402122
-304.102218
-300.503375
-297.204436
-293.905497
-286.108004
-283.108968
-276.511090
-267.813886
-258.216972
-249.219865
-237.823529
-230.026037
-217.430087
-205.134041
-191.038573
-176.643202
-161.048216
-148.152363
-132.557377
-116.062681
-98.068467
-81.873674
-66.278689
-51.583414
-34.788814
-18.594021
-3.298939
11.724788
25.794533
40.157399
52.175306
66.538172
79.142319
92.918944
104.350613
116.368520
129.558907
141.576814
154.767201
166.198869
176.164939
190.820924
206.356268
218.960415
227.754006
238.013195
247.686145
256.186616
263.514609
270.256362
279.343073
286.377945
293.999057
300.447691
303.672008
306.603205
308.948162
309.827521
311.000000
308.948162
309.827521
309.241282
308.361923
306.603205
305.137606
302.499529
298.688973
295.464656
289.602262
284.619227
276.704995
270.549482
261.462771
251.496701
241.823751
230.685203
220.719133
206.942507
193.459001
179.096136
163.853911
150.956645
136.300660
119.592837
102.591894
85.590952
71.521206
55.692743
39.278040
24.328935
7.327992
-6.897782
-20.993250
-34.788814
-49.184185
-62.379942
-76.775313
-88.771456
-102.866924
-114.563163
-126.559306
-139.755063
-153.250723
-164.647059
-175.743491
-190.138862
-205.433944
-217.430087
-226.727097
-236.024108
-245.920926
-255.217936
-263.015429
-269.313404
-276.810993
-284.908390
-291.806172
-299.003857
-304.402122
-304.702025
-307.701061
-308.300868
-308.900675
-308.000964
-308.600771
-308.000964
-306.801350
-306.501446
-302.002893
-300.503375
-297.204436
-292.405979
-288.807136
-282.809065
-275.911283
-268.113790
-257.617165
-249.219865
-239.622951
-229.126326
-217.729990
-204.834137
-192.238187
-176.343298
-160.448409
-148.152363
-132.557377
-116.362584
-99.268081
-81.573770
-66.578592
-50.383799
-34.788814
-17.994214
-2.699132
11.724788
25.501414
40.450518
53.347785
67.124411
80.314797
92.039585
105.523091
116.368520
129.265787
140.990575
154.767201
166.785108
177.337418
191.114043
205.183789
218.960415
228.340245
238.306315
247.979265
255.893497
263.807729
271.428841
279.343073
286.377945
293.119698
300.447691
303.672008
306.896324
308.948162
309.241282
310.413761
310.120641
310.120641
308.948162
308.361923
306.896324
304.844486
302.206409
300.447691
294.878417
290.774741
284.912347
278.756833
269.670123
261.169651
252.376060
241.823751
231.271442
220.426013
208.408106
194.631480
179.682375
164.440151
150.663525
137.180019
121.644675
102.885014
86.470311
71.521206
56.865221
40.743638
25.208294
8.500471
-4.498554
-20.093539
-33.289296
-48.284474
-61.480231
-75.275796
-87.571842
-101.667310
-113.963356
-125.359691
-140.654773
-151.751205
-164.047252
-173.944069
-188.339441
-204.834137
-216.230473
-226.727097
-234.824494
-246.520733
-254.318226
-262.415622
-268.713597
-277.410800
-285.508197
-292.705882
-298.404050
-302.902604
-305.901639
-306.501446
-309.200579
-308.000964
-308.900675
-308.000964
-308.300868
-306.501446
-305.301832
-303.502411
-301.403086
-297.204436
-293.005786
-287.907425
-282.509161
-275.611379
-267.813886
-258.516876
-249.219865
-239.323047
-229.426230
-218.629701
-205.433944
-191.638380
-177.542912
-162.847637
-149.351977
-134.056895
-117.862102
-99.268081
-83.373192
-67.778206
-51.583414
-35.088717
-18.294118
-3.598843
10.845429
25.501414
39.278040
53.347785
66.538172
77.969840
93.212064
104.057493
115.489161
127.507069
140.990575
153.301602
164.440151
174.992460
189.355325
205.183789
218.667295
228.340245
237.426956
246.513666
256.186616
262.928369
270.842601
277.877474
285.498586
293.119698
299.568332
304.258247
306.603205
307.775683
309.241282
309.827521
310.120641
310.706880
310.413761
309.534402
306.896324
305.723845
303.378888
299.861451
294.878417
290.188501
284.619227
277.584354
270.256362
261.462771
252.962300
242.996230
231.564562
220.426013
207.528746
193.752121
179.389255
164.733270
150.370405
137.766258
120.179076
102.591894
85.884072
71.228087
55.692743
39.864279
24.622055
9.672950
-6.297975
-20.093539
-35.088717
-48.884282
-61.780135
-77.375121
-88.171649
-102.567020
-114.863067
-126.259402
-139.755063
-152.351013
-163.747348
-174.543877
-189.838959
-205.433944
-216.830280
-226.727097
-236.923819
-247.120540
-254.918033
-264.215043
-269.913211
-277.110897
-286.407907
-292.106075
-298.404050
-303.202507
-306.501446
-307.101254
-308.900675
-308.600771
-309.200579
-309.500482
-308.600771
-306.201543
-304.402122
-304.102218
-300.803279
-296.904532
-293.905497
