-309.485881
-309.788705
-309.788705
-311.000000
-308.880234
-307.971762
-306.154820
-304.035054
-302.520935
-296.464460
-293.133398
-289.499513
-284.654333
-278.295034
-271.330088
-263.456670
-253.463486
-244.984421
-234.991237
-221.666991
-208.645570
-193.504382
-178.363194
-164.130477
-148.080818
-133.242454
-117.192795
-99.931840
-84.185005
-68.135346
-52.388510
-35.127556
-17.866602
-2.119766
11.454880
26.632597
40.664825
54.410681
85.625230
81.043278
95.075506
107.103131
118.271639
128.581031
141.181400
153.209024
164.663904
175.546041
187.860037
202.465009
213.919890
225.088398
233.965930
244.561694
256.302947
264.894107
273.198895
281.503683
290.094843
296.967772
302.122468
304.127072
304.413444
306.704420
307.563536
308.995396
308.422652
307.563536
307.277164
306.131676
303.840700
301.836096
299.831492
294.104052
291.526703
287.517495
282.649171
276.635359
270.048803
262.030387
253.725599
243.129834
233.965930
221.938306
209.624309
195.019337
180.127993
165.809392
150.631676
137.172192
120.848987
104.812155
88.202578
74.170350
59.851750
42.669429
28.350829
11.741252
-1.514119
-17.866602
-33.310613
-46.937683
-62.078870
-73.283350
-89.030185
-101.445959
-113.558909
-125.671860
-138.390458
-153.228822
-163.222006
-175.032132
-188.053554
-202.589094
-214.096397
-225.603700
-236.202532
-247.104187
-258.308666
-267.393379
-275.569620
-284.351509
-292.527751
-301.006816
-306.154820
-307.971762
-310.091529
-308.880234
-309.788705
-310.091529
-309.788705
-310.091529
-308.577410
-307.971762
-307.366115
-303.732230
-300.703992
-296.161636
-292.224927
-288.893866
-283.140214
-277.689387
-272.238559
-262.851022
-253.463486
-242.561831
-232.265823
-219.244401
-206.525803
-192.293087
-176.849075
-162.313535
-147.172347
-132.939630
-116.587147
-98.114898
-81.762415
-66.621227
-52.085686
-33.613437
-17.866602
-1.211295
12.886740
26.918969
42.096685
54.983425
83.620626
81.616022
94.789134
106.530387
118.271639
129.440147
140.895028
153.781768
164.091160
176.405157
189.005525
203.324125
214.779006
224.802026
235.397790
245.707182
256.589319
266.325967
273.198895
282.649171
290.667587
297.826888
302.122468
304.127072
306.131676
307.277164
308.136280
309.281768
308.422652
307.563536
306.990792
304.986188
303.554328
301.549724
298.399632
294.104052
290.667587
287.231123
282.076427
275.776243
269.476059
261.457643
252.866483
244.275322
233.106814
221.365562
208.478821
194.732965
180.127993
164.950276
151.490792
136.885820
121.135359
104.525783
88.488950
74.456722
58.992634
42.096685
27.778085
12.313996
-1.816943
-17.563778
-33.310613
-47.543330
-63.290166
-73.586173
-89.635833
-100.537488
-114.770204
-126.883155
-138.390458
-152.320351
-162.616358
-175.334956
-188.962025
-203.194742
-215.004869
-226.814995
-236.505355
-248.012658
-258.914314
-267.999026
-275.872444
-284.654333
-291.316456
-300.401168
-304.035054
-307.366115
-308.274586
-309.788705
-310.697176
-309.183057
-309.788705
-310.091529
-308.880234
-308.274586
-305.851996
-303.429406
-300.703992
-296.464460
-291.316456
-287.379747
-282.534567
-275.569620
-269.815969
-261.336904
-252.555015
-242.561831
-231.660175
-219.244401
-205.011685
-191.081792
-176.243427
-159.890944
-145.658228
-131.122687
-112.347614
-95.389484
-79.945472
-64.198637
-49.360273
-31.190847
-14.838364
1.145488
14.604972
29.496317
44.387661
56.988029
80.184162
83.906998
97.366483
109.680479
120.848987
131.731123
144.331492
156.359116
167.527624
177.550645
191.010129
204.469613
216.497238
226.520258
237.402394
247.998158
258.021179
266.898711
274.630755
283.508287
291.813076
298.113260
302.408840
304.986188
306.131676
307.563536
308.422652
308.709024
308.422652
308.422652
307.563536
305.272560
304.413444
301.263352
298.972376
294.676796
290.953959
287.517495
282.362799
276.635359
269.762431
261.744015
252.866483
242.557090
231.674954
220.220074
207.333333
193.301105
178.123389
163.232044
148.054328
134.881215
119.703499
102.807551
87.629834
73.883978
56.988029
39.805709
25.773481
9.736648
-3.936709
-19.077897
-35.430380
-49.663096
-68.740993
-78.734177
-91.755599
-104.171373
-116.284323
-128.094450
-141.721519
-154.137293
-165.341772
-175.940604
-189.567673
-204.103213
-217.124635
-226.814995
-237.413827
-250.435248
-259.217137
-268.604674
-276.780915
-284.351509
-293.739046
-301.309640
-305.246349
-307.971762
-308.577410
-309.788705
-309.485881
-309.788705
-309.788705
-309.183057
-308.577410
-307.668939
-306.457644
-302.520935
-299.189873
-295.858812
-291.619279
-287.076923
-282.534567
-276.478092
-269.513145
-261.639727
-252.555015
-241.653359
-229.843233
-216.821811
-204.708861
-189.870497
-174.123661
-158.376826
-142.629990
-128.094450
-111.439143
-93.875365
-78.128530
-62.381694
-46.029211
-29.676728
-12.415774
2.290976
16.895948
32.073665
45.533149
60.138122
76.747698
85.911602
99.084715
110.539595
122.853591
134.022099
145.763352
158.363720
167.813996
179.841621
193.301105
206.474217
218.215470
228.238490
238.834254
249.716390
258.880295
268.616943
275.489871
284.653775
292.958564
298.972376
302.981584
305.558932
306.418048
308.422652
309.568140
308.709024
308.995396
308.709024
307.563536
307.563536
305.845304
302.122468
298.686004
294.390424
291.526703
286.658379
282.076427
274.917127
268.903315
260.598527
252.007366
242.557090
231.961326
220.506446
206.760589
192.155617
177.837017
163.232044
148.913444
134.308471
118.271639
102.234807
85.911602
72.452118
56.128913
40.092081
25.200737
9.736648
-3.936709
-19.683544
-33.310613
-48.451801
-72.072055
-78.128530
-90.544304
-104.171373
-115.678676
-126.883155
-140.510224
-154.137293
-164.736125
-177.454722
-191.687439
-204.406037
-217.427459
-228.026290
-238.019474
-249.223953
-259.519961
-269.210321
-277.083739
-285.865628
-294.950341
-301.309640
-305.246349
-306.760467
-308.274586
-308.577410
-309.183057
-309.788705
-310.091529
-308.880234
-307.971762
-307.366115
-305.851996
-303.126582
-299.189873
-295.253165
-290.710808
-286.168452
-281.020448
-274.055501
-267.999026
-259.822785
-251.343720
-239.533593
-228.329114
-216.821811
-202.891918
-189.264849
-173.518014
-158.376826
-142.932814
-126.883155
-110.833496
-93.875365
-77.522882
-60.564752
-45.726388
-29.373905
-12.718598
1.718232
18.327808
32.073665
46.105893
59.565378
72.452118
86.484346
99.657459
111.971455
123.426335
133.735727
146.336096
158.363720
169.532228
179.555249
192.155617
207.333333
218.215470
227.952118
238.834254
249.143646
259.166667
268.330571
276.348987
284.367403
293.244936
300.117864
303.554328
304.986188
305.845304
308.422652
308.709024
308.422652
309.281768
307.563536
307.277164
305.845304
304.699816
302.122468
298.399632
293.531308
291.240331
286.372007
281.503683
275.203499
268.044199
260.884899
252.007366
241.125230
230.529466
218.501842
205.615101
191.010129
175.832413
161.513812
147.481584
132.876611
115.407919
100.516575
83.906998
69.874770
54.983425
38.660221
24.055249
8.018416
-6.056475
-21.500487
-37.247322
-51.177215
-79.339825
-80.248296
-93.572541
-106.593963
-117.798442
-131.122687
-142.629990
-156.257059
-166.855891
-178.363194
-191.990263
-206.525803
-218.033106
-228.329114
-239.836417
-249.829601
-261.034080
-269.210321
-277.992210
-286.471276
-294.950341
-301.612463
-304.035054
-306.760467
-308.577410
-309.485881
-309.183057
-309.485881
-308.577410
-308.880234
-307.366115
-307.063291
-305.246349
-302.520935
-298.281402
-294.647517
-290.710808
-286.471276
-281.626095
-274.963973
-267.696203
-259.519961
-249.829601
-238.625122
-228.026290
-215.004869
-200.772152
-188.053554
-171.398247
-157.468354
-142.327167
-126.580331
-108.713729
-92.664070
-75.403116
-60.261928
-44.817916
-26.951315
-11.204479
3.722836
18.614180
33.505525
46.965009
61.283610
71.879374
88.202578
100.516575
111.971455
123.712707
134.594843
147.767956
159.795580
170.104972
181.559853
194.446593
208.478821
219.074586
229.097606
239.979742
250.861878
260.598527
268.903315
276.921731
286.085635
293.817680
299.831492
302.981584
304.986188
306.418048
308.995396
308.995396
308.709024
308.995396
308.136280
307.277164
306.418048
303.840700
300.976980
297.540516
293.531308
291.240331
286.085635
280.358195
274.344383
267.471455
260.025783
249.430018
239.979742
229.670350
217.356354
204.469613
189.578269
175.259669
160.081952
144.904236
132.590239
115.980663
98.511971
83.047882
68.442910
53.837937
37.228361
21.477901
6.872928
-7.873418
-23.923077
-38.155794
-52.994158
-82.973710
-81.762415
-93.572541
-106.593963
-119.009737
-131.122687
-144.144109
-156.862707
-167.461538
-178.968841
-193.201558
-206.828627
-218.638754
-229.843233
-240.139241
-251.343720
-261.639727
-269.815969
-277.992210
-287.076923
-296.464460
-302.823759
-306.457644
-308.274586
-307.971762
-308.577410
-309.183057
-309.485881
-308.880234
-308.577410
-307.971762
-304.943525
-305.851996
-301.915287
-297.675755
-293.739046
-290.105161
-285.865628
-280.414800
-273.752678
-266.787731
-259.217137
-250.132425
-238.019474
-226.512171
-213.793574
-200.166504
-186.539435
-170.489776
-154.742941
-140.510224
-124.763389
-107.502434
-89.938656
-74.797468
-59.050633
-42.698150
-26.345667
-10.598832
5.154696
19.473297
34.651013
48.969613
62.715470
73.597606
88.488950
101.089319
112.830571
124.285451
136.026703
148.627072
158.936464
169.532228
181.559853
195.592081
208.478821
219.647330
228.524862
239.979742
251.148250
261.171271
269.762431
277.208103
286.658379
293.531308
300.690608
303.840700
305.558932
306.990792
308.136280
308.136280
308.422652
308.709024
308.422652
306.704420
305.558932
303.840700
301.263352
296.681400
293.244936
290.667587
285.512891
279.785451
274.344383
267.757827
259.453039
250.002762
239.693370
228.238490
216.210866
202.465009
188.432781
173.827808
157.790976
144.904236
129.726519
112.830571
97.652855
81.616022
68.442910
51.833333
36.082873
20.618785
5.154696
-9.690360
-25.134372
-39.972736
-54.811100
-86.910419
-82.368062
-95.389484
-108.410906
-119.918208
-132.333982
-144.446933
-157.165531
-167.764362
-180.785784
-195.321324
-208.948393
-220.455696
-229.843233
-240.744888
-252.857838
-261.942551
-270.421616
-279.506329
-287.985394
-297.372931
-302.520935
-305.549172
-308.274586
-307.971762
-308.274586
-309.485881
-308.880234
-310.091529
-308.577410
-308.274586
-306.154820
-303.732230
-301.915287
-297.978578
-295.253165
-289.802337
-285.259981
-279.809153
-273.147030
-265.576436
-257.400195
-247.709834
-238.019474
-225.906524
-212.885102
-198.955209
-185.328140
-168.975657
-154.440117
-140.207400
-123.552093
-106.593963
-90.241480
-73.586173
-58.142162
-42.092502
-23.620253
-9.084713
5.727440
20.618785
35.510129
49.828729
64.720074
76.174954
89.634438
101.662063
112.257827
123.712707
135.167587
147.481584
159.509208
170.677716
181.846225
197.023941
210.197053
220.792818
230.529466
242.270718
252.007366
261.744015
270.335175
278.067219
286.372007
294.963168
300.404236
302.981584
305.558932
306.418048
308.136280
308.422652
308.995396
308.995396
308.136280
306.990792
306.131676
304.413444
300.976980
297.254144
292.385820
289.235727
284.940147
279.785451
273.771639
267.185083
257.734807
249.143646
238.834254
227.665746
215.638122
202.465009
188.432781
173.827808
158.363720
144.331492
129.440147
113.403315
97.366483
82.761510
67.870166
52.406077
36.369245
20.618785
5.154696
-8.781889
-23.923077
-38.761441
-53.296981
-84.487829
-81.762415
-95.389484
-108.108082
-119.615385
-132.031159
-145.355404
-156.559883
-168.370010
-181.088608
-194.412853
-209.856865
-221.061344
-230.146056
-241.653359
-253.160662
-262.245375
-270.724440
-279.203505
-287.682571
-296.767283
-302.520935
-305.246349
-307.366115
-308.274586
-308.880234
-308.274586
-309.183057
-310.091529
-308.274586
-308.274586
-306.457644
-304.035054
-301.309640
-297.978578
-292.830574
-288.893866
-283.745862
-278.597858
-271.632911
-265.273612
-257.097371
-247.407011
-236.808179
-225.300876
-211.976631
-198.046738
-182.602726
-167.158715
-152.017527
-136.876339
-120.826680
-102.657254
-86.607595
-70.860759
-56.022395
-38.761441
-22.711782
-6.056475
8.304788
22.909761
37.801105
51.833333
72.452118
79.325046
92.784530
105.384899
115.980663
127.721915
138.604052
150.631676
163.232044
173.827808
185.569061
199.314917
211.342541
222.797422
231.674954
242.843462
254.298343
263.175875
271.767035
279.499079
289.808471
296.395028
301.263352
304.413444
306.704420
307.849908
308.422652
308.136280
309.568140
309.281768
307.849908
308.136280
306.131676
304.699816
300.976980
296.967772
293.244936
290.094843
285.799263
279.499079
273.198895
266.898711
257.734807
249.143646
238.834254
226.520258
213.633517
199.887661
186.428177
171.536832
156.359116
143.186004
128.294659
111.971455
95.075506
78.752302
65.006446
49.542357
34.078269
18.614180
4.009208
-11.204479
-27.556962
-42.092502
-56.325219
-81.156767
-82.368062
-96.903603
-109.319377
-122.643622
-134.150925
-146.869523
-159.890944
-170.186952
-182.602726
-196.532619
-210.462512
-222.575463
-231.357352
-242.561831
-253.463486
-262.548199
-272.238559
-280.111977
-288.591042
-297.675755
-302.218111
-306.154820
-307.366115
-307.668939
-309.485881
-308.880234
-309.788705
-308.577410
-309.183057
-307.366115
-305.851996
-303.732230
-301.006816
-296.767283
-292.830574
-289.802337
-283.745862
-278.295034
-271.330088
-264.062317
-254.371957
-244.984421
-234.385589
-223.181110
-209.856865
-195.018500
-181.694255
-165.038948
-149.897760
-135.059396
-119.312561
-103.565725
-85.093476
-69.043817
-53.599805
-36.944499
-19.683544
-4.239533
9.450276
24.914365
39.232965
54.124309
77.320442
81.329650
94.502762
106.530387
117.985267
130.299263
141.181400
152.922652
163.804788
175.546041
187.000921
201.033149
213.633517
224.515654
233.679558
245.134438
255.157459
264.034991
272.053407
280.930939
289.235727
296.967772
302.981584
304.699816
307.563536
307.849908
309.568140
309.281768
308.422652
309.281768
308.709024
307.563536
306.704420
303.840700
300.976980
296.395028
293.244936
289.808471
285.799263
279.499079
274.058011
265.753223
257.734807
248.570902
237.688766
226.520258
213.633517
201.319521
186.714549
170.964088
156.072744
142.613260
127.435543
110.539595
95.075506
80.184162
65.865562
48.969613
33.505525
18.614180
4.295580
-10.296008
-26.042843
-41.486855
-55.416748
-74.191821
-82.368062
-95.995131
-109.016553
-120.826680
-133.848101
-147.172347
-158.982473
-169.884129
-182.602726
-198.046738
-209.554041
-221.969815
-231.660175
-242.561831
-253.463486
-264.667965
-272.238559
-280.414800
-288.893866
-297.070107
-302.520935
-304.943525
-307.366115
-308.577410
-309.788705
-309.485881
-308.577410
-308.577410
-307.971762
-306.154820
-305.549172
-302.520935
-299.795521
-297.372931
-291.619279
-288.591042
-283.443038
-277.386563
-271.027264
-262.851022
-253.463486
-243.167478
-234.082765
-222.272639
-208.645570
-194.715677
-180.785784
-163.827653
-150.503408
-134.453749
-118.101266
-100.537488
-84.487829
-68.438169
-54.508277
-36.944499
-19.380721
-3.633885
10.882136
25.773481
39.805709
53.551565
82.761510
82.188766
94.502762
106.244015
117.126151
128.867403
139.749540
152.922652
162.372928
174.400552
187.000921
201.319521
213.633517
223.656538
233.106814
245.420810
255.443831
264.894107
272.626151
281.217311
289.522099
296.967772
302.408840
304.986188
305.845304
307.563536
308.995396
311.000000
310.140884
309.281768
308.422652
308.422652
305.272560
304.413444
300.976980
295.822284
293.244936
289.522099
284.367403
278.639963
272.626151
265.180479
256.016575
246.852670
237.116022
224.802026
212.201657
198.742173
183.850829
169.245856
154.354512
140.322284
125.717311
109.107735
93.070902
78.465930
63.288214
47.251381
31.500921
14.604972
1.145488
-13.627069
-29.373905
-43.909445
-58.747809
-72.374878
-84.185005
-97.206426
-110.833496
-123.249270
-135.059396
-149.594937
-160.193768
-171.701071
-184.722493
-199.258033
-213.187926
-222.575463
-233.779942
-244.681597
-255.583252
-264.062317
-272.541383
-280.717624
-290.105161
-298.584226
-303.126582
-304.943525
-307.668939
-308.274586
-309.485881
-309.183057
-309.183057
-308.880234
-307.971762
-306.457644
-304.640701
-302.823759
-300.098345
-295.253165
-291.619279
-287.379747
-282.534567
-276.478092
-269.513145
-261.639727
-254.069133
-243.470302
-233.174294
-221.969815
-208.645570
-194.110029
-180.180136
-163.222006
-148.686465
-133.848101
-117.495618
-99.629017
-82.368062
-67.529698
-52.085686
-36.036027
-19.380721
-3.331061
11.454880
26.346225
40.951197
54.983425
85.625230
82.188766
95.361878
107.103131
118.844383
129.726519
141.754144
152.636280
163.804788
175.259669
187.860037
201.892265
214.206262
224.515654
234.252302
245.993554
256.302947
265.466851
273.198895
281.217311
290.667587
297.826888
302.408840
305.272560
306.990792
308.422652
308.995396
309.281768
309.281768
308.709024
308.422652
306.990792
306.131676
303.267956
300.117864
295.249540
292.099448
289.522099
283.794659
278.639963
271.194291
263.748619
255.443831
245.420810
235.397790
224.229282
211.628913
197.310313
182.418969
168.100368
152.063536
140.035912
124.285451
108.248619
92.498158
75.602210
61.856354
45.533149
30.641805
16.036832
0.572744
-15.746835
-31.190847
-43.909445
-58.747809
-69.952288
-86.001947
-98.720545
-112.347614
-124.157741
-136.876339
-149.594937
-161.405063
-173.518014
-186.236611
-201.074976
-212.885102
-224.392405
-233.779942
-245.590068
-255.886076
-265.879260
-273.449854
-282.231743
-291.316456
-298.584226
-303.732230
-305.851996
-308.577410
-307.063291
-308.880234
-309.183057
-308.274586
-308.880234
-307.971762
-306.760467
-305.246349
-301.915287
-300.703992
-296.767283
-292.224927
-287.985394
-281.928919
-275.266796
-269.210321
-261.336904
-252.555015
-242.864654
-232.568647
-219.547225
-207.131451
-192.293087
-176.546251
-162.919182
-145.961052
-132.939630
-115.073028
-98.114898
-81.459591
-66.318403
-51.480039
-33.310613
-17.260954
-2.119766
12.600368
27.491713
42.096685
56.415285
85.625230
82.475138
95.934622
106.530387
118.558011
129.153775
141.754144
153.781768
164.663904
176.405157
187.860037
203.610497
215.351750
225.374770
235.684162
245.707182
257.162063
264.894107
274.058011
282.076427
291.240331
297.826888
302.981584
304.127072
306.418048
307.563536
309.281768
308.709024
309.281768
308.995396
308.422652
307.277164
305.845304
302.122468
300.117864
296.108656
292.099448
288.090239
283.508287
278.067219
271.194291
264.034991
255.443831
245.707182
234.252302
223.370166
211.628913
196.451197
182.418969
167.241252
152.922652
138.890424
123.426335
107.962247
91.352670
75.888582
61.569982
44.674033
30.069061
14.891344
0.572744
-15.141188
-29.676728
-43.606621
-59.050633
-69.952288
-86.607595
-98.417722
-111.439143
-124.157741
-136.270691
-150.806232
-161.405063
-172.306719
-186.236611
-200.166504
-213.490750
-224.392405
-234.385589
-245.590068
-255.886076
-265.879260
-273.449854
-283.443038
-290.710808
-298.584226
-304.035054
-305.246349
-306.760467
-308.274586
-309.183057
-307.668939
-309.183057
-307.971762
-307.971762
-306.760467
-304.640701
-302.520935
-298.887050
-294.950341
-290.710808
-287.379747
-280.717624
-275.266796
-269.513145
-261.336904
-252.252191
-240.744888
-230.751704
-218.638754
-205.314508
-190.778968
-174.729309
-158.982473
-143.538462
-129.305745
-113.256086
-95.086660
-79.642648
-63.895813
-47.543330
-31.190847
-14.535540
1.145488
15.177716
30.069061
44.674033
58.133517
86.197974
84.193370
98.798343
111.398711
121.708103
133.449355
144.617864
157.504604
169.532228
178.982505
192.155617
205.901473
218.501842
229.097606
237.688766
249.716390
259.166667
267.471455
276.062615
284.081031
292.958564
298.972376
303.554328
305.845304
307.849908
308.995396
309.281768
309.854512
309.854512
310.140884
308.709024
308.422652
306.131676
303.840700
300.117864
296.395028
292.672192
288.662983
283.221915
278.353591
271.480663
263.462247
254.584715
244.848066
234.252302
221.651934
210.197053
195.592081
180.987109
165.809392
150.058932
137.744936
122.280847
105.384899
90.493554
74.456722
59.851750
42.955801
27.778085
12.886740
-1.514119
-17.260954
-32.704966
-46.332035
-62.381694
-73.586173
-88.424537
-100.537488
-113.558909
-125.671860
-138.087634
-151.411879
-162.919182
-172.912366
-188.356378
-201.680623
-214.096397
-224.695229
-235.596884
-247.104187
-257.703019
-267.090555
-274.963973
-284.048685
-291.619279
-299.492697
-304.337877
-306.154820
-307.063291
-307.971762
-308.274586
-307.971762
-309.183057
-307.063291
-307.668939
-307.063291
-304.337877
-301.612463
-298.281402
-294.950341
-290.407984
-286.168452
-281.626095
-274.358325
-268.604674
-260.125609
-250.132425
-240.744888
-229.237585
-217.124635
-204.406037
-190.173320
-175.334956
-159.285297
-144.144109
-129.608569
-112.347614
-95.995131
-79.642648
-64.198637
-48.451801
-29.979552
-14.535540
1.718232
15.464088
30.355433
44.387661
58.706262
80.756906
83.334254
97.366483
109.107735
120.562615
131.731123
142.899632
157.218232
167.241252
178.982505
191.010129
205.328729
217.356354
227.665746
237.116022
247.998158
258.593923
267.471455
275.489871
284.367403
292.672192
299.258748
302.695212
304.986188
307.277164
308.709024
309.568140
309.281768
309.281768
309.281768
308.136280
307.277164
305.845304
302.981584
300.404236
294.963168
292.099448
288.662983
283.794659
277.494475
270.907919
263.175875
254.011971
243.702578
232.820442
220.792818
207.333333
195.019337
179.268877
164.091160
149.772560
135.453959
120.276243
103.666667
87.629834
73.024862
58.706262
41.237569
26.918969
10.882136
-3.028238
-17.866602
-33.613437
-47.846154
-68.135346
-76.917235
-89.938656
-102.657254
-116.284323
-127.185979
-139.601753
-153.531646
-163.827653
-175.637780
-189.567673
-203.497566
-215.307692
-226.209348
-236.808179
-248.012658
-258.914314
-266.787731
-275.569620
-284.048685
-292.527751
-299.795521
-304.337877
-305.549172
-307.668939
-308.577410
-308.274586
-309.183057
-308.274586
-308.274586
-307.063291
-305.851996
-304.640701
-301.915287
-298.887050
-293.739046
-289.802337
-286.168452
-280.111977
-274.358325
-267.393379
-258.914314
-251.343720
-239.533593
-229.540409
-217.730282
-203.497566
-188.962025
-173.518014
-158.376826
-142.932814
-128.397274
-111.439143
-93.875365
-77.825706
-61.776047
-46.634859
-29.373905
-13.021422
2.577348
17.468692
32.073665
46.392265
59.279006
75.602210
84.479742
98.225599
109.680479
121.135359
132.303867
144.331492
156.931860
166.668508
178.123389
191.869245
205.901473
217.642726
227.379374
237.975138
248.857274
259.453039
268.330571
276.348987
284.367403
292.672192
299.258748
302.408840
305.272560
307.277164
308.709024
309.568140
310.427256
309.568140
308.709024
308.709024
306.418048
304.699816
302.981584
298.972376
294.676796
291.813076
287.803867
282.649171
276.348987
269.762431
261.171271
253.439227
243.129834
232.247698
221.365562
207.619705
194.732965
178.123389
163.804788
150.345304
136.026703
120.276243
103.953039
88.488950
72.738490
57.847145
42.383057
26.918969
11.741252
-2.119766
-17.866602
-32.099318
-47.543330
-72.072055
-76.614411
-89.635833
-103.262902
-113.861733
-126.277507
-138.087634
-151.714703
-163.222006
-175.032132
-188.962025
-202.891918
-215.913340
-226.512171
-237.111003
-249.526777
-258.308666
-267.999026
-275.872444
-284.048685
-293.133398
-299.492697
-303.429406
-306.154820
-307.668939
-307.668939
-308.577410
-309.183057
-308.274586
-307.971762
-307.063291
-305.851996
-304.337877
-301.006816
-297.978578
-291.922103
-289.802337
-285.259981
-279.203505
-272.844206
-265.879260
-258.914314
-248.921130
-239.836417
-228.026290
-215.307692
-201.377799
-187.750730
-170.489776
-155.651412
-140.510224
-124.763389
-108.713729
-92.058423
-74.494645
-59.050633
-43.303797
-26.951315
-11.810127
4.009208
18.900552
33.219153
48.110497
61.283610
74.170350
87.629834
101.089319
113.116943
125.144567
136.026703
148.340700
160.368324
170.677716
180.987109
195.305709
208.192449
219.933702
229.670350
240.552486
251.434622
260.312155
269.476059
277.208103
286.658379
294.104052
300.690608
303.840700
306.990792
307.277164
309.281768
310.140884
309.568140
310.713628
309.568140
309.281768
307.849908
305.845304
302.695212
298.113260
294.676796
291.526703
287.517495
282.649171
276.062615
269.476059
261.171271
252.293738
242.557090
231.674954
219.074586
206.474217
191.869245
177.264273
162.086556
148.054328
134.308471
117.698895
100.802947
85.911602
70.161142
56.415285
39.519337
24.627993
10.309392
-4.845180
-19.986368
-35.430380
-50.571568
-78.431353
-81.156767
-92.361246
-106.291139
-116.587147
-128.700097
-141.721519
-154.137293
-164.736125
-177.151899
-190.778968
-204.103213
-216.821811
-227.420643
-238.927945
-249.829601
-259.822785
-268.907498
-277.083739
-284.957157
-293.436222
-299.795521
-303.732230
-305.851996
-307.366115
-307.971762
-308.274586
-308.577410
-308.274586
-307.971762
-306.760467
-305.851996
-304.337877
-301.309640
-299.189873
-293.436222
-289.802337
-284.351509
-279.203505
-273.752678
-267.090555
-258.005842
-248.618306
-237.716650
-227.420643
-214.399221
-201.377799
-186.539435
-170.186952
-155.651412
-140.510224
-125.369036
-108.713729
-91.149951
-76.311587
-58.142162
-43.000974
-25.437196
-10.901655
4.581952
19.473297
34.364641
49.255985
62.429098
72.165746
88.488950
101.375691
112.830571
125.144567
135.453959
148.054328
160.368324
171.250460
182.418969
194.446593
208.765193
218.788214
229.956722
240.266114
250.575506
262.030387
270.335175
278.926335
286.944751
294.390424
301.549724
304.986188
305.845304
307.563536
308.709024
309.568140
308.995396
309.568140
309.568140
308.422652
307.277164
304.699816
302.408840
298.972376
294.390424
291.526703
287.803867
282.076427
276.062615
268.044199
259.739411
251.434622
241.125230
230.529466
218.788214
204.755985
191.010129
176.691529
161.800184
147.195212
134.022099
115.980663
99.943831
83.906998
69.588398
54.697053
37.801105
23.196133
8.018416
-6.359299
-21.803311
-37.247322
-50.874391
-82.973710
-80.853944
-94.178189
-106.593963
-117.192795
-129.608569
-144.144109
-155.348588
-166.553067
-178.968841
-192.898734
-206.525803
-218.335930
-228.329114
-239.836417
-251.040896
-259.822785
-269.815969
-277.083739
-286.774099
-295.253165
-301.309640
-305.851996
-306.457644
-307.366115
-307.971762
-307.971762
-308.880234
-308.274586
-307.366115
-307.063291
-306.154820
-303.429406
-301.612463
-297.675755
-293.436222
-289.196689
-284.048685
-278.295034
-271.935735
-264.667965
-257.097371
-247.407011
-237.413827
-226.209348
-213.490750
-199.560857
-185.025316
-168.975657
-153.531646
-139.298929
-123.249270
-106.896787
-89.333009
-72.980526
-57.839338
-42.395326
-25.134372
-8.781889
5.727440
21.477901
36.082873
48.683241
63.860958
73.597606
89.348066
102.234807
113.689687
124.571823
136.599448
148.054328
160.654696
171.250460
182.705341
197.023941
209.624309
219.360958
229.670350
240.552486
252.293738
262.030387
269.476059
278.639963
286.944751
294.104052
301.263352
303.554328
305.845304
307.563536
309.281768
308.995396
309.281768
309.281768
308.422652
308.709024
306.131676
303.840700
302.122468
298.399632
294.104052
290.953959
286.372007
280.930939
275.203499
268.330571
259.453039
250.575506
240.552486
228.811234
217.069982
203.610497
189.864641
175.259669
159.795580
146.336096
132.017495
114.548803
98.511971
82.761510
68.729282
52.978821
36.655617
22.337017
6.872928
-8.781889
-23.923077
-38.458617
-53.296981
-85.396300
-80.853944
-93.875365
-107.502434
-119.312561
-131.425511
-144.446933
-157.165531
-167.764362
-179.271665
-193.504382
-207.737098
-218.638754
-229.237585
-239.533593
-251.343720
-260.125609
-269.815969
-277.386563
-286.774099
-295.555988
-302.218111
-305.246349
-306.760467
-307.063291
-308.880234
-309.183057
-308.577410
-308.880234
-307.063291
-305.851996
-305.549172
-303.732230
-300.703992
-297.372931
-293.739046
-289.499513
-284.351509
-279.203505
-271.632911
-264.970789
-256.794547
-247.709834
-237.111003
-225.906524
-211.673807
-198.349562
-183.511198
-168.672833
-152.925998
-137.784810
-123.249270
-105.382668
-89.333009
-72.677702
-57.233690
-41.789679
-23.923077
-9.084713
6.586556
21.764273
36.369245
50.687845
65.292818
74.743094
89.634438
102.807551
113.116943
125.717311
138.317680
148.627072
160.368324
171.536832
182.991713
197.596685
209.624309
221.651934
230.529466
241.984346
252.293738
261.171271
270.335175
278.353591
286.944751
294.963168
300.690608
303.840700
304.986188
307.849908
308.422652
310.140884
309.568140
309.568140
308.709024
308.136280
306.418048
304.413444
301.549724
297.254144
292.958564
290.094843
285.799263
281.217311
275.489871
266.612339
258.593923
249.143646
239.120626
227.952118
215.924494
203.037753
188.146409
173.541436
158.363720
144.617864
129.726519
114.262431
97.366483
82.188766
67.583794
51.833333
36.082873
21.477901
6.013812
-8.479065
-23.923077
-39.367089
-54.205453
-84.487829
-81.156767
-93.875365
-107.502434
-119.615385
-132.031159
-145.658228
-155.651412
-167.461538
-180.785784
-194.715677
-209.856865
-219.850049
-230.146056
-241.350536
-251.949367
-262.245375
-269.513145
-278.295034
-287.985394
-295.555988
-302.520935
-304.337877
-306.760467
-308.274586
-308.577410
-308.577410
-309.183057
-308.274586
-308.274586
-307.063291
-304.640701
-303.732230
-300.703992
-296.161636
-292.527751
-288.288218
-284.048685
-277.083739
-272.541383
-264.667965
-255.886076
-246.498539
-236.505355
-224.695229
-211.673807
-197.441091
-183.511198
-166.553067
-151.411879
-136.270691
-122.340798
-105.382668
-88.121714
-71.769231
-56.628043
-39.064265
-23.317429
-7.570594
8.304788
22.623389
37.801105
52.119705
71.306630
78.179558
91.352670
103.380295
113.976059
126.003683
137.172192
150.058932
161.513812
171.823204
184.423573
197.883057
211.056169
221.365562
231.102210
242.270718
254.298343
262.889503
271.767035
278.926335
288.376611
295.535912
301.263352
304.127072
306.704420
306.990792
308.995396
309.281768
308.995396
309.568140
309.281768
307.849908
306.131676
304.127072
302.122468
298.113260
294.676796
290.094843
286.372007
280.930939
275.203499
267.471455
258.880295
249.143646
239.406998
227.665746
215.351750
201.892265
187.860037
172.682320
157.790976
143.472376
129.440147
113.403315
97.366483
81.902394
67.583794
51.260589
36.082873
20.618785
5.727440
-8.781889
-24.831548
-39.669912
-54.508277
-80.248296
-81.156767
-95.692308
-107.199611
-119.312561
-131.728335
-145.052580
-156.559883
-168.067186
-180.785784
-195.321324
-209.554041
-219.547225
-229.540409
-241.653359
-252.252191
-261.639727
-270.724440
-278.900682
-288.288218
-297.070107
-302.218111
-304.943525
-306.457644
-307.366115
-307.971762
-307.971762
-307.971762
-307.668939
-307.366115
-306.457644
-305.246349
-303.429406
-300.703992
-296.464460
-292.830574
-288.288218
-283.140214
-277.386563
-271.027264
-262.851022
-255.583252
-244.984421
-234.385589
-223.181110
-209.554041
-196.229796
-180.180136
-165.341772
-149.292113
-133.848101
-118.101266
-101.143135
-84.487829
-68.438169
-52.691334
-35.733204
-19.986368
-4.239533
10.882136
25.200737
39.805709
54.410681
77.893186
82.475138
95.075506
107.389503
117.985267
129.726519
141.181400
153.209024
165.809392
176.118785
188.146409
201.033149
214.492634
224.229282
233.106814
244.848066
255.443831
263.462247
273.198895
281.217311
289.808471
296.967772
302.408840
304.413444
306.704420
308.136280
309.568140
310.140884
309.568140
310.427256
309.568140
308.709024
306.990792
304.413444
301.263352
297.826888
293.244936
289.808471
285.226519
280.644567
273.771639
266.612339
257.448435
248.857274
238.261510
226.520258
214.779006
201.033149
186.428177
171.250460
156.931860
142.613260
128.294659
111.112339
94.502762
79.611418
65.006446
49.542357
34.651013
19.473297
4.295580
-12.112950
-26.345667
-40.881207
-56.628043
-75.100292
-82.973710
-95.995131
-109.016553
-122.037975
-134.756573
-146.869523
-158.679649
-170.186952
-182.299903
-198.046738
-210.765336
-221.364167
-230.751704
-241.956183
-253.463486
-263.456670
-271.632911
-279.809153
-288.591042
-297.372931
-302.520935
-305.246349
-306.457644
-307.366115
-308.577410
-307.971762
-308.880234
-308.577410
-307.063291
-305.851996
-305.549172
-303.732230
-300.401168
-296.767283
-292.224927
-288.288218
-283.443038
-275.872444
-270.421616
-262.548199
-254.069133
-244.075949
-233.477118
-221.969815
-208.948393
-194.412853
-179.574489
-163.827653
-149.292113
-134.453749
-118.706913
-101.445959
-83.579357
-68.740993
-52.388510
-36.641675
-20.894839
-4.239533
9.736648
26.059853
40.664825
54.410681
81.616022
81.902394
94.502762
106.816759
117.698895
128.581031
140.322284
152.349908
163.804788
173.827808
187.000921
200.746777
214.206262
224.802026
233.393186
244.561694
256.016575
264.321363
273.485267
282.649171
290.667587
297.540516
303.267956
304.986188
306.704420
308.422652
308.995396
309.854512
310.140884
309.568140
308.995396
307.563536
305.558932
303.554328
300.404236
296.967772
293.244936
290.381215
285.799263
279.785451
273.485267
265.466851
256.875691
247.139042
237.402394
225.088398
213.060773
199.601289
184.709945
169.532228
154.927256
142.613260
126.576427
109.680479
93.357274
77.893186
63.288214
47.251381
31.787293
17.182320
2.004604
-13.021422
-28.162610
-42.698150
-57.536514
-72.677702
-83.276534
-97.206426
-110.530672
-121.432327
-135.362220
-147.475170
-160.193768
-171.701071
-183.208374
-198.652386
-211.976631
-222.272639
-232.871470
-243.470302
-254.069133
-264.062317
-272.238559
-280.111977
-289.499513
-297.372931
-301.612463
-305.246349
-306.457644
-307.971762
-308.577410
-308.274586
