-308.869863
-310.391389
-311.000000
-309.174168
-309.174168
-308.261252
-306.739726
-304.305284
-301.262231
-297.306262
-291.828767
-288.785714
-283.308219
-277.526419
-270.527397
-262.919765
-253.486301
-243.444227
-232.184932
-219.404110
-206.318982
-191.712329
-178.018591
-161.890411
-147.283757
-132.372798
-114.723092
-96.464775
-80.945205
-66.034247
-49.601761
-32.560665
-15.823875
-0.304305
14.371534
29.030499
42.539741
56.048983
68.695933
81.917745
93.989834
106.349353
115.259704
127.331793
140.841035
152.050832
164.122921
175.620148
187.979667
202.063771
213.560998
224.195933
233.106285
244.603512
255.525878
263.573937
272.771719
281.394640
290.879852
297.778189
302.089649
303.526802
305.538817
306.688540
308.125693
308.987985
308.987985
308.125693
307.838262
306.401109
305.538817
302.951941
299.502773
295.191312
292.029575
288.005545
283.119224
276.795749
270.472274
263.286506
254.663586
244.316081
232.531423
221.321627
209.249538
194.878004
181.656192
166.134935
151.763401
138.254159
121.295749
103.475046
88.241220
73.582255
59.210721
42.827172
27.018484
12.934381
-2.130137
-16.432485
-31.343444
-46.254403
-59.643836
-74.554795
-87.335616
-98.899217
-111.375734
-123.243640
-136.328767
-150.326810
-161.281800
-172.845401
-186.843444
-201.754403
-213.318004
-224.881605
-234.315068
-245.270059
-256.225049
-265.658513
-274.787671
-283.308219
-293.045988
-300.653620
-304.305284
-307.348337
-308.565558
-308.869863
-309.478474
-311.000000
-309.478474
-309.478474
-308.565558
-307.044031
-307.044031
-304.609589
-301.262231
-297.306262
-291.524462
-288.177104
-283.003914
-276.917808
-269.310176
-262.006849
-253.790607
-242.531311
-232.489237
-218.186888
-205.101761
-191.103718
-175.584149
-160.064579
-144.849315
-130.546967
-113.201566
-95.551859
-79.119374
-63.295499
-47.775930
-30.126223
-13.389432
1.724584
15.233826
30.755083
43.114603
58.060998
71.570240
83.929760
97.439002
108.073937
120.146026
131.068392
143.715342
155.787431
165.560074
178.207024
189.991682
204.363216
216.147874
226.495379
235.980591
245.753235
255.813309
263.861368
273.921442
282.831793
291.454713
297.778189
302.377079
305.538817
306.401109
307.550832
308.700555
308.700555
309.275416
308.700555
308.700555
307.263401
305.538817
303.239372
299.790203
295.478743
292.029575
288.580407
283.981516
277.658041
271.047135
262.999076
254.088725
244.603512
233.393715
221.321627
208.099815
195.165434
180.506470
165.847505
150.613678
136.242144
119.858595
103.762477
87.666359
73.294824
58.060998
40.815157
27.018484
11.209797
-3.043053
-17.954012
-33.473581
-47.775930
-62.078278
-76.076321
-89.161448
-101.029354
-112.897260
-125.678082
-138.763209
-150.326810
-163.107632
-173.758317
-187.452055
-202.363014
-214.839530
-226.403131
-235.836595
-245.878669
-256.529354
-265.658513
-274.179061
-282.699609
-292.133072
-301.262231
-304.913894
-307.044031
-309.174168
-308.565558
-308.869863
-310.087084
-309.478474
-309.478474
-309.478474
-308.565558
-305.826810
-304.000978
-301.870841
-297.306262
-292.437378
-288.177104
-282.699609
-277.222114
-269.918787
-262.006849
-251.964775
-241.922701
-230.967710
-216.665362
-204.188845
-189.582192
-174.671233
-159.455969
-143.327789
-129.938356
-112.592955
-94.943249
-78.510763
-62.078278
-46.558708
-29.517613
-12.476517
2.012015
17.245841
31.329945
45.701479
59.498152
72.719963
85.366913
98.301294
108.936229
119.571165
131.930684
144.002773
156.362292
166.709797
179.069316
191.428835
205.225508
217.010166
227.070240
235.405730
247.190388
257.250462
266.735675
274.783734
282.544362
292.317006
298.927911
302.664510
305.538817
306.975970
308.125693
309.275416
309.275416
309.850277
308.700555
308.700555
307.263401
306.688540
302.377079
300.365065
295.766174
292.604436
289.155268
283.694085
277.658041
270.472274
263.573937
253.226433
244.603512
233.681146
220.746765
208.962107
195.165434
181.081331
165.847505
151.188540
137.679298
121.008318
105.487061
88.816081
74.444547
59.498152
41.677449
27.880776
11.497227
-1.825832
-17.345401
-32.560665
-45.645793
-60.556751
-74.859100
-87.944227
-98.290607
-111.071429
-123.547945
-136.024462
-150.022505
-160.977495
-173.454012
-186.234834
-201.754403
-213.926614
-225.490215
-234.315068
-245.878669
-256.833659
-265.354207
-273.874755
-282.699609
-292.133072
-300.957926
-304.609589
-305.826810
-308.869863
-307.956947
-308.565558
-309.782779
-309.174168
-310.087084
-307.956947
-306.739726
-305.218200
-302.479452
-301.262231
-295.480431
-291.220157
-287.568493
-282.395303
-275.700587
-269.310176
-261.398239
-251.964775
-242.227006
-230.054795
-216.665362
-203.580235
-188.669276
-173.454012
-157.934442
-143.327789
-129.329746
-111.071429
-92.813112
-77.597847
-61.469667
-46.863014
-27.996086
-12.780822
3.449168
18.108133
31.617375
45.414048
59.785582
73.007394
85.941774
97.726433
109.223660
120.433457
132.218115
144.865065
156.362292
167.284658
179.069316
191.428835
205.512939
218.159889
227.357671
237.130314
248.627542
257.825323
267.023105
274.783734
284.268946
292.891867
299.502773
304.101664
305.826248
307.550832
310.137708
309.850277
310.425139
309.850277
310.137708
309.562847
307.550832
306.688540
303.814233
300.365065
295.478743
292.891867
289.442699
283.694085
277.658041
271.047135
262.136784
254.376155
244.028651
232.243993
220.746765
208.674677
194.590573
180.793900
165.560074
149.176525
136.242144
119.283734
103.475046
87.953789
72.432532
58.923290
40.815157
26.156192
9.772643
-3.651663
-18.866928
-33.473581
-48.080235
-63.599804
-76.380626
-89.770059
-101.637965
-112.897260
-125.373777
-137.545988
-151.848337
-163.107632
-174.366928
-188.364971
-202.667319
-214.230920
-225.794521
-234.923679
-246.487280
-256.529354
-266.875734
-274.483366
-283.612524
-292.133072
-301.262231
-304.305284
-305.826810
-307.652642
-308.565558
-309.174168
-309.174168
-308.261252
-308.869863
-308.869863
-307.652642
-306.435421
-303.088063
-300.653620
-296.697652
-290.915851
-286.959883
-281.786693
-276.004892
-269.614481
-260.485323
-251.660470
-240.401174
-229.446184
-216.056751
-202.058708
-188.669276
-173.454012
-157.630137
-143.023483
-129.025440
-110.158513
-93.117417
-77.293542
-59.643836
-45.341487
-26.778865
-11.867906
4.024030
18.108133
32.192237
47.138632
60.647874
73.294824
86.229205
99.451017
110.373383
122.158041
133.655268
144.865065
158.661738
169.009242
179.356747
193.440850
207.524954
218.159889
227.357671
238.280037
248.914972
258.112754
267.597967
275.071165
284.268946
292.029575
299.502773
303.526802
305.251386
307.838262
309.562847
310.425139
309.850277
310.425139
309.850277
308.413124
307.838262
306.113678
304.101664
301.802218
296.628466
292.317006
288.867837
283.981516
277.370610
271.334566
262.999076
254.663586
244.890943
232.531423
220.746765
208.962107
194.590573
180.793900
164.985213
150.613678
137.104436
120.146026
104.049908
88.241220
73.294824
58.348429
41.390018
26.443623
10.922366
-2.738748
-17.954012
-32.256360
-47.471624
-61.165362
-74.859100
-89.161448
-100.116438
-111.984344
-123.852250
-136.937378
-150.631115
-160.977495
-173.758317
-188.364971
-202.667319
-213.926614
-225.490215
-234.619374
-246.182975
-256.225049
-265.354207
-274.483366
-282.395303
-291.828767
-300.653620
-304.305284
-305.218200
-306.739726
-307.348337
-308.565558
-309.174168
-309.174168
-308.869863
-307.652642
-306.131115
-304.609589
-303.392368
-300.045010
-294.263209
-290.307241
-286.959883
-279.960861
-275.091977
-268.397260
-259.572407
-250.747554
-240.096869
-229.141879
-215.752446
-202.058708
-189.582192
-174.062622
-159.151663
-142.719178
-128.721135
-111.375734
-92.813112
-78.206458
-61.165362
-45.645793
-28.300391
-13.085127
2.874307
17.533272
32.192237
45.701479
58.348429
71.282810
84.792052
97.439002
107.786506
119.283734
131.068392
143.715342
155.787431
166.709797
178.207024
191.141405
205.512939
216.147874
226.782810
236.842884
248.052680
257.537893
267.023105
274.496303
284.268946
293.466728
299.790203
303.814233
305.826248
307.550832
309.562847
308.987985
309.850277
309.850277
308.700555
308.700555
308.125693
306.688540
303.526802
300.652495
296.628466
292.604436
288.580407
283.981516
277.945471
271.047135
262.424214
253.801294
244.028651
232.818854
220.171904
208.962107
195.452865
181.081331
165.272643
149.463956
136.817006
119.858595
103.475046
87.666359
72.145102
58.348429
42.539741
27.305915
12.072089
-2.434442
-17.345401
-32.864971
-47.775930
-60.556751
-75.467710
-88.248532
-99.203523
-112.897260
-124.460861
-136.937378
-150.022505
-161.890411
-173.454012
-186.843444
-201.450098
-213.926614
-224.881605
-234.619374
-246.182975
-256.225049
-265.049902
-274.483366
-283.003914
-293.045988
-300.653620
-304.000978
-304.913894
-308.261252
-308.869863
-308.565558
-308.261252
-307.956947
-308.261252
-306.739726
-305.826810
-305.522505
-302.175147
-300.045010
-295.480431
-291.524462
-286.351272
-281.786693
-276.309198
-268.397260
-259.268102
-250.138943
-240.401174
-228.837573
-215.752446
-202.058708
-187.452055
-172.236791
-156.717221
-142.110568
-127.199609
-109.549902
-92.508806
-75.467710
-59.339530
-43.515656
-25.865949
-11.867906
4.598891
18.970425
33.916821
47.426063
60.935305
73.007394
87.378928
98.876155
110.660813
121.870610
133.655268
145.439926
158.086876
169.009242
180.219039
193.440850
207.237523
219.597043
229.369686
239.142329
248.340111
258.687616
268.172828
275.358595
285.131238
294.329020
301.227357
304.101664
306.975970
308.413124
309.275416
310.137708
310.425139
310.712569
310.425139
309.562847
308.125693
306.113678
303.239372
300.939926
295.191312
292.891867
289.730129
284.268946
277.658041
270.759704
262.711645
254.376155
243.453789
232.243993
221.034196
207.524954
194.015712
178.494455
164.410351
149.463956
135.092421
120.146026
102.612754
86.804067
71.570240
56.336414
39.952865
24.719039
9.485213
-3.651663
-19.779843
-35.603718
-48.688845
-62.991194
-77.293542
-88.552838
-101.942270
-113.810176
-126.590998
-137.850294
-152.152642
-163.107632
-174.366928
-188.060665
-203.275930
-214.230920
-226.098826
-236.445205
-247.095890
-256.833659
-265.658513
-275.091977
-283.308219
-293.654599
-300.045010
-304.000978
-307.348337
-308.261252
-307.956947
-309.174168
-307.956947
-308.869863
-308.565558
-307.348337
-305.826810
-304.913894
-303.088063
-299.132094
-296.089041
-290.307241
-286.959883
-280.569472
-274.787671
-267.484344
-260.485323
-249.834638
-239.183953
-227.924658
-214.839530
-202.667319
-187.452055
-172.541096
-157.021526
-142.110568
-127.199609
-108.941292
-92.204501
-76.684932
-60.252446
-45.341487
-27.387476
-11.867906
4.311460
19.257856
33.054529
47.138632
60.647874
73.869686
87.953789
99.738447
110.373383
121.583179
133.942699
145.152495
158.086876
168.146950
179.931608
193.153420
206.087800
218.159889
227.645102
237.992606
249.777264
259.262477
267.597967
276.220887
285.418669
293.754159
300.652495
303.526802
306.401109
307.550832
309.850277
309.850277
310.137708
310.425139
309.275416
308.700555
307.550832
306.688540
303.814233
300.077634
295.766174
292.891867
289.442699
283.406654
277.658041
270.472274
262.711645
253.513863
242.304067
231.669131
219.309612
206.662662
192.578558
178.207024
163.260628
148.601664
134.804991
117.559150
102.037893
86.229205
71.282810
56.911275
39.378004
24.431608
9.197782
-4.868885
-20.388454
-35.299413
-48.688845
-63.599804
-76.684932
-89.161448
-101.637965
-114.114481
-126.286693
-139.067515
-153.369863
-164.324853
-175.888454
-189.886497
-203.275930
-215.752446
-226.098826
-236.140900
-246.487280
-258.050881
-266.571429
-274.787671
-283.612524
-293.045988
-300.349315
-303.696673
-305.522505
-307.652642
-308.565558
-308.869863
-310.087084
-308.869863
-309.478474
-307.652642
-307.044031
-304.913894
-302.175147
-299.436399
-294.567515
-290.307241
-286.351272
-280.265166
-273.874755
-267.180039
-258.355186
-249.834638
-239.183953
-227.924658
-215.752446
-201.754403
-188.060665
-173.454012
-157.325832
-142.110568
-126.590998
-108.636986
-91.900196
-74.859100
-60.556751
-44.732877
-26.778865
-10.042074
4.311460
19.832717
33.629390
46.851201
60.360444
73.582255
87.378928
99.451017
109.798521
121.008318
132.505545
144.290203
157.224584
167.859519
180.219039
192.865989
207.812384
218.447320
228.219963
238.280037
248.340111
258.975046
268.172828
276.220887
285.131238
294.041590
300.939926
304.101664
306.113678
307.838262
309.275416
309.275416
310.137708
310.137708
308.987985
309.562847
308.125693
306.401109
303.239372
300.077634
295.766174
291.742144
288.580407
282.831793
277.370610
270.472274
262.424214
253.226433
243.166359
231.669131
219.309612
205.512939
191.428835
177.632163
162.398336
148.026802
133.942699
116.696858
101.175601
85.941774
70.420518
56.911275
39.090573
24.144177
8.048059
-6.694716
-21.605675
-35.299413
-49.601761
-64.208415
-78.206458
-91.595890
-102.550881
-115.027397
-127.808219
-139.980431
-153.369863
-164.324853
-175.279843
-190.495108
-203.580235
-215.448141
-226.707436
-236.445205
-248.313112
-258.050881
-266.267123
-276.004892
-285.134051
-293.654599
-301.262231
-304.305284
-307.652642
-307.956947
-308.869863
-308.261252
-308.565558
-308.565558
-309.478474
-307.956947
-306.131115
-304.913894
-301.870841
-299.740705
-293.958904
-290.307241
-286.959883
-281.482387
-273.874755
-267.788650
-258.659491
-249.530333
-239.183953
-226.403131
-214.230920
-199.928571
-186.234834
-170.715264
-155.500000
-140.589041
-124.765166
-108.332681
-90.378669
-74.250489
-58.122309
-41.994129
-25.561644
-10.650685
6.036044
20.407579
33.916821
49.150647
62.085028
75.594270
89.103512
100.888170
111.523105
122.732902
135.092421
146.302218
158.949168
169.296673
181.656192
195.165434
208.099815
220.459335
229.657116
239.717190
250.639556
259.549908
268.747689
277.083179
286.855823
294.616451
301.227357
304.963956
306.113678
306.975970
308.700555
309.850277
310.425139
310.137708
310.425139
308.700555
308.987985
306.401109
303.526802
300.652495
296.341035
293.179298
288.005545
282.831793
277.370610
269.897412
262.136784
253.226433
242.878928
231.094270
219.309612
206.087800
192.578558
177.919593
162.685767
147.451941
134.517560
116.984288
100.313309
84.504621
70.133087
55.186691
37.365989
22.994455
7.760628
-6.694716
-20.692759
-35.603718
-50.210372
-63.904110
-78.510763
-90.987280
-102.550881
-115.636008
-125.982387
-139.371820
-153.065558
-163.411937
-176.192759
-190.495108
-203.884540
-217.578278
-226.403131
-236.445205
-248.008806
-259.268102
-266.875734
-276.309198
-284.525440
-294.263209
-301.262231
-304.609589
-306.739726
-307.652642
-308.261252
-308.565558
-309.174168
-308.565558
-307.956947
-307.348337
-306.131115
-305.218200
-302.479452
-298.827789
-295.176125
-290.611546
-285.438356
-280.873777
-274.483366
-266.571429
-258.355186
-249.530333
-238.879648
-227.924658
-214.230920
-200.232877
-187.452055
-171.628180
-156.108611
-140.893346
-125.678082
-108.028376
-89.770059
-74.554795
-57.818004
-42.602740
-25.561644
-9.129159
4.886322
19.545287
34.204251
48.288355
61.510166
74.731978
88.241220
99.738447
112.097967
122.445471
134.230129
148.026802
159.524030
169.296673
180.793900
194.015712
208.099815
219.309612
229.369686
239.142329
249.777264
259.549908
268.172828
277.370610
285.418669
294.903882
301.227357
304.963956
306.401109
308.700555
308.987985
309.275416
310.712569
309.562847
309.275416
308.987985
307.838262
306.113678
303.239372
300.077634
295.191312
292.029575
289.155268
283.406654
277.658041
270.184843
261.561922
252.364140
242.304067
230.806839
218.159889
205.800370
191.141405
176.769871
162.973198
146.877079
134.230129
115.834566
99.738447
84.504621
69.558226
55.474122
38.228281
23.856747
7.185767
-6.694716
-21.301370
-36.212329
-51.427593
-65.425636
-79.119374
-92.204501
-103.159491
-115.940313
-127.503914
-141.501957
-154.282779
-164.629159
-177.105675
-189.886497
-204.188845
-216.056751
-226.707436
-236.749511
-248.313112
-258.963796
-267.788650
-275.396282
-285.134051
-294.567515
-301.262231
-304.305284
-306.131115
-307.652642
-308.261252
-308.869863
-309.478474
-308.565558
-308.869863
-307.348337
-305.826810
-305.218200
-301.870841
-299.132094
-294.263209
-290.307241
-286.351272
-279.656556
-274.179061
-266.875734
-258.659491
-248.617417
-238.575342
-226.707436
-213.926614
-200.841487
-186.234834
-171.323875
-155.195695
-140.893346
-125.069472
-107.724070
-90.987280
-74.250489
-58.426614
-41.994129
-24.648728
-9.433464
5.461183
20.982440
35.066543
49.150647
61.510166
75.019409
89.103512
101.175601
111.235675
123.020333
133.655268
147.164510
159.524030
168.721811
181.943623
195.452865
208.387246
219.884473
229.657116
239.717190
250.352126
260.124769
268.747689
276.795749
286.855823
295.191312
300.939926
304.676525
305.826248
307.550832
308.987985
311.000000
309.850277
310.425139
310.137708
309.562847
307.838262
306.113678
303.526802
300.077634
295.191312
292.891867
288.580407
282.544362
277.370610
269.035120
259.837338
252.651571
242.016636
229.944547
218.734750
205.225508
191.428835
176.482440
161.823475
147.451941
133.080407
116.409427
100.313309
84.217190
69.270795
54.324399
37.365989
21.844732
6.323475
-7.303327
-21.909980
-38.038160
-50.514677
-65.729941
-79.423679
-91.900196
-103.768102
-115.331703
-127.199609
-141.806262
-153.978474
-164.933464
-177.105675
-191.712329
-204.797456
-217.273973
-228.533268
-238.271037
-248.921722
-260.181018
-267.180039
-276.004892
-285.742661
-295.480431
-301.870841
-304.609589
-305.522505
-307.956947
-309.478474
-308.565558
-309.174168
-309.174168
-308.565558
-307.652642
-306.131115
-304.305284
-301.870841
-298.219178
-294.263209
-289.698630
-286.655577
-280.265166
-273.570450
-267.484344
-258.050881
-248.617417
-237.966732
-227.011742
-213.013699
-200.537182
-186.234834
-171.323875
-154.891389
-139.371820
-125.069472
-107.115460
-90.378669
-73.033268
-57.513699
-42.602740
-24.344423
-8.824853
5.748614
20.407579
35.066543
48.863216
62.372458
75.019409
88.241220
100.600739
111.523105
122.445471
133.655268
147.164510
158.086876
169.584104
180.793900
194.303142
208.387246
220.459335
228.794824
239.717190
250.064695
259.262477
268.460259
276.508318
286.568392
294.903882
301.802218
304.389094
306.401109
308.125693
309.275416
309.850277
309.850277
309.562847
309.562847
308.413124
308.125693
306.113678
302.951941
298.640481
295.191312
292.604436
287.718115
283.119224
276.220887
269.322551
260.699630
251.789279
241.729205
230.806839
217.010166
204.363216
191.141405
175.620148
160.386322
146.877079
132.792976
115.259704
99.451017
83.642329
69.270795
55.186691
37.365989
22.419593
7.473198
-6.390411
-21.909980
-37.733855
-51.123288
-65.425636
-78.206458
-92.508806
-103.463796
-115.636008
-128.112524
-140.589041
-153.674168
-165.237769
-177.714286
-192.016634
-205.710372
-217.882583
-227.620352
-239.488258
-249.530333
-259.572407
-269.005871
-276.004892
-285.438356
-294.567515
-300.957926
-305.218200
-306.435421
-307.956947
-308.869863
-309.174168
-309.174168
-309.174168
-308.565558
-307.348337
-306.435421
-305.522505
-301.870841
-298.523483
-294.263209
-289.394325
-285.134051
-279.960861
-274.179061
-266.875734
-258.355186
-249.226027
-237.966732
-226.707436
-213.318004
-199.319961
-185.017613
-169.193738
-154.282779
-139.980431
-124.156556
-107.115460
-88.857143
-73.033268
-56.600783
-41.385519
-23.735812
-7.911937
6.610906
21.269871
36.216266
50.012939
63.522181
75.594270
89.103512
101.175601
111.235675
124.170055
134.804991
147.451941
159.811460
169.296673
181.656192
195.165434
208.099815
219.884473
229.657116
240.866913
250.639556
260.124769
269.035120
277.370610
287.143253
294.903882
301.514787
305.251386
306.401109
307.838262
309.275416
309.562847
309.850277
309.850277
309.562847
309.562847
308.125693
306.975970
303.526802
299.215342
294.903882
291.742144
288.292976
281.969501
275.933457
268.747689
260.412200
252.076710
241.441774
229.657116
217.872458
205.225508
189.416821
175.332717
160.961183
146.589649
131.643253
114.397412
99.163586
82.780037
68.983364
53.462107
36.503697
22.419593
6.898336
-8.216243
-22.518591
-37.733855
-52.036204
-65.729941
-79.423679
-92.508806
-104.376712
-115.636008
-129.329746
-141.501957
-154.891389
-164.933464
-178.322896
-192.320939
-206.014677
-217.882583
-228.837573
-238.879648
-249.834638
-259.572407
-268.092955
-277.222114
-285.438356
-295.784736
-301.870841
-304.000978
-307.044031
-307.348337
-308.565558
-309.174168
-309.174168
-308.261252
-308.261252
-307.956947
-305.826810
-305.522505
-301.870841
-297.914873
-293.958904
-290.002935
-284.829746
-280.265166
-272.961840
-265.049902
-257.442270
-248.313112
-237.966732
-225.794521
-213.622309
-199.624266
-184.713307
-168.889432
-153.065558
-139.676125
-123.547945
-106.506849
-89.465753
-73.033268
-57.513699
-41.385519
-24.344423
-8.520548
6.610906
20.407579
36.503697
49.438078
62.947320
75.594270
89.390943
100.600739
111.523105
122.445471
133.942699
147.164510
158.661738
169.871534
181.943623
194.303142
208.674677
220.171904
228.507394
240.579482
251.214418
259.837338
269.609982
278.232902
287.430684
295.191312
301.227357
304.676525
306.401109
308.125693
308.700555
309.275416
310.425139
310.137708
309.562847
308.700555
308.125693
305.826248
302.377079
299.790203
294.903882
292.029575
288.005545
282.544362
276.220887
268.460259
260.412200
251.214418
240.866913
229.369686
216.435305
203.788355
189.704251
175.045287
160.098891
146.302218
131.068392
114.109982
98.013863
82.205176
66.971349
52.599815
35.353974
20.695009
5.748614
-8.824853
-23.431507
-38.951076
-52.036204
-67.251468
-80.336595
-93.117417
-104.985323
-116.548924
-128.112524
-141.806262
-155.500000
-165.542074
-179.235812
-192.929550
-207.840509
-217.882583
-227.620352
-239.792564
-249.834638
-260.181018
-269.310176
-276.309198
-286.046967
-294.871820
-302.175147
-304.000978
-307.652642
-307.652642
-307.652642
-308.565558
-308.869863
-308.869863
-308.869863
-308.261252
-306.435421
-304.000978
-303.088063
-298.523483
-293.958904
-289.394325
-284.829746
-279.656556
-273.266145
-264.745597
-257.137965
-247.095890
-236.140900
-224.881605
-211.187867
-198.102740
-183.800391
-169.193738
-153.369863
-137.850294
-121.722114
-105.289628
-88.248532
-73.641879
-56.296477
-40.776908
-23.431507
-6.694716
7.185767
22.994455
36.791128
49.438078
63.234750
75.594270
89.965804
101.175601
112.097967
122.445471
133.942699
147.451941
159.236599
171.308688
182.805915
195.452865
208.962107
220.171904
228.507394
240.866913
250.639556
259.837338
269.322551
277.945471
286.855823
295.478743
301.514787
304.676525
306.975970
307.263401
308.413124
309.850277
311.000000
308.987985
309.562847
308.700555
306.688540
305.826248
301.514787
298.927911
294.616451
291.742144
287.430684
281.682070
276.220887
268.747689
260.412200
250.926987
240.292052
228.507394
215.573013
202.926063
189.991682
174.757856
160.098891
145.152495
130.206100
113.822551
96.864140
81.917745
67.546211
52.599815
35.066543
20.695009
4.886322
-8.216243
-23.431507
-39.863992
-52.644814
-68.772994
-81.249511
-94.030333
-106.202544
-118.679061
-129.938356
-143.023483
-155.500000
-166.150685
-179.540117
-192.929550
-207.536204
-218.491194
-227.924658
-239.792564
-248.921722
-260.181018
-269.005871
-277.526419
-286.655577
-294.263209
-302.479452
-305.522505
-307.348337
-308.565558
-308.869863
-307.956947
-309.174168
-309.174168
-308.565558
-307.652642
-305.826810
-304.609589
-301.566536
-298.523483
-293.958904
-290.002935
-285.438356
-279.047945
-272.657534
-265.658513
-257.746575
-248.617417
-237.662427
-225.185910
-212.405088
-198.102740
-182.887476
-169.498043
-153.674168
-138.763209
-122.939335
-105.289628
-88.552838
-71.816047
-55.992172
-39.863992
-22.822896
-6.999022
8.048059
22.707024
36.503697
50.875231
64.097043
77.031423
90.540665
102.037893
112.960259
123.882625
136.817006
148.314233
159.811460
170.446396
182.518484
196.027726
210.111830
220.459335
229.369686
241.441774
251.214418
261.274492
270.472274
278.520333
287.430684
294.616451
300.939926
304.389094
306.401109
308.125693
308.987985
308.987985
310.712569
310.712569
310.137708
308.700555
307.838262
304.963956
304.101664
297.490758
294.903882
290.879852
286.855823
281.682070
275.646026
267.885397
259.262477
250.639556
240.004621
229.082255
215.860444
202.638632
188.841959
174.182994
158.374307
145.152495
129.631238
112.960259
96.576710
81.630314
66.396488
51.450092
34.779113
19.832717
5.173752
-9.737769
-25.865949
-39.255382
-53.557730
-68.772994
-81.858121
-94.638943
-106.811155
-117.461840
-131.155577
-143.023483
-155.804305
-167.672211
-179.540117
-193.538160
-208.144814
-219.099804
-229.446184
-240.096869
-251.051859
-260.485323
-269.310176
-278.439335
-286.046967
-296.393346
-302.479452
-304.609589
-307.652642
-307.044031
-308.869863
-308.565558
-308.869863
-308.869863
-308.261252
-307.652642
-306.435421
-305.522505
-301.262231
-298.219178
-292.437378
-290.611546
-284.525440
-279.960861
-272.961840
-265.354207
-256.833659
-248.008806
-236.140900
-224.881605
-211.796477
-197.494129
-183.496086
-167.976517
-153.065558
-137.241683
-121.417808
-104.376712
-87.335616
-72.424658
-55.079256
-39.863992
-22.214286
-6.999022
8.048059
23.569316
37.365989
50.875231
63.522181
77.606285
90.253235
102.037893
113.822551
125.032348
137.104436
148.889094
160.098891
171.883549
183.093346
196.027726
209.536969
221.321627
230.806839
242.016636
252.076710
260.987061
269.609982
277.945471
288.292976
295.478743
302.089649
304.389094
305.826248
308.125693
310.137708
310.712569
308.987985
309.850277
309.562847
308.413124
308.125693
306.113678
302.664510
298.640481
294.041590
291.742144
287.143253
281.969501
275.071165
267.885397
259.837338
250.352126
240.866913
228.219963
215.285582
202.351201
188.267098
173.033272
159.236599
144.577634
130.206100
113.247689
96.576710
81.055453
65.246765
50.875231
33.629390
19.832717
4.598891
-9.737769
-25.257339
-40.776908
-53.862035
-67.860078
-81.249511
-95.247554
-106.811155
-117.461840
-130.851272
-142.110568
-155.804305
-166.759295
-179.540117
-194.755382
-207.231898
-220.012720
-229.446184
-241.009785
-251.051859
-260.485323
-269.918787
-277.830724
-287.568493
-295.784736
-301.870841
-305.826810
-307.348337
-308.261252
-308.869863
-309.174168
-309.174168
-308.261252
-307.348337
-308.565558
-306.435421
-304.913894
-303.696673
-298.523483
-293.654599
-290.611546
-284.525440
-279.047945
-272.353229
-265.049902
-256.833659
-246.487280
-234.923679
-224.577299
-209.666341
-196.885519
-182.583170
-166.759295
-152.456947
-136.328767
-120.504892
-102.855186
-85.205479
-69.685910
-54.470646
-36.820939
-20.084149
-4.260274
9.485213
24.719039
38.803142
52.312384
65.246765
79.043438
91.977819
103.187616
114.972274
126.182070
137.391867
150.038817
162.685767
172.170980
185.105360
198.039741
212.123845
222.471349
232.243993
243.166359
253.226433
262.999076
271.334566
280.244917
289.442699
296.053604
302.377079
304.676525
306.688540
308.413124
308.700555
309.850277
310.425139
310.425139
310.425139
309.850277
308.125693
306.401109
302.664510
298.640481
295.191312
291.454713
288.005545
281.107209
274.783734
268.460259
258.975046
250.639556
239.717190
228.219963
216.147874
201.776340
188.554529
174.757856
159.524030
145.152495
131.068392
113.822551
97.151571
82.205176
66.683919
51.450092
34.779113
20.695009
6.036044
-8.824853
-23.431507
-39.255382
-53.862035
-67.251468
-81.858121
-93.421722
-105.593933
-116.548924
-128.721135
-143.327789
-156.108611
-166.454990
-178.627202
-193.538160
-207.840509
-219.404110
-228.228963
-239.488258
-250.443249
-260.181018
-269.005871
-278.439335
-286.351272
-295.784736
-302.783757
-304.305284
-306.131115
-307.652642
-308.565558
-307.652642
-308.261252
-309.174168
-308.261252
-307.348337
-304.609589
-304.000978
-300.045010
-296.697652
-292.741683
-289.090020
-284.829746
-278.743640
-272.657534
-264.441292
-255.616438
-245.574364
-235.227984
-223.968689
-211.187867
-197.189824
-182.887476
-167.976517
-150.935421
-136.024462
-120.200587
-102.246575
-85.509785
-69.990215
-54.470646
-38.038160
-19.779843
-4.868885
10.060074
23.281885
37.653420
52.024954
64.959335
79.043438
91.115527
103.475046
114.109982
125.607209
137.391867
149.463956
160.961183
171.883549
184.530499
197.464880
211.261553
221.034196
230.806839
242.304067
252.939002
262.136784
271.334566
279.382625
287.718115
296.915896
302.377079
305.538817
306.975970
308.413124
309.275416
309.562847
309.850277
309.275416
309.850277
309.275416
307.550832
305.826248
302.089649
298.353050
295.191312
291.167283
287.143253
281.107209
275.358595
268.172828
260.124769
249.777264
238.854898
226.782810
214.710721
201.201479
187.692237
173.608133
158.374307
144.002773
129.343808
111.235675
96.001848
80.193161
66.396488
50.300370
34.204251
18.970425
3.449168
-10.346380
-25.257339
-40.472603
-54.470646
-69.077299
-82.466732
-95.247554
-106.811155
-117.766145
-129.938356
-144.240705
-156.108611
-168.280822
-180.757339
-196.581213
-208.144814
-220.012720
-229.141879
-240.705479
-250.747554
-260.789628
-269.918787
-278.135029
-288.177104
-297.001957
-302.175147
-305.218200
-305.826810
-307.956947
-307.044031
-308.261252
-308.565558
-307.956947
-308.565558
-307.652642
-306.131115
-304.609589
-302.175147
-297.610568
-293.654599
-289.090020
-283.916830
-279.047945
-270.831703
-264.745597
-255.312133
-245.574364
-234.923679
-223.055773
-210.579256
-196.581213
-182.278865
-166.759295
-151.848337
-135.415851
-120.504892
-102.550881
-85.509785
-70.294521
-53.557730
-37.733855
-20.692759
-3.955969
10.060074
24.719039
38.515712
52.599815
65.246765
78.181146
91.690388
104.049908
114.109982
125.607209
137.104436
149.463956
161.248614
171.883549
184.243068
196.890018
210.974122
221.896488
231.669131
242.016636
252.651571
261.849353
271.047135
279.670055
289.155268
297.203327
303.239372
305.538817
307.263401
308.413124
309.850277
310.137708
309.850277
310.137708
309.275416
308.987985
307.263401
305.538817
302.377079
298.065619
294.616451
290.592421
287.430684
279.957486
275.071165
267.310536
259.262477
250.352126
239.142329
227.070240
214.135860
201.201479
187.404806
172.458410
157.799445
143.427911
128.194085
111.523105
94.852126
79.330869
64.671904
50.300370
34.204251
17.820702
4.024030
-11.259295
-26.170254
-40.472603
-55.079256
-69.077299
-82.466732
-94.638943
-106.811155
-117.766145
-132.677104
-145.153620
-157.325832
-166.759295
-180.757339
-193.842466
-208.753425
-220.925636
-230.359100
-241.314090
-251.051859
-261.702544
-270.223092
-278.743640
-288.481409
-297.001957
-302.479452
-305.218200
-307.044031
-307.956947
-307.652642
-308.565558
-308.869863
-307.956947
-308.565558
-307.348337
-306.131115
-304.609589
-301.566536
-297.001957
-293.045988
-289.394325
-283.612524
-277.830724
-272.048924
-264.745597
-256.529354
-245.574364
-234.619374
-223.968689
-209.057730
-195.668297
-181.670254
-165.846380
-151.239726
-135.111546
-119.591977
-101.637965
-85.509785
-69.685910
-52.949119
-37.125245
-19.779843
-3.955969
10.347505
24.719039
39.378004
53.462107
65.821627
79.905730
92.552680
104.337338
114.684843
125.894640
138.829020
150.613678
162.685767
173.608133
184.530499
198.614603
212.123845
222.183919
231.956562
243.453789
252.076710
262.999076
271.334566
279.670055
288.867837
297.203327
302.664510
305.251386
306.975970
307.838262
310.137708
309.850277
310.425139
310.137708
308.987985
308.700555
306.401109
306.113678
303.239372
298.640481
294.329020
291.167283
286.280961
281.394640
273.921442
268.172828
258.400185
250.064695
237.992606
227.357671
214.423290
200.914048
186.542514
172.170980
156.937153
143.140481
128.194085
111.235675
95.714418
79.043438
64.384473
49.438078
32.479667
18.108133
2.586876
-11.563601
-27.083170
-41.994129
-55.687867
-69.685910
-83.379648
-97.073386
-108.028376
-119.287671
-132.372798
-145.153620
-158.543053
-168.585127
-180.757339
-195.363992
-208.753425
-221.229941
-230.663405
-241.314090
-251.660470
-261.702544
-269.918787
-279.352250
-288.785714
-297.001957
-303.088063
-304.305284
-307.044031
-307.956947
-308.869863
-309.174168
-308.565558
-309.478474
-307.956947
-307.652642
-305.826810
-303.696673
-301.870841
-297.914873
-292.741683
-289.090020
-284.221135
-278.743640
-271.744618
-263.528376
-255.616438
-244.357143
-234.010763
-222.142857
-208.449119
-194.146771
-180.757339
-164.020548
-149.109589
-133.894325
-118.070450
-99.812133
-82.771037
-66.947162
-51.123288
-35.603718
-17.649706
-1.825832
11.497227
25.581331
39.378004
54.324399
68.121072
81.917745
95.426987
106.636784
117.559150
129.056377
141.415896
153.487985
163.835490
175.045287
187.117375
200.626617
213.560998
223.621072
233.681146
242.878928
253.226433
264.148799
272.196858
280.819778
289.730129
297.490758
303.814233
306.113678
307.838262
308.987985
311.000000
310.425139
311.000000
310.712569
310.137708
309.275416
308.125693
305.538817
302.951941
298.065619
294.616451
291.454713
287.143253
282.544362
274.208872
267.885397
258.975046
248.914972
239.142329
227.070240
215.285582
202.638632
187.692237
173.608133
158.086876
143.715342
128.768946
111.523105
95.139556
79.905730
65.534196
49.150647
34.779113
18.108133
4.886322
-10.346380
-25.561644
-41.081213
-54.470646
-69.077299
-81.553816
-93.726027
-105.898239
-117.461840
-131.155577
-144.849315
-155.804305
-168.889432
-180.148728
-194.755382
-207.840509
-220.317025
-229.750489
-240.401174
-251.964775
-261.093933
-270.223092
-278.743640
-288.481409
-297.914873
-303.696673
-305.826810
-305.826810
-307.044031
-307.956947
