-48.499559
-60.829956
-77.544493
-93.162996
-110.151542
-124.125991
-139.196476
-151.252863
-162.213216
-172.899559
-183.585903
-195.916300
-207.424670
-216.466960
-230.441410
-241.949780
-252.910132
-260.582379
-270.172687
-277.844934
-285.791189
-294.559471
-300.313656
-305.519824
-308.807930
-309.355947
-310.177974
-311.000000
-309.629956
-307.985903
-306.341850
-306.067841
-304.149780
-303.875771
-300.861674
-297.573568
-295.107489
-291.545374
-285.791189
-281.407048
-274.556828
-264.418502
-258.664317
-248.800000
-239.483700
-227.427313
-216.740969
-203.588546
-190.162115
-178.105727
-164.679295
-151.800881
-137.552423
-126.044053
-110.151542
-96.177093
-81.380617
-67.406167
-50.691630
-35.073128
-20.002643
-5.206167
9.318352
25.334270
40.185393
52.998127
69.014045
81.535581
96.677903
108.908240
121.138577
132.786517
145.599251
156.955993
168.603933
184.328652
197.141386
210.536517
224.222846
236.453184
248.683521
254.507491
264.408240
273.726592
283.336142
294.401685
301.099251
304.302434
306.049625
305.467228
308.670412
309.544007
308.670412
307.505618
310.708801
309.544007
308.379213
306.049625
304.011236
301.390449
297.604869
294.401685
290.616105
283.044944
279.259363
270.232210
262.661049
249.848315
236.744382
227.717228
213.739700
199.179775
185.493446
170.059925
154.917603
141.522472
125.506554
112.111423
96.386704
79.497191
65.519663
48.921348
31.740637
16.307116
-1.918062
-15.344493
-30.140969
-44.663436
-56.993833
-72.338326
-85.490749
-99.191189
-113.165639
-122.755947
-135.360352
-147.142731
-156.185022
-169.337445
-181.119824
-192.080176
-206.054626
-217.014978
-227.975330
-239.757709
-249.348018
-256.472247
-266.062555
-274.556828
-282.777093
-290.723348
-297.299559
-300.587665
-300.861674
-303.601762
-303.875771
-303.601762
-304.697797
-302.779736
-303.875771
-303.601762
-302.231718
-301.683700
-300.587665
-297.025551
-294.285463
-290.449339
-285.791189
-279.762996
-273.460793
-267.158590
-257.842291
-249.074009
-238.661674
-228.523348
-215.918943
-204.684581
-190.162115
-176.187665
-164.679295
-148.512775
-136.456388
-122.207930
-107.137445
-93.711013
-77.544493
-63.296035
-48.773568
-32.881057
-15.618502
-2.192070
12.812734
29.702247
42.223783
58.822097
72.799625
87.068352
102.210674
114.441011
126.962547
138.901685
149.676030
163.362360
174.427903
189.570225
201.800562
213.448502
227.426030
239.656367
249.557116
256.545880
264.117041
275.473783
285.665730
293.819288
303.137640
306.632022
307.796816
308.670412
309.544007
308.961610
308.961610
309.252809
309.252809
307.796816
308.088015
308.961610
305.758427
301.972846
297.604869
293.528090
288.286517
284.792135
276.056180
270.814607
260.331461
249.557116
237.909176
225.678839
212.283708
198.306180
182.872659
169.768727
154.335206
139.484082
123.759363
110.073034
94.930712
79.205993
62.898876
46.300562
31.158240
14.851124
-1.644053
-17.262555
-33.429075
-45.759471
-60.829956
-75.078414
-87.956828
-104.671366
-116.179736
-128.236123
-138.922467
-148.512775
-159.747137
-170.433480
-181.667841
-193.724229
-206.328634
-219.755066
-229.893392
-240.853744
-251.540088
-256.198238
-264.966520
-275.104846
-281.955066
-292.915419
-298.121586
-301.135683
-303.053744
-302.779736
-303.601762
-306.067841
-304.149780
-304.423789
-304.697797
-303.875771
-303.053744
-301.683700
-300.587665
-296.751542
-293.189427
-290.175330
-284.695154
-280.585022
-274.830837
-266.610573
-257.842291
-248.800000
-236.743612
-227.701322
-214.548899
-201.122467
-189.066079
-174.269604
-161.117181
-147.964758
-134.538326
-119.467841
-105.767401
-93.162996
-76.722467
-61.377974
-46.307489
-30.688987
-14.248458
0.291199
13.686330
30.867041
46.009363
60.860487
76.002809
89.397940
104.540262
115.897004
127.836142
141.231273
150.258427
162.488764
176.757491
188.114232
202.674157
215.486891
228.299625
242.859551
253.925094
258.293071
268.193820
277.803371
287.995318
296.731273
302.846442
307.505618
307.505618
308.088015
310.417603
309.544007
310.417603
310.126404
309.544007
311.000000
309.544007
307.214419
307.796816
301.681648
298.478464
295.857678
290.616105
284.792135
278.385768
269.941011
260.913858
250.721910
239.656367
225.970037
212.283708
198.597378
185.784644
169.477528
156.664794
140.648876
126.671348
112.402622
96.095506
80.661985
66.393258
48.630150
33.487828
16.015918
-2.192070
-14.522467
-29.592952
-43.019383
-57.267841
-72.612335
-85.490749
-101.109251
-112.617621
-125.222026
-137.004405
-147.690749
-157.281057
-169.885463
-179.749780
-191.532159
-204.684581
-215.918943
-229.345374
-239.757709
-249.074009
-256.198238
-264.966520
-273.460793
-281.955066
-290.723348
-297.025551
-300.313656
-300.861674
-302.779736
-303.327753
-304.149780
-304.423789
-305.245815
-303.053744
-301.957709
-301.957709
-303.327753
-298.943612
-297.299559
-293.189427
-289.353304
-286.887225
-280.859031
-273.734802
-266.336564
-257.842291
-249.074009
-239.757709
-227.701322
-215.644934
-204.684581
-191.532159
-179.201762
-167.145374
-152.074890
-137.826432
-124.400000
-111.521586
-97.821145
-81.380617
-67.132159
-51.513656
-36.443172
-20.550661
-4.110132
9.900749
24.751873
39.311798
53.871723
68.722846
82.700375
94.639513
107.161049
119.973783
131.330524
144.725655
155.500000
167.147940
181.999064
195.102996
209.371723
223.058052
235.288390
247.227528
255.381086
264.699438
275.182584
284.209738
292.945693
300.516854
304.302434
305.467228
307.505618
306.923221
309.835206
308.961610
307.505618
308.670412
306.923221
307.796816
307.214419
304.302434
303.137640
298.478464
295.566479
290.616105
284.792135
278.385768
270.523408
260.040262
251.886704
239.947566
227.134831
215.778090
200.053371
187.531835
172.680712
157.538390
142.978464
129.000936
112.693820
99.007491
82.409176
68.140449
50.377341
33.779026
18.345506
1.455993
-12.878414
-26.852863
-41.923348
-54.527753
-70.420264
-84.668722
-96.999119
-111.247577
-121.659912
-133.990308
-146.046696
-155.088987
-167.145374
-178.653744
-190.162115
-204.136564
-217.014978
-228.523348
-240.031718
-250.718062
-255.924229
-264.144493
-274.282819
-281.407048
-290.723348
-296.751542
-300.313656
-301.409692
-301.957709
-303.875771
-303.875771
-304.149780
-304.423789
-302.779736
-304.149780
-304.423789
-300.587665
-300.313656
-298.121586
-294.833480
-290.997357
-287.161233
-280.311013
-275.378855
-265.514537
-258.938326
-249.074009
-239.483700
-228.249339
-215.370925
-203.862555
-191.532159
-177.009692
-165.227313
-148.512775
-136.182379
-121.385903
-106.863436
-94.533040
-79.188546
-63.844053
-48.499559
-32.881057
-15.892511
-2.192070
13.395131
28.828652
41.641386
59.695693
73.673221
87.941948
101.045880
112.985019
126.380150
139.192884
149.384831
162.488764
174.719101
186.367041
200.635768
212.866105
226.843633
240.238764
248.974719
255.963483
264.408240
273.435393
284.792135
293.528090
301.681648
305.467228
308.088015
309.544007
309.252809
308.961610
309.544007
308.961610
309.252809
309.835206
308.379213
307.214419
305.758427
300.808052
300.516854
294.692884
289.451311
286.539326
278.385768
268.776217
262.661049
249.848315
239.073970
227.717228
212.866105
201.509363
184.911049
171.224719
156.955993
141.522472
127.544944
111.529026
95.221910
82.700375
65.228464
50.377341
33.196629
15.142322
-0.822026
-15.070485
-30.962996
-43.567401
-57.815859
-72.338326
-86.312775
-100.561233
-113.987665
-124.125991
-137.004405
-148.512775
-157.829075
-170.433480
-180.297797
-192.080176
-203.588546
-216.466960
-228.797357
-240.031718
-250.718062
-256.198238
-264.692511
-274.830837
-281.681057
-289.353304
-296.751542
-299.765639
-301.409692
-303.327753
-303.875771
-305.519824
-304.423789
-303.601762
-304.423789
-303.601762
-303.601762
-301.135683
-300.587665
-298.121586
-293.737445
-290.175330
-285.791189
-280.859031
-274.830837
-267.158590
-259.486344
-249.074009
-240.305727
-228.523348
-219.207048
-205.780617
-192.354185
-181.119824
-167.693392
-153.170925
-140.566520
-125.770044
-111.795595
-98.369163
-83.572687
-68.776211
-52.883700
-37.265198
-21.372687
-6.302203
8.153558
23.878277
36.982210
52.706929
70.178839
81.244382
94.639513
108.908240
119.100187
130.748127
143.852060
155.500000
168.895131
182.872659
194.811798
207.624532
223.349251
235.288390
246.062734
253.051498
262.078652
273.726592
281.297753
292.072097
299.934457
304.593633
306.923221
305.758427
309.252809
307.505618
309.252809
309.544007
307.796816
308.379213
308.088015
305.467228
303.428839
300.225655
297.896067
291.198502
289.160112
282.462547
277.220974
269.649813
260.331461
251.013109
237.909176
226.843633
214.030899
199.470974
185.493446
170.059925
156.664794
141.522472
125.215356
110.655431
95.804307
79.788390
66.975655
49.503745
32.031835
15.433521
-1.370044
-13.974449
-29.044934
-44.389427
-58.637885
-72.064317
-86.860793
-101.109251
-113.439648
-125.496035
-137.826432
-147.964758
-157.007048
-169.337445
-180.297797
-192.354185
-205.232599
-215.644934
-227.975330
-240.579736
-250.992070
-256.746256
-265.240529
-273.460793
-282.229075
-291.545374
-297.847577
-301.135683
-301.957709
-303.875771
-304.423789
-304.423789
-305.245815
-304.149780
-305.519824
-304.971806
-303.327753
-301.683700
-301.135683
-298.943612
-295.107489
-290.997357
-287.983260
-281.133040
-275.378855
-267.980617
-261.952423
-252.362115
-240.305727
-231.537445
-218.385022
-206.876652
-193.176211
-181.941850
-168.515419
-153.444934
-140.292511
-125.770044
-111.795595
-98.369163
-82.750661
-67.954185
-53.157709
-35.347137
-20.002643
-6.850220
8.444757
24.460674
38.438202
53.871723
67.558052
83.282772
98.425094
109.781835
122.594569
133.660112
144.143258
156.373596
167.439139
181.416667
194.229401
207.042135
222.766854
233.541199
246.062734
254.507491
261.496255
271.979401
283.336142
290.616105
300.808052
303.720037
306.049625
308.379213
306.632022
306.923221
307.796816
308.088015
308.670412
310.417603
306.049625
306.923221
304.302434
302.846442
297.022472
292.654494
290.324906
282.753745
276.638577
269.941011
261.205056
250.721910
239.365169
226.552434
214.322097
200.344569
185.493446
171.515918
155.791199
142.104869
127.836142
110.655431
97.842697
81.244382
66.393258
49.794944
33.779026
16.307116
0.582397
-14.522467
-30.140969
-43.567401
-57.267841
-71.516300
-86.038767
-100.561233
-112.343612
-124.674009
-137.278414
-146.868722
-158.103084
-169.337445
-178.653744
-191.806167
-204.136564
-216.740969
-226.879295
-239.209692
-250.170044
-257.294273
-265.240529
-273.460793
-283.051101
-290.723348
-297.299559
-301.409692
-303.875771
-303.875771
-306.341850
-304.697797
-304.697797
-306.067841
-304.697797
-304.697797
-304.149780
-303.601762
-301.135683
-298.669604
-294.285463
-291.271366
-286.613216
-281.955066
-276.474890
-267.706608
-261.130396
-251.540088
-241.949780
-230.715419
-218.933040
-207.424670
-195.094273
-181.941850
-168.789427
-155.088987
-140.292511
-127.688106
-112.891630
-100.013216
-83.572687
-69.598238
-52.883700
-37.265198
-22.742731
-7.398238
6.697566
23.004682
35.526217
50.959738
66.393258
79.788390
93.183521
105.122659
116.479401
130.748127
141.231273
152.879213
165.400749
179.087079
193.064607
206.750936
218.981273
232.667603
244.606742
252.177903
260.622659
270.814607
282.462547
292.072097
297.022472
302.264045
304.302434
305.467228
306.632022
308.088015
308.670412
308.088015
305.467228
306.923221
306.340824
304.884831
304.593633
300.225655
297.896067
294.984082
289.451311
283.336142
277.512172
269.067416
261.205056
251.886704
240.238764
227.717228
215.778090
202.382959
187.531835
173.554307
158.994382
143.269663
129.874532
114.441011
99.298689
85.029963
68.140449
52.998127
36.399813
19.510300
2.620787
-11.234361
-27.126872
-41.375330
-54.253744
-69.872247
-82.750661
-96.999119
-109.055507
-122.755947
-134.264317
-144.676652
-155.362996
-167.419383
-178.105727
-191.532159
-203.040529
-214.000881
-227.701322
-240.031718
-249.622026
-255.650220
-263.870485
-273.186784
-282.777093
-289.627313
-297.573568
-301.683700
-301.683700
-303.875771
-304.423789
-303.875771
-305.245815
-305.245815
-305.245815
-304.697797
-303.875771
-302.779736
-301.957709
-297.573568
-295.381498
-290.175330
-287.161233
-281.955066
-275.378855
-268.802643
-260.856388
-252.088106
-242.223789
-229.619383
-218.385022
-206.328634
-192.628194
-180.023789
-166.323348
-150.978855
-138.100441
-123.577974
-109.603524
-96.725110
-80.558590
-65.214097
-49.869604
-34.251101
-19.454626
-1.918062
11.065543
27.663858
41.641386
55.910112
71.052434
86.777154
98.716292
112.693820
126.088951
136.572097
148.802434
161.032772
171.515918
186.367041
197.723783
212.283708
226.552434
237.617978
249.265918
255.672285
264.408240
274.891386
282.171348
292.072097
300.516854
304.593633
306.632022
308.961610
307.505618
309.252809
307.214419
308.088015
309.544007
307.214419
306.923221
306.923221
305.467228
300.808052
299.060861
293.819288
289.742509
285.083333
278.385768
269.941011
260.913858
251.886704
240.238764
228.008427
215.486891
200.635768
187.240637
173.554307
156.373596
144.143258
127.544944
113.567416
99.298689
83.282772
66.975655
51.250936
35.526217
16.889513
2.620787
-13.426432
-27.400881
-42.197357
-56.445815
-68.776211
-84.942731
-98.917181
-111.247577
-123.303965
-134.812335
-147.142731
-156.733040
-168.241410
-178.653744
-190.984141
-202.766520
-214.822907
-227.153304
-237.565639
-249.348018
-255.924229
-263.870485
-274.282819
-281.955066
-290.723348
-297.025551
-301.683700
-303.053744
-303.327753
-304.423789
-304.971806
-305.245815
-305.245815
-304.423789
-305.519824
-303.875771
-302.505727
-301.683700
-298.121586
-296.751542
-291.819383
-287.983260
-280.859031
-277.296916
-270.446696
-261.952423
-251.266079
-240.579736
-232.633480
-219.207048
-208.520705
-195.368282
-182.763877
-169.611454
-154.814978
-141.662555
-127.688106
-112.617621
-99.739207
-84.120705
-69.324229
-53.431718
-36.717181
-23.290749
-6.850220
5.823970
22.131086
38.438202
52.998127
67.558052
82.409176
97.260300
109.781835
122.012172
133.077715
144.725655
155.208801
166.856742
178.504682
193.647004
208.206929
220.437266
232.958801
244.897940
252.469101
260.331461
270.232210
281.006554
290.616105
298.769663
303.428839
304.593633
304.593633
307.505618
309.252809
307.796816
307.796816
308.670412
307.505618
307.505618
306.049625
303.428839
300.225655
297.022472
294.401685
290.616105
283.336142
278.094569
270.814607
264.408240
248.974719
239.947566
228.882022
213.448502
200.926966
186.367041
172.971910
158.703184
142.978464
128.127341
113.276217
98.425094
83.865169
67.558052
51.542135
34.943820
16.889513
1.747191
-13.152423
-27.674890
-42.197357
-56.445815
-69.324229
-83.846696
-98.917181
-110.425551
-123.303965
-135.360352
-144.950661
-157.829075
-168.241410
-178.379736
-190.710132
-202.492511
-215.644934
-227.701322
-239.483700
-249.896035
-255.376211
-263.048458
-273.460793
-281.133040
-289.353304
-297.573568
-302.231718
-303.053744
-303.875771
-304.697797
-305.793833
-305.519824
-304.697797
-305.519824
-306.341850
-304.971806
-303.875771
-302.779736
-299.491630
-294.833480
-292.367401
-287.435242
-282.229075
-277.844934
-270.172687
-263.048458
-251.540088
-243.045815
-232.085463
-219.755066
-209.342731
-195.094273
-184.681938
-169.885463
-156.185022
-142.758590
-128.510132
-116.727753
-100.835242
-85.764758
-70.694273
-55.349780
-39.457269
-24.386784
-8.494273
5.241573
20.092697
33.487828
49.212547
64.937266
77.458801
89.980337
105.122659
114.441011
129.874532
140.940075
150.549625
165.109551
177.048689
191.026217
207.042135
220.437266
231.211610
242.277154
251.013109
258.001873
269.941011
278.385768
287.995318
297.022472
302.555243
304.593633
305.176030
306.340824
307.505618
307.796816
309.252809
306.632022
306.923221
307.796816
305.176030
304.011236
300.808052
296.731273
293.819288
289.451311
281.297753
276.929775
269.067416
262.369850
253.051498
240.238764
229.755618
217.816479
201.800562
188.696629
175.301498
159.576779
145.308052
129.000936
116.479401
100.463483
85.029963
69.305243
53.580524
38.147004
20.092697
3.203184
-11.508370
-25.208811
-41.923348
-54.253744
-67.954185
-81.380617
-95.629075
-109.603524
-121.111894
-132.072247
-143.580617
-153.992952
-165.227313
-176.735683
-189.888106
-201.670485
-213.178855
-226.605286
-237.839648
-247.977974
-257.020264
-263.596476
-272.638767
-281.407048
-289.901322
-296.477533
-301.957709
-303.327753
-303.875771
-304.697797
-304.423789
-306.341850
-305.245815
-306.615859
-305.245815
-304.423789
-303.875771
-301.409692
-299.217621
-297.025551
-292.093392
-288.257269
-282.777093
-276.748899
-269.350661
-262.774449
-253.458150
-244.415859
-234.003524
-220.303084
-209.068722
-194.820264
-182.489868
-167.967401
-154.540969
-140.292511
-125.770044
-111.795595
-98.095154
-83.024670
-68.776211
-53.979736
-37.539207
-21.372687
-6.576211
8.444757
24.460674
39.020599
55.327715
68.140449
82.700375
97.260300
109.490637
121.720974
132.786517
144.725655
157.829588
168.895131
183.163858
194.811798
209.371723
223.058052
233.541199
245.189139
254.216292
259.457865
270.814607
279.841760
290.033708
297.604869
302.555243
303.137640
306.632022
307.505618
306.632022
308.088015
307.505618
308.088015
308.379213
306.632022
305.176030
305.176030
301.099251
299.060861
293.528090
289.160112
284.500936
277.512172
269.649813
262.952247
253.051498
239.947566
229.464419
218.981273
203.838951
188.987828
175.883895
159.576779
145.016854
131.039326
115.023408
101.919476
86.777154
69.305243
55.036517
38.729401
23.295880
4.659176
-10.412335
-24.660793
-39.457269
-53.705727
-67.406167
-81.380617
-95.629075
-108.507489
-121.659912
-132.894273
-143.306608
-155.911013
-165.501322
-178.379736
-190.710132
-201.670485
-215.096916
-226.331278
-237.839648
-249.348018
-255.924229
-262.226432
-272.638767
-281.407048
-290.175330
-296.751542
-300.313656
-301.683700
-304.423789
-303.327753
-306.067841
-305.245815
-306.341850
-305.793833
-304.423789
-304.423789
-303.053744
-302.505727
-300.313656
-295.929515
-291.545374
-288.531278
-282.777093
-276.200881
-269.350661
-261.678414
-254.006167
-243.593833
-233.729515
-221.947137
-209.342731
-197.286344
-183.585903
-170.707489
-156.733040
-143.580617
-131.250220
-114.809692
-100.835242
-86.312775
-70.694273
-56.719824
-40.553304
-24.934802
-8.768282
3.203184
20.092697
36.982210
47.465356
62.316479
76.876404
90.271536
103.084270
115.314607
127.544944
139.484082
150.840824
163.653558
175.592697
191.608614
202.965356
216.360487
232.376404
241.985955
251.013109
258.875468
270.232210
278.968165
289.742509
296.440075
302.264045
304.011236
305.758427
307.505618
306.340824
307.796816
307.505618
306.340824
307.505618
307.214419
306.340824
305.467228
300.516854
299.643258
294.110487
289.451311
284.792135
278.094569
270.814607
264.699438
253.051498
240.529963
230.920412
218.107678
203.256554
188.987828
175.301498
160.741573
145.890449
130.748127
115.897004
102.210674
86.777154
71.343633
54.454120
39.020599
21.257491
4.367978
-8.768282
-23.838767
-39.457269
-52.609692
-67.406167
-80.558590
-95.081057
-109.603524
-120.015859
-132.894273
-142.758590
-153.170925
-164.405286
-177.831718
-188.244053
-201.670485
-213.178855
-225.783260
-238.113656
-247.977974
-255.102203
-263.870485
-272.912775
-281.133040
-289.079295
-295.929515
-300.039648
-301.957709
-303.875771
-303.327753
-304.423789
-305.245815
-304.423789
-306.341850
-304.697797
-303.601762
-303.327753
-301.135683
-300.039648
-297.025551
-290.723348
-287.709251
-282.503084
-277.296916
-270.172687
-261.678414
-252.910132
-242.771806
-232.907489
-222.495154
-208.794714
-195.916300
-181.667841
-169.337445
-154.814978
-139.744493
-127.140088
-112.343612
-99.191189
-83.572687
-68.502203
-53.979736
-37.265198
-22.194714
-6.576211
7.862360
23.878277
38.729401
53.580524
69.887640
81.826779
97.551498
110.364232
122.594569
133.368914
143.852060
155.500000
168.312734
182.872659
195.976592
208.206929
221.310861
234.123596
246.062734
253.633895
262.078652
270.232210
278.676966
290.324906
297.896067
302.555243
305.467228
305.176030
306.632022
308.961610
308.088015
307.796816
309.544007
307.505618
306.923221
307.214419
304.884831
301.681648
299.060861
292.654494
291.780899
285.374532
277.512172
271.688202
263.534644
253.342697
241.403558
229.755618
218.398876
204.712547
191.317416
175.301498
161.032772
146.472846
129.874532
116.770599
103.084270
85.029963
72.799625
55.327715
40.185393
23.587079
6.406367
-9.590308
-23.290749
-38.087225
-50.417621
-65.488106
-81.106608
-95.081057
-107.959471
-120.015859
-129.606167
-143.032599
-152.074890
-164.679295
-176.187665
-186.600000
-201.122467
-213.178855
-224.687225
-236.743612
-246.607930
-255.924229
-262.226432
-272.638767
-279.214978
-289.627313
-296.751542
-300.039648
-303.601762
-303.327753
-304.149780
-305.519824
-305.245815
-305.793833
-304.423789
-303.875771
-304.423789
-303.875771
-302.231718
-298.669604
-296.203524
-292.093392
-287.983260
-283.325110
-277.570925
-271.268722
-262.774449
-253.732159
-244.141850
-234.825551
-221.947137
-208.794714
-196.738326
-183.037885
-171.529515
-157.007048
-143.306608
-130.154185
-116.453744
-102.479295
-86.860793
-72.612335
-58.363877
-42.197357
-25.482819
-12.056388
2.329588
18.345506
33.196629
47.465356
62.898876
75.711610
90.271536
102.210674
114.732210
126.380150
138.319288
150.840824
162.197566
175.301498
191.026217
203.547753
217.816479
230.046816
242.277154
251.886704
257.710674
267.320225
278.094569
287.995318
295.275281
302.264045
301.972846
305.758427
306.340824
305.758427
308.379213
307.214419
306.340824
307.505618
306.340824
306.340824
306.049625
300.808052
299.352060
295.566479
290.324906
285.374532
279.841760
271.105805
262.952247
251.013109
243.150749
230.920412
217.525281
206.168539
189.861423
176.175094
163.653558
145.599251
133.077715
116.188202
102.210674
87.941948
72.217228
57.074906
40.767790
22.422285
6.115169
-8.494273
-23.016740
-36.717181
-51.787665
-66.036123
-80.010573
-94.533040
-105.493392
-118.645815
-130.976211
-141.662555
-151.526872
-163.857269
-175.365639
-187.148018
-201.396476
-211.808811
-224.687225
-236.469604
-246.059912
-254.828194
-261.130396
-272.090749
-279.488987
-287.435242
-295.655507
-299.491630
-302.779736
-303.053744
-304.423789
-304.423789
-305.519824
-304.971806
-305.519824
-304.149780
-303.875771
-304.149780
-301.409692
-301.409692
-295.929515
-293.737445
-288.531278
-282.777093
-278.666960
-270.172687
-263.048458
-254.280176
-243.867841
-234.277533
-221.399119
-208.520705
-195.642291
-182.489868
-168.789427
-154.814978
-141.114537
-125.222026
-113.987665
-99.739207
-84.668722
-69.324229
-53.979736
-38.361233
-23.290749
-7.672247
6.115169
23.004682
36.982210
52.124532
68.431648
81.826779
95.513109
108.908240
120.847378
134.242509
145.599251
156.373596
168.312734
179.960674
195.394195
208.498127
221.019663
234.414794
245.189139
253.925094
262.952247
271.979401
278.968165
288.868914
299.352060
303.428839
304.884831
306.923221
307.796816
308.670412
308.379213
309.544007
307.796816
308.379213
307.505618
306.340824
306.049625
301.972846
297.896067
296.148876
290.616105
285.083333
279.550562
269.067416
263.243446
254.507491
241.403558
229.173221
218.107678
204.421348
188.987828
175.301498
160.159176
145.308052
129.292135
115.023408
100.754682
85.612360
70.761236
53.871723
38.438202
20.966292
4.367978
-9.042291
-25.482819
-40.005286
-52.335683
-69.050220
-82.202643
-96.451101
-111.521586
-121.659912
-132.346256
-143.306608
-152.622907
-164.679295
-175.913656
-188.792070
-200.300441
-212.356828
-223.591189
-236.195595
-247.429956
-256.198238
-261.952423
-270.446696
-279.762996
-287.709251
-295.929515
-300.587665
-303.053744
-303.601762
-304.971806
-304.423789
-306.067841
-306.067841
-305.793833
-305.245815
-305.793833
-303.327753
-302.231718
-300.587665
-296.477533
-293.463436
-289.079295
-282.777093
-279.488987
-270.172687
-263.322467
-252.636123
-242.771806
-233.729515
-219.755066
-209.890749
-193.450220
-182.489868
-170.159471
-153.718943
-140.566520
-126.044053
-111.247577
-97.821145
-83.846696
-68.776211
-53.705727
-37.539207
-22.468722
-6.576211
6.988764
22.713483
37.273408
54.745318
67.849251
83.573970
97.551498
109.490637
121.720974
133.660112
145.308052
158.994382
168.312734
183.163858
196.267790
208.498127
224.514045
234.414794
246.645131
256.254682
262.952247
272.561798
278.385768
287.995318
299.060861
304.011236
306.340824
308.379213
308.088015
308.670412
308.670412
308.088015
308.961610
308.670412
306.923221
306.340824
305.176030
302.264045
300.225655
293.528090
292.072097
286.539326
279.841760
272.852996
263.825843
255.089888
244.024345
231.211610
220.146067
205.294944
190.443820
177.631086
162.197566
149.384831
134.242509
117.352996
104.249064
89.980337
72.217228
58.239700
41.350187
23.878277
8.444757
-6.850220
-20.824670
-36.991189
-49.869604
-64.940088
-79.736564
-92.066960
-105.767401
-118.919824
-130.154185
-140.840529
-151.800881
-162.487225
-175.091630
-187.696035
-198.382379
-212.356828
-223.591189
-234.003524
-246.607930
-254.828194
-261.404405
-270.994714
-278.118943
-286.613216
-295.655507
-299.491630
-301.409692
-303.053744
-303.875771
-304.149780
-304.149780
-305.519824
-304.697797
-303.601762
-304.149780
-303.327753
-302.505727
-299.217621
-296.203524
-292.915419
-287.161233
-282.777093
-278.118943
-269.350661
-261.678414
-254.554185
-244.141850
-234.277533
-221.947137
-210.986784
-198.108370
-186.051982
-171.529515
-158.925110
-143.854626
-131.250220
-117.549780
-103.027313
-89.052863
-72.338326
-59.185903
-43.567401
-27.400881
-11.782379
2.038390
18.054307
31.740637
46.009363
62.025281
75.129213
88.815543
102.793071
113.858614
126.380150
137.736891
149.093633
162.197566
173.554307
189.279026
202.091760
214.613296
228.299625
239.656367
251.304307
258.584270
266.446629
276.638577
287.121723
295.566479
303.428839
303.428839
305.176030
307.796816
307.214419
308.088015
309.252809
307.505618
308.670412
306.923221
306.632022
304.884831
301.390449
298.187266
294.692884
289.742509
284.500936
279.259363
271.688202
265.864232
255.089888
242.859551
231.794007
219.854869
206.459738
191.899813
176.466292
163.362360
148.220037
133.368914
117.644195
103.957865
89.106742
74.255618
58.239700
42.514981
25.625468
8.735955
-6.302203
-21.372687
-36.717181
-48.499559
-65.762115
-78.092511
-91.792952
-105.219383
-117.001762
-130.428194
-140.018502
-151.800881
-163.583260
-173.721586
-186.600000
-198.656388
-209.890749
-222.495154
-235.647577
-245.785903
-254.006167
-260.308370
-269.076652
-278.940969
-287.161233
-295.655507
-298.669604
-301.409692
-303.601762
-304.423789
-303.875771
-305.793833
-303.327753
-305.245815
-304.971806
-302.779736
-303.875771
-302.505727
-300.587665
-296.477533
-292.093392
-289.353304
-282.777093
-277.296916
-271.542731
-264.144493
-255.924229
-244.141850
-232.359471
-221.947137
-208.520705
-195.916300
-183.859912
-169.611454
-155.911013
-141.662555
-126.866079
-113.713656
-100.287225
-84.668722
-69.872247
-54.253744
-38.909251
-24.386784
-7.398238
8.153558
22.713483
38.438202
51.833333
67.266854
81.535581
95.513109
110.364232
120.847378
133.077715
144.725655
155.791199
169.186330
182.872659
194.520599
207.915730
223.058052
232.958801
245.771536
255.089888
260.913858
272.270599
280.715356
289.451311
298.478464
304.011236
306.340824
306.632022
307.505618
309.252809
307.796816
308.670412
308.379213
308.670412
307.214419
306.049625
304.593633
304.302434
298.769663
296.148876
291.780899
285.374532
281.006554
273.726592
264.408240
254.216292
244.024345
230.920412
221.310861
206.168539
192.191011
176.757491
161.032772
146.764045
131.912921
117.061798
104.540262
87.359551
73.090824
56.492509
40.476592
24.460674
6.406367
-6.302203
-22.194714
-37.539207
-49.321586
-65.762115
-79.736564
-93.162996
-105.219383
-120.289868
-130.976211
-143.032599
-153.444934
-164.953304
-175.913656
-186.051982
-199.478414
-211.534802
-223.043172
-234.825551
-245.785903
-255.102203
-260.034361
-270.720705
-278.118943
-286.613216
-295.655507
-300.039648
-302.779736
-302.231718
-304.697797
-304.697797
-304.697797
-305.519824
-304.423789
-304.971806
-303.875771
-303.053744
-302.505727
-300.039648
-296.203524
-292.641410
-288.257269
-283.873128
-277.570925
-270.994714
-264.692511
-254.828194
-245.237885
-234.825551
-223.865198
-212.630837
-200.026432
-185.777974
-173.173568
-158.103084
-144.950661
-133.442291
-117.549780
-104.671366
-89.874890
-74.530396
-59.733921
-44.115419
-29.318943
-13.152423
1.164794
16.015918
30.575843
44.553371
58.530899
74.255618
86.777154
100.172285
112.693820
126.380150
137.154494
149.676030
161.615169
173.263109
187.823034
200.053371
214.904494
227.717228
239.656367
249.848315
256.545880
267.029026
276.929775
286.248127
294.984082
301.390449
302.555243
306.049625
306.340824
306.340824
308.961610
307.214419
307.505618
309.252809
305.758427
307.214419
305.467228
302.264045
299.934457
293.528090
291.198502
285.665730
279.841760
272.852996
265.864232
255.963483
244.024345
230.629213
219.854869
207.624532
192.773408
178.213483
163.944757
149.093633
133.951311
119.391386
104.540262
91.436330
73.964419
59.695693
42.223783
25.334270
9.318352
-6.028194
-20.002643
-35.621145
-48.225551
-63.022026
-77.544493
-92.066960
-105.219383
-116.727753
-128.784141
-140.292511
-150.704846
-161.117181
-173.995595
-184.407930
-197.012335
-210.438767
-223.317181
-235.373568
-245.511894
-254.280176
-260.582379
-270.720705
-278.392952
-286.887225
-295.107489
-298.121586
-300.861674
-302.505727
-303.327753
-304.423789
-304.423789
-306.067841
-304.423789
-304.971806
-304.697797
-303.053744
-302.505727
-302.231718
-296.477533
-293.737445
-289.901322
-284.969163
-280.037004
-272.364758
-262.500441
-253.458150
-245.237885
-234.003524
-222.495154
-210.164758
-197.286344
-183.859912
-169.611454
-157.007048
-141.388546
-127.962115
-115.083700
-100.013216
-86.586784
-71.790308
-55.897797
-40.005286
-24.386784
-8.494273
4.659176
21.839888
35.526217
50.377341
65.228464
80.661985
94.348315
108.325843
120.264981
132.204120
144.143258
154.626404
168.603933
180.543071
194.229401
207.333333
219.563670
233.250000
244.315543
255.089888
261.787453
270.814607
280.424157
288.577715
296.440075
304.011236
307.214419
308.088015
307.505618
309.544007
308.088015
308.379213
308.088015
308.379213
307.505618
306.632022
306.340824
301.972846
298.478464
297.313670
290.033708
286.539326
281.880150
271.688202
265.573034
255.672285
244.315543
232.667603
219.854869
205.003745
191.899813
177.048689
163.071161
149.676030
133.660112
119.682584
103.957865
88.524345
74.546816
58.239700
42.514981
25.043071
8.153558
-6.302203
-22.468722
-35.621145
-49.595595
-64.940088
-76.174449
-93.437004
-106.041410
-117.823789
-129.332159
-142.210573
-150.704846
-163.583260
-175.091630
-184.407930
-198.382379
-209.068722
-222.495154
-235.647577
-244.415859
-254.828194
-260.582379
-269.898678
-277.844934
-286.065198
-295.107489
-299.217621
-301.683700
-303.053744
-305.245815
-304.697797
-304.971806
-304.697797
-303.601762
-304.423789
-303.875771
-303.053744
-303.327753
-300.313656
-297.573568
-293.463436
-287.709251
-283.599119
-279.762996
-271.268722
-264.966520
-256.198238
-247.703965
-237.017621
-223.865198
-213.452863
-199.204405
-186.325991
-175.091630
-161.391189
-146.320705
-132.620264
-117.823789
-106.589427
-90.422907
-75.078414
-60.829956
-44.115419
-29.592952
-14.522467
-0.000000
15.433521
30.284644
45.426966
59.113296
74.255618
87.650749
99.881086
112.985019
124.050562
135.698502
148.220037
158.994382
172.389513
187.823034
199.179775
215.486891
228.299625
237.909176
250.139513
255.963483
267.029026
275.764981
285.665730
295.566479
300.808052
304.011236
303.720037
304.884831
307.796816
307.505618
307.505618
307.796816
307.505618
306.340824
306.923221
303.428839
301.099251
298.769663
294.401685
290.907303
286.539326
280.424157
273.435393
264.699438
256.254682
244.897940
231.502809
221.019663
207.915730
191.317416
177.339888
162.488764
147.637640
132.495318
117.935393
103.375468
88.233146
74.255618
57.657303
40.767790
23.587079
8.444757
-8.220264
-22.742731
-37.539207
-51.787665
-64.118062
-78.914537
-94.259031
-107.685463
-119.467841
-130.976211
-142.484581
-152.074890
-164.405286
-176.187665
-185.229956
-199.478414
-210.712775
-221.673128
-235.921586
-246.059912
-253.184141
-261.678414
-269.624670
-278.392952
-287.983260
-295.107489
-299.765639
-303.875771
-303.601762
-305.245815
-305.519824
-305.519824
-306.067841
-304.971806
-305.245815
-304.423789
-304.423789
-302.505727
-301.683700
-296.751542
-293.189427
-290.449339
-285.517181
-279.762996
-273.734802
-266.610573
-257.294273
-247.977974
-237.017621
-224.961233
-213.452863
-201.396476
-188.244053
-174.817621
-163.035242
-149.608811
-134.812335
-120.563877
-106.863436
-92.888987
-75.900441
-63.844053
-45.759471
-30.414978
-15.892511
-0.274009
14.268727
28.537453
43.388577
57.657303
72.508427
85.321161
96.386704
110.655431
123.759363
135.116105
147.928839
159.285581
172.971910
186.658240
199.470974
212.283708
227.426030
237.617978
249.265918
255.381086
264.117041
275.764981
283.918539
294.110487
301.099251
301.390449
305.176030
306.049625
306.049625
307.796816
307.796816
305.758427
306.923221
306.049625
306.632022
303.720037
301.972846
298.478464
295.566479
290.324906
286.830524
280.715356
272.561798
266.155431
254.798689
245.189139
234.123596
220.146067
208.206929
192.773408
178.795880
165.691948
149.384831
135.407303
121.138577
104.831461
91.436330
75.420412
59.404494
44.844569
26.790262
9.609551
-4.658150
-20.276652
-35.073128
