23.153493
33.443934
45.449449
62.028493
81.465993
98.330882
112.337316
126.057904
138.063419
150.926471
162.931985
172.650735
187.800551
198.662684
214.098346
226.675551
238.966912
251.829963
258.976103
268.123162
276.698529
285.845588
293.563419
300.423713
306.712316
308.141544
311.000000
309.284926
309.856618
310.142463
306.998162
307.855699
306.712316
302.996324
302.138787
299.852022
296.993566
293.277574
288.989890
284.988051
282.129596
272.410846
264.693015
255.260110
244.683824
233.535846
220.386949
208.667279
195.232537
180.940257
168.648897
152.355699
138.063419
123.771140
109.193015
93.757353
79.750919
64.601103
47.450368
32.586397
16.579044
-0.276937
-12.185218
-29.355298
-42.371327
-57.048976
-73.388246
-86.681211
-99.974176
-112.436331
-123.790739
-137.637578
-146.776492
-159.238646
-170.316118
-181.947462
-196.902048
-209.641140
-221.272484
-234.288513
-243.981300
-253.951024
-261.428317
-268.074800
-278.598397
-286.629564
-293.829920
-299.922529
-301.861086
-303.522707
-304.353517
-305.184328
-305.738201
-307.122885
-307.122885
-307.676759
-305.461264
-305.738201
-304.353517
-301.584150
-299.091719
-295.768477
-290.783615
-286.906500
-280.813891
-273.613535
-265.859305
-257.828139
-247.858415
-237.057881
-224.318789
-212.410508
-198.840606
-184.993767
-172.808549
-157.853963
-142.622440
-128.498664
-114.374889
-100.804987
-86.681211
-70.618878
-55.110419
-39.048085
-24.093500
-10.246661
5.145221
20.580882
34.873162
51.452206
66.030331
79.179228
94.614890
107.477941
118.340074
130.059743
141.493566
153.784926
164.932904
176.652574
190.087316
202.378676
216.670956
228.676471
238.109375
248.971507
254.402574
264.407169
274.697610
282.415441
292.991728
298.994485
301.852941
304.139706
302.996324
304.139706
305.854779
303.568015
306.140625
304.711397
302.996324
302.424632
301.852941
298.708640
297.279412
291.848346
288.704044
284.988051
277.841912
272.410846
264.121324
254.688419
244.112132
229.534007
219.243566
206.952206
192.374081
178.939338
164.361213
147.782169
134.061581
118.911765
104.047794
90.898897
74.605699
59.170037
44.877757
28.012868
12.577206
-4.154052
-18.831701
-33.786287
-47.633126
-62.033838
-76.434550
-90.835263
-104.405165
-117.144256
-128.221728
-140.406946
-150.376670
-161.731077
-173.362422
-185.270703
-197.455922
-210.471950
-223.211042
-234.842386
-246.473731
-254.781834
-261.428317
-269.459484
-278.321460
-288.014248
-294.937667
-300.753339
-304.076581
-304.353517
-306.292075
-306.569012
-306.845948
-306.845948
-307.122885
-306.015138
-306.292075
-304.907391
-302.968833
-302.414960
-299.091719
-295.491541
-292.445236
-285.798753
-280.536955
-272.782725
-264.474622
-256.997329
-245.365984
-234.011576
-221.272484
-209.641140
-197.178985
-183.886020
-170.593054
-155.638468
-142.345503
-127.113980
-113.267142
-99.420303
-84.465717
-69.788068
-52.894924
-37.940338
-22.985752
-7.477293
6.002757
24.011029
37.731618
51.452206
67.459559
82.323529
94.900735
108.621324
119.769301
132.918199
143.780331
155.785846
168.363051
180.368566
194.375000
207.238051
219.243566
231.534926
244.397978
251.258272
259.547794
267.837316
277.556066
285.559743
292.991728
299.280331
302.424632
302.996324
304.139706
304.425551
304.425551
305.568934
304.139706
305.283088
305.568934
303.853860
304.139706
298.994485
294.992647
293.277574
287.846507
284.702206
279.842831
270.695772
263.263787
254.402574
243.254596
232.106618
218.671875
206.666360
193.803309
179.511029
164.932904
150.068934
135.490809
121.198529
106.048713
92.613971
77.464154
61.456801
47.450368
30.013787
13.434743
-1.107747
-16.893143
-31.570793
-44.863758
-60.095280
-74.219056
-86.127337
-101.635797
-114.097952
-127.113980
-138.191451
-148.438112
-160.346394
-173.916296
-183.609083
-198.563669
-209.087266
-223.487979
-236.227070
-244.535174
-252.566340
-260.043633
-270.844167
-279.983081
-284.414069
-295.214604
-301.030276
-302.138023
-305.738201
-305.461264
-305.738201
-307.122885
-306.015138
-306.845948
-306.569012
-304.907391
-304.076581
-302.691897
-301.861086
-297.707035
-295.214604
-290.506679
-284.967943
-281.090828
-272.228851
-264.751558
-256.997329
-247.304541
-236.227070
-223.211042
-211.579697
-197.455922
-184.993767
-171.700801
-155.361532
-142.068566
-127.667854
-113.821015
-100.251113
-84.742654
-70.341941
-55.387355
-38.771149
-23.816563
-7.754230
6.574449
22.867647
37.445772
50.880515
66.030331
80.036765
92.899816
106.906250
119.769301
131.488971
142.065257
154.642463
166.933824
178.939338
191.230699
202.950368
218.100184
229.248162
240.396140
249.543199
255.831801
266.693934
275.269301
284.130515
293.849265
298.708640
302.424632
303.568015
303.853860
304.997243
305.568934
305.283088
306.426471
305.283088
304.711397
303.853860
301.281250
298.422794
297.279412
292.991728
288.132353
283.558824
278.699449
269.552390
261.834559
253.830882
241.253676
229.248162
218.671875
204.665441
189.229779
175.509191
161.216912
146.924632
132.918199
117.196691
103.476103
89.755515
72.890625
59.170037
42.019301
25.726103
8.861213
-6.092609
-19.662511
-36.001781
-49.017809
-63.972395
-78.373108
-91.666073
-106.066785
-118.252004
-132.375779
-140.960819
-152.315227
-164.500445
-174.747106
-188.040071
-198.563669
-211.856634
-224.595726
-235.673197
-248.135352
-256.166518
-262.259127
-270.844167
-277.213713
-288.568121
-296.322351
-301.861086
-303.522707
-304.907391
-305.738201
-306.292075
-307.122885
-307.122885
-307.676759
-304.353517
-305.461264
-304.907391
-304.630454
-301.030276
-299.091719
-297.430098
-291.891362
-286.629564
-280.536955
-272.228851
-265.305432
-255.889581
-245.089047
-234.565450
-220.995548
-210.195013
-196.071238
-182.224399
-170.593054
-154.253785
-140.683882
-126.560107
-111.328584
-98.312556
-83.357970
-68.403384
-53.725735
-36.832591
-20.493321
-5.538736
7.717831
24.296875
38.589154
53.738971
67.745404
81.465993
95.758272
109.478860
121.198529
134.061581
144.066176
155.785846
168.934743
179.796875
194.660846
205.522978
219.815257
232.392463
243.540441
253.259191
259.261949
267.265625
278.985294
284.130515
293.849265
299.280331
301.567096
302.710478
304.997243
305.283088
305.283088
305.283088
304.711397
304.139706
303.568015
302.710478
303.282169
299.280331
296.136029
292.420037
288.132353
284.130515
276.698529
270.981618
263.263787
250.972426
242.111213
229.819853
217.242647
205.808824
190.087316
176.080882
163.503676
148.068015
133.204044
117.768382
104.333640
90.613051
75.177390
59.170037
45.163603
27.441176
10.862132
-4.984862
-19.939448
-34.617097
-48.186999
-62.033838
-75.603740
-91.666073
-103.851291
-116.867320
-128.775601
-140.130009
-151.761354
-163.669635
-175.024043
-186.932324
-199.394479
-212.133571
-224.318789
-236.227070
-247.027605
-254.781834
-261.705254
-271.398041
-280.260018
-288.014248
-296.322351
-300.476402
-304.076581
-305.461264
-304.907391
-307.399822
-306.845948
-307.122885
-306.015138
-306.292075
-306.015138
-306.569012
-302.691897
-301.307213
-298.260908
-293.552983
-290.506679
-284.414069
-279.429207
-272.505788
-264.197685
-256.720392
-245.089047
-234.842386
-223.487979
-209.918077
-198.009795
-184.993767
-173.639359
-158.407836
-144.007124
-129.883348
-116.036509
-102.743544
-86.681211
-72.834372
-57.602850
-40.709706
-26.032057
-9.692787
4.001838
20.580882
32.014706
47.164522
61.170956
76.320772
88.897978
102.332721
114.624081
126.057904
137.777574
149.497243
161.502757
175.509191
187.228860
202.092831
214.955882
226.389706
239.824449
248.685662
255.260110
265.264706
273.268382
283.272978
292.991728
298.708640
301.281250
300.995404
301.852941
303.282169
303.282169
303.568015
302.710478
302.710478
303.568015
303.568015
301.281250
299.566176
294.420956
292.705882
288.418199
281.557904
278.699449
269.266544
261.834559
253.830882
240.110294
229.819853
216.670956
203.522059
189.801471
175.223346
162.074449
146.638787
132.346507
118.054228
102.904412
87.468750
72.890625
56.883272
41.161765
26.011949
9.432904
-4.707925
-19.939448
-36.832591
-48.186999
-64.526269
-78.096171
-91.943010
-105.789849
-117.698130
-131.268032
-142.345503
-153.422974
-166.439003
-176.408727
-188.593945
-201.333037
-212.687444
-226.257346
-236.227070
-247.581478
-256.166518
-263.643811
-272.228851
-281.367765
-290.229742
-296.322351
-301.861086
-304.076581
-304.630454
-306.015138
-306.569012
-306.845948
-307.122885
-306.845948
-306.015138
-304.630454
-305.738201
-303.245770
-300.753339
-298.260908
-294.383793
-289.398931
-285.798753
-279.706144
-273.059662
-265.028495
-254.504898
-246.196794
-233.734639
-220.441674
-208.533393
-195.794301
-181.393589
-168.931434
-153.699911
-138.468388
-126.560107
-111.328584
-98.035619
-81.973286
-67.849510
-52.341051
-36.278718
-21.047195
-5.538736
10.290441
24.868566
38.589154
55.168199
67.173713
84.896140
96.615809
109.764706
122.056066
134.061581
144.637868
156.071691
167.791360
180.940257
193.231618
206.380515
220.672794
231.534926
242.397059
252.401654
257.832721
266.693934
277.270221
285.845588
294.420956
299.852022
301.281250
303.568015
303.282169
303.853860
306.140625
305.568934
305.568934
303.568015
302.710478
304.425551
299.852022
298.994485
294.992647
289.847426
287.560662
282.987132
275.555147
268.980699
261.262868
250.400735
238.966912
225.532169
216.670956
203.522059
187.514706
172.936581
156.643382
142.922794
129.202206
113.480699
100.045956
85.181985
68.317096
53.453125
37.159926
21.152574
6.860294
-8.308103
-24.093500
-39.325022
-52.894924
-65.910953
-81.142476
-96.927872
-110.774711
-122.959929
-134.037400
-143.730187
-156.746215
-167.269813
-177.793411
-190.255565
-203.548531
-215.179875
-226.811220
-237.057881
-249.520036
-255.612645
-263.643811
-274.721282
-281.090828
-290.229742
-297.430098
-302.691897
-305.184328
-305.738201
-307.122885
-306.569012
-306.845948
-307.953695
-306.569012
-307.676759
-307.122885
-305.461264
-303.245770
-302.968833
-298.260908
-293.829920
-292.168299
-285.244880
-279.429207
-272.505788
-263.366874
-253.397150
-243.150490
-232.626892
-219.610864
-207.702582
-194.963491
-181.670525
-168.654497
-153.699911
-139.576135
-124.898486
-111.328584
-96.097061
-80.588602
-67.018700
-50.402493
-34.894034
-19.108638
-3.046305
9.718750
27.727022
39.732537
54.882353
71.175551
84.324449
98.902574
110.908088
122.341912
135.776654
146.924632
158.072610
170.649816
181.511949
196.661765
208.667279
221.530331
233.821691
245.255515
251.829963
260.691176
269.552390
279.271140
288.704044
294.992647
300.423713
301.281250
302.710478
303.853860
304.139706
305.854779
304.997243
304.425551
304.139706
302.996324
302.424632
300.423713
297.851103
294.135110
290.704963
287.274816
281.557904
275.555147
267.265625
261.262868
250.114890
236.680147
226.675551
214.384191
201.521140
186.657169
171.221507
157.500919
144.066176
128.630515
113.480699
99.474265
83.181066
68.602941
52.309743
37.159926
20.295037
3.715993
-10.523598
-26.308994
-39.325022
-54.279608
-69.234194
-81.696349
-98.866429
-110.774711
-123.790739
-134.591273
-146.499555
-156.192342
-166.439003
-180.285841
-190.255565
-203.825467
-215.733749
-227.642030
-240.104185
-249.796972
-257.551202
-263.920748
-274.444346
-283.306322
-289.675868
-298.814782
-301.861086
-304.076581
-306.845948
-306.015138
-307.399822
-307.676759
-307.399822
-307.953695
-307.399822
-306.292075
-306.292075
-303.522707
-300.753339
-296.876224
-293.829920
-290.229742
-283.583259
-279.152271
-271.398041
-261.428317
-252.012467
-242.042743
-231.242208
-219.056990
-207.148709
-191.917186
-180.008905
-165.885129
-151.484417
-137.914515
-121.852182
-109.666963
-95.820125
-78.926981
-65.080142
-48.740873
-34.340160
-18.554764
-3.046305
11.147978
27.441176
40.304228
56.311581
71.461397
87.754596
99.188419
113.480699
124.056985
135.490809
148.353860
157.500919
170.363971
183.798713
197.519301
210.382353
224.960478
234.393382
247.828125
252.687500
260.977022
270.124081
278.985294
287.274816
296.421875
298.994485
302.710478
303.853860
303.853860
304.997243
305.283088
305.283088
304.425551
303.568015
303.853860
301.852941
300.709559
298.136949
294.135110
291.562500
288.704044
281.272059
276.698529
268.980699
258.976103
249.257353
238.681066
226.675551
214.670037
201.235294
186.657169
173.222426
158.930147
144.352022
130.345588
114.624081
100.331801
84.610294
70.318015
54.596507
36.874081
23.153493
6.574449
-9.692787
-22.431879
-39.601959
-52.341051
-67.572573
-81.973286
-95.820125
-109.666963
-121.021371
-132.375779
-142.899377
-154.530721
-166.992876
-178.347284
-189.147818
-203.548531
-215.179875
-227.642030
-240.381122
-250.350846
-256.166518
-265.582369
-273.890472
-281.644702
-291.337489
-298.260908
-302.968833
-303.522707
-304.907391
-307.399822
-306.569012
-307.399822
-307.399822
-307.122885
-305.184328
-305.738201
-304.630454
-303.799644
-301.030276
-297.983972
-294.106857
-287.460374
-284.414069
-279.152271
-269.182547
-263.366874
-253.951024
-243.427427
-233.734639
-222.103295
-210.471950
-195.240427
-182.501336
-169.762244
-154.253785
-141.237756
-127.667854
-112.713268
-99.697240
-83.634907
-68.680321
-54.002671
-37.663402
-22.985752
-7.477293
6.860294
22.581801
36.016544
51.738051
66.316176
76.606618
91.756434
104.905331
116.339154
129.202206
138.349265
150.926471
164.932904
177.510110
190.373162
204.093750
218.100184
229.534007
240.681985
248.685662
256.689338
266.408088
276.126838
285.559743
294.420956
298.708640
298.994485
302.424632
300.995404
304.139706
302.710478
303.282169
301.852941
304.139706
302.424632
300.995404
300.423713
295.850184
293.563419
289.561581
285.559743
282.415441
272.982537
266.979779
260.691176
248.399816
238.109375
224.388787
213.240809
202.950368
185.513787
173.222426
158.072610
142.351103
128.344669
113.194853
97.473346
83.752757
68.317096
52.881434
36.588235
21.724265
5.431066
-9.138914
-24.924310
-40.155833
-53.725735
-68.403384
-82.250223
-96.097061
-109.390027
-121.575245
-135.145147
-144.284061
-155.638468
-166.992876
-178.347284
-190.809439
-205.210151
-216.564559
-229.026714
-239.827248
-252.566340
-257.828139
-265.028495
-275.552093
-284.691006
-292.168299
-300.476402
-302.968833
-305.461264
-307.122885
-306.292075
-307.399822
-306.845948
-307.953695
-307.399822
-306.015138
-307.399822
-304.907391
-302.691897
-301.861086
-298.814782
-292.999110
-291.337489
-284.137133
-278.875334
-270.013357
-262.536064
-253.951024
-244.258237
-232.073019
-222.657168
-208.256456
-194.963491
-181.670525
-168.654497
-153.699911
-139.299199
-124.621549
-111.328584
-96.650935
-81.419412
-66.741763
-50.679430
-35.447907
-20.216385
-4.430988
8.289522
24.868566
40.875919
54.882353
69.746324
83.181066
96.615809
109.764706
121.198529
132.918199
145.495404
155.500000
168.077206
180.654412
194.660846
206.666360
220.101103
230.391544
244.112132
249.257353
258.404412
268.694853
276.126838
287.846507
294.992647
298.708640
301.567096
301.567096
303.568015
304.139706
303.853860
304.711397
304.139706
301.281250
302.710478
300.995404
299.566176
297.565257
293.277574
290.419118
284.988051
278.985294
275.840993
266.408088
256.117647
248.113971
233.821691
223.245404
211.811581
198.376838
184.084559
168.648897
154.070772
139.206801
123.771140
110.050551
94.614890
79.750919
65.458640
47.450368
32.300551
16.579044
-0.553874
-13.569902
-28.524488
-44.586821
-57.325913
-72.834372
-86.958148
-101.358860
-114.928762
-126.837044
-138.191451
-149.268923
-159.515583
-171.146928
-181.670525
-193.855744
-206.594835
-219.610864
-231.242208
-240.934996
-253.397150
-258.658949
-267.243989
-276.382903
-284.414069
-293.276046
-301.030276
-305.461264
-305.738201
-305.738201
-308.507569
-307.122885
-307.953695
-308.784506
-307.122885
-307.953695
-307.399822
-306.292075
-305.461264
-301.307213
-298.814782
-294.106857
-289.398931
-286.906500
-278.598397
-271.121104
-261.151380
-251.735530
-241.765806
-229.857524
-218.226180
-206.594835
-192.747996
-178.624221
-165.054319
-149.268923
-135.975957
-122.959929
-106.620659
-93.604630
-77.819234
-63.141585
-49.017809
-33.509350
-16.339270
-1.938557
14.578125
28.584559
44.591912
59.741728
72.890625
86.897059
99.188419
112.051471
126.343750
136.062500
147.496324
158.644301
171.221507
184.370404
199.520221
210.382353
224.674632
236.680147
246.113051
252.973346
262.692096
271.553309
280.414522
288.704044
296.707721
301.567096
302.710478
303.853860
303.282169
304.997243
303.853860
303.282169
304.997243
302.996324
303.282169
301.852941
299.280331
297.565257
294.420956
289.847426
285.559743
280.128676
275.840993
264.693015
256.117647
244.397978
234.107537
221.530331
210.096507
197.805147
182.083640
166.933824
152.641544
138.063419
123.199449
107.192096
94.900735
78.607537
63.457721
48.307904
31.443015
15.435662
-0.276937
-15.231523
-30.186109
-43.479074
-58.156723
-72.003562
-86.127337
-101.635797
-114.097952
-127.944791
-138.191451
-149.545859
-160.346394
-171.700801
-182.224399
-196.071238
-208.256456
-219.333927
-233.734639
-243.427427
-254.227961
-258.935886
-267.520926
-277.213713
-285.798753
-294.660730
-301.030276
-304.907391
-306.845948
-306.569012
-307.953695
-308.507569
-308.230632
-308.784506
-307.399822
-307.953695
-306.845948
-305.738201
-304.907391
-301.307213
-298.537845
-294.937667
-289.121995
-283.583259
-279.706144
-270.013357
-261.428317
-252.843277
-241.488869
-231.519145
-219.887801
-207.702582
-194.686554
-180.839715
-168.931434
-152.315227
-139.853072
-126.283170
-111.328584
-96.927872
-81.973286
-67.295637
-51.233304
-35.170971
-19.662511
-5.538736
9.432904
24.868566
38.017463
54.310662
69.460478
80.608456
96.044118
107.192096
117.482537
131.488971
141.493566
153.213235
164.932904
179.225184
194.375000
207.238051
220.101103
232.106618
242.968750
250.114890
258.976103
266.979779
278.413603
287.846507
293.849265
298.994485
301.567096
301.281250
303.853860
302.996324
303.282169
302.710478
302.710478
301.852941
301.567096
300.423713
299.566176
297.279412
291.562500
287.274816
284.416360
278.699449
272.410846
263.549632
256.689338
245.541360
232.678309
220.672794
207.809743
193.517463
182.083640
164.932904
151.784007
136.062500
120.626838
107.763787
91.184743
76.892463
62.314338
44.591912
30.013787
14.006434
-2.492431
-16.339270
-32.678540
-46.525378
-59.541407
-75.326803
-88.342832
-103.297418
-115.482636
-127.390917
-139.853072
-150.930543
-161.454141
-174.470169
-184.716830
-198.009795
-210.471950
-222.103295
-234.842386
-246.196794
-255.058771
-261.705254
-269.459484
-279.152271
-287.460374
-294.937667
-303.245770
-306.569012
-306.845948
-308.784506
-307.676759
-309.061443
-309.338379
-308.784506
-310.169190
-307.953695
-307.676759
-305.461264
-304.353517
-301.030276
-299.922529
-294.937667
-291.337489
-286.075690
-278.875334
-270.013357
-262.259127
-252.289403
-242.319679
-230.688335
-219.056990
-206.317898
-193.578807
-180.839715
-168.654497
-151.761354
-138.745325
-124.898486
-112.159394
-97.481745
-80.034728
-68.126447
-50.402493
-34.617097
-20.770258
-3.877115
10.290441
24.296875
38.589154
54.310662
68.602941
82.037684
95.186581
108.049632
119.197610
130.059743
142.922794
153.213235
166.362132
180.082721
192.374081
206.952206
218.671875
230.963235
242.682904
248.685662
257.261029
270.124081
276.984375
287.560662
294.992647
299.566176
300.995404
301.567096
301.852941
302.424632
301.852941
301.852941
302.138787
300.995404
301.281250
299.280331
297.279412
293.849265
290.990809
285.845588
283.844669
278.413603
270.409926
263.549632
253.259191
244.397978
233.535846
219.243566
208.095588
192.659926
179.511029
163.503676
149.497243
134.061581
118.625919
105.477022
91.184743
75.749081
60.885110
46.021140
28.584559
12.863051
-3.877115
-18.277827
-33.509350
-48.186999
-60.926091
-75.603740
-91.666073
-104.405165
-117.144256
-129.329475
-139.576135
-152.592164
-162.838825
-174.470169
-185.547640
-197.455922
-210.471950
-221.272484
-235.673197
-245.365984
-256.166518
-260.874443
-270.567231
-279.706144
-288.291184
-296.876224
-301.584150
-306.845948
-308.230632
-308.507569
-309.892253
-309.338379
-308.784506
-309.892253
-308.230632
-310.446126
-307.676759
-306.845948
-305.184328
-301.030276
-299.091719
-294.106857
-291.060552
-285.244880
-278.321460
-270.290294
-261.151380
-251.735530
-242.042743
-232.073019
-218.503117
-206.594835
-193.301870
-180.008905
-168.100623
-151.761354
-138.191451
-126.006233
-109.943900
-96.373998
-81.696349
-67.849510
-50.402493
-36.832591
-20.216385
-5.261799
9.147059
24.582721
38.875000
53.738971
67.173713
79.465074
94.043199
106.334559
117.196691
130.059743
140.921875
154.356618
166.933824
178.939338
194.089154
206.380515
219.815257
231.820772
241.539522
249.543199
257.832721
267.837316
278.413603
286.417279
294.706801
298.708640
297.565257
300.423713
301.281250
302.710478
303.568015
301.567096
301.567096
300.995404
301.567096
297.565257
297.851103
291.848346
290.704963
287.560662
281.557904
276.984375
269.838235
261.548713
254.116728
241.825368
230.677390
219.243566
206.666360
192.945772
179.225184
164.932904
149.783088
136.062500
121.484375
106.048713
92.328125
77.464154
62.314338
45.163603
31.157169
13.720588
-3.046305
-16.616207
-32.401603
-46.802315
-60.095280
-74.772930
-88.619768
-103.297418
-116.036509
-127.390917
-139.022262
-150.930543
-161.454141
-172.808549
-184.993767
-197.178985
-210.195013
-222.657168
-234.288513
-245.642921
-257.274265
-261.151380
-270.013357
-280.260018
-288.014248
-297.707035
-302.968833
-306.569012
-307.676759
-308.230632
-309.061443
-309.892253
-308.784506
-308.784506
-308.784506
-308.507569
-308.507569
-305.738201
-304.907391
-302.138023
-297.707035
-295.491541
-289.675868
-283.860196
-278.598397
-271.121104
-261.151380
-252.566340
-241.211932
-230.411398
-216.841496
-204.379341
-191.363313
-178.901158
-165.054319
-150.653606
-137.637578
-121.575245
-108.836153
-94.158504
-80.034728
-64.249332
-48.740873
-33.232413
-18.554764
-2.769368
11.433824
28.012868
41.733456
56.025735
71.461397
84.896140
97.473346
110.908088
121.198529
133.489890
146.067096
155.214154
168.934743
181.226103
193.803309
207.809743
221.244485
232.106618
244.112132
249.543199
258.404412
268.980699
278.699449
288.989890
294.135110
298.136949
300.709559
300.995404
302.138787
301.281250
300.995404
302.424632
301.281250
301.567096
300.995404
298.994485
296.993566
294.135110
290.133272
287.560662
282.415441
276.698529
270.695772
260.119485
252.115809
239.538603
227.247243
219.243566
203.807904
188.372243
176.652574
161.216912
148.353860
133.204044
117.482537
104.333640
88.040441
73.748162
59.170037
41.447610
26.869485
9.432904
-5.815672
-19.108638
-36.832591
-49.848620
-63.695459
-79.480855
-92.496883
-106.620659
-121.575245
-132.375779
-142.622440
-155.361532
-164.223508
-177.793411
-187.763134
-200.502226
-213.795191
-223.764915
-237.611754
-247.304541
-255.889581
-262.259127
-272.228851
-280.536955
-289.121995
-297.707035
-302.968833
-306.292075
-307.676759
-308.784506
-308.507569
-309.061443
-310.446126
-309.615316
-309.615316
-308.784506
-308.784506
-306.845948
-304.907391
-302.691897
-297.983972
-295.491541
-289.121995
-283.860196
-277.767587
-268.905610
-261.428317
-250.073909
-239.550312
-227.642030
-214.902939
-203.271594
-188.870882
-175.577916
-161.177204
-146.776492
-132.929653
-119.913624
-104.682102
-90.835263
-76.157614
-59.541407
-44.032947
-29.078362
-11.631345
0.285846
16.864890
32.300551
45.735294
62.600184
74.605699
90.041360
102.618566
114.624081
127.487132
138.349265
151.212316
160.359375
173.508272
188.658088
200.091912
213.812500
226.675551
238.681066
247.828125
256.117647
264.978860
271.553309
282.415441
290.133272
296.993566
301.281250
300.423713
302.424632
301.281250
302.996324
302.710478
301.567096
302.996324
302.138787
302.424632
300.995404
295.850184
294.420956
291.562500
284.988051
284.988051
276.984375
269.552390
262.406250
252.115809
239.824449
230.105699
217.242647
201.521140
189.229779
176.652574
162.074449
147.782169
133.204044
117.482537
103.190257
88.612132
72.604779
59.170037
43.448529
25.726103
10.576287
-4.984862
-20.493321
-33.786287
-49.294746
-63.418522
-77.542297
-91.666073
-106.343722
-118.252004
-130.714159
-141.237756
-152.315227
-165.608192
-176.131790
-189.424755
-198.840606
-211.025824
-223.764915
-235.950134
-247.858415
-256.166518
-262.536064
-272.505788
-281.090828
-288.291184
-297.983972
-302.968833
-306.569012
-308.507569
-307.953695
-309.061443
-309.615316
-308.507569
-309.892253
-308.507569
-307.399822
-307.399822
-306.292075
-304.630454
-301.030276
-298.814782
-292.999110
-290.229742
-283.029386
-276.105966
-269.459484
-260.320570
-250.350846
-239.550312
-230.688335
-216.564559
-204.102404
-191.363313
-178.070347
-165.054319
-151.761354
-136.529831
-123.513802
-108.836153
-94.158504
-79.203918
-63.418522
-48.463936
-33.232413
-16.616207
-2.215494
12.005515
27.441176
41.161765
57.169118
70.032169
81.751838
96.901654
108.335478
119.483456
133.775735
142.636949
156.071691
169.220588
181.226103
195.804228
208.953125
220.958640
233.535846
242.682904
250.972426
259.547794
268.980699
279.556985
288.989890
294.420956
298.422794
298.708640
300.137868
301.852941
300.995404
300.709559
302.138787
302.138787
300.709559
300.995404
298.994485
297.565257
293.563419
288.989890
286.417279
281.272059
275.269301
269.838235
261.548713
252.687500
239.824449
228.390625
218.386029
204.379596
192.088235
177.795956
162.360294
148.925551
133.775735
116.910846
104.047794
88.326287
72.890625
59.170037
42.590993
27.727022
11.433824
-5.538736
-18.277827
-34.340160
-48.463936
-62.033838
-78.096171
-90.835263
-105.235975
-116.313446
-129.329475
-142.068566
-152.869101
-164.223508
-175.577916
-188.040071
-199.394479
-212.687444
-226.534283
-237.057881
-248.966162
-257.551202
-264.474622
-272.228851
-280.813891
-289.675868
-297.707035
-303.522707
-307.399822
-307.953695
-310.446126
-307.399822
-308.784506
-309.615316
-309.061443
-309.061443
-308.507569
-308.507569
-307.122885
-304.353517
-302.691897
-297.983972
-294.383793
-289.398931
-283.029386
-276.105966
-268.074800
-259.766696
-249.796972
-240.658059
-229.026714
-215.179875
-202.994657
-190.809439
-177.239537
-164.777382
-149.545859
-135.975957
-121.575245
-106.897596
-92.219947
-76.711487
-62.864648
-46.525378
-31.016919
-16.062333
-0.553874
12.577206
29.727941
44.306066
60.027574
73.462316
86.897059
99.474265
111.193934
123.199449
134.633272
145.495404
157.500919
168.648897
183.798713
196.375919
209.238971
221.816176
234.393382
245.255515
251.544118
260.977022
271.267463
279.556985
288.989890
295.278493
297.565257
301.852941
302.138787
300.995404
302.996324
302.138787
302.424632
302.424632
300.709559
300.709559
298.136949
296.421875
292.420037
289.847426
286.131434
281.272059
274.983456
268.694853
259.547794
249.257353
239.252757
227.247243
215.527574
202.378676
185.799632
174.079963
158.930147
144.066176
128.916360
112.623162
99.474265
84.610294
70.032169
54.310662
37.731618
22.295956
5.431066
-9.138914
-23.262689
-39.048085
-54.002671
-67.295637
-81.696349
-96.650935
-109.943900
-122.682992
-133.760463
-143.453250
-156.746215
-167.823687
-179.731968
-189.147818
-201.886910
-214.349065
-225.703473
-238.165628
-249.243099
-258.105076
-264.197685
-274.167409
-282.475512
-291.337489
-299.645592
-303.799644
-307.676759
-309.061443
-308.784506
-310.169190
-308.784506
-311.000000
-310.723063
-308.784506
-310.169190
-308.507569
-306.845948
-306.569012
-301.584150
-299.091719
-295.214604
-289.398931
-284.967943
-276.105966
-269.459484
-260.874443
-250.073909
-240.104185
-227.642030
-213.795191
-202.163847
-187.486198
-173.639359
-162.008014
-145.114871
-132.375779
-117.698130
-103.851291
-89.173642
-74.772930
-58.710597
-42.371327
-27.693678
-10.523598
1.715074
16.864890
33.158088
47.164522
62.600184
77.750000
90.327206
105.191176
115.481618
128.058824
139.492647
150.926471
163.217831
176.080882
187.800551
201.235294
213.812500
225.818015
237.251838
247.256434
253.545037
262.406250
270.981618
281.272059
290.133272
295.278493
299.852022
299.280331
301.281250
300.995404
302.424632
302.996324
301.281250
301.852941
301.567096
300.423713
298.422794
297.565257
292.705882
290.133272
285.845588
280.128676
274.697610
267.265625
258.404412
251.258272
236.394301
226.675551
215.241728
200.949449
186.943015
174.651654
159.501838
146.067096
130.059743
116.625000
101.761029
86.039522
70.889706
56.883272
40.590074
23.725184
7.431985
-6.646483
-22.431879
-37.663402
-49.848620
-65.357079
-81.696349
-94.712378
-107.728406
-121.021371
-132.652716
-143.453250
-154.807658
-165.608192
-177.516474
-189.147818
-202.440784
-214.902939
-226.257346
-238.996438
-250.073909
-258.105076
-264.197685
-275.552093
-283.860196
-290.229742
-301.030276
-303.799644
-307.122885
-308.784506
-309.061443
-308.507569
-309.615316
-311.000000
-309.061443
-308.784506
-308.230632
-307.676759
-307.399822
-303.522707
-301.584150
-297.430098
-294.383793
-288.568121
-283.029386
-276.382903
-268.905610
-257.551202
-248.135352
-238.442565
-227.642030
-214.626002
-201.609973
-189.424755
-177.239537
-160.900267
-147.053428
-133.206589
-120.190561
-106.343722
-90.835263
-76.434550
-60.926091
-45.140695
-30.463045
-13.846839
0.571691
15.435662
29.156250
44.877757
57.740809
72.604779
84.610294
97.759191
110.336397
121.198529
133.775735
146.352941
156.929228
170.078125
183.227022
198.376838
210.096507
222.673713
234.393382
243.540441
251.829963
261.262868
270.409926
279.271140
290.133272
295.564338
297.279412
299.852022
299.852022
300.709559
299.566176
301.281250
300.995404
300.137868
299.852022
299.280331
297.851103
296.136029
293.563419
288.418199
284.416360
278.413603
273.554228
266.122243
260.405331
248.971507
237.823529
224.674632
216.099265
200.663603
186.085478
173.794118
158.358456
146.638787
131.488971
113.766544
100.903493
85.753676
70.889706
56.025735
39.446691
24.296875
6.860294
-7.477293
-22.708816
-38.217275
-49.848620
-66.464826
-82.250223
-93.604630
-108.005343
-122.129118
-133.483526
-144.284061
-153.976848
-166.162066
-178.901158
-190.532502
-202.440784
-215.456812
-227.365093
-240.104185
-251.181656
-259.212823
-265.305432
-276.105966
-283.860196
-292.445236
-299.645592
-304.630454
-307.399822
-308.230632
-309.061443
-310.169190
-308.784506
-309.892253
-309.338379
-307.676759
-308.784506
-307.676759
-306.015138
-305.184328
-301.307213
-296.045414
-294.937667
-286.906500
-282.198575
-276.659840
-266.690116
-258.382012
-247.581478
-237.057881
-225.980410
-212.133571
-200.225289
-185.824577
-172.254675
-157.577026
-144.007124
-130.437222
-116.313446
-100.804987
-85.573464
-70.895815
-55.664292
-40.709706
-24.924310
-8.861977
3.430147
20.866728
34.301471
49.451287
66.602022
78.321691
92.613971
106.620404
117.768382
128.916360
140.636029
152.641544
164.075368
177.224265
192.659926
204.379596
216.956801
229.248162
239.252757
248.113971
255.545956
262.120404
272.982537
282.987132
290.990809
297.565257
300.995404
299.566176
300.423713
301.281250
302.996324
302.996324
301.852941
301.281250
300.423713
300.423713
300.137868
296.421875
292.134191
290.419118
286.131434
280.986213
273.554228
266.408088
261.262868
247.256434
236.965993
224.674632
213.240809
201.806985
186.371324
172.936581
158.644301
142.636949
126.915441
113.766544
99.474265
84.038603
70.032169
53.167279
39.446691
21.724265
5.431066
-9.415850
-23.262689
-39.048085
-51.787177
-67.572573
-81.696349
-96.373998
-109.113090
-122.129118
-134.314337
-143.176313
-155.915405
-168.100623
-178.070347
-191.086376
-204.379341
-217.395370
-229.857524
-240.381122
-251.735530
-259.489760
-265.859305
-275.829029
-283.583259
-291.614426
-300.753339
-304.353517
-306.845948
-308.507569
-308.507569
-309.338379
-310.446126
-308.784506
-309.892253
-309.061443
-307.676759
-308.507569
-304.907391
-304.630454
-300.199466
-297.430098
-291.891362
-286.352627
-282.198575
-275.275156
-267.797863
-257.551202
-246.750668
-237.057881
-225.980410
-214.072128
-199.948353
-188.040071
-173.085485
-160.900267
-146.776492
-131.268032
-118.252004
-104.405165
-90.004452
-75.049866
-58.710597
-42.925200
-26.308994
-13.569902
1.715074
17.150735
31.443015
46.592831
60.885110
74.319853
85.181985
99.760110
112.623162
122.627757
136.348346
146.638787
160.359375
174.365809
185.799632
200.091912
213.526654
225.818015
238.395221
244.969669
252.401654
262.977941
271.553309
281.557904
290.133272
295.850184
298.708640
298.136949
301.852941
302.996324
300.995404
302.424632
301.567096
300.995404
299.852022
299.852022
295.278493
295.850184
292.705882
288.132353
285.559743
279.842831
272.696691
267.265625
257.832721
248.971507
235.250919
223.817096
214.384191
200.091912
186.085478
172.079044
156.357537
142.922794
126.629596
112.623162
99.474265
83.752757
69.460478
54.596507
36.588235
21.152574
5.145221
-11.077471
-23.539626
-40.155833
-53.171861
-67.572573
-83.081033
-96.373998
-109.390027
-122.682992
-133.483526
-144.284061
-155.361532
-167.823687
-178.901158
-191.917186
-205.487088
-217.395370
-228.749777
-239.827248
-250.904720
-259.489760
-266.967053
-275.275156
-283.860196
-293.276046
-299.922529
-304.907391
-307.953695
-307.953695
-309.892253
-309.338379
-309.615316
-309.892253
-309.338379
-310.169190
-307.399822
-307.676759
-305.184328
-303.522707
-300.476402
-297.430098
-292.168299
-288.014248
-281.367765
-272.782725
-267.520926
-256.997329
-246.473731
-236.504007
-224.595726
-212.133571
-199.671416
-187.209261
-173.085485
-158.407836
-143.176313
-130.160285
-116.590383
-102.743544
-87.235085
-72.003562
-58.156723
-42.094390
-25.755120
-9.969724
4.287684
18.579963
33.443934
