149.156219
153.179104
171.746269
202.072637
203.000995
222.496517
233.017910
241.992040
251.585075
257.155224
264.582090
271.390050
278.198010
283.768159
285.624876
287.172139
286.862687
285.005970
282.839801
278.507463
274.794030
267.986070
259.940299
250.966169
239.825871
227.138308
215.069652
199.287562
183.505473
168.032836
151.322388
135.230846
117.592040
98.405970
81.076617
62.818905
45.799005
28.779104
11.759204
-2.049906
-17.863465
-30.455744
-41.583804
-53.004708
-65.011299
-76.432203
-85.217514
-93.709981
-101.909605
-110.402072
-117.137476
-124.165725
-130.608286
-137.343691
-142.614878
-149.643126
-154.621469
-161.356874
-167.213748
-170.435028
-176.877589
-182.734463
-190.348399
-197.376648
-203.233522
-212.018832
-223.146893
-234.274953
-242.474576
-249.209981
-257.702448
-264.437853
-272.051789
-277.615819
-283.179849
-290.500942
-296.064972
-301.336158
-305.143126
-305.728814
-307.193032
-308.657250
-309.242938
-308.950094
-308.950094
-308.657250
-306.607345
-306.021657
-303.971751
-301.336158
-300.164783
-296.064972
-292.550847
-288.158192
-283.765537
-276.151601
-269.709040
-261.802260
-250.674200
-240.424670
-229.296610
-218.461394
-206.454802
-191.519774
-177.463277
-162.528249
-149.935970
-137.050847
-118.016008
-101.909605
-86.974576
-74.089454
-59.154426
-43.926554
-28.112994
-14.642185
-1.171375
13.615920
27.850746
42.395025
56.320398
69.317413
83.242786
95.930348
109.855721
122.543284
136.778109
151.012935
162.153234
176.388060
192.789055
207.642786
219.711443
228.995025
239.825871
250.966169
259.321393
267.676617
275.103483
282.220896
290.576119
298.931343
303.263682
304.501493
306.667662
308.833831
310.690547
309.143284
309.762189
308.833831
307.905473
306.048756
303.573134
300.788060
295.527363
291.504478
286.862687
280.673632
274.175124
266.129353
255.917413
244.467662
232.708458
218.783085
203.929353
189.694527
172.984080
155.654726
137.397015
119.139303
103.047761
86.027861
66.841791
46.108458
30.016915
13.615920
-1.464218
-15.813559
-31.041431
-44.512241
-57.397363
-69.111111
-80.824859
-92.831450
-103.666667
-114.501883
-124.751412
-135.586629
-145.543315
-155.500000
-167.213748
-178.048964
-187.712806
-197.962335
-213.190207
-225.196798
-235.153484
-242.474576
-250.967043
-259.166667
-267.073446
-273.223164
-279.665725
-285.522599
-291.965160
-298.407721
-301.043315
-304.850282
-305.435970
-306.900188
-307.778719
-308.071563
-308.657250
-307.778719
-306.900188
-304.557439
-304.264595
-301.921846
-299.579096
-296.357815
-291.965160
-287.572505
-282.301318
-276.151601
-269.123352
-260.045198
-249.795669
-239.546139
-228.418079
-216.997175
-204.112053
-190.641243
-175.706215
-161.942561
-149.935970
-135.586629
-117.430320
-102.202448
-86.096045
-72.625235
-58.568738
-42.169492
-27.527307
-12.592279
0.618905
15.163184
29.398010
44.251741
58.796020
72.102488
84.480597
97.787065
111.093532
124.400000
137.706468
151.322388
163.391045
177.006965
193.717413
208.880597
220.639801
229.613930
241.063682
250.966169
259.321393
268.295522
275.722388
282.839801
290.885572
298.002985
303.573134
305.739303
307.596020
308.524378
310.071642
311.000000
309.762189
309.452736
308.524378
306.358209
305.429851
302.644776
300.788060
294.908458
289.647761
285.005970
278.507463
271.390050
262.106468
251.275622
239.516418
227.757214
212.903483
198.978109
185.362189
167.413930
151.012935
133.993035
118.829851
103.357214
83.242786
64.985075
48.893532
33.111443
17.329353
0.309453
-14.056497
-27.820151
-40.998117
-55.054614
-67.646893
-79.946328
-91.660075
-103.373823
-115.380414
-126.215631
-137.929379
-149.643126
-161.064030
-172.777778
-183.027307
-194.448211
-209.676083
-222.854049
-232.225047
-239.838983
-248.917137
-257.116761
-264.730697
-270.587571
-277.030132
-284.351224
-290.793785
-298.700565
-302.507533
-304.557439
-306.900188
-306.900188
-308.364407
-307.778719
-308.364407
-308.364407
-307.193032
-306.021657
-303.093220
-301.043315
-298.700565
-295.772128
-291.379473
-286.693974
-280.837100
-275.858757
-268.537665
-258.873823
-250.674200
-239.253296
-228.418079
-218.168550
-203.526365
-190.641243
-175.999058
-161.942561
-149.643126
-134.708098
-118.016008
-101.323917
-85.510358
-72.918079
-58.568738
-44.219397
-28.112994
-13.177966
0.309453
14.234826
29.398010
44.870647
56.320398
69.936318
84.171144
96.239801
109.236816
123.471642
136.159204
151.941294
162.772139
176.388060
193.717413
208.571144
220.330348
231.161194
240.135323
250.347264
259.940299
268.295522
274.794030
282.839801
291.195025
297.693532
302.644776
305.120398
306.667662
307.596020
309.143284
309.452736
309.452736
309.143284
308.833831
307.286567
305.120398
301.716418
300.788060
296.146269
292.123383
286.553234
280.054726
273.865672
264.891542
254.060697
242.920398
230.232836
216.307463
203.929353
189.385075
173.293532
156.583085
139.872637
125.328358
111.093532
90.979104
73.030846
56.010945
38.991045
24.446766
8.355224
-6.735405
-21.377589
-34.262712
-48.319209
-61.497175
-75.260829
-86.096045
-98.395480
-110.694915
-122.115819
-133.536723
-145.543315
-156.671375
-170.142185
-178.634652
-191.226930
-205.869115
-219.632768
-229.589454
-236.910546
-246.281544
-254.774011
-262.387947
-270.001883
-277.030132
-283.179849
-291.086629
-298.114878
-301.629002
-303.971751
-305.435970
-306.314501
-307.485876
-307.485876
-306.607345
-308.071563
-306.314501
-305.143126
-303.093220
-300.457627
-298.700565
-295.772128
-291.379473
-286.693974
-280.837100
-275.565913
-267.366290
-259.459510
-249.795669
-238.374765
-227.246704
-216.411488
-203.819209
-189.177024
-174.534840
-160.771186
-147.593220
-134.122411
-116.551789
-99.859699
-84.631827
-71.746704
-56.811676
-42.169492
-26.941620
-12.299435
1.547264
15.782090
30.016915
44.870647
58.177114
72.102488
85.099502
98.096517
111.712438
125.328358
138.634826
153.488557
164.009950
177.006965
194.645771
209.190050
221.568159
231.470647
240.754229
250.656716
259.630846
268.295522
275.722388
282.839801
291.195025
298.621891
303.573134
305.120398
307.905473
309.143284
309.452736
310.071642
310.381095
310.381095
309.143284
307.905473
305.739303
302.954229
300.788060
297.074627
291.813930
286.243781
280.673632
274.175124
265.819900
254.989055
243.539303
232.399005
217.854726
204.548259
190.313433
173.602985
157.820896
141.419900
126.566169
111.093532
92.216915
74.887562
58.177114
42.704478
26.612935
9.902488
-4.978343
-18.156309
-32.798493
-45.683616
-60.032957
-73.796610
-85.217514
-98.395480
-109.523540
-121.237288
-132.951036
-146.129002
-158.428437
-170.142185
-180.391714
-192.105461
-206.161959
-220.511299
-229.003766
-236.617702
-246.867232
-255.652542
-262.973635
-270.294727
-278.494350
-284.936911
-293.136535
-298.993409
-301.629002
-304.557439
-306.314501
-306.314501
-307.485876
-308.071563
-307.778719
-307.193032
-306.021657
-305.435970
-303.678908
-301.043315
-298.993409
-295.772128
-291.965160
-287.279661
-282.594162
-275.273070
-267.659134
-258.873823
-249.795669
-238.960452
-227.832392
-216.118644
-202.940678
-190.348399
-174.827684
-161.064030
-148.178908
-134.415254
-117.137476
-100.152542
-85.217514
-71.746704
-56.518832
-41.583804
-26.941620
-12.885122
1.237811
15.472637
30.326368
44.870647
58.177114
72.411940
84.171144
98.096517
111.093532
123.162189
138.634826
152.250746
163.081592
176.078607
193.717413
209.190050
220.330348
231.161194
240.135323
250.037811
260.249751
268.914428
275.722388
284.077612
291.813930
299.240796
303.263682
305.739303
308.524378
308.524378
309.762189
309.762189
309.143284
309.452736
308.524378
307.286567
305.739303
302.335323
300.788060
296.146269
291.813930
286.243781
280.364179
274.484577
265.510448
255.298507
244.158209
232.708458
219.092537
205.167164
191.551244
174.840796
158.439801
142.657711
128.422886
113.259701
94.383085
75.815920
60.033831
43.323383
29.088557
11.759204
-3.221281
-17.863465
-31.041431
-44.805085
-58.861582
-72.332392
-84.338983
-96.931262
-109.523540
-121.237288
-133.536723
-145.836158
-157.842750
-169.556497
-180.391714
-191.519774
-207.040490
-220.511299
-229.882298
-237.203390
-246.574388
-255.945386
-264.145009
-271.173258
-277.615819
-284.936911
-292.258004
-299.286252
-302.800377
-305.143126
-307.193032
-308.071563
-308.657250
-308.657250
-308.071563
-308.364407
-308.071563
-305.143126
-303.971751
-301.629002
-299.286252
-295.772128
-291.379473
-287.572505
-281.715631
-276.151601
-268.537665
-259.166667
-249.502825
-239.253296
-228.125235
-215.825800
-202.940678
-189.177024
-175.120527
-159.892655
-148.471751
-134.415254
-115.966102
-100.445386
-83.753296
-71.161017
-56.518832
-40.705273
-25.770245
-11.713748
2.166169
16.400995
30.945274
45.180100
58.796020
72.721393
86.027861
98.405970
112.331343
124.709453
138.634826
153.798010
164.009950
178.863682
195.574129
209.808955
221.258706
230.232836
241.682587
250.656716
260.249751
267.367164
276.960199
283.458706
291.813930
297.693532
303.573134
305.739303
306.977114
308.524378
309.762189
308.833831
309.762189
309.143284
308.833831
306.667662
304.192040
302.644776
299.550249
295.217910
290.885572
286.553234
280.364179
273.246766
265.510448
255.607960
244.467662
232.708458
219.401990
206.404975
191.551244
175.150249
159.987065
143.895522
129.970149
113.259701
94.692537
77.982090
60.652736
45.489552
29.398010
13.615920
-2.635593
-16.692090
-31.041431
-43.048023
-57.104520
-70.575330
-82.874765
-96.345574
-108.352166
-119.480226
-131.779661
-143.786252
-155.500000
-169.263653
-178.927495
-191.226930
-205.869115
-219.339925
-229.296610
-237.496234
-246.867232
-256.238230
-264.730697
-271.466102
-277.908663
-285.815443
-292.843691
-298.993409
-303.386064
-304.850282
-305.728814
-307.778719
-308.071563
-307.193032
-308.364407
-307.485876
-306.607345
-305.435970
-303.971751
-301.921846
-299.286252
-296.357815
-291.965160
-287.865348
-282.008475
-274.687382
-268.537665
-258.873823
-248.624294
-239.253296
-227.246704
-216.704331
-202.647834
-189.177024
-174.827684
-159.892655
-148.178908
-133.829567
-115.673258
-100.152542
-84.631827
-71.453861
-56.518832
-42.169492
-26.941620
-11.420904
2.166169
16.091542
31.564179
44.561194
59.105473
72.102488
84.790050
97.477612
111.093532
124.090547
137.397015
151.941294
163.391045
176.078607
194.645771
207.952239
220.330348
229.923383
240.135323
250.656716
259.321393
267.057711
275.722388
282.839801
291.195025
297.384080
303.263682
304.501493
306.667662
308.214925
309.762189
309.452736
309.143284
309.452736
308.214925
306.667662
304.501493
301.716418
300.478607
295.836816
290.266667
286.553234
279.126368
274.175124
265.200995
255.607960
245.396020
233.946269
220.330348
207.333333
192.479602
177.316418
161.224876
145.752239
130.589055
116.354229
96.858706
77.672637
62.818905
47.346269
31.873632
15.163184
-0.292844
-14.935028
-28.405838
-41.876648
-55.640301
-69.111111
-80.824859
-93.417137
-107.180791
-118.016008
-130.315443
-142.907721
-154.035782
-167.213748
-176.291902
-189.177024
-204.697740
-217.582863
-227.539548
-236.324859
-245.988701
-255.066855
-262.973635
-270.294727
-277.030132
-285.522599
-291.965160
-298.700565
-301.336158
-304.557439
-306.314501
-307.485876
-308.950094
-307.778719
-308.657250
-308.071563
-306.314501
-305.728814
-302.214689
-301.921846
-299.286252
-294.893597
-291.965160
-286.693974
-281.715631
-276.151601
-267.366290
-258.580979
-249.502825
-237.496234
-227.539548
-216.118644
-202.940678
-189.177024
-174.534840
-159.014124
-147.593220
-131.486817
-115.380414
-98.102637
-82.289077
-69.989642
-54.468927
-39.533898
-25.184557
-10.835217
1.856716
17.329353
32.492537
47.036816
60.652736
75.197015
86.027861
99.024876
113.259701
125.328358
139.253731
154.416915
164.009950
178.244776
195.883582
209.190050
221.877612
231.161194
241.373134
250.966169
260.249751
267.367164
275.412935
282.839801
290.266667
298.621891
302.954229
304.501493
306.977114
308.524378
309.143284
309.762189
309.143284
309.143284
308.214925
306.667662
304.810945
302.644776
299.550249
295.836816
290.266667
285.934328
280.054726
273.556219
264.891542
254.989055
244.467662
233.017910
220.639801
207.023881
192.479602
177.935323
160.605970
145.752239
132.445771
116.044776
97.168159
78.910448
62.818905
47.965174
32.492537
15.472637
-0.585687
-14.349341
-28.112994
-43.048023
-56.225989
-69.989642
-81.703390
-94.295669
-107.473635
-118.601695
-130.315443
-142.614878
-154.621469
-167.799435
-177.756121
-190.348399
-205.576271
-217.875706
-227.539548
-235.446328
-245.695857
-255.359699
-264.145009
-271.758945
-277.615819
-284.936911
-292.843691
-298.993409
-302.214689
-305.143126
-305.728814
-307.485876
-307.778719
-307.778719
-307.193032
-308.071563
-306.314501
-305.435970
-303.386064
-300.457627
-299.286252
-296.357815
-291.379473
-286.986817
-281.129944
-274.980226
-267.951977
-258.580979
-248.624294
-237.203390
-227.832392
-215.825800
-203.526365
-190.055556
-174.534840
-161.064030
-147.593220
-132.365348
-115.087571
-98.981168
-83.753296
-70.575330
-55.933145
-39.826742
-25.184557
-9.956685
2.475622
16.400995
32.492537
46.727363
59.724378
72.411940
85.408955
98.405970
110.474627
123.471642
137.397015
152.869652
163.391045
177.625871
195.264677
207.642786
220.949254
230.232836
240.135323
250.347264
259.630846
266.748259
275.722388
282.530348
290.576119
297.384080
302.644776
304.501493
306.048756
307.905473
308.833831
308.524378
308.833831
308.524378
307.286567
306.048756
303.882587
302.025871
299.240796
294.289552
289.647761
285.934328
279.126368
273.246766
267.367164
254.679602
244.158209
233.636816
220.020896
207.023881
193.098507
177.006965
160.915423
145.442786
132.445771
116.044776
97.477612
79.219900
62.818905
47.965174
32.801990
16.091542
-0.000000
-15.227872
-27.820151
-40.998117
-54.761770
-68.232580
-80.824859
-93.417137
-105.130885
-117.723164
-130.022599
-142.614878
-155.500000
-167.213748
-177.463277
-189.469868
-205.283427
-218.461394
-228.125235
-236.324859
-246.281544
-255.066855
-264.145009
-271.173258
-277.908663
-285.522599
-292.258004
-298.993409
-302.800377
-305.435970
-305.728814
-308.071563
-308.071563
-307.778719
-308.071563
-306.314501
-306.607345
-305.143126
-303.971751
-301.336158
-299.871940
-295.186441
-291.086629
-287.279661
-282.301318
-275.565913
-267.951977
-259.166667
-248.624294
-237.789077
-226.368173
-214.947269
-202.647834
-189.177024
-173.363465
-160.185499
-147.300377
-133.243879
-115.966102
-98.688324
-82.874765
-69.696798
-54.176083
-39.533898
-24.891714
-10.542373
3.713433
18.567164
32.801990
46.417910
60.343284
74.578109
86.027861
98.715423
112.640796
124.400000
138.015920
152.560199
163.391045
177.935323
194.645771
209.499502
220.949254
230.851741
240.444776
250.037811
259.321393
267.367164
275.103483
283.149254
290.266667
298.312438
303.573134
304.501493
306.977114
307.905473
309.143284
308.524378
308.524378
307.596020
307.596020
305.739303
303.263682
301.406965
299.240796
294.908458
290.576119
285.005970
280.054726
273.556219
264.582090
255.607960
243.848756
233.017910
220.020896
207.023881
191.860697
176.697512
159.987065
144.823881
131.207960
115.735323
96.549254
77.672637
63.128358
47.036816
32.183085
15.472637
-2.049906
-14.349341
-28.698682
-41.876648
-56.518832
-70.282486
-81.410546
-94.002825
-106.302260
-119.773070
-130.315443
-144.079096
-154.914313
-167.506591
-178.634652
-191.519774
-205.869115
-219.339925
-229.589454
-238.081921
-247.745763
-256.823917
-264.437853
-271.758945
-279.372881
-286.108286
-293.136535
-299.871940
-303.093220
-305.728814
-307.778719
-308.657250
-308.950094
-308.364407
-308.657250
-308.364407
-308.071563
-306.314501
-304.264595
-301.921846
-298.993409
-296.064972
-291.965160
-286.986817
-281.422787
-275.858757
-268.830508
-258.580979
-249.502825
-238.960452
-227.539548
-215.240113
-202.062147
-188.298493
-174.241996
-159.599812
-146.714689
-131.779661
-114.794727
-98.688324
-82.289077
-69.111111
-55.054614
-38.655367
-24.306026
-9.663842
2.475622
17.948259
33.111443
46.727363
60.652736
73.340299
86.337313
98.405970
112.021891
125.018905
138.944279
153.179104
162.772139
178.244776
194.645771
209.499502
221.258706
230.851741
241.682587
250.347264
259.630846
267.676617
274.794030
283.149254
290.576119
297.074627
302.025871
305.429851
306.667662
308.524378
308.214925
308.833831
309.143284
307.596020
307.286567
306.667662
303.573134
302.025871
299.240796
294.599005
289.338308
285.005970
279.435821
273.246766
264.582090
254.989055
243.539303
232.399005
220.330348
206.404975
191.551244
176.388060
159.368159
144.514428
131.826866
114.806965
96.549254
78.910448
62.509453
47.036816
31.873632
14.544279
-1.171375
-14.642185
-29.284369
-42.755179
-56.225989
-70.282486
-81.996234
-94.588512
-108.059322
-119.773070
-130.608286
-144.664783
-155.500000
-168.385122
-178.341808
-190.934087
-205.869115
-220.804143
-229.882298
-238.667608
-248.038606
-257.116761
-265.316384
-272.051789
-279.665725
-287.279661
-294.307910
-299.286252
-303.386064
-305.435970
-307.193032
-308.071563
-308.071563
-308.071563
-308.364407
-308.071563
-308.071563
-306.314501
-304.557439
-303.093220
-299.286252
-296.650659
-291.965160
-287.572505
-281.715631
-275.858757
-268.537665
-258.580979
-249.209981
-238.960452
-227.539548
-214.947269
-202.062147
-188.591337
-173.949153
-158.721281
-146.421846
-131.193974
-113.916196
-97.516949
-81.703390
-69.111111
-54.761770
-39.241055
-24.598870
-9.078154
4.332338
17.638806
33.111443
46.417910
60.962189
74.268657
86.337313
98.715423
112.950249
125.018905
138.944279
153.179104
163.391045
177.935323
194.645771
209.190050
220.639801
230.851741
240.135323
250.347264
259.940299
267.676617
274.484577
282.220896
290.576119
296.765174
302.335323
304.810945
306.358209
307.596020
308.214925
308.833831
308.214925
307.905473
307.286567
306.358209
303.573134
301.406965
298.621891
294.289552
289.028856
285.005970
278.198010
272.008955
264.272637
253.441791
242.920398
231.780100
220.020896
206.095522
191.860697
177.935323
159.987065
145.133333
131.517413
115.425871
95.930348
78.600995
62.200000
46.417910
31.873632
13.925373
-0.878531
-15.227872
-28.991525
-43.048023
-56.225989
-69.989642
-82.581921
-95.467043
-108.352166
-119.773070
-131.779661
-144.664783
-157.257062
-169.556497
-178.927495
-192.398305
-206.454802
-220.218456
-229.882298
-238.374765
-248.624294
-257.995292
-265.902072
-272.637476
-279.372881
-286.401130
-295.186441
-299.871940
-303.093220
-305.143126
-306.607345
-308.950094
-310.121469
-309.242938
-308.657250
-308.364407
-308.364407
-306.900188
-305.143126
-302.800377
-300.457627
-296.650659
-292.258004
-287.279661
-281.715631
-275.858757
-267.951977
-259.166667
-248.331450
-238.667608
-228.125235
-215.240113
-202.647834
-188.884181
-172.777778
-158.721281
-146.714689
-130.901130
-113.330508
-97.516949
-81.703390
-69.111111
-53.297552
-38.655367
-22.841808
-8.785311
3.403980
18.876617
33.111443
47.655721
60.962189
73.649751
87.265672
99.024876
112.950249
125.018905
138.634826
153.179104
164.009950
177.625871
194.955224
208.880597
222.187065
230.232836
241.373134
250.656716
259.321393
267.676617
276.031841
282.839801
290.885572
298.621891
302.644776
304.810945
306.358209
307.286567
308.833831
308.833831
308.524378
307.596020
307.905473
304.810945
302.954229
301.406965
298.621891
293.980100
289.338308
284.696517
278.816915
272.318408
263.653731
252.822886
241.992040
231.470647
219.092537
205.786070
191.241791
175.459701
159.058706
144.204975
129.970149
113.878607
95.311443
77.672637
62.509453
46.727363
30.945274
15.163184
-1.171375
-15.227872
-28.698682
-42.755179
-56.518832
-70.575330
-82.581921
-96.638418
-108.645009
-119.773070
-131.486817
-145.250471
-156.085687
-168.970810
-179.220339
-192.691149
-207.333333
-219.925612
-231.053672
-238.667608
-248.331450
-257.995292
-265.902072
-273.808851
-279.080038
-287.865348
-294.893597
-300.164783
-304.557439
-306.607345
-307.778719
-309.535782
-309.535782
-309.242938
-310.121469
-308.364407
-308.657250
-306.314501
-304.850282
-303.678908
-299.871940
-296.943503
-292.550847
-289.036723
-282.301318
-276.444444
-268.244821
-258.580979
-248.624294
-238.081921
-227.246704
-214.947269
-201.769303
-187.712806
-173.656309
-159.892655
-146.714689
-131.193974
-113.916196
-97.224105
-81.996234
-68.818267
-53.590395
-38.069680
-22.841808
-9.078154
3.713433
18.567164
33.420896
47.655721
60.652736
73.340299
85.718408
99.334328
111.402985
125.018905
138.325373
154.107463
164.009950
178.863682
194.955224
209.499502
220.949254
230.851741
240.754229
250.347264
259.630846
267.057711
275.412935
282.220896
290.266667
296.765174
301.406965
303.573134
305.120398
307.286567
307.596020
308.214925
308.524378
307.286567
306.977114
304.501493
302.954229
300.788060
298.002985
292.742289
288.719403
284.077612
277.269652
271.699502
263.034826
253.132338
241.682587
230.851741
218.783085
206.095522
190.932338
175.769154
159.987065
144.204975
130.898507
113.569154
96.239801
78.600995
61.271642
46.417910
30.945274
14.234826
-0.878531
-15.813559
-28.698682
-42.755179
-56.811676
-69.696798
-82.289077
-94.588512
-107.766478
-119.480226
-132.951036
-144.371940
-156.964218
-168.970810
-179.220339
-192.691149
-207.919021
-221.096987
-230.760829
-238.960452
-248.624294
-257.702448
-266.194915
-272.930320
-280.544256
-287.279661
-294.307910
-301.043315
-303.971751
-306.314501
-308.657250
-308.950094
-309.828625
-310.121469
-309.242938
-308.950094
-308.364407
-306.607345
-304.557439
-303.678908
-300.457627
-295.772128
-293.136535
-287.865348
-280.837100
-275.273070
-267.659134
-258.873823
-248.624294
-238.081921
-227.832392
-214.654426
-201.183616
-187.712806
-173.656309
-158.428437
-146.421846
-131.193974
-113.916196
-96.638418
-82.289077
-68.525424
-54.176083
-39.241055
-23.720339
-9.370998
4.022886
20.114428
33.730348
47.036816
60.652736
74.578109
86.646766
98.405970
112.331343
124.090547
138.634826
152.250746
163.081592
177.625871
194.336318
209.499502
220.639801
230.542289
241.063682
249.728358
259.940299
266.438806
274.794030
281.911443
289.338308
297.074627
301.406965
303.263682
305.429851
306.667662
307.596020
307.905473
307.596020
307.596020
306.048756
305.120398
302.335323
300.169154
297.074627
293.670647
288.719403
284.077612
278.198010
271.390050
262.725373
253.751244
241.682587
230.542289
219.401990
205.167164
191.551244
174.221891
158.439801
143.586070
129.351244
113.878607
95.311443
77.672637
61.890547
45.489552
30.635821
14.853731
-2.049906
-14.642185
-28.698682
-43.340866
-57.397363
-71.161017
-83.167608
-96.931262
-108.937853
-121.237288
-132.365348
-145.250471
-155.500000
-169.263653
-179.220339
-191.519774
-207.626177
-221.096987
-230.760829
-239.838983
-249.502825
-259.166667
-266.194915
-273.808851
-279.958569
-287.865348
-295.186441
-300.164783
-304.557439
-307.193032
-308.364407
-309.242938
-308.950094
-310.414313
-310.121469
-308.657250
-308.657250
-306.607345
-304.557439
-303.093220
-300.164783
-296.064972
-292.258004
-287.865348
-282.008475
-275.565913
-268.244821
-258.288136
-249.502825
-238.081921
-227.246704
-215.825800
-202.062147
-188.298493
-173.070621
-158.428437
-146.714689
-130.901130
-113.916196
-96.931262
-81.410546
-68.232580
-53.883239
-37.776836
-23.427495
-8.492467
4.022886
18.876617
34.349254
47.965174
61.271642
74.578109
86.027861
99.953234
113.259701
125.328358
138.634826
153.179104
162.772139
178.244776
195.883582
209.499502
220.949254
230.232836
241.063682
250.037811
259.011940
268.604975
274.484577
282.220896
289.647761
297.693532
300.788060
302.954229
304.501493
306.358209
306.358209
307.905473
307.905473
306.667662
306.667662
304.810945
302.954229
301.097512
296.455721
293.051741
288.100498
283.149254
277.579104
269.842786
262.106468
251.894527
241.373134
231.161194
218.164179
204.857711
190.313433
175.150249
159.058706
143.586070
129.660697
112.950249
95.311443
77.363184
61.581095
47.036816
30.326368
14.234826
-0.878531
-15.227872
-29.577213
-43.340866
-57.397363
-70.575330
-83.167608
-96.638418
-108.937853
-120.651601
-132.951036
-145.250471
-158.135593
-169.556497
-179.806026
-192.398305
-207.919021
-221.682674
-229.882298
-240.131827
-248.917137
-258.288136
-267.073446
-273.516008
-280.837100
-288.451036
-295.479284
-301.336158
-304.264595
-307.193032
-308.364407
-308.950094
-309.242938
-309.242938
-309.242938
-308.657250
-308.657250
-306.607345
-305.143126
-303.678908
-299.871940
-296.943503
-292.550847
-287.279661
-282.594162
-276.151601
-268.537665
-259.166667
-249.795669
-237.789077
-227.246704
-215.240113
-202.940678
-188.884181
-173.949153
-158.428437
-146.129002
-130.608286
-112.744821
-97.224105
-81.117702
-68.525424
-53.883239
-37.483992
-23.427495
-8.199623
4.022886
19.495522
33.730348
47.655721
61.271642
74.578109
86.027861
99.953234
112.950249
125.947264
138.944279
153.488557
164.319403
178.863682
195.574129
209.499502
220.020896
230.232836
240.444776
249.728358
258.393035
267.057711
275.103483
282.530348
291.504478
298.002985
301.406965
303.882587
304.192040
306.977114
307.286567
307.286567
308.214925
306.977114
306.358209
304.501493
302.644776
300.169154
297.384080
293.670647
287.791045
283.149254
277.269652
270.461692
262.415920
251.894527
241.063682
229.923383
218.473632
204.857711
189.694527
174.840796
157.820896
143.586070
128.732338
112.640796
94.073632
76.744279
60.343284
44.561194
29.398010
12.997015
-2.342750
-16.106403
-30.748588
-43.926554
-58.568738
-72.039548
-84.046139
-96.931262
-109.230697
-121.530132
-133.536723
-145.836158
-157.842750
-170.435028
-180.684557
-194.448211
-209.090395
-222.561205
-231.932203
-240.131827
-251.259887
-258.580979
-266.780603
-275.273070
-281.129944
-288.743879
-296.064972
-301.921846
-305.143126
-306.607345
-308.364407
-309.828625
-310.121469
-309.828625
-310.414313
-310.121469
-308.657250
-308.071563
-306.314501
-303.971751
-301.043315
-297.236347
-293.136535
-288.743879
-283.179849
-276.151601
-267.951977
-258.873823
-248.038606
-238.960452
-227.832392
-215.825800
-202.940678
-187.127119
-173.070621
-159.306968
-146.714689
-130.022599
-113.037665
-96.345574
-80.239171
-67.646893
-52.419021
-37.776836
-22.256121
-8.199623
4.641791
20.114428
33.730348
48.584080
61.271642
73.959204
86.337313
99.334328
113.569154
125.328358
138.944279
153.798010
163.391045
177.935323
195.264677
209.808955
220.330348
230.851741
240.135323
249.728358
258.083582
267.367164
274.794030
282.530348
290.576119
297.693532
301.716418
304.192040
306.048756
307.286567
307.286567
306.977114
307.905473
306.358209
306.048756
304.192040
301.406965
300.169154
296.455721
292.742289
288.719403
283.768159
277.579104
270.771144
261.797015
251.585075
241.063682
229.923383
217.854726
204.238806
189.385075
174.531343
157.511443
142.657711
129.041791
112.331343
94.073632
76.744279
60.652736
45.489552
28.779104
12.997015
-2.635593
-16.692090
-30.162900
-44.219397
-57.104520
-71.746704
-83.753296
-96.931262
-110.402072
-120.944444
-134.122411
-146.421846
-158.135593
-171.899247
-181.270245
-193.276836
-209.383239
-221.975518
-231.639360
-239.838983
-250.381356
-259.459510
-267.366290
-273.516008
-280.837100
-289.329567
-296.064972
-301.921846
-305.435970
-307.485876
-309.242938
-310.121469
-310.121469
-310.707156
-310.121469
-309.535782
-308.657250
-306.900188
-305.435970
-303.386064
-300.164783
-298.114878
-292.258004
-289.036723
-282.301318
-276.444444
-268.537665
-258.873823
-249.795669
-237.789077
-227.539548
-215.532957
-201.769303
-188.005650
-171.899247
-158.721281
-145.836158
-130.315443
-112.451977
-96.638418
-81.117702
-67.646893
-52.711864
-37.776836
-21.963277
-8.199623
5.260697
20.423881
34.968159
49.202985
61.890547
75.197015
86.956219
100.572139
112.950249
126.566169
139.872637
153.488557
164.009950
179.173134
197.121393
211.356219
220.639801
230.851741
241.682587
250.656716
258.702488
267.057711
274.175124
282.530348
291.195025
297.074627
301.406965
304.192040
305.429851
307.596020
307.286567
306.667662
307.286567
306.358209
306.048756
304.501493
303.573134
300.788060
297.074627
292.432836
287.791045
282.530348
277.579104
270.771144
261.487562
251.275622
240.444776
228.376119
217.545274
203.929353
189.075622
173.602985
156.892537
143.895522
128.732338
112.331343
93.145274
75.815920
59.414925
45.180100
28.469652
12.068657
-2.928437
-17.570621
-30.748588
-44.219397
-58.861582
-71.746704
-85.217514
-97.516949
-110.109228
-121.530132
-134.122411
-146.714689
-157.549906
-170.727872
-180.977401
-195.033898
-209.383239
-222.854049
-232.225047
-240.424670
-250.381356
-259.459510
-268.244821
-274.394539
-281.129944
-289.622411
-295.772128
-302.507533
-304.850282
-307.193032
-308.657250
-310.414313
-311.000000
-309.828625
-310.414313
-310.414313
-308.950094
-307.485876
-305.143126
-303.386064
-300.164783
-297.236347
-292.843691
-288.158192
-283.765537
-275.858757
-267.366290
-259.459510
-248.917137
-238.081921
-227.246704
-214.654426
-201.476460
-187.712806
-173.070621
-157.549906
-145.836158
-130.022599
-112.451977
-96.052731
-80.824859
-68.232580
-52.419021
-37.776836
-21.670433
-8.199623
4.332338
20.423881
34.039801
47.965174
62.818905
75.506468
87.575124
100.262687
113.569154
125.637811
140.491542
153.798010
164.628856
178.863682
195.264677
209.499502
220.639801
230.542289
240.444776
250.037811
259.630846
266.438806
274.484577
282.530348
289.957214
298.002985
300.788060
302.644776
304.810945
306.977114
307.286567
306.667662
306.977114
305.429851
305.739303
304.192040
301.716418
299.240796
296.455721
291.813930
287.791045
282.839801
277.269652
269.842786
261.487562
251.585075
239.206965
228.995025
216.926368
203.929353
189.694527
173.293532
157.511443
142.038806
128.113433
112.331343
93.145274
75.506468
60.033831
44.561194
28.469652
12.687562
-2.342750
-16.984934
-30.455744
-44.219397
-57.983051
-72.625235
-84.338983
-98.102637
-109.816384
-122.408663
-134.415254
-147.007533
-159.306968
-170.727872
-180.977401
-193.569680
-209.383239
-221.975518
-231.932203
-241.888889
-250.967043
-260.630885
-267.951977
-274.394539
-282.008475
-289.036723
-296.357815
-302.507533
-305.728814
-307.485876
-308.657250
-310.414313
-310.414313
-310.121469
-310.414313
-309.828625
-310.121469
-306.607345
-306.021657
-303.971751
-300.457627
-297.236347
-292.843691
-288.451036
-282.301318
-275.565913
-267.366290
-259.166667
-249.209981
-237.203390
-227.246704
-215.240113
-201.476460
-187.712806
-172.484934
-158.135593
-145.836158
-129.436911
-113.330508
-96.345574
-79.946328
-67.939736
-51.833333
-36.898305
-22.548964
-7.321092
5.570149
19.186070
34.658706
47.965174
61.581095
75.197015
85.718408
100.262687
113.259701
126.566169
139.563184
153.179104
164.009950
178.863682
196.193035
209.190050
221.258706
230.542289
240.754229
250.037811
259.321393
267.057711
274.484577
282.530348
290.266667
296.455721
300.478607
301.716418
305.429851
306.048756
306.358209
306.667662
306.358209
306.667662
305.739303
303.263682
301.716418
300.169154
296.455721
293.051741
287.172139
281.911443
276.960199
269.223881
260.868657
250.347264
238.897512
229.304478
216.307463
203.310448
188.147264
173.293532
156.583085
142.348259
128.113433
112.021891
93.145274
75.815920
59.414925
44.251741
28.160199
12.687562
-3.514124
-16.984934
-30.162900
-44.219397
-58.568738
-71.746704
-85.803202
-98.102637
-110.694915
-122.408663
-133.829567
-146.714689
-159.306968
-171.606403
-181.563089
-195.326742
-209.968927
-223.146893
-232.810734
-240.717514
-250.381356
-260.045198
-268.244821
-274.687382
-282.008475
-288.743879
-296.357815
-303.386064
-305.728814
-307.778719
-309.535782
-309.828625
-309.828625
-309.828625
-309.828625
-309.535782
-308.950094
-307.193032
-304.850282
-303.386064
-300.457627
-297.822034
-293.429379
-287.865348
-283.179849
-276.151601
-267.951977
-259.459510
-248.038606
-237.789077
-226.661017
-215.240113
-201.769303
-188.005650
-172.192090
-157.842750
-145.250471
-129.144068
-111.280603
-95.174200
-79.946328
-67.354049
-52.711864
-36.605461
-22.256121
-7.028249
4.332338
20.114428
34.968159
48.893532
63.128358
75.815920
88.503483
100.262687
113.259701
126.256716
139.872637
153.798010
164.009950
179.482587
196.502488
208.880597
220.330348
230.542289
240.754229
250.037811
259.321393
266.748259
275.412935
281.911443
290.885572
297.384080
300.788060
303.573134
304.810945
306.048756
306.667662
306.358209
306.977114
306.358209
305.739303
303.573134
301.716418
300.169154
296.455721
292.123383
286.862687
282.530348
276.341294
268.295522
260.559204
249.418905
238.897512
228.066667
215.998010
202.072637
187.218905
171.746269
156.273632
141.729353
127.803980
111.402985
93.145274
75.197015
59.724378
44.251741
28.779104
11.449751
-4.392655
-18.449153
-31.334275
-45.976460
-59.447269
-72.918079
-85.803202
-98.981168
-110.402072
-122.408663
-134.122411
-147.007533
-157.842750
-171.606403
-181.563089
-195.326742
-210.847458
-223.439736
-232.517891
-241.888889
-251.259887
-260.045198
-268.830508
-275.858757
-281.422787
-289.329567
-296.943503
-301.629002
-305.435970
-307.778719
-309.242938
-310.121469
-310.414313
-310.121469
-310.414313
-310.414313
-308.950094
-307.193032
-306.314501
-303.971751
-300.457627
-296.650659
-293.429379
-287.865348
-282.594162
-275.565913
-266.780603
-258.288136
-248.038606
-238.081921
-226.953861
-214.068738
-202.062147
-186.834275
-173.070621
-157.842750
-145.836158
-130.315443
-111.573446
-95.759887
-80.824859
-67.061205
-51.247646
-37.191149
-21.377589
-7.321092
6.189055
21.042786
34.968159
48.584080
61.890547
75.506468
87.575124
99.024876
113.569154
125.947264
140.491542
153.798010
