-1.044726
-1.544237
-1.568407
-1.487841
-1.391161
-1.318652
-1.197802
-1.133349
-1.052782
-0.956103
-0.948046
-0.875536
-0.827196
-0.803027
-0.738573
-0.714403
-0.690234
-0.625780
-0.609667
-0.529101
-0.577441
-0.529101
-0.545214
-0.480761
-0.440478
-0.424364
-0.400194
-0.303515
-0.190722
-0.094042
-0.045702
-0.005419
0.026807
-0.021532
-0.029589
-0.029589
-0.077929
0.002638
-0.005419
-0.013476
0.042921
0.042921
0.107374
0.115431
0.115431
0.139600
0.147657
0.163770
0.187940
0.228223
0.220167
0.252393
0.316847
0.324903
0.316847
0.316847
0.373243
0.381300
0.389356
0.389356
0.397413
0.413526
0.453809
0.453809
0.421583
0.445753
0.461866
0.445753
0.429639
0.421583
0.397413
0.389356
0.437696
0.413526
0.389356
0.413526
0.421583
0.381300
0.397413
0.397413
0.357130
0.365186
0.324903
0.316847
0.332960
0.292677
0.284620
0.292677
0.276563
0.260450
0.244337
0.252393
0.195997
0.212110
0.123487
0.179884
0.131544
0.123487
0.107374
0.107374
0.059034
0.075147
0.010694
0.010694
0.010694
-0.005419
-0.013476
-0.045702
-0.013476
-0.077929
-0.077929
-0.110155
-0.126269
-0.118212
-0.166552
-0.150439
-0.214892
-0.166552
-0.247118
-0.255175
-0.263232
-0.222948
-0.255175
-0.303515
-0.295458
-0.271288
-0.279345
-0.319628
-0.319628
-0.319628
-0.319628
-0.359911
-0.351855
-0.359911
-0.351855
-0.327685
-0.335741
-0.359911
-0.279345
-0.311571
-0.335741
-0.327685
-0.303515
-0.303515
-0.279345
-0.311571
-0.239062
-0.247118
-0.263232
-0.255175
-0.247118
-0.239062
-0.190722
-0.214892
-0.206835
-0.166552
-0.231005
-0.142382
-0.118212
-0.094042
-0.085986
-0.077929
-0.094042
-0.102099
-0.053759
-0.053759
-0.029589
-0.005419
-0.029589
0.075147
0.034864
-0.005419
0.059034
0.042921
0.075147
0.091261
0.099317
0.123487
0.099317
0.171827
0.139600
0.179884
0.155714
0.187940
0.187940
0.284620
0.413526
0.461866
0.477979
0.534376
0.429639
0.429639
0.389356
0.365186
0.332960
0.324903
0.284620
0.324903
0.292677
0.284620
0.276563
0.252393
0.228223
0.276563
0.292677
0.244337
0.292677
0.244337
0.252393
0.244337
0.212110
0.244337
0.220167
0.204054
0.252393
0.228223
0.195997
0.187940
0.187940
0.195997
0.131544
0.155714
0.147657
0.107374
0.099317
0.123487
0.107374
0.034864
0.059034
0.018751
0.042921
0.018751
0.042921
0.002638
0.002638
-0.029589
-0.037646
-0.037646
-0.037646
-0.085986
-0.085986
-0.126269
-0.110155
-0.150439
-0.158495
-0.150439
-0.182665
-0.158495
-0.198778
-0.198778
-0.190722
-0.239062
-0.198778
-0.247118
-0.247118
-0.279345
-0.231005
-0.271288
-0.247118
-0.247118
-0.263232
-0.263232
-0.279345
-0.271288
-0.222948
-0.271288
-0.239062
-0.287402
-0.271288
-0.263232
-0.214892
-0.255175
-0.271288
-0.231005
-0.239062
-0.222948
-0.263232
-0.214892
-0.190722
-0.198778
-0.182665
-0.158495
-0.182665
-0.126269
-0.150439
-0.150439
-0.102099
-0.118212
-0.126269
-0.094042
-0.053759
-0.094042
-0.061816
-0.013476
-0.013476
0.010694
0.002638
0.002638
0.026807
0.026807
0.042921
0.018751
0.083204
0.099317
0.099317
0.091261
0.115431
0.163770
0.147657
0.131544
0.179884
0.212110
0.131544
0.163770
0.187940
0.212110
0.204054
0.220167
0.244337
0.212110
0.236280
0.228223
0.220167
0.220167
0.244337
0.228223
0.220167
0.236280
0.228223
0.236280
0.268507
0.228223
0.252393
0.236280
0.236280
0.212110
0.220167
0.236280
0.332960
0.389356
0.429639
0.421583
0.429639
0.349073
0.332960
0.292677
0.252393
0.212110
0.155714
0.131544
0.147657
0.139600
0.115431
0.067091
0.075147
0.083204
0.050977
0.050977
0.034864
0.002638
0.018751
-0.013476
-0.021532
-0.021532
-0.021532
-0.077929
-0.029589
-0.110155
-0.069872
-0.126269
-0.158495
-0.085986
-0.166552
-0.174609
-0.134325
-0.182665
-0.182665
-0.198778
-0.198778
-0.174609
-0.239062
-0.214892
-0.214892
-0.239062
-0.222948
-0.239062
-0.271288
-0.263232
-0.263232
-0.247118
-0.263232
-0.239062
-0.247118
-0.271288
-0.231005
-0.222948
-0.231005
-0.255175
-0.255175
-0.231005
-0.239062
-0.231005
-0.247118
-0.214892
-0.231005
-0.190722
-0.174609
-0.182665
-0.190722
-0.166552
-0.158495
-0.142382
-0.158495
-0.085986
-0.118212
-0.094042
-0.126269
-0.085986
-0.061816
-0.061816
-0.037646
-0.045702
-0.029589
0.002638
-0.013476
0.034864
0.018751
0.018751
0.083204
0.042921
0.059034
0.067091
0.059034
0.091261
0.123487
0.075147
0.107374
0.187940
0.131544
0.171827
0.187940
0.147657
0.204054
0.195997
0.187940
0.179884
0.171827
0.220167
0.195997
0.220167
0.228223
0.228223
0.228223
0.228223
0.276563
0.236280
0.220167
0.228223
0.228223
0.195997
0.236280
0.204054
0.236280
0.195997
0.220167
0.228223
0.204054
0.179884
0.179884
0.220167
0.163770
0.204054
0.147657
0.155714
0.179884
0.155714
0.147657
0.155714
0.067091
0.131544
0.067091
0.067091
0.059034
0.010694
0.067091
0.059034
-0.013476
0.026807
-0.013476
-0.053759
-0.021532
-0.069872
-0.053759
-0.013476
0.083204
0.131544
0.147657
0.083204
0.107374
0.067091
0.010694
-0.085986
-0.102099
-0.118212
-0.174609
-0.166552
-0.190722
-0.182665
-0.182665
-0.222948
-0.206835
-0.214892
-0.231005
-0.255175
-0.247118
-0.239062
-0.279345
-0.239062
-0.255175
-0.222948
-0.231005
-0.271288
-0.214892
-0.222948
-0.255175
-0.231005
-0.239062
-0.206835
-0.174609
-0.231005
-0.214892
-0.231005
-0.214892
-0.182665
-0.166552
-0.158495
-0.174609
-0.166552
-0.206835
-0.102099
-0.142382
-0.150439
-0.118212
-0.077929
-0.094042
-0.118212
-0.085986
-0.061816
-0.029589
-0.045702
-0.013476
-0.013476
-0.005419
0.018751
-0.013476
0.067091
0.059034
0.034864
0.042921
0.050977
0.075147
0.123487
0.099317
0.099317
0.115431
0.115431
0.155714
0.171827
0.195997
0.139600
0.179884
0.220167
0.187940
0.212110
0.212110
0.228223
0.204054
0.228223
0.204054
0.228223
0.228223
0.228223
0.220167
0.228223
0.236280
0.187940
0.244337
0.236280
0.204054
0.204054
0.236280
0.179884
0.187940
0.220167
0.220167
0.204054
0.228223
0.195997
0.195997
0.187940
0.195997
0.163770
0.155714
0.131544
0.115431
0.123487
0.131544
0.123487
0.075147
0.067091
0.139600
0.067091
0.050977
0.059034
0.002638
0.026807
0.010694
-0.021532
-0.021532
-0.029589
-0.029589
-0.037646
-0.077929
-0.061816
-0.094042
-0.110155
-0.085986
-0.118212
-0.150439
-0.158495
-0.142382
-0.166552
-0.198778
-0.182665
-0.142382
-0.206835
-0.231005
-0.214892
-0.255175
-0.206835
-0.214892
-0.279345
-0.239062
-0.231005
-0.166552
-0.005419
-0.045702
-0.005419
-0.053759
-0.021532
-0.077929
-0.077929
-0.126269
-0.174609
-0.166552
-0.190722
-0.231005
-0.206835
-0.231005
-0.214892
-0.190722
-0.222948
-0.174609
-0.182665
-0.182665
-0.206835
-0.142382
-0.150439
-0.126269
-0.150439
-0.110155
-0.102099
-0.094042
-0.069872
-0.053759
-0.053759
-0.045702
-0.053759
-0.053759
-0.045702
0.010694
0.002638
-0.021532
0.018751
0.026807
0.026807
0.075147
0.067091
0.050977
0.083204
0.091261
0.139600
0.115431
0.131544
0.163770
0.187940
0.163770
0.171827
0.187940
0.179884
0.171827
0.195997
0.195997
0.155714
0.236280
0.204054
0.220167
0.236280
0.204054
0.195997
0.236280
0.212110
0.268507
0.244337
0.212110
0.220167
0.204054
0.236280
0.220167
0.195997
0.220167
0.228223
0.187940
0.163770
0.187940
0.204054
0.179884
0.195997
0.147657
0.147657
0.131544
0.091261
0.155714
0.139600
0.059034
0.083204
0.091261
0.026807
0.075147
0.010694
0.018751
0.034864
0.075147
0.034864
-0.005419
0.002638
-0.037646
-0.037646
-0.021532
-0.053759
-0.029589
-0.061816
-0.110155
-0.094042
-0.102099
-0.118212
-0.134325
-0.142382
-0.166552
-0.158495
-0.190722
-0.174609
-0.198778
-0.239062
-0.190722
-0.198778
-0.190722
-0.222948
-0.239062
-0.255175
-0.222948
-0.182665
-0.279345
-0.239062
-0.271288
-0.255175
-0.247118
-0.206835
-0.263232
-0.231005
-0.222948
-0.247118
-0.255175
-0.214892
-0.231005
-0.239062
-0.198778
-0.206835
-0.231005
-0.247118
-0.190722
-0.182665
-0.174609
-0.166552
-0.182665
-0.174609
-0.118212
-0.158495
-0.142382
-0.110155
-0.094042
-0.045702
0.059034
0.171827
0.179884
0.155714
0.139600
0.163770
0.115431
0.067091
0.083204
0.059034
0.042921
0.067091
0.083204
0.075147
0.075147
0.091261
0.123487
0.083204
0.139600
0.131544
0.139600
0.171827
0.204054
0.139600
0.204054
0.204054
0.220167
0.220167
0.195997
0.220167
0.179884
0.228223
0.220167
0.212110
0.228223
0.220167
0.228223
0.212110
0.187940
0.244337
0.244337
0.228223
0.220167
0.179884
0.228223
0.220167
0.179884
0.163770
0.220167
0.195997
0.195997
0.187940
0.163770
0.163770
0.187940
0.163770
0.107374
0.163770
0.139600
0.123487
0.099317
0.091261
0.067091
0.059034
0.075147
0.050977
0.042921
0.042921
0.018751
0.034864
-0.005419
0.010694
-0.037646
-0.013476
-0.037646
-0.037646
-0.045702
-0.085986
-0.110155
-0.118212
-0.126269
-0.110155
-0.142382
-0.166552
-0.158495
-0.142382
-0.174609
-0.142382
-0.182665
-0.206835
-0.222948
-0.182665
-0.247118
-0.231005
-0.247118
-0.182665
-0.222948
-0.239062
-0.263232
-0.190722
-0.247118
-0.222948
-0.222948
-0.279345
-0.222948
-0.190722
-0.271288
-0.214892
-0.255175
-0.279345
-0.222948
-0.190722
-0.206835
-0.190722
-0.222948
-0.214892
-0.174609
-0.214892
-0.182665
-0.166552
-0.182665
-0.150439
-0.158495
-0.150439
-0.126269
-0.118212
-0.069872
-0.102099
-0.069872
-0.069872
-0.045702
-0.029589
-0.029589
-0.005419
-0.013476
-0.005419
-0.005419
0.002638
0.050977
0.042921
0.091261
0.091261
0.075147
0.067091
0.083204
0.067091
0.107374
0.171827
0.147657
0.099317
0.163770
0.155714
0.252393
0.381300
0.397413
0.421583
0.445753
0.365186
0.373243
0.341016
0.244337
0.308790
0.292677
0.268507
0.244337
0.228223
0.204054
0.244337
0.252393
0.228223
0.236280
0.220167
0.195997
0.212110
0.228223
0.195997
0.228223
0.187940
0.171827
0.204054
0.195997
0.187940
0.131544
0.187940
0.107374
0.163770
0.139600
0.139600
0.091261
0.075147
0.083204
0.059034
0.099317
0.075147
0.026807
0.010694
0.034864
0.034864
-0.005419
-0.005419
-0.053759
-0.037646
-0.029589
-0.045702
-0.053759
-0.069872
-0.085986
-0.102099
-0.118212
-0.094042
-0.118212
-0.142382
-0.158495
-0.142382
-0.150439
-0.222948
-0.190722
-0.190722
-0.198778
-0.214892
-0.231005
-0.190722
-0.206835
-0.231005
-0.247118
-0.271288
-0.222948
-0.231005
-0.263232
-0.239062
-0.271288
-0.214892
-0.263232
-0.231005
-0.231005
-0.206835
-0.255175
-0.214892
-0.255175
-0.190722
-0.190722
-0.174609
-0.214892
-0.231005
-0.158495
-0.166552
-0.174609
-0.158495
-0.150439
-0.190722
-0.094042
-0.118212
-0.134325
-0.102099
-0.094042
-0.110155
-0.037646
-0.045702
-0.045702
-0.069872
-0.021532
0.010694
-0.021532
0.010694
0.010694
0.010694
0.050977
0.059034
0.067091
0.034864
0.091261
0.075147
0.107374
0.099317
0.163770
0.139600
0.147657
0.155714
0.155714
0.187940
0.195997
0.187940
0.195997
0.228223
0.187940
0.228223
0.228223
0.212110
0.195997
0.228223
0.212110
0.204054
0.212110
0.195997
0.212110
0.212110
0.236280
0.195997
0.236280
0.179884
0.244337
0.212110
0.220167
0.220167
0.171827
0.155714
0.163770
0.187940
0.292677
0.373243
0.421583
0.381300
0.341016
0.308790
0.341016
0.284620
0.236280
0.187940
0.123487
0.091261
0.115431
0.067091
0.059034
0.042921
0.034864
-0.005419
0.002638
-0.005419
0.002638
-0.045702
-0.021532
-0.102099
-0.061816
-0.077929
-0.085986
-0.110155
-0.150439
-0.142382
-0.102099
-0.158495
-0.134325
-0.182665
-0.214892
-0.198778
-0.174609
-0.231005
-0.206835
-0.214892
-0.247118
-0.206835
-0.271288
-0.231005
-0.247118
-0.231005
-0.247118
-0.239062
-0.247118
-0.287402
-0.231005
-0.239062
-0.231005
-0.271288
-0.222948
-0.263232
-0.214892
-0.206835
-0.263232
-0.247118
-0.231005
-0.174609
-0.198778
-0.158495
-0.222948
-0.206835
-0.182665
-0.158495
-0.150439
-0.126269
-0.110155
-0.110155
-0.118212
-0.094042
-0.110155
-0.053759
-0.085986
-0.069872
-0.085986
-0.037646
-0.037646
-0.013476
-0.005419
0.034864
0.026807
0.026807
0.018751
0.042921
0.083204
0.034864
0.091261
0.099317
0.099317
0.107374
0.099317
0.131544
0.155714
0.179884
0.131544
0.244337
0.163770
0.179884
0.195997
0.204054
0.171827
0.187940
0.228223
0.220167
0.187940
0.236280
0.220167
0.220167
0.204054
0.212110
0.260450
0.204054
0.204054
0.195997
0.252393
0.236280
0.179884
0.228223
0.204054
0.212110
0.228223
0.195997
0.195997
0.195997
0.195997
0.163770
0.179884
0.163770
0.147657
0.131544
0.123487
0.107374
0.115431
0.083204
0.075147
0.091261
0.026807
0.075147
0.067091
0.018751
-0.013476
0.002638
-0.013476
-0.021532
-0.037646
-0.029589
0.002638
0.083204
0.163770
0.147657
0.131544
0.131544
0.050977
0.026807
-0.021532
-0.069872
-0.118212
-0.118212
-0.166552
-0.198778
-0.182665
-0.158495
-0.231005
-0.222948
-0.198778
-0.214892
-0.222948
-0.263232
-0.198778
-0.231005
-0.247118
-0.239062
-0.255175
-0.239062
-0.263232
-0.222948
-0.214892
-0.263232
-0.239062
-0.231005
-0.239062
-0.231005
-0.182665
-0.239062
-0.231005
-0.174609
-0.198778
-0.190722
-0.150439
-0.190722
-0.206835
-0.182665
-0.158495
-0.158495
-0.158495
-0.118212
-0.150439
-0.110155
-0.118212
-0.118212
-0.110155
-0.061816
-0.045702
-0.037646
-0.021532
-0.005419
0.010694
-0.005419
0.034864
0.050977
0.042921
0.042921
0.042921
0.034864
0.059034
0.099317
0.099317
0.107374
0.099317
0.179884
0.147657
0.155714
0.131544
0.187940
0.147657
0.171827
0.179884
0.187940
0.195997
0.212110
0.212110
0.236280
0.212110
0.204054
0.228223
0.212110
0.268507
0.195997
0.204054
0.228223
0.244337
0.236280
0.204054
0.220167
0.187940
0.220167
0.228223
0.195997
0.212110
0.204054
0.187940
0.187940
0.179884
0.179884
0.171827
0.171827
0.147657
0.155714
0.107374
0.139600
0.115431
0.091261
0.091261
0.075147
0.067091
0.099317
0.042921
0.034864
0.026807
0.002638
0.010694
-0.013476
0.002638
-0.045702
-0.021532
-0.053759
-0.069872
-0.110155
-0.061816
-0.094042
-0.126269
-0.126269
-0.077929
-0.142382
-0.142382
-0.182665
-0.182665
-0.190722
-0.255175
-0.198778
-0.231005
-0.174609
-0.231005
-0.255175
-0.206835
-0.255175
-0.311571
-0.198778
-0.247118
-0.271288
-0.279345
-0.231005
-0.295458
-0.214892
-0.110155
-0.021532
-0.013476
-0.029589
-0.045702
-0.029589
-0.029589
-0.102099
-0.094042
-0.077929
-0.174609
-0.150439
-0.190722
-0.174609
-0.158495
-0.158495
-0.150439
-0.142382
-0.126269
-0.174609
-0.094042
-0.118212
-0.102099
-0.061816
-0.077929
-0.061816
-0.053759
-0.037646
-0.053759
-0.053759
-0.037646
0.002638
0.010694
0.034864
0.010694
0.034864
0.050977
0.083204
0.083204
0.067091
0.075147
0.123487
0.115431
0.131544
0.091261
0.155714
0.163770
0.163770
0.195997
0.179884
0.212110
0.212110
0.236280
0.236280
0.204054
0.260450
0.204054
0.244337
0.260450
0.195997
0.236280
0.212110
0.212110
0.212110
0.220167
0.236280
0.212110
0.228223
0.212110
0.204054
0.236280
0.220167
0.212110
0.195997
0.187940
0.187940
0.147657
0.204054
0.163770
0.179884
0.163770
0.147657
0.123487
0.107374
0.131544
0.099317
0.147657
0.083204
0.050977
0.091261
0.034864
0.042921
0.002638
0.018751
-0.005419
0.018751
-0.005419
-0.061816
-0.037646
-0.037646
-0.037646
-0.077929
-0.077929
-0.126269
-0.102099
-0.102099
-0.182665
-0.118212
-0.166552
-0.158495
-0.158495
-0.214892
-0.142382
-0.214892
-0.182665
-0.198778
-0.174609
-0.239062
-0.214892
-0.222948
-0.231005
-0.279345
-0.222948
-0.263232
-0.271288
-0.222948
-0.255175
-0.206835
-0.279345
-0.206835
-0.231005
-0.231005
-0.239062
-0.214892
-0.222948
-0.255175
-0.222948
-0.182665
-0.174609
-0.222948
-0.214892
-0.158495
-0.182665
-0.150439
-0.182665
-0.190722
-0.126269
-0.110155
-0.118212
-0.158495
-0.118212
-0.102099
-0.045702
0.075147
0.187940
0.195997
0.163770
0.171827
0.155714
0.163770
0.147657
0.115431
0.059034
0.075147
0.091261
0.059034
0.083204
0.050977
0.099317
0.091261
0.131544
0.131544
0.163770
0.163770
0.155714
0.171827
0.195997
0.179884
0.163770
0.220167
0.204054
0.228223
0.228223
0.212110
0.228223
0.236280
0.220167
0.228223
0.204054
0.244337
0.212110
0.236280
0.212110
0.212110
0.212110
0.236280
0.236280
0.212110
0.212110
0.195997
0.220167
0.204054
0.171827
0.195997
0.204054
0.204054
0.147657
0.179884
0.123487
0.139600
0.155714
0.099317
0.091261
0.099317
0.107374
0.091261
0.075147
0.059034
0.026807
0.059034
0.034864
0.002638
-0.005419
-0.037646
-0.005419
-0.029589
-0.029589
-0.045702
-0.069872
-0.085986
-0.061816
-0.094042
-0.102099
-0.102099
-0.102099
-0.166552
-0.134325
-0.134325
-0.150439
-0.190722
-0.182665
-0.206835
-0.182665
-0.222948
-0.247118
-0.214892
-0.239062
-0.231005
-0.231005
-0.255175
-0.239062
-0.247118
-0.247118
-0.263232
-0.214892
-0.231005
-0.263232
-0.239062
-0.239062
-0.263232
-0.247118
-0.214892
-0.206835
-0.231005
-0.222948
-0.214892
-0.206835
-0.182665
-0.174609
-0.198778
-0.174609
-0.166552
-0.174609
-0.182665
-0.150439
-0.102099
-0.134325
-0.102099
-0.102099
-0.085986
-0.045702
-0.037646
-0.077929
-0.061816
-0.021532
0.002638
-0.029589
-0.005419
-0.021532
0.042921
0.002638
0.034864
0.059034
0.034864
0.042921
0.075147
0.059034
0.123487
0.091261
0.123487
0.147657
0.139600
0.155714
0.155714
0.155714
0.163770
0.204054
0.147657
0.276563
0.365186
0.469923
0.429639
0.405470
0.405470
0.324903
0.300733
0.308790
0.268507
0.244337
0.252393
0.292677
0.244337
0.212110
0.236280
0.244337
0.212110
0.195997
0.220167
0.179884
0.220167
0.220167
0.204054
0.212110
0.131544
0.155714
0.147657
0.139600
0.155714
0.099317
0.139600
0.107374
0.067091
0.091261
0.083204
0.067091
0.042921
0.067091
0.018751
0.002638
0.002638
-0.029589
0.010694
-0.029589
-0.037646
-0.021532
-0.037646
-0.045702
-0.094042
-0.118212
-0.077929
-0.102099
-0.126269
-0.142382
-0.126269
-0.150439
-0.166552
-0.182665
-0.158495
-0.190722
-0.174609
-0.198778
-0.239062
-0.231005
-0.214892
-0.222948
-0.239062
-0.198778
-0.214892
-0.255175
-0.247118
-0.247118
-0.263232
-0.206835
-0.287402
-0.214892
-0.247118
-0.206835
-0.239062
-0.239062
-0.214892
-0.271288
-0.190722
-0.214892
-0.166552
-0.190722
-0.198778
-0.222948
-0.150439
-0.158495
-0.166552
-0.158495
-0.182665
-0.126269
-0.158495
-0.094042
-0.118212
-0.126269
-0.102099
-0.094042
-0.061816
-0.045702
-0.077929
-0.037646
-0.037646
-0.005419
0.026807
0.002638
-0.005419
0.042921
0.042921
0.026807
0.067091
0.091261
0.107374
0.083204
0.123487
0.107374
0.155714
0.123487
0.155714
0.171827
0.171827
0.171827
0.195997
0.212110
0.171827
0.220167
0.195997
0.236280
0.212110
0.204054
0.204054
0.228223
0.236280
0.228223
0.228223
0.212110
0.220167
0.220167
0.212110
0.212110
0.236280
0.220167
0.228223
0.204054
0.228223
0.179884
0.187940
0.187940
0.308790
0.373243
0.429639
0.397413
0.341016
0.316847
0.276563
0.260450
0.204054
0.195997
0.131544
0.139600
0.059034
0.083204
0.083204
0.034864
0.042921
0.026807
0.002638
-0.013476
-0.037646
0.002638
-0.037646
-0.053759
-0.045702
-0.077929
-0.061816
-0.085986
-0.126269
-0.118212
-0.134325
-0.126269
-0.166552
-0.150439
-0.174609
-0.158495
-0.190722
-0.206835
-0.190722
-0.206835
-0.231005
-0.247118
-0.231005
-0.263232
-0.263232
-0.206835
-0.271288
-0.255175
-0.222948
-0.255175
-0.239062
-0.247118
-0.222948
-0.255175
-0.239062
-0.247118
-0.231005
-0.222948
-0.214892
-0.231005
-0.214892
-0.222948
-0.190722
-0.206835
-0.190722
-0.198778
-0.174609
-0.158495
-0.190722
-0.142382
-0.166552
-0.174609
-0.134325
-0.126269
-0.118212
-0.102099
-0.077929
-0.102099
-0.069872
-0.077929
-0.037646
-0.045702
-0.029589
-0.005419
-0.029589
-0.013476
0.026807
0.018751
0.042921
0.059034
0.083204
0.067091
0.099317
0.115431
0.091261
0.115431
0.107374
0.163770
0.171827
0.163770
0.195997
0.179884
0.179884
0.212110
0.220167
0.204054
0.179884
0.187940
0.204054
0.236280
0.244337
0.195997
0.244337
0.204054
0.220167
0.252393
0.220167
0.204054
0.195997
0.220167
0.212110
0.236280
0.187940
0.252393
0.195997
0.236280
0.220167
0.187940
0.163770
0.187940
0.187940
0.155714
0.147657
0.187940
0.155714
0.099317
0.131544
0.123487
0.099317
0.091261
0.083204
0.083204
0.050977
0.067091
-0.005419
0.018751
-0.021532
-0.021532
0.010694
-0.029589
-0.029589
-0.077929
-0.077929
-0.077929
-0.077929
-0.142382
-0.102099
-0.061816
0.050977
0.075147
0.099317
0.067091
0.050977
-0.021532
-0.077929
-0.126269
-0.142382
-0.174609
-0.174609
-0.214892
-0.190722
-0.247118
-0.239062
-0.222948
-0.214892
-0.247118
-0.222948
-0.255175
-0.214892
-0.231005
-0.222948
-0.247118
-0.214892
-0.247118
-0.255175
-0.222948
-0.279345
-0.231005
-0.222948
-0.239062
-0.182665
-0.198778
-0.206835
-0.182665
-0.198778
-0.150439
-0.206835
-0.166552
-0.126269
-0.158495
-0.134325
-0.166552
-0.126269
-0.102099
-0.102099
-0.102099
-0.069872
-0.085986
-0.069872
0.002638
-0.029589
0.002638
-0.013476
0.050977
0.026807
0.002638
0.026807
0.059034
0.042921
0.067091
0.059034
0.107374
0.147657
0.099317
0.171827
0.155714
0.155714
0.171827
0.171827
0.179884
0.179884
0.212110
0.195997
0.195997
0.212110
0.228223
0.195997
0.236280
0.244337
0.220167
0.220167
0.212110
0.212110
0.212110
0.228223
0.228223
0.220167
0.220167
0.236280
0.236280
0.228223
0.220167
0.204054
0.228223
0.179884
0.187940
0.195997
0.171827
0.171827
0.155714
0.147657
0.139600
0.131544
0.107374
0.131544
0.099317
0.050977
0.067091
0.059034
0.050977
0.050977
0.050977
-0.005419
0.034864
-0.013476
0.002638
-0.013476
-0.021532
-0.029589
-0.045702
-0.029589
-0.045702
-0.085986
-0.061816
-0.085986
-0.126269
-0.126269
-0.126269
-0.174609
-0.150439
-0.174609
-0.182665
-0.158495
-0.182665
-0.198778
-0.198778
-0.222948
-0.231005
-0.214892
-0.239062
-0.271288
-0.263232
-0.247118
-0.247118
-0.287402
-0.247118
-0.247118
-0.263232
-0.263232
-0.231005
-0.118212
-0.061816
-0.029589
0.002638
-0.021532
-0.053759
-0.069872
-0.102099
-0.126269
-0.134325
-0.142382
-0.182665
-0.198778
-0.190722
-0.126269
-0.150439
-0.166552
-0.118212
-0.150439
-0.134325
-0.110155
-0.085986
-0.085986
-0.110155
-0.061816
-0.061816
-0.061816
-0.069872
-0.021532
-0.029589
0.010694
-0.021532
-0.005419
0.018751
0.034864
0.050977
0.115431
0.075147
0.115431
0.091261
0.123487
0.115431
0.083204
0.147657
0.163770
0.163770
0.187940
0.163770
0.187940
0.204054
0.187940
0.204054
0.212110
0.204054
0.195997
0.204054
0.228223
0.195997
0.179884
0.268507
0.220167
0.220167
0.204054
0.236280
0.212110
0.228223
0.204054
0.220167
0.212110
0.204054
0.228223
0.220167
0.171827
0.187940
0.236280
0.163770
0.171827
0.163770
0.155714
0.147657
0.107374
0.123487
0.123487
0.099317
0.107374
0.067091
0.115431
0.034864
0.067091
0.042921
0.034864
-0.013476
0.034864
-0.029589
0.002638
0.010694
-0.045702
-0.029589
-0.077929
-0.037646
-0.094042
-0.053759
-0.085986
-0.134325
-0.102099
-0.077929
-0.158495
-0.166552
-0.166552
-0.174609
-0.158495
-0.190722
-0.206835
-0.214892
-0.214892
-0.190722
-0.247118
-0.198778
-0.263232
-0.263232
-0.239062
-0.206835
-0.255175
-0.239062
-0.231005
-0.214892
-0.247118
-0.239062
-0.239062
-0.231005
-0.231005
-0.255175
-0.255175
-0.239062
-0.239062
-0.231005
-0.206835
-0.190722
-0.239062
-0.190722
-0.206835
-0.214892
-0.182665
-0.166552
-0.150439
-0.158495
-0.142382
-0.134325
-0.118212
-0.110155
-0.118212
-0.102099
-0.077929
-0.102099
-0.053759
-0.013476
0.115431
0.179884
0.212110
0.244337
0.204054
0.212110
0.195997
0.139600
0.123487
0.091261
0.115431
0.123487
0.115431
0.083204
0.171827
0.099317
0.179884
0.147657
0.163770
0.163770
0.179884
0.195997
0.179884
0.187940
0.195997
0.228223
0.228223
0.179884
0.252393
0.220167
0.204054
0.228223
0.236280
0.195997
0.236280
0.220167
0.220167
0.220167
0.204054
0.204054
0.220167
0.195997
0.212110
0.204054
0.187940
0.204054
0.212110
0.179884
0.179884
0.171827
0.107374
0.107374
0.163770
0.131544
0.123487
0.083204
0.091261
0.050977
0.059034
0.083204
0.075147
0.050977
0.018751
0.067091
0.002638
-0.005419
-0.013476
-0.037646
-0.069872
-0.053759
-0.077929
-0.069872
-0.110155
-0.037646
-0.118212
-0.118212
-0.085986
-0.126269
-0.134325
-0.142382
-0.158495
-0.174609
-0.182665
-0.182665
-0.214892
-0.214892
-0.222948
-0.239062
-0.239062
-0.214892
-0.222948
-0.231005
-0.231005
-0.214892
-0.239062
-0.231005
-0.239062
-0.239062
-0.222948
-0.263232
-0.239062
-0.214892
-0.247118
-0.247118
-0.239062
-0.255175
-0.222948
-0.247118
-0.206835
-0.190722
-0.198778
-0.190722
-0.190722
-0.150439
-0.166552
-0.158495
-0.158495
-0.198778
-0.158495
-0.110155
-0.142382
-0.110155
-0.061816
-0.085986
-0.069872
-0.085986
-0.037646
-0.013476
-0.029589
-0.021532
-0.021532
0.010694
0.026807
0.018751
0.042921
0.010694
0.099317
0.059034
0.083204
0.059034
0.115431
0.107374
0.115431
0.139600
0.107374
0.195997
0.107374
0.204054
0.187940
0.187940
0.228223
0.405470
0.413526
0.469923
0.397413
0.397413
0.373243
0.324903
0.252393
0.268507
0.260450
0.276563
0.220167
0.220167
0.220167
0.236280
0.195997
0.220167
0.252393
0.228223
0.204054
0.195997
0.204054
0.155714
0.195997
0.171827
0.179884
0.204054
0.107374
0.139600
0.115431
0.107374
0.099317
0.099317
0.075147
0.091261
0.067091
0.115431
0.018751
0.059034
0.050977
0.042921
0.010694
0.010694
-0.021532
-0.013476
-0.029589
-0.037646
-0.037646
-0.069872
-0.077929
-0.077929
-0.110155
-0.094042
-0.094042
-0.126269
-0.142382
-0.166552
-0.142382
-0.174609
-0.198778
-0.182665
-0.182665
-0.198778
-0.214892
-0.182665
-0.214892
-0.231005
-0.214892
-0.247118
-0.214892
-0.247118
-0.279345
-0.247118
-0.198778
-0.263232
-0.279345
-0.231005
-0.263232
-0.222948
-0.239062
-0.231005
-0.206835
-0.222948
-0.222948
-0.214892
-0.214892
-0.214892
-0.190722
-0.206835
-0.174609
-0.150439
-0.150439
-0.182665
-0.142382
-0.126269
-0.134325
-0.085986
-0.102099
-0.110155
-0.069872
-0.085986
-0.102099
-0.045702
-0.085986
-0.005419
-0.029589
-0.005419
-0.021532
0.034864
0.018751
0.010694
0.050977
0.034864
0.067091
0.067091
0.099317
0.107374
0.115431
0.123487
0.091261
0.123487
0.147657
0.163770
0.204054
0.187940
0.163770
0.228223
0.212110
0.163770
0.187940
0.212110
0.228223
0.212110
0.228223
0.252393
0.204054
0.252393
0.220167
0.212110
0.220167
0.236280
0.187940
0.228223
0.195997
0.204054
0.195997
0.195997
0.220167
0.195997
0.179884
0.163770
0.195997
0.187940
0.139600
0.171827
0.123487
0.155714
0.292677
0.341016
0.373243
0.349073
0.365186
0.292677
0.252393
0.171827
0.123487
0.107374
0.059034
0.050977
0.026807
0.010694
-0.013476
-0.037646
-0.021532
-0.053759
-0.061816
-0.045702
-0.102099
-0.021532
-0.118212
-0.126269
-0.142382
-0.134325
-0.150439
-0.166552
-0.166552
-0.190722
-0.118212
-0.182665
-0.206835
-0.190722
-0.231005
-0.182665
-0.198778
-0.231005
-0.214892
-0.247118
-0.214892
-0.263232
-0.206835
-0.239062
-0.271288
-0.231005
-0.222948
-0.239062
-0.255175
-0.222948
-0.222948
-0.231005
-0.214892
-0.182665
-0.222948
-0.198778
-0.206835
-0.214892
-0.166552
-0.231005
-0.198778
-0.158495
-0.190722
-0.158495
-0.166552
-0.150439
-0.158495
-0.134325
-0.118212
-0.110155
-0.110155
-0.102099
-0.037646
-0.053759
-0.061816
-0.045702
0.002638
-0.013476
-0.021532
0.010694
0.050977
0.010694
0.010694
0.059034
0.083204
0.075147
0.083204
0.115431
0.107374
0.123487
0.147657
0.123487
0.139600
0.163770
0.171827
0.179884
0.187940
0.195997
0.195997
0.179884
0.195997
0.212110
0.220167
0.228223
0.244337
0.244337
0.220167
0.212110
0.228223
0.244337
0.236280
0.220167
0.244337
0.195997
0.236280
0.228223
0.204054
0.244337
0.212110
0.204054
0.228223
0.179884
0.195997
0.195997
0.179884
0.163770
0.139600
0.147657
0.123487
0.139600
0.091261
0.091261
0.067091
0.091261
0.091261
0.059034
0.050977
0.034864
0.026807
0.018751
-0.013476
-0.021532
-0.037646
-0.029589
-0.045702
-0.061816
-0.069872
-0.110155
-0.085986
-0.118212
-0.118212
-0.134325
-0.053759
0.059034
0.067091
0.083204
0.059034
0.050977
-0.053759
-0.102099
-0.126269
-0.142382
-0.158495
-0.198778
-0.198778
-0.214892
-0.222948
-0.239062
-0.239062
-0.206835
-0.271288
-0.214892
-0.255175
-0.271288
-0.222948
-0.263232
-0.214892
-0.222948
-0.206835
-0.198778
-0.247118
-0.222948
-0.222948
-0.222948
-0.182665
-0.214892
-0.198778
-0.198778
-0.182665
-0.182665
-0.118212
-0.158495
-0.166552
-0.158495
-0.150439
-0.102099
-0.110155
-0.126269
-0.094042
-0.061816
-0.110155
-0.077929
-0.013476
-0.029589
-0.013476
-0.045702
-0.029589
0.042921
-0.005419
0.075147
0.059034
0.042921
0.067091
0.059034
0.083204
0.059034
0.075147
0.099317
0.123487
0.115431
0.155714
0.163770
0.171827
0.179884
0.163770
0.204054
0.212110
0.204054
0.195997
0.220167
0.212110
0.228223
0.212110
0.276563
0.204054
0.220167
0.236280
0.220167
0.220167
0.212110
0.268507
0.236280
0.204054
0.220167
0.212110
0.179884
0.268507
0.212110
0.195997
0.187940
0.212110
0.187940
0.171827
0.171827
0.147657
0.155714
0.123487
0.107374
0.083204
0.123487
0.091261
0.059034
0.091261
0.026807
0.083204
0.067091
0.026807
0.034864
-0.005419
0.010694
-0.021532
0.002638
-0.045702
-0.021532
-0.053759
-0.110155
-0.077929
-0.094042
-0.142382
-0.134325
-0.110155
-0.126269
-0.166552
-0.134325
-0.150439
-0.182665
-0.190722
-0.198778
-0.190722
-0.198778
-0.214892
-0.255175
-0.198778
