0.513813
0.594379
0.763569
0.900532
0.924701
0.981098
1.077778
1.037494
1.061664
1.110004
1.118061
1.061664
1.101948
1.053608
1.013324
0.989155
0.940815
0.956928
0.900532
0.908588
0.852192
0.868305
0.779682
0.803852
0.803852
0.731342
0.739399
0.699116
0.683002
0.731342
0.650776
0.650776
0.666889
0.642719
0.634662
0.634662
0.626606
0.666889
0.691059
0.634662
0.650776
0.610492
0.674946
0.610492
0.674946
0.618549
0.626606
0.626606
0.602436
0.554096
0.562153
0.465473
0.481586
0.473530
0.401020
0.401020
0.328510
0.336567
0.280170
0.296283
0.215717
0.183491
0.159321
0.070698
0.110981
-0.001812
-0.001812
-0.025982
-0.058209
-0.050152
-0.179058
-0.154888
-0.171002
-0.179058
-0.259625
-0.227398
-0.283795
-0.307965
-0.299908
-0.348248
-0.404644
-0.348248
-0.380474
-0.388531
-0.444927
-0.420758
-0.412701
-0.420758
-0.404644
-0.420758
-0.452984
-0.396588
-0.452984
-0.420758
-0.412701
-0.388531
-0.428814
-0.380474
-0.428814
-0.348248
-0.340191
-0.356304
-0.404644
-0.324078
-0.348248
-0.307965
-0.356304
-0.299908
-0.291851
-0.203228
-0.066265
-0.034039
-0.114605
-0.106549
-0.074322
-0.122662
-0.130718
-0.058209
-0.130718
-0.042095
-0.066265
-0.082379
-0.050152
-0.058209
0.022358
-0.034039
0.014301
0.046528
-0.001812
0.054584
0.046528
0.062641
0.062641
0.127094
0.151264
0.127094
0.175434
0.167377
0.183491
0.191547
0.215717
0.191547
0.264057
0.223774
0.256000
0.239887
0.247944
0.247944
0.288227
0.288227
0.296283
0.312397
0.288227
0.296283
0.288227
0.296283
0.304340
0.239887
0.296283
0.304340
0.256000
0.296283
0.223774
0.304340
0.288227
0.256000
0.231830
0.296283
0.247944
0.256000
0.231830
0.272114
0.231830
0.183491
0.215717
0.215717
0.239887
0.167377
0.215717
0.151264
0.175434
0.175434
0.110981
0.159321
0.143207
0.127094
0.102924
0.094867
0.062641
0.054584
0.070698
-0.025982
0.022358
0.022358
-0.034039
-0.058209
-0.090435
-0.025982
-0.114605
-0.171002
-0.130718
-0.171002
-0.154888
-0.187115
-0.187115
-0.179058
-0.227398
-0.227398
-0.203228
-0.283795
-0.235455
-0.283795
-0.291851
-0.275738
-0.307965
-0.299908
-0.340191
-0.259625
-0.324078
-0.283795
-0.299908
-0.275738
-0.348248
-0.275738
-0.275738
-0.291851
-0.332134
-0.243511
-0.307965
-0.251568
-0.259625
-0.235455
-0.251568
-0.267681
-0.243511
-0.227398
-0.211285
-0.243511
-0.235455
-0.146832
-0.219342
-0.130718
-0.187115
-0.146832
-0.138775
-0.122662
-0.130718
-0.146832
-0.050152
-0.098492
-0.074322
-0.009869
-0.034039
-0.017926
-0.017926
-0.058209
0.014301
0.014301
0.062641
0.086811
0.183491
0.264057
0.304340
0.288227
0.296283
0.272114
0.191547
0.215717
0.207660
0.183491
0.231830
0.159321
0.199604
0.199604
0.223774
0.191547
0.231830
0.256000
0.247944
0.191547
0.239887
0.247944
0.223774
0.239887
0.199604
0.247944
0.231830
0.231830
0.207660
0.247944
0.175434
0.231830
0.231830
0.239887
0.215717
0.215717
0.183491
0.175434
0.183491
0.175434
0.175434
0.191547
0.151264
0.175434
0.183491
0.102924
0.143207
0.167377
0.151264
0.078754
0.135151
0.127094
0.102924
0.038471
0.078754
0.030414
0.022358
0.046528
-0.009869
0.022358
-0.042095
-0.009869
-0.034039
-0.042095
-0.098492
-0.114605
-0.090435
-0.114605
-0.122662
-0.114605
-0.154888
-0.154888
-0.227398
-0.203228
-0.203228
-0.227398
-0.195172
-0.259625
-0.251568
-0.219342
-0.259625
-0.251568
-0.243511
-0.299908
-0.275738
-0.283795
-0.283795
-0.243511
-0.267681
-0.299908
-0.251568
-0.267681
-0.251568
-0.275738
-0.283795
-0.219342
-0.283795
-0.203228
-0.267681
-0.219342
-0.195172
-0.251568
-0.227398
-0.251568
-0.203228
-0.154888
-0.179058
-0.203228
-0.154888
-0.187115
-0.098492
-0.146832
-0.146832
-0.154888
-0.098492
-0.066265
-0.130718
-0.082379
-0.050152
-0.042095
-0.034039
-0.042095
-0.034039
0.022358
0.054584
0.022358
0.046528
0.054584
0.038471
0.038471
0.110981
0.102924
0.110981
0.086811
0.102924
0.167377
0.143207
0.175434
0.135151
0.151264
0.199604
0.151264
0.159321
0.215717
0.199604
0.199604
0.175434
0.239887
0.215717
0.191547
0.247944
0.215717
0.191547
0.175434
0.207660
0.199604
0.183491
0.312397
0.344623
0.441303
0.417133
0.320453
0.312397
0.288227
0.264057
0.207660
0.223774
0.207660
0.175434
0.167377
0.191547
0.151264
0.135151
0.119037
0.135151
0.102924
0.054584
0.110981
0.046528
0.086811
0.062641
0.062641
0.022358
0.022358
0.062641
0.030414
-0.009869
-0.042095
-0.042095
0.006244
-0.042095
-0.074322
-0.050152
-0.090435
-0.042095
-0.122662
-0.122662
-0.122662
-0.138775
-0.171002
-0.162945
-0.146832
-0.187115
-0.179058
-0.203228
-0.179058
-0.203228
-0.211285
-0.243511
-0.243511
-0.195172
-0.267681
-0.219342
-0.275738
-0.235455
-0.267681
-0.283795
-0.235455
-0.251568
-0.275738
-0.243511
-0.251568
-0.267681
-0.235455
-0.195172
-0.235455
-0.243511
-0.211285
-0.251568
-0.195172
-0.195172
-0.203228
-0.154888
-0.211285
-0.203228
-0.162945
-0.162945
-0.154888
-0.122662
-0.146832
-0.130718
-0.074322
-0.090435
-0.066265
-0.074322
-0.034039
-0.050152
-0.050152
-0.009869
-0.050152
-0.042095
0.014301
0.014301
0.038471
0.022358
0.046528
0.054584
0.070698
0.102924
0.110981
0.054584
0.119037
0.119037
0.094867
0.175434
0.110981
0.183491
0.135151
0.199604
0.159321
0.175434
0.215717
0.239887
0.191547
0.215717
0.191547
0.247944
0.191547
0.231830
0.223774
0.207660
0.223774
0.199604
0.247944
0.231830
0.215717
0.223774
0.199604
0.215717
0.167377
0.223774
0.175434
0.191547
0.223774
0.183491
0.135151
0.175434
0.151264
0.127094
0.175434
0.127094
0.143207
0.102924
0.086811
0.070698
0.054584
0.046528
0.006244
0.030414
0.070698
0.167377
0.223774
0.247944
0.199604
0.191547
0.094867
0.078754
0.062641
-0.042095
-0.050152
-0.066265
-0.066265
-0.114605
-0.122662
-0.130718
-0.122662
-0.203228
-0.138775
-0.227398
-0.187115
-0.211285
-0.187115
-0.211285
-0.275738
-0.243511
-0.259625
-0.275738
-0.227398
-0.267681
-0.219342
-0.235455
-0.283795
-0.283795
-0.275738
-0.299908
-0.259625
-0.251568
-0.267681
-0.187115
-0.259625
-0.243511
-0.227398
-0.219342
-0.267681
-0.227398
-0.203228
-0.275738
-0.195172
-0.203228
-0.219342
-0.171002
-0.211285
-0.171002
-0.187115
-0.130718
-0.195172
-0.114605
-0.130718
-0.106549
-0.106549
-0.138775
-0.074322
-0.074322
-0.074322
-0.098492
-0.025982
-0.034039
-0.058209
0.006244
0.006244
0.014301
-0.009869
0.014301
0.038471
0.070698
0.054584
0.078754
0.078754
0.102924
0.070698
0.102924
0.119037
0.119037
0.135151
0.183491
0.159321
0.183491
0.191547
0.143207
0.223774
0.191547
0.175434
0.223774
0.231830
0.207660
0.191547
0.247944
0.231830
0.167377
0.239887
0.167377
0.223774
0.215717
0.239887
0.183491
0.223774
0.215717
0.175434
0.191547
0.207660
0.207660
0.175434
0.191547
0.159321
0.159321
0.159321
0.159321
0.110981
0.127094
0.119037
0.102924
0.159321
0.110981
0.062641
0.094867
0.038471
0.014301
0.054584
0.038471
0.038471
0.014301
-0.017926
0.006244
-0.042095
-0.042095
-0.025982
-0.074322
-0.106549
-0.082379
-0.090435
-0.122662
-0.106549
-0.130718
-0.179058
-0.171002
-0.179058
-0.195172
-0.154888
-0.219342
-0.235455
-0.203228
-0.275738
-0.251568
-0.251568
-0.251568
-0.243511
-0.138775
-0.009869
-0.025982
-0.058209
-0.066265
-0.058209
-0.082379
-0.122662
-0.195172
-0.171002
-0.243511
-0.211285
-0.243511
-0.251568
-0.235455
-0.227398
-0.187115
-0.219342
-0.235455
-0.227398
-0.187115
-0.219342
-0.203228
-0.187115
-0.171002
-0.211285
-0.187115
-0.114605
-0.179058
-0.122662
-0.098492
-0.130718
-0.106549
-0.146832
-0.090435
-0.058209
-0.042095
-0.066265
-0.025982
-0.050152
0.030414
0.006244
0.006244
0.046528
0.030414
0.054584
0.030414
0.038471
0.086811
0.110981
0.086811
0.119037
0.086811
0.143207
0.151264
0.110981
0.151264
0.143207
0.199604
0.175434
0.151264
0.239887
0.223774
0.215717
0.199604
0.223774
0.183491
0.231830
0.223774
0.223774
0.183491
0.264057
0.175434
0.215717
0.191547
0.223774
0.215717
0.183491
0.199604
0.223774
0.167377
0.191547
0.207660
0.183491
0.191547
0.159321
0.167377
0.127094
0.135151
0.127094
0.127094
0.094867
0.167377
0.110981
0.110981
0.054584
0.054584
0.062641
0.046528
0.062641
0.070698
-0.009869
-0.001812
-0.009869
-0.034039
-0.017926
-0.050152
-0.034039
-0.082379
-0.066265
-0.106549
-0.082379
-0.138775
-0.114605
-0.098492
-0.162945
-0.211285
-0.154888
-0.162945
-0.203228
-0.211285
-0.162945
-0.211285
-0.187115
-0.211285
-0.275738
-0.227398
-0.259625
-0.211285
-0.243511
-0.291851
-0.259625
-0.219342
-0.299908
-0.227398
-0.243511
-0.299908
-0.259625
-0.267681
-0.251568
-0.267681
-0.275738
-0.259625
-0.251568
-0.243511
-0.251568
-0.243511
-0.227398
-0.243511
-0.203228
-0.171002
-0.009869
0.006244
0.070698
0.046528
-0.017926
0.014301
-0.017926
-0.074322
-0.058209
-0.114605
-0.066265
-0.042095
-0.082379
-0.034039
-0.050152
-0.066265
-0.042095
0.006244
-0.017926
0.006244
0.038471
0.046528
-0.001812
0.078754
0.022358
0.094867
0.054584
0.127094
0.086811
0.110981
0.143207
0.119037
0.167377
0.159321
0.135151
0.175434
0.167377
0.215717
0.183491
0.191547
0.207660
0.183491
0.231830
0.183491
0.256000
0.215717
0.215717
0.199604
0.175434
0.191547
0.223774
0.183491
0.239887
0.167377
0.264057
0.215717
0.191547
0.199604
0.167377
0.231830
0.175434
0.191547
0.151264
0.167377
0.151264
0.175434
0.159321
0.119037
0.110981
0.119037
0.046528
0.135151
0.070698
0.094867
0.054584
0.062641
0.014301
0.038471
0.014301
-0.025982
0.014301
0.006244
-0.017926
-0.050152
-0.050152
-0.066265
-0.106549
-0.082379
-0.106549
-0.098492
-0.146832
-0.114605
-0.138775
-0.162945
-0.130718
-0.227398
-0.195172
-0.154888
-0.227398
-0.195172
-0.219342
-0.211285
-0.203228
-0.203228
-0.275738
-0.243511
-0.219342
-0.243511
-0.291851
-0.203228
-0.267681
-0.283795
-0.259625
-0.235455
-0.235455
-0.275738
-0.291851
-0.251568
-0.235455
-0.235455
-0.291851
-0.259625
-0.195172
-0.203228
-0.227398
-0.195172
-0.219342
-0.235455
-0.162945
-0.179058
-0.179058
-0.195172
-0.130718
-0.154888
-0.179058
-0.082379
-0.130718
-0.074322
-0.114605
-0.082379
-0.082379
-0.066265
-0.042095
-0.058209
-0.017926
-0.042095
-0.017926
0.030414
0.054584
-0.025982
0.054584
0.030414
0.038471
0.046528
0.119037
0.038471
0.167377
0.199604
0.344623
0.320453
0.328510
0.336567
0.304340
0.223774
0.239887
0.264057
0.215717
0.207660
0.239887
0.191547
0.256000
0.191547
0.215717
0.239887
0.223774
0.183491
0.223774
0.231830
0.223774
0.207660
0.223774
0.199604
0.247944
0.199604
0.223774
0.215717
0.199604
0.199604
0.191547
0.135151
0.191547
0.143207
0.127094
0.175434
0.127094
0.151264
0.135151
0.094867
0.135151
0.094867
0.086811
0.038471
0.062641
0.070698
0.014301
0.030414
-0.001812
0.046528
-0.025982
0.006244
-0.066265
-0.042095
-0.042095
-0.058209
-0.074322
-0.074322
-0.074322
-0.082379
-0.138775
-0.114605
-0.162945
-0.146832
-0.179058
-0.187115
-0.187115
-0.179058
-0.227398
-0.162945
-0.243511
-0.162945
-0.243511
-0.235455
-0.219342
-0.227398
-0.251568
-0.227398
-0.259625
-0.235455
-0.243511
-0.243511
-0.243511
-0.251568
-0.251568
-0.259625
-0.267681
-0.219342
-0.251568
-0.299908
-0.235455
-0.219342
-0.259625
-0.219342
-0.162945
-0.251568
-0.195172
-0.162945
-0.219342
-0.187115
-0.211285
-0.130718
-0.211285
-0.146832
-0.090435
-0.122662
-0.122662
-0.082379
-0.130718
-0.074322
-0.066265
-0.106549
-0.034039
-0.058209
0.014301
-0.009869
0.030414
0.046528
0.022358
0.014301
0.038471
0.054584
0.062641
0.094867
0.062641
0.102924
0.127094
0.094867
0.167377
0.127094
0.183491
0.143207
0.183491
0.167377
0.151264
0.199604
0.183491
0.223774
0.175434
0.199604
0.223774
0.215717
0.175434
0.215717
0.175434
0.207660
0.183491
0.199604
0.247944
0.175434
0.215717
0.231830
0.344623
0.449360
0.417133
0.409076
0.401020
0.328510
0.239887
0.247944
0.199604
0.175434
0.199604
0.110981
0.175434
0.143207
0.151264
0.070698
0.086811
0.143207
0.038471
0.102924
0.022358
0.038471
0.038471
-0.017926
0.014301
0.054584
-0.034039
0.006244
-0.034039
-0.090435
-0.058209
-0.090435
-0.066265
-0.074322
-0.138775
-0.074322
-0.154888
-0.195172
-0.162945
-0.195172
-0.187115
-0.187115
-0.179058
-0.162945
-0.227398
-0.171002
-0.267681
-0.235455
-0.259625
-0.243511
-0.219342
-0.291851
-0.243511
-0.283795
-0.219342
-0.259625
-0.267681
-0.235455
-0.251568
-0.235455
-0.243511
-0.251568
-0.275738
-0.251568
-0.227398
-0.251568
-0.227398
-0.227398
-0.203228
-0.219342
-0.243511
-0.179058
-0.195172
-0.211285
-0.179058
-0.179058
-0.195172
-0.171002
-0.130718
-0.130718
-0.130718
-0.130718
-0.130718
-0.090435
-0.130718
-0.025982
-0.122662
-0.050152
-0.034039
-0.058209
-0.009869
0.014301
-0.017926
0.014301
0.006244
0.038471
-0.009869
0.078754
0.022358
0.086811
0.078754
0.086811
0.127094
0.110981
0.175434
0.191547
0.143207
0.135151
0.191547
0.143207
0.159321
0.183491
0.175434
0.223774
0.183491
0.207660
0.231830
0.239887
0.223774
0.215717
0.207660
0.167377
0.207660
0.223774
0.175434
0.207660
0.231830
0.215717
0.207660
0.239887
0.199604
0.215717
0.183491
0.199604
0.135151
0.183491
0.159321
0.199604
0.143207
0.135151
0.151264
0.102924
0.127094
0.110981
0.078754
0.135151
0.054584
0.006244
0.070698
0.014301
0.022358
0.006244
0.046528
-0.050152
-0.042095
0.054584
0.102924
0.199604
0.135151
0.159321
0.078754
0.022358
-0.009869
-0.050152
-0.114605
-0.058209
-0.138775
-0.130718
-0.138775
-0.162945
-0.195172
-0.211285
-0.154888
-0.203228
-0.203228
-0.251568
-0.195172
-0.275738
-0.235455
-0.235455
-0.291851
-0.219342
-0.283795
-0.235455
-0.275738
-0.316021
-0.211285
-0.283795
-0.235455
-0.259625
-0.267681
-0.275738
-0.251568
-0.211285
-0.283795
-0.211285
-0.267681
-0.219342
-0.211285
-0.243511
-0.171002
-0.154888
-0.243511
-0.154888
-0.195172
-0.138775
-0.146832
-0.146832
-0.154888
-0.098492
-0.082379
-0.098492
-0.082379
-0.082379
-0.034039
-0.066265
-0.050152
-0.009869
-0.025982
-0.009869
-0.017926
-0.017926
0.038471
0.038471
0.038471
0.030414
0.046528
0.014301
0.054584
0.119037
0.110981
0.086811
0.119037
0.159321
0.143207
0.110981
0.151264
0.207660
0.183491
0.199604
0.207660
0.191547
0.159321
0.231830
0.207660
0.215717
0.231830
0.247944
0.223774
0.183491
0.223774
0.215717
0.191547
0.215717
0.199604
0.247944
0.183491
0.215717
0.223774
0.183491
0.223774
0.159321
0.191547
0.199604
0.135151
0.183491
0.151264
0.159321
0.135151
0.135151
0.094867
0.127094
0.102924
0.102924
0.102924
0.062641
0.030414
0.046528
0.054584
0.022358
-0.009869
-0.042095
-0.001812
-0.017926
-0.050152
-0.050152
-0.034039
-0.001812
-0.074322
-0.074322
-0.122662
-0.114605
-0.154888
-0.098492
-0.162945
-0.162945
-0.203228
-0.154888
-0.187115
-0.211285
-0.219342
-0.243511
-0.235455
-0.235455
-0.251568
-0.251568
-0.162945
-0.106549
-0.050152
-0.114605
-0.058209
-0.154888
-0.122662
-0.227398
-0.211285
-0.219342
-0.235455
-0.235455
-0.227398
-0.251568
-0.211285
-0.235455
-0.267681
-0.219342
-0.243511
-0.187115
-0.211285
-0.219342
-0.203228
-0.243511
-0.187115
-0.187115
-0.162945
-0.162945
-0.154888
-0.171002
-0.171002
-0.122662
-0.122662
-0.082379
-0.098492
-0.090435
-0.066265
-0.058209
-0.058209
-0.058209
-0.042095
-0.009869
-0.001812
0.046528
-0.009869
0.038471
0.054584
0.054584
0.030414
0.094867
0.054584
0.094867
0.110981
0.127094
0.135151
0.167377
0.086811
0.135151
0.175434
0.183491
0.127094
0.207660
0.151264
0.207660
0.191547
0.159321
0.256000
0.215717
0.191547
0.231830
0.175434
0.191547
0.223774
0.199604
0.207660
0.183491
0.207660
0.191547
0.207660
0.215717
0.199604
0.159321
0.191547
0.159321
0.191547
0.167377
0.175434
0.167377
0.119037
0.159321
0.143207
0.086811
0.143207
0.159321
0.070698
0.086811
0.046528
0.078754
0.054584
0.022358
0.030414
0.006244
0.022358
-0.001812
-0.001812
-0.009869
-0.058209
-0.034039
-0.066265
-0.058209
-0.106549
-0.050152
-0.114605
-0.098492
-0.106549
-0.171002
-0.106549
-0.187115
-0.179058
-0.138775
-0.171002
-0.219342
-0.195172
-0.187115
-0.171002
-0.235455
-0.243511
-0.235455
-0.203228
-0.283795
-0.243511
-0.259625
-0.243511
-0.219342
-0.251568
-0.243511
-0.251568
-0.275738
-0.227398
-0.275738
-0.283795
-0.227398
-0.211285
-0.251568
-0.211285
-0.275738
-0.211285
-0.235455
-0.219342
-0.187115
-0.195172
-0.179058
-0.219342
-0.211285
-0.211285
-0.162945
-0.187115
-0.098492
0.038471
0.070698
0.086811
0.062641
0.062641
0.022358
-0.025982
-0.009869
-0.001812
-0.009869
0.014301
0.014301
-0.025982
0.038471
-0.001812
0.046528
0.054584
0.038471
0.062641
0.062641
0.102924
0.078754
0.135151
0.119037
0.094867
0.135151
0.135151
0.167377
0.159321
0.199604
0.191547
0.183491
0.191547
0.175434
0.207660
0.256000
0.207660
0.207660
0.247944
0.215717
0.199604
0.207660
0.247944
0.223774
0.175434
0.223774
0.215717
0.207660
0.191547
0.191547
0.215717
0.231830
0.183491
0.159321
0.175434
0.167377
0.167377
0.175434
0.167377
0.175434
0.110981
0.143207
0.070698
0.151264
0.110981
0.119037
0.062641
0.078754
0.094867
0.030414
0.030414
0.046528
-0.001812
-0.034039
0.014301
-0.034039
-0.034039
-0.066265
-0.058209
-0.082379
-0.106549
-0.074322
-0.098492
-0.106549
-0.122662
-0.130718
-0.154888
-0.195172
-0.171002
-0.179058
-0.187115
-0.211285
-0.227398
-0.211285
-0.203228
-0.187115
-0.259625
-0.211285
-0.235455
-0.259625
-0.259625
-0.251568
-0.243511
-0.275738
-0.251568
-0.235455
-0.243511
-0.235455
-0.235455
-0.267681
-0.235455
-0.235455
-0.211285
-0.275738
-0.235455
-0.227398
-0.235455
-0.251568
-0.211285
-0.259625
-0.195172
-0.195172
-0.195172
-0.219342
-0.162945
-0.146832
-0.195172
-0.130718
-0.122662
-0.130718
-0.146832
-0.106549
-0.058209
-0.098492
-0.082379
-0.017926
-0.025982
-0.082379
-0.009869
-0.042095
0.014301
-0.009869
-0.025982
0.038471
0.030414
0.014301
0.078754
0.022358
0.038471
0.110981
0.110981
0.078754
0.151264
0.336567
0.392963
0.368793
0.336567
0.344623
0.320453
0.231830
0.280170
0.231830
0.215717
0.215717
0.239887
0.264057
0.207660
0.223774
0.223774
0.199604
0.215717
0.239887
0.231830
0.191547
0.207660
0.191547
0.175434
0.239887
0.167377
0.191547
0.127094
0.167377
0.167377
0.199604
0.175434
0.175434
0.143207
0.110981
0.135151
0.094867
0.151264
0.086811
0.054584
0.078754
0.094867
0.127094
0.038471
-0.001812
0.022358
0.046528
-0.017926
0.030414
-0.042095
-0.017926
-0.034039
-0.042095
-0.090435
-0.066265
-0.090435
-0.074322
-0.122662
-0.082379
-0.114605
-0.138775
-0.171002
-0.187115
-0.130718
-0.187115
-0.195172
-0.179058
-0.235455
-0.219342
-0.195172
-0.219342
-0.203228
-0.227398
-0.259625
-0.219342
-0.227398
-0.235455
-0.283795
-0.267681
-0.243511
-0.275738
-0.251568
-0.299908
-0.259625
-0.235455
-0.227398
-0.259625
-0.203228
-0.267681
-0.203228
-0.235455
-0.251568
-0.211285
-0.219342
-0.259625
-0.179058
-0.187115
-0.227398
-0.179058
-0.154888
-0.146832
-0.187115
-0.114605
-0.098492
-0.146832
-0.098492
-0.114605
-0.122662
-0.074322
-0.042095
-0.098492
-0.025982
-0.034039
-0.058209
-0.009869
0.022358
0.006244
0.014301
0.022358
0.054584
0.062641
0.062641
0.062641
0.110981
0.062641
0.102924
0.110981
0.127094
0.094867
0.159321
0.143207
0.159321
0.175434
0.159321
0.183491
0.159321
0.207660
0.199604
0.264057
0.199604
0.207660
0.159321
0.215717
0.191547
0.175434
0.199604
0.231830
0.175434
0.239887
0.183491
0.199604
0.183491
0.231830
0.151264
0.143207
0.247944
0.425190
0.417133
0.368793
0.409076
0.360737
0.312397
0.247944
0.175434
0.191547
0.135151
0.110981
0.135151
0.078754
0.078754
0.070698
0.094867
0.022358
0.046528
0.046528
0.054584
-0.017926
-0.066265
-0.034039
-0.066265
-0.042095
-0.066265
-0.082379
-0.042095
-0.122662
-0.090435
-0.154888
-0.098492
-0.130718
-0.130718
-0.179058
-0.187115
-0.219342
-0.203228
-0.219342
-0.203228
-0.219342
-0.219342
-0.235455
-0.195172
-0.275738
-0.251568
-0.235455
-0.259625
-0.243511
-0.251568
-0.227398
-0.251568
-0.259625
-0.291851
-0.243511
-0.235455
-0.283795
-0.267681
-0.291851
-0.243511
-0.251568
-0.235455
-0.267681
-0.203228
-0.219342
-0.219342
-0.235455
-0.179058
-0.243511
-0.162945
-0.179058
-0.179058
-0.227398
-0.122662
-0.130718
-0.122662
-0.162945
-0.090435
-0.130718
-0.114605
-0.114605
-0.114605
-0.050152
-0.034039
-0.066265
-0.009869
0.006244
-0.042095
-0.001812
0.014301
0.046528
0.054584
0.038471
0.054584
0.062641
0.127094
0.054584
0.110981
0.086811
0.135151
0.151264
0.110981
0.159321
0.159321
0.167377
0.199604
0.191547
0.183491
0.199604
0.199604
0.247944
0.215717
0.215717
0.175434
0.207660
0.247944
0.183491
0.183491
0.239887
0.215717
0.207660
0.175434
0.247944
0.175434
0.175434
0.199604
0.223774
0.167377
0.175434
0.183491
0.199604
0.159321
0.110981
0.175434
0.119037
0.159321
0.127094
0.054584
0.102924
0.127094
0.054584
0.070698
0.038471
0.046528
0.030414
0.014301
0.030414
0.014301
-0.009869
-0.009869
0.127094
0.159321
0.143207
0.135151
0.119037
0.062641
0.014301
-0.066265
-0.050152
-0.130718
-0.082379
-0.154888
-0.187115
-0.162945
-0.203228
-0.162945
-0.235455
-0.154888
-0.267681
-0.211285
-0.283795
-0.227398
-0.219342
-0.251568
-0.243511
-0.259625
-0.259625
-0.219342
-0.275738
-0.243511
-0.291851
-0.243511
-0.259625
-0.283795
-0.283795
-0.227398
-0.267681
-0.251568
-0.259625
-0.227398
-0.211285
-0.243511
-0.195172
-0.203228
-0.235455
-0.219342
-0.187115
-0.171002
-0.203228
-0.162945
-0.146832
-0.162945
-0.195172
-0.122662
-0.146832
-0.130718
-0.114605
-0.082379
-0.074322
-0.090435
-0.034039
-0.074322
-0.034039
-0.050152
-0.025982
-0.025982
-0.034039
0.006244
0.014301
0.046528
0.030414
0.022358
0.070698
0.102924
0.078754
0.062641
0.110981
0.151264
0.127094
0.151264
0.119037
0.167377
0.151264
0.159321
0.191547
0.191547
0.167377
0.191547
0.159321
0.231830
0.215717
0.191547
0.239887
0.199604
0.183491
0.239887
0.207660
0.191547
0.207660
0.199604
0.191547
0.191547
0.183491
0.167377
0.167377
0.199604
0.159321
0.207660
0.175434
0.127094
0.151264
0.175434
0.119037
0.119037
0.110981
0.159321
0.102924
0.110981
0.078754
0.086811
0.086811
0.046528
0.046528
0.022358
-0.009869
0.038471
-0.034039
-0.025982
-0.034039
-0.034039
-0.082379
-0.074322
-0.025982
-0.090435
-0.114605
-0.122662
-0.090435
-0.146832
-0.154888
-0.106549
-0.219342
-0.146832
-0.195172
-0.203228
-0.251568
-0.187115
-0.203228
-0.251568
-0.195172
-0.251568
-0.291851
-0.275738
-0.251568
-0.275738
-0.227398
-0.324078
-0.291851
-0.171002
-0.058209
-0.050152
-0.001812
-0.090435
-0.082379
-0.179058
-0.146832
-0.146832
-0.219342
-0.187115
-0.251568
-0.187115
-0.203228
-0.203228
-0.179058
-0.227398
-0.162945
-0.195172
-0.195172
-0.187115
-0.146832
-0.122662
-0.162945
-0.138775
-0.122662
-0.114605
-0.098492
-0.106549
-0.066265
-0.098492
-0.017926
-0.034039
-0.066265
-0.025982
-0.009869
0.006244
0.030414
0.022358
0.006244
0.038471
0.062641
0.046528
0.070698
0.078754
0.127094
0.086811
0.078754
0.151264
0.127094
0.110981
0.159321
0.159321
0.127094
0.183491
0.199604
0.191547
0.207660
0.167377
0.199604
0.175434
0.215717
0.183491
0.215717
0.215717
0.167377
0.223774
0.247944
0.207660
0.175434
0.199604
0.215717
0.199604
0.207660
0.167377
0.207660
0.183491
0.199604
0.175434
0.215717
0.151264
0.167377
0.167377
0.175434
0.110981
0.119037
0.127094
0.102924
0.086811
0.094867
0.094867
0.078754
0.062641
0.070698
-0.001812
0.022358
0.030414
-0.001812
-0.009869
-0.058209
-0.034039
-0.042095
-0.098492
-0.082379
-0.082379
-0.082379
-0.122662
-0.122662
-0.122662
-0.179058
-0.146832
-0.146832
-0.203228
-0.179058
-0.179058
-0.235455
-0.219342
-0.251568
-0.203228
-0.251568
-0.235455
-0.251568
-0.235455
-0.275738
-0.235455
-0.251568
-0.235455
-0.267681
-0.251568
-0.267681
-0.275738
-0.283795
-0.227398
-0.219342
-0.299908
-0.259625
-0.243511
-0.235455
-0.251568
-0.227398
-0.235455
-0.211285
-0.259625
-0.219342
-0.195172
-0.187115
-0.227398
-0.195172
-0.211285
-0.162945
-0.154888
-0.203228
-0.122662
-0.042095
0.070698
0.127094
0.086811
0.110981
0.094867
0.054584
0.086811
-0.017926
-0.001812
-0.017926
0.014301
0.006244
0.006244
0.038471
0.038471
0.062641
0.054584
0.030414
0.110981
0.046528
0.094867
0.102924
0.119037
0.127094
0.167377
0.151264
0.135151
0.207660
0.135151
0.183491
0.207660
0.215717
0.199604
0.231830
0.199604
0.215717
0.207660
0.223774
0.223774
0.239887
0.215717
0.207660
0.183491
0.199604
0.199604
0.231830
0.199604
0.207660
0.191547
0.191547
0.199604
0.167377
0.167377
0.183491
0.167377
0.183491
0.167377
0.127094
0.143207
0.102924
0.086811
0.110981
0.054584
0.102924
0.070698
0.030414
0.070698
0.022358
0.038471
0.030414
0.038471
-0.001812
-0.074322
-0.017926
-0.034039
-0.082379
-0.034039
-0.058209
-0.114605
-0.066265
-0.106549
-0.138775
-0.114605
-0.122662
-0.146832
-0.179058
-0.171002
-0.138775
-0.219342
-0.179058
-0.259625
-0.211285
-0.219342
-0.235455
-0.251568
-0.211285
-0.267681
-0.267681
-0.235455
-0.235455
-0.275738
-0.283795
-0.259625
-0.235455
-0.299908
-0.251568
-0.227398
-0.227398
-0.211285
-0.275738
-0.235455
-0.219342
-0.235455
-0.251568
-0.219342
-0.187115
-0.219342
-0.211285
-0.203228
-0.187115
-0.179058
-0.187115
-0.179058
-0.203228
-0.114605
-0.130718
-0.162945
-0.098492
-0.154888
-0.098492
-0.122662
-0.066265
-0.050152
-0.090435
0.014301
-0.058209
-0.009869
-0.025982
-0.001812
-0.025982
0.006244
0.022358
0.054584
0.078754
0.054584
0.022358
0.119037
0.054584
0.143207
0.094867
0.070698
0.102924
0.119037
0.094867
0.191547
0.239887
0.384907
0.392963
0.433246
0.352680
0.360737
0.312397
0.280170
0.247944
0.264057
0.199604
0.223774
0.247944
0.199604
0.264057
0.199604
0.239887
0.199604
0.191547
0.223774
0.215717
0.215717
0.183491
0.175434
0.167377
0.183491
0.183491
0.119037
0.175434
0.159321
0.086811
0.159321
0.102924
0.086811
0.119037
0.054584
0.110981
0.078754
0.046528
-0.025982
0.038471
0.054584
0.014301
-0.034039
-0.001812
-0.034039
-0.025982
-0.017926
-0.042095
-0.058209
-0.074322
-0.050152
-0.106549
-0.082379
-0.106549
-0.146832
-0.146832
-0.154888
-0.154888
-0.154888
-0.219342
-0.179058
-0.195172
-0.203228
-0.187115
-0.251568
-0.235455
-0.243511
-0.211285
-0.227398
-0.259625
-0.235455
-0.267681
-0.251568
-0.267681
-0.235455
-0.267681
-0.251568
-0.283795
-0.235455
-0.251568
-0.259625
-0.243511
-0.251568
-0.219342
-0.227398
-0.243511
-0.283795
-0.235455
-0.227398
-0.211285
-0.211285
-0.211285
-0.211285
-0.154888
-0.154888
-0.146832
-0.162945
-0.138775
-0.146832
-0.130718
-0.122662
-0.106549
-0.074322
-0.122662
-0.042095
-0.058209
-0.066265
-0.009869
-0.025982
-0.017926
-0.025982
-0.001812
-0.025982
0.022358
0.046528
0.038471
0.062641
0.086811
0.086811
0.110981
0.135151
0.102924
0.127094
0.127094
0.159321
0.167377
0.167377
0.159321
0.183491
0.199604
0.167377
0.191547
0.159321
0.207660
0.199604
0.256000
0.207660
0.191547
0.223774
0.231830
0.183491
0.207660
0.247944
0.191547
0.175434
0.215717
0.191547
0.183491
0.199604
0.247944
0.360737
0.392963
0.368793
0.328510
0.328510
0.296283
0.247944
0.183491
0.175434
0.143207
0.119037
0.135151
0.078754
0.110981
0.102924
0.038471
0.062641
0.022358
0.038471
-0.001812
-0.017926
-0.009869
0.006244
-0.050152
-0.009869
-0.058209
-0.066265
-0.090435
-0.074322
-0.042095
-0.122662
-0.130718
-0.146832
-0.122662
-0.187115
-0.154888
-0.154888
-0.195172
-0.187115
-0.219342
-0.187115
-0.251568
-0.219342
-0.203228
-0.243511
-0.243511
-0.283795
-0.259625
-0.219342
-0.299908
-0.211285
-0.275738
-0.251568
-0.227398
-0.259625
-0.259625
-0.291851
-0.243511
-0.275738
-0.243511
-0.235455
-0.251568
-0.243511
-0.203228
-0.275738
-0.179058
-0.227398
-0.259625
-0.162945
-0.251568
-0.154888
-0.227398
-0.171002
-0.138775
-0.154888
-0.195172
-0.130718
-0.138775
-0.090435
-0.090435
-0.138775
-0.050152
-0.066265
-0.058209
-0.058209
-0.058209
-0.017926
-0.050152
-0.001812
0.006244
0.006244
0.046528
0.070698
0.022358
0.094867
0.086811
0.102924
0.094867
0.086811
0.167377
0.094867
0.175434
0.143207
0.102924
0.183491
0.183491
0.167377
0.159321
0.215717
0.215717
0.175434
0.207660
0.231830
0.207660
0.223774
0.199604
0.199604
0.239887
0.199604
0.223774
0.183491
0.215717
0.247944
0.183491
0.215717
0.191547
0.199604
0.191547
0.159321
0.183491
0.159321
0.191547
0.175434
0.119037
0.175434
0.119037
0.127094
0.119037
0.135151
0.102924
0.094867
0.078754
0.054584
0.086811
0.022358
0.038471
0.022358
-0.017926
0.014301
-0.017926
-0.082379
-0.001812
-0.066265
-0.058209
-0.098492
-0.098492
-0.058209
0.046528
0.054584
0.127094
0.038471
-0.042095
-0.017926
-0.122662
-0.098492
-0.138775
-0.187115
-0.187115
-0.187115
-0.227398
-0.227398
-0.211285
-0.283795
-0.227398
-0.243511
-0.211285
-0.275738
-0.243511
-0.251568
-0.283795
-0.227398
-0.259625
-0.259625
-0.243511
-0.267681
-0.235455
-0.259625
-0.235455
-0.275738
-0.195172
-0.235455
-0.219342
-0.235455
-0.211285
-0.251568
-0.154888
-0.211285
-0.219342
-0.162945
-0.187115
-0.203228
-0.162945
-0.187115
-0.138775
-0.122662
-0.122662
-0.146832
-0.106549
-0.058209
-0.090435
-0.050152
-0.034039
-0.050152
-0.042095
-0.001812
-0.009869
-0.009869
