0.961638
1.485319
1.533659
1.485319
1.372526
1.275847
1.163054
1.050261
0.961638
0.840788
0.816618
0.727995
0.703825
0.647429
0.566862
0.550749
0.470183
0.429899
0.437956
0.333220
0.349333
0.260710
0.268767
0.196257
0.220427
0.107634
0.115690
0.027067
0.010954
-0.013216
-0.045442
-0.069612
-0.101839
-0.198519
-0.158235
-0.246858
-0.238802
-0.271028
-0.311311
-0.311311
-0.351595
-0.448274
-0.424104
-0.448274
-0.496614
-0.448274
-0.528841
-0.504671
-0.504671
-0.544954
-0.528841
-0.520784
-0.528841
-0.585237
-0.544954
-0.496614
-0.577181
-0.536897
-0.496614
-0.544954
-0.512727
-0.544954
-0.504671
-0.480501
-0.464388
-0.496614
-0.448274
-0.440218
-0.440218
-0.456331
-0.432161
-0.399935
-0.456331
-0.391878
-0.407991
-0.407991
-0.351595
-0.399935
-0.335481
-0.295198
-0.335481
-0.287142
-0.246858
-0.303255
-0.271028
-0.279085
-0.254915
-0.198519
-0.222688
-0.206575
-0.190462
-0.142122
-0.069612
-0.061556
-0.069612
-0.053499
-0.061556
0.010954
0.002898
0.059294
0.043181
0.067351
0.099577
0.204314
0.333220
0.429899
0.405730
0.446013
0.413786
0.357390
0.413786
0.365446
0.341276
0.357390
0.357390
0.341276
0.349333
0.317106
0.309050
0.341276
0.333220
0.357390
0.397673
0.325163
0.317106
0.292937
0.292937
0.373503
0.300993
0.309050
0.341276
0.284880
0.325163
0.300993
0.284880
0.300993
0.268767
0.252653
0.244597
0.244597
0.244597
0.260710
0.196257
0.244597
0.139860
0.188200
0.180144
0.164030
0.131804
0.131804
0.123747
0.059294
0.051237
0.051237
0.035124
0.027067
0.010954
-0.021272
0.002898
-0.061556
-0.037386
-0.037386
-0.109895
-0.085726
-0.142122
-0.109895
-0.158235
-0.182405
-0.174349
-0.142122
-0.198519
-0.190462
-0.230745
-0.271028
-0.246858
-0.246858
-0.271028
-0.254915
-0.222688
-0.254915
-0.311311
-0.311311
-0.271028
-0.303255
-0.295198
-0.319368
-0.295198
-0.287142
-0.319368
-0.343538
-0.287142
-0.335481
-0.327425
-0.271028
-0.271028
-0.335481
-0.279085
-0.287142
-0.246858
-0.230745
-0.271028
-0.214632
-0.262972
-0.254915
-0.238802
-0.238802
-0.206575
-0.254915
-0.206575
-0.190462
-0.198519
-0.230745
-0.134065
-0.174349
-0.134065
-0.126009
-0.134065
-0.101839
-0.101839
-0.077669
-0.109895
-0.045442
-0.069612
0.002898
-0.037386
0.019011
-0.013216
0.027067
0.059294
0.043181
0.083464
0.099577
0.099577
0.075407
0.164030
0.099577
0.164030
0.164030
0.172087
0.212370
0.204314
0.252653
0.188200
0.188200
0.252653
0.204314
0.236540
0.292937
0.236540
0.236540
0.244597
0.236540
0.284880
0.228483
0.212370
0.252653
0.220427
0.276823
0.220427
0.228483
0.244597
0.349333
0.389616
0.486296
0.421843
0.405730
0.397673
0.309050
0.252653
0.236540
0.228483
0.147917
0.212370
0.131804
0.196257
0.091521
0.131804
0.091521
0.067351
0.107634
0.043181
0.067351
0.059294
0.002898
0.002898
-0.021272
0.019011
-0.069612
-0.021272
-0.053499
-0.101839
-0.037386
-0.142122
-0.045442
-0.117952
-0.109895
-0.093782
-0.150179
-0.126009
-0.158235
-0.174349
-0.206575
-0.174349
-0.222688
-0.206575
-0.230745
-0.190462
-0.262972
-0.230745
-0.262972
-0.214632
-0.254915
-0.254915
-0.271028
-0.279085
-0.254915
-0.246858
-0.246858
-0.246858
-0.246858
-0.246858
-0.214632
-0.279085
-0.238802
-0.254915
-0.262972
-0.254915
-0.182405
-0.254915
-0.190462
-0.262972
-0.198519
-0.214632
-0.190462
-0.190462
-0.206575
-0.230745
-0.158235
-0.206575
-0.174349
-0.101839
-0.126009
-0.109895
-0.142122
-0.069612
-0.126009
-0.085726
-0.053499
-0.053499
-0.021272
-0.061556
0.010954
0.002898
-0.021272
0.019011
0.083464
0.027067
0.027067
0.123747
0.083464
0.099577
0.107634
0.123747
0.115690
0.147917
0.204314
0.164030
0.172087
0.204314
0.220427
0.172087
0.252653
0.196257
0.204314
0.236540
0.172087
0.260710
0.220427
0.236540
0.212370
0.260710
0.196257
0.220427
0.244597
0.244597
0.236540
0.268767
0.220427
0.212370
0.244597
0.180144
0.172087
0.220427
0.188200
0.212370
0.180144
0.155974
0.155974
0.123747
0.123747
0.123747
0.107634
0.139860
0.075407
0.123747
0.075407
0.027067
0.027067
0.075407
0.019011
0.035124
-0.029329
0.019011
0.002898
0.155974
0.228483
0.155974
0.164030
0.139860
0.027067
0.010954
-0.005159
-0.093782
-0.053499
-0.077669
-0.126009
-0.150179
-0.174349
-0.166292
-0.214632
-0.190462
-0.230745
-0.166292
-0.182405
-0.214632
-0.230745
-0.206575
-0.295198
-0.262972
-0.198519
-0.254915
-0.238802
-0.262972
-0.262972
-0.262972
-0.295198
-0.238802
-0.254915
-0.254915
-0.230745
-0.279085
-0.198519
-0.262972
-0.254915
-0.198519
-0.254915
-0.198519
-0.271028
-0.222688
-0.206575
-0.174349
-0.222688
-0.166292
-0.222688
-0.150179
-0.142122
-0.142122
-0.182405
-0.142122
-0.126009
-0.134065
-0.117952
-0.101839
-0.101839
-0.077669
-0.069612
-0.093782
-0.005159
-0.045442
-0.005159
0.027067
-0.005159
0.067351
-0.005159
0.059294
0.010954
0.075407
0.091521
0.099577
0.123747
0.099577
0.164030
0.131804
0.139860
0.188200
0.188200
0.196257
0.172087
0.188200
0.228483
0.204314
0.196257
0.236540
0.212370
0.228483
0.220427
0.228483
0.212370
0.244597
0.260710
0.276823
0.244597
0.204314
0.236540
0.196257
0.220427
0.228483
0.196257
0.228483
0.172087
0.204314
0.196257
0.155974
0.196257
0.123747
0.155974
0.172087
0.172087
0.083464
0.107634
0.164030
0.075407
0.131804
0.035124
0.043181
0.059294
0.035124
0.051237
0.043181
0.002898
0.027067
-0.005159
-0.053499
-0.005159
-0.077669
-0.029329
-0.045442
-0.085726
-0.077669
-0.101839
-0.142122
-0.085726
-0.134065
-0.109895
-0.174349
-0.109895
-0.190462
-0.182405
-0.174349
-0.214632
-0.222688
-0.222688
-0.238802
-0.262972
-0.222688
-0.246858
-0.230745
-0.254915
-0.271028
-0.174349
-0.117952
0.010954
-0.021272
-0.013216
-0.037386
-0.061556
-0.126009
-0.158235
-0.158235
-0.174349
-0.230745
-0.238802
-0.222688
-0.206575
-0.222688
-0.214632
-0.182405
-0.142122
-0.198519
-0.158235
-0.206575
-0.134065
-0.198519
-0.126009
-0.166292
-0.142122
-0.109895
-0.134065
-0.069612
-0.117952
-0.117952
-0.061556
-0.069612
-0.029329
-0.045442
-0.061556
-0.045442
-0.021272
0.019011
-0.005159
0.010954
0.059294
0.035124
0.075407
0.099577
0.043181
0.115690
0.075407
0.164030
0.131804
0.139860
0.204314
0.180144
0.188200
0.180144
0.220427
0.212370
0.220427
0.172087
0.228483
0.220427
0.228483
0.220427
0.228483
0.204314
0.252653
0.188200
0.236540
0.196257
0.228483
0.220427
0.236540
0.180144
0.228483
0.196257
0.228483
0.220427
0.236540
0.196257
0.155974
0.180144
0.196257
0.164030
0.147917
0.155974
0.107634
0.131804
0.139860
0.091521
0.115690
0.051237
0.115690
0.059294
0.059294
-0.005159
0.043181
0.035124
0.035124
0.027067
-0.013216
0.002898
-0.029329
-0.037386
-0.077669
-0.037386
-0.077669
-0.045442
-0.093782
-0.085726
-0.134065
-0.126009
-0.117952
-0.142122
-0.174349
-0.190462
-0.190462
-0.134065
-0.174349
-0.174349
-0.198519
-0.246858
-0.230745
-0.238802
-0.214632
-0.206575
-0.222688
-0.262972
-0.254915
-0.238802
-0.214632
-0.287142
-0.222688
-0.222688
-0.254915
-0.262972
-0.230745
-0.279085
-0.190462
-0.254915
-0.279085
-0.222688
-0.222688
-0.271028
-0.230745
-0.214632
-0.246858
-0.166292
-0.190462
-0.214632
-0.126009
-0.085726
0.010954
0.107634
0.099577
0.091521
0.075407
0.027067
-0.053499
-0.037386
-0.045442
-0.037386
-0.005159
-0.061556
0.019011
-0.037386
0.019011
0.035124
0.027067
0.002898
0.091521
0.027067
0.091521
0.035124
0.107634
0.075407
0.107634
0.083464
0.147917
0.155974
0.131804
0.131804
0.180144
0.204314
0.180144
0.188200
0.260710
0.220427
0.236540
0.244597
0.212370
0.236540
0.220427
0.180144
0.244597
0.212370
0.204314
0.268767
0.196257
0.244597
0.204314
0.196257
0.228483
0.220427
0.212370
0.196257
0.180144
0.164030
0.164030
0.204314
0.123747
0.188200
0.139860
0.099577
0.147917
0.147917
0.107634
0.091521
0.123747
0.051237
0.091521
0.075407
0.035124
0.067351
0.002898
0.019011
0.067351
-0.029329
-0.005159
-0.021272
-0.045442
-0.037386
-0.037386
-0.053499
-0.029329
-0.085726
-0.117952
-0.117952
-0.117952
-0.117952
-0.109895
-0.174349
-0.134065
-0.158235
-0.222688
-0.150179
-0.190462
-0.238802
-0.198519
-0.198519
-0.214632
-0.246858
-0.238802
-0.246858
-0.295198
-0.214632
-0.295198
-0.214632
-0.246858
-0.262972
-0.271028
-0.246858
-0.214632
-0.222688
-0.222688
-0.287142
-0.230745
-0.214632
-0.238802
-0.198519
-0.222688
-0.222688
-0.230745
-0.198519
-0.158235
-0.182405
-0.222688
-0.182405
-0.174349
-0.150179
-0.150179
-0.150179
-0.166292
-0.093782
-0.134065
-0.077669
-0.101839
-0.045442
-0.069612
-0.061556
-0.077669
-0.053499
-0.005159
-0.037386
0.002898
0.010954
0.019011
0.027067
0.051237
0.019011
0.059294
0.091521
0.059294
0.083464
0.083464
0.107634
0.131804
0.115690
0.220427
0.309050
0.365446
0.446013
0.413786
0.389616
0.389616
0.349333
0.292937
0.325163
0.236540
0.260710
0.220427
0.276823
0.268767
0.212370
0.220427
0.220427
0.204314
0.244597
0.236540
0.204314
0.212370
0.236540
0.188200
0.236540
0.188200
0.196257
0.220427
0.180144
0.164030
0.155974
0.180144
0.147917
0.139860
0.139860
0.139860
0.131804
0.091521
0.091521
0.131804
0.051237
0.027067
0.067351
0.043181
0.035124
0.010954
-0.013216
-0.005159
0.010954
-0.013216
-0.061556
-0.021272
-0.069612
-0.029329
-0.093782
-0.077669
-0.093782
-0.150179
-0.117952
-0.126009
-0.150179
-0.190462
-0.150179
-0.174349
-0.222688
-0.190462
-0.222688
-0.182405
-0.206575
-0.246858
-0.214632
-0.246858
-0.230745
-0.254915
-0.214632
-0.279085
-0.246858
-0.198519
-0.271028
-0.246858
-0.271028
-0.262972
-0.238802
-0.222688
-0.271028
-0.230745
-0.246858
-0.238802
-0.238802
-0.214632
-0.222688
-0.246858
-0.230745
-0.190462
-0.214632
-0.166292
-0.230745
-0.166292
-0.158235
-0.134065
-0.142122
-0.109895
-0.142122
-0.117952
-0.117952
-0.069612
-0.077669
-0.069612
-0.061556
-0.069612
-0.013216
-0.021272
-0.021272
-0.013216
0.019011
-0.021272
0.059294
0.002898
0.051237
0.027067
0.107634
0.099577
0.107634
0.115690
0.091521
0.164030
0.123747
0.180144
0.139860
0.188200
0.164030
0.196257
0.155974
0.204314
0.204314
0.220427
0.204314
0.212370
0.212370
0.204314
0.228483
0.196257
0.220427
0.188200
0.212370
0.236540
0.212370
0.188200
0.228483
0.188200
0.180144
0.196257
0.276823
0.365446
0.429899
0.454069
0.381560
0.341276
0.284880
0.228483
0.196257
0.204314
0.147917
0.147917
0.139860
0.147917
0.091521
0.067351
0.051237
0.051237
0.059294
0.019011
0.019011
-0.029329
0.027067
0.019011
-0.005159
-0.045442
-0.029329
-0.013216
-0.037386
-0.077669
-0.093782
-0.085726
-0.101839
-0.117952
-0.134065
-0.117952
-0.206575
-0.109895
-0.198519
-0.174349
-0.222688
-0.174349
-0.198519
-0.198519
-0.206575
-0.271028
-0.230745
-0.206575
-0.230745
-0.206575
-0.271028
-0.279085
-0.206575
-0.254915
-0.222688
-0.279085
-0.246858
-0.230745
-0.222688
-0.271028
-0.222688
-0.279085
-0.198519
-0.222688
-0.262972
-0.206575
-0.214632
-0.198519
-0.238802
-0.198519
-0.190462
-0.158235
-0.190462
-0.190462
-0.126009
-0.126009
-0.198519
-0.085726
-0.150179
-0.109895
-0.085726
-0.077669
-0.061556
-0.101839
-0.029329
-0.029329
-0.029329
-0.069612
0.010954
0.002898
-0.005159
0.027067
0.019011
0.010954
0.083464
0.051237
0.115690
0.107634
0.083464
0.147917
0.115690
0.139860
0.172087
0.147917
0.188200
0.180144
0.164030
0.188200
0.188200
0.228483
0.196257
0.188200
0.228483
0.220427
0.204314
0.260710
0.204314
0.220427
0.236540
0.260710
0.220427
0.268767
0.220427
0.268767
0.196257
0.228483
0.204314
0.196257
0.228483
0.204314
0.212370
0.196257
0.164030
0.236540
0.188200
0.155974
0.131804
0.139860
0.123747
0.131804
0.083464
0.091521
0.107634
0.075407
0.043181
0.091521
0.035124
0.002898
0.067351
-0.045442
0.002898
0.002898
-0.077669
-0.013216
-0.085726
-0.053499
-0.021272
0.115690
0.155974
0.180144
0.075407
0.107634
-0.021272
0.002898
-0.045442
-0.166292
-0.101839
-0.166292
-0.158235
-0.158235
-0.206575
-0.198519
-0.166292
-0.295198
-0.206575
-0.222688
-0.230745
-0.214632
-0.287142
-0.246858
-0.222688
-0.238802
-0.254915
-0.206575
-0.279085
-0.214632
-0.246858
-0.222688
-0.262972
-0.214632
-0.214632
-0.222688
-0.246858
-0.206575
-0.214632
-0.174349
-0.222688
-0.182405
-0.166292
-0.206575
-0.182405
-0.166292
-0.126009
-0.134065
-0.166292
-0.142122
-0.093782
-0.101839
-0.134065
-0.037386
-0.101839
-0.061556
-0.069612
-0.037386
-0.029329
-0.029329
0.002898
-0.021272
0.027067
0.019011
0.059294
0.043181
0.043181
0.083464
0.059294
0.123747
0.083464
0.083464
0.147917
0.131804
0.147917
0.123747
0.131804
0.188200
0.164030
0.196257
0.180144
0.220427
0.212370
0.228483
0.204314
0.220427
0.276823
0.220427
0.212370
0.244597
0.212370
0.252653
0.244597
0.236540
0.228483
0.220427
0.260710
0.204314
0.228483
0.188200
0.212370
0.236540
0.172087
0.236540
0.180144
0.139860
0.196257
0.180144
0.172087
0.123747
0.099577
0.123747
0.139860
0.059294
0.099577
0.099577
0.051237
0.067351
0.099577
0.019011
0.043181
0.019011
0.059294
-0.037386
0.019011
-0.061556
0.010954
-0.061556
-0.077669
-0.077669
-0.109895
-0.069612
-0.109895
-0.101839
-0.142122
-0.109895
-0.150179
-0.150179
-0.198519
-0.158235
-0.222688
-0.174349
-0.230745
-0.182405
-0.230745
-0.214632
-0.238802
-0.271028
-0.271028
-0.254915
-0.190462
-0.109895
-0.053499
0.010954
-0.085726
-0.045442
-0.061556
-0.150179
-0.214632
-0.174349
-0.222688
-0.198519
-0.230745
-0.222688
-0.246858
-0.230745
-0.198519
-0.222688
-0.182405
-0.182405
-0.222688
-0.166292
-0.182405
-0.158235
-0.174349
-0.190462
-0.126009
-0.117952
-0.085726
-0.126009
-0.085726
-0.077669
-0.053499
-0.069612
-0.013216
-0.061556
-0.021272
-0.013216
-0.029329
0.027067
0.010954
-0.013216
0.035124
0.035124
0.051237
0.051237
0.083464
0.131804
0.099577
0.059294
0.131804
0.172087
0.131804
0.139860
0.196257
0.155974
0.180144
0.172087
0.155974
0.228483
0.172087
0.196257
0.252653
0.212370
0.212370
0.228483
0.268767
0.236540
0.196257
0.220427
0.244597
0.244597
0.260710
0.220427
0.220427
0.236540
0.236540
0.212370
0.236540
0.212370
0.212370
0.180144
0.212370
0.196257
0.147917
0.139860
0.164030
0.139860
0.099577
0.155974
0.091521
0.099577
0.131804
0.043181
0.099577
0.035124
0.091521
0.043181
-0.005159
0.019011
-0.021272
-0.013216
-0.013216
-0.013216
-0.029329
-0.013216
-0.101839
-0.029329
-0.085726
-0.101839
-0.126009
-0.142122
-0.134065
-0.093782
-0.182405
-0.150179
-0.182405
-0.190462
-0.142122
-0.206575
-0.190462
-0.222688
-0.206575
-0.246858
-0.214632
-0.214632
-0.230745
-0.262972
-0.214632
-0.262972
-0.222688
-0.262972
-0.262972
-0.287142
-0.295198
-0.214632
-0.230745
-0.254915
-0.214632
-0.206575
-0.262972
-0.222688
-0.222688
-0.206575
-0.214632
-0.246858
-0.150179
-0.206575
-0.214632
-0.134065
-0.158235
-0.190462
-0.134065
-0.150179
-0.134065
-0.109895
-0.117952
-0.126009
-0.053499
0.091521
0.139860
0.180144
0.147917
0.164030
0.067351
0.091521
0.091521
0.019011
0.035124
0.035124
0.059294
0.059294
0.059294
0.067351
0.139860
0.075407
0.099577
0.131804
0.123747
0.091521
0.155974
0.123747
0.164030
0.212370
0.204314
0.180144
0.212370
0.180144
0.212370
0.204314
0.220427
0.244597
0.260710
0.212370
0.244597
0.236540
0.228483
0.196257
0.212370
0.244597
0.204314
0.244597
0.204314
0.244597
0.212370
0.204314
0.236540
0.196257
0.236540
0.204314
0.172087
0.212370
0.131804
0.212370
0.115690
0.188200
0.147917
0.107634
0.131804
0.131804
0.091521
0.107634
0.043181
0.091521
0.075407
0.075407
0.051237
0.002898
-0.005159
0.010954
-0.013216
-0.061556
-0.021272
-0.021272
-0.061556
-0.093782
-0.061556
-0.126009
-0.101839
-0.134065
-0.085726
-0.158235
-0.134065
-0.182405
-0.134065
-0.190462
-0.206575
-0.174349
-0.198519
-0.214632
-0.230745
-0.182405
-0.262972
-0.182405
-0.271028
-0.238802
-0.230745
-0.271028
-0.222688
-0.262972
-0.198519
-0.279085
-0.246858
-0.238802
-0.262972
-0.206575
-0.271028
-0.214632
-0.214632
-0.198519
-0.279085
-0.206575
-0.206575
-0.238802
-0.166292
-0.198519
-0.174349
-0.117952
-0.182405
-0.117952
-0.182405
-0.150179
-0.134065
-0.158235
-0.077669
-0.126009
-0.077669
-0.069612
-0.029329
-0.053499
-0.101839
-0.045442
-0.045442
0.010954
-0.005159
-0.021272
0.027067
0.010954
0.043181
0.091521
0.051237
0.067351
0.059294
0.091521
0.115690
0.091521
0.155974
0.107634
0.131804
0.139860
0.147917
0.300993
0.381560
0.429899
0.446013
0.397673
0.429899
0.357390
0.317106
0.244597
0.260710
0.268767
0.252653
0.212370
0.252653
0.268767
0.188200
0.220427
0.236540
0.188200
0.252653
0.172087
0.220427
0.212370
0.188200
0.196257
0.180144
0.196257
0.164030
0.180144
0.172087
0.147917
0.172087
0.083464
0.115690
0.131804
0.091521
0.091521
0.051237
0.091521
0.059294
0.067351
0.067351
0.019011
0.027067
-0.005159
0.010954
-0.061556
0.010954
-0.029329
-0.069612
-0.029329
-0.053499
-0.093782
-0.085726
-0.061556
-0.150179
-0.085726
-0.150179
-0.166292
-0.134065
-0.158235
-0.134065
-0.198519
-0.198519
-0.206575
-0.198519
-0.206575
-0.206575
-0.246858
-0.230745
-0.206575
-0.246858
-0.279085
-0.230745
-0.238802
-0.198519
-0.279085
-0.222688
-0.246858
-0.254915
-0.238802
-0.238802
-0.271028
-0.206575
-0.279085
-0.230745
-0.214632
-0.230745
-0.214632
-0.206575
-0.206575
-0.206575
-0.206575
-0.182405
-0.158235
-0.166292
-0.166292
-0.134065
-0.142122
-0.142122
-0.085726
-0.150179
-0.053499
-0.150179
-0.053499
-0.142122
-0.069612
-0.085726
-0.053499
-0.069612
-0.029329
0.019011
-0.037386
0.043181
-0.021272
0.075407
0.051237
0.035124
0.075407
0.067351
0.075407
0.107634
0.147917
0.131804
0.115690
0.172087
0.172087
0.172087
0.172087
0.180144
0.188200
0.180144
0.172087
0.228483
0.220427
0.228483
0.188200
0.228483
0.228483
0.180144
0.204314
0.252653
0.244597
0.180144
0.228483
0.228483
0.180144
0.188200
0.220427
0.220427
0.188200
0.212370
0.155974
0.228483
0.155974
0.188200
0.260710
0.389616
0.357390
0.405730
0.381560
0.268767
0.252653
0.204314
0.172087
0.139860
0.099577
0.131804
0.075407
0.059294
0.035124
0.051237
-0.005159
0.035124
-0.037386
0.019011
-0.061556
-0.045442
-0.005159
-0.069612
-0.077669
-0.085726
-0.109895
-0.093782
-0.101839
-0.126009
-0.101839
-0.158235
-0.150179
-0.214632
-0.166292
-0.174349
-0.190462
-0.190462
-0.246858
-0.190462
-0.222688
-0.174349
-0.254915
-0.271028
-0.222688
-0.279085
-0.222688
-0.246858
-0.262972
-0.206575
-0.238802
-0.254915
-0.279085
-0.246858
-0.214632
-0.262972
-0.222688
-0.262972
-0.230745
-0.230745
-0.182405
-0.238802
-0.206575
-0.158235
-0.198519
-0.214632
-0.182405
-0.206575
-0.126009
-0.142122
-0.134065
-0.126009
-0.117952
-0.109895
-0.117952
-0.077669
-0.093782
-0.093782
-0.045442
-0.085726
-0.013216
-0.029329
-0.013216
0.002898
-0.021272
0.035124
0.043181
0.027067
0.019011
0.091521
0.027067
0.075407
0.067351
0.067351
0.123747
0.131804
0.131804
0.180144
0.147917
0.155974
0.172087
0.188200
0.204314
0.180144
0.204314
0.220427
0.180144
0.228483
0.180144
0.252653
0.220427
0.212370
0.188200
0.220427
0.220427
0.236540
0.276823
0.196257
0.212370
0.236540
0.188200
0.220427
0.220427
0.228483
0.164030
0.196257
0.180144
0.188200
0.131804
0.172087
0.164030
0.172087
0.131804
0.131804
0.123747
0.139860
0.067351
0.099577
0.059294
0.123747
0.035124
-0.005159
0.035124
0.043181
-0.029329
0.002898
-0.005159
-0.037386
-0.013216
-0.053499
-0.029329
0.075407
0.139860
0.180144
0.107634
0.059294
0.083464
0.027067
-0.061556
-0.029329
-0.109895
-0.142122
-0.182405
-0.198519
-0.174349
-0.214632
-0.214632
-0.222688
-0.246858
-0.206575
-0.254915
-0.246858
-0.206575
-0.254915
-0.190462
-0.254915
-0.287142
-0.222688
-0.254915
-0.222688
-0.246858
-0.246858
-0.238802
-0.246858
-0.238802
-0.262972
-0.166292
-0.238802
-0.206575
-0.230745
-0.222688
-0.182405
-0.190462
-0.174349
-0.166292
-0.150179
-0.206575
-0.150179
-0.158235
-0.126009
-0.085726
-0.126009
-0.134065
-0.077669
-0.077669
-0.101839
-0.037386
-0.045442
0.019011
-0.037386
-0.013216
0.002898
-0.013216
0.051237
0.010954
0.043181
0.091521
0.043181
0.107634
0.067351
0.115690
0.107634
0.131804
0.131804
0.172087
0.164030
0.196257
0.155974
0.180144
0.196257
0.180144
0.196257
0.180144
0.212370
0.220427
0.228483
0.236540
0.236540
0.180144
0.228483
0.236540
0.236540
0.228483
0.204314
0.276823
0.212370
0.228483
0.228483
0.228483
0.236540
0.180144
0.236540
0.212370
0.164030
0.212370
0.164030
0.188200
0.196257
0.155974
0.164030
0.091521
0.139860
0.099577
0.075407
0.139860
0.059294
0.107634
0.051237
0.075407
0.091521
0.043181
0.002898
0.067351
-0.037386
0.019011
0.027067
-0.053499
-0.013216
-0.061556
-0.045442
-0.085726
-0.093782
-0.053499
-0.109895
-0.109895
-0.117952
-0.134065
-0.134065
-0.142122
-0.182405
-0.158235
-0.182405
-0.214632
-0.222688
-0.174349
-0.230745
-0.206575
-0.222688
-0.254915
-0.262972
-0.230745
-0.230745
-0.279085
-0.262972
-0.311311
-0.238802
-0.230745
-0.279085
-0.190462
-0.045442
0.002898
-0.013216
-0.053499
-0.037386
-0.117952
-0.126009
-0.134065
-0.214632
-0.150179
-0.166292
-0.182405
-0.142122
-0.182405
-0.150179
-0.166292
-0.142122
-0.150179
-0.174349
-0.126009
-0.101839
-0.093782
-0.069612
-0.053499
-0.077669
-0.053499
-0.069612
-0.037386
-0.053499
-0.077669
-0.005159
0.027067
0.019011
0.051237
-0.021272
0.091521
0.043181
0.107634
0.059294
0.099577
0.091521
0.139860
0.099577
0.155974
0.115690
0.196257
0.172087
0.204314
0.188200
0.164030
0.172087
0.212370
0.220427
0.244597
0.236540
0.212370
0.196257
0.260710
0.236540
0.204314
0.228483
0.212370
0.260710
0.196257
0.212370
0.196257
0.228483
0.244597
0.244597
0.172087
0.204314
0.228483
0.180144
0.204314
0.155974
0.204314
0.123747
0.212370
0.131804
0.123747
0.147917
0.115690
0.139860
0.075407
0.091521
0.107634
0.043181
0.067351
0.043181
0.051237
0.010954
0.010954
0.010954
-0.037386
0.027067
-0.029329
-0.053499
-0.053499
-0.053499
-0.093782
-0.053499
-0.109895
-0.101839
-0.101839
-0.134065
-0.142122
-0.174349
-0.109895
-0.174349
-0.182405
-0.190462
-0.198519
-0.230745
-0.230745
-0.182405
-0.206575
-0.262972
-0.206575
-0.254915
-0.206575
-0.246858
-0.254915
-0.198519
-0.214632
-0.271028
-0.238802
-0.271028
-0.254915
-0.238802
-0.254915
-0.222688
-0.254915
-0.246858
-0.271028
-0.214632
-0.198519
-0.246858
-0.214632
-0.206575
-0.206575
-0.190462
-0.198519
-0.182405
-0.150179
-0.182405
-0.182405
-0.174349
-0.126009
-0.101839
-0.158235
-0.093782
-0.045442
0.027067
0.131804
0.204314
0.196257
0.196257
0.147917
0.180144
0.139860
0.115690
0.067351
0.067351
0.075407
0.043181
0.083464
0.083464
0.083464
0.107634
0.115690
0.107634
0.164030
0.155974
0.204314
0.164030
0.172087
0.204314
0.172087
0.220427
0.188200
0.228483
0.236540
0.228483
0.204314
0.212370
0.212370
0.236540
0.228483
0.228483
0.212370
0.196257
0.188200
0.268767
0.188200
0.244597
0.204314
0.188200
0.252653
0.196257
0.188200
0.228483
0.188200
0.180144
0.196257
0.172087
0.188200
0.147917
0.131804
0.115690
0.139860
0.067351
0.131804
0.083464
0.107634
0.075407
0.043181
0.083464
0.067351
0.035124
0.027067
-0.005159
-0.021272
-0.005159
-0.013216
-0.045442
-0.021272
-0.061556
-0.069612
-0.093782
-0.101839
-0.126009
-0.142122
-0.158235
-0.077669
-0.142122
-0.166292
-0.166292
-0.158235
-0.182405
-0.214632
-0.190462
-0.238802
-0.254915
-0.222688
-0.222688
-0.222688
-0.262972
-0.206575
-0.254915
-0.238802
-0.262972
-0.246858
-0.238802
-0.271028
-0.254915
-0.262972
-0.262972
-0.262972
-0.279085
-0.206575
-0.214632
-0.198519
-0.214632
-0.279085
-0.214632
-0.182405
-0.198519
-0.214632
-0.214632
-0.150179
-0.182405
-0.174349
-0.126009
-0.142122
-0.109895
-0.134065
-0.085726
-0.134065
-0.093782
-0.093782
-0.045442
-0.077669
-0.029329
-0.053499
0.002898
0.027067
-0.013216
-0.037386
0.019011
0.035124
0.043181
0.051237
0.019011
0.099577
0.075407
0.075407
0.115690
0.147917
0.115690
0.123747
0.147917
0.147917
0.155974
0.147917
0.196257
0.196257
0.172087
0.228483
0.300993
0.421843
0.446013
0.421843
0.405730
0.429899
0.365446
0.341276
0.300993
0.276823
0.244597
0.228483
0.228483
0.260710
0.220427
0.204314
0.204314
0.228483
0.220427
0.196257
0.164030
0.180144
0.204314
0.180144
0.155974
0.172087
0.131804
0.164030
0.147917
0.123747
0.123747
0.091521
0.059294
0.099577
0.067351
0.067351
0.027067
0.035124
0.051237
0.010954
0.027067
0.043181
-0.053499
-0.013216
-0.045442
-0.013216
-0.029329
-0.101839
-0.045442
-0.126009
-0.045442
-0.134065
-0.117952
-0.085726
-0.150179
-0.206575
-0.174349
-0.198519
-0.182405
-0.230745
-0.142122
-0.206575
-0.190462
-0.206575
-0.214632
-0.246858
-0.214632
-0.271028
-0.254915
-0.246858
-0.222688
-0.238802
-0.246858
-0.214632
-0.262972
-0.287142
-0.222688
-0.214632
-0.254915
-0.222688
-0.214632
-0.222688
-0.222688
-0.182405
-0.190462
-0.174349
-0.182405
-0.182405
-0.182405
-0.190462
-0.109895
-0.174349
-0.158235
-0.109895
-0.117952
-0.117952
-0.142122
-0.077669
-0.077669
-0.069612
-0.109895
-0.021272
-0.005159
-0.013216
-0.005159
-0.061556
0.067351
0.002898
0.035124
0.010954
0.035124
0.043181
0.067351
0.091521
0.107634
0.059294
0.164030
0.091521
0.164030
0.164030
0.164030
0.155974
0.196257
0.220427
0.155974
0.180144
0.196257
0.196257
0.172087
0.268767
0.204314
0.244597
0.212370
0.228483
0.236540
0.196257
0.268767
0.228483
0.228483
0.252653
0.204314
0.196257
0.212370
0.204314
0.236540
0.172087
0.188200
0.204314
0.164030
0.196257
0.268767
0.317106
0.421843
0.381560
0.413786
0.325163
0.284880
0.309050
0.220427
0.164030
0.155974
0.091521
0.115690
0.075407
0.043181
0.043181
0.035124
0.043181
-0.013216
-0.045442
-0.013216
-0.037386
-0.029329
-0.021272
-0.069612
-0.117952
-0.053499
-0.093782
-0.126009
-0.126009
-0.174349
-0.101839
-0.142122
-0.182405
-0.150179
-0.206575
-0.174349
-0.150179
-0.222688
-0.198519
-0.230745
-0.222688
-0.246858
-0.246858
-0.190462
-0.279085
-0.222688
-0.214632
-0.246858
-0.254915
-0.222688
-0.254915
-0.254915
-0.230745
-0.238802
-0.254915
-0.230745
-0.262972
-0.190462
-0.254915
-0.206575
-0.182405
-0.198519
-0.198519
-0.214632
-0.158235
-0.182405
-0.174349
-0.142122
-0.166292
-0.150179
-0.142122
-0.142122
-0.109895
-0.093782
-0.101839
-0.053499
-0.126009
-0.061556
-0.061556
-0.053499
-0.029329
-0.037386
0.002898
0.019011
0.002898
0.043181
0.035124
0.083464
0.083464
0.083464
0.099577
0.059294
0.067351
0.115690
0.067351
0.164030
0.099577
0.172087
0.139860
0.196257
0.188200
0.196257
0.188200
0.236540
0.212370
0.212370
0.204314
0.188200
0.236540
0.212370
0.220427
0.252653
0.212370
0.212370
0.236540
0.212370
0.236540
0.228483
0.228483
0.220427
0.204314
0.204314
0.236540
0.196257
0.196257
0.212370
0.212370
0.172087
0.147917
0.188200
0.139860
0.172087
0.115690
0.155974
0.123747
0.115690
0.115690
0.075407
0.059294
0.099577
0.035124
0.075407
0.043181
0.002898
0.019011
-0.005159
-0.021272
-0.005159
-0.069612
-0.029329
-0.093782
-0.093782
-0.101839
-0.101839
-0.142122
-0.150179
-0.093782
0.002898
0.051237
0.059294
0.059294
-0.013216
0.019011
-0.005159
-0.117952
-0.085726
-0.198519
-0.174349
-0.182405
-0.182405
-0.230745
-0.246858
-0.230745
-0.238802
-0.230745
-0.262972
-0.246858
-0.246858
-0.271028
-0.254915
-0.206575
-0.238802
-0.287142
-0.190462
-0.271028
-0.222688
-0.271028
-0.222688
-0.174349
-0.238802
-0.166292
-0.230745
-0.174349
-0.166292
-0.182405
-0.198519
-0.158235
-0.150179
-0.077669
-0.150179
-0.174349
-0.093782
-0.101839
-0.069612
-0.085726
-0.101839
-0.077669
-0.021272
-0.037386
-0.069612
0.010954
-0.045442
0.043181
0.035124
0.035124
0.002898
0.067351
0.035124
0.091521
0.115690
0.107634
0.083464
0.123747
0.139860
0.147917
0.155974
0.164030
0.139860
0.196257
0.164030
0.180144
0.244597
0.180144
0.196257
0.220427
0.220427
0.188200
0.220427
0.212370
0.244597
0.196257
0.244597
0.204314
0.220427
0.220427
0.220427
0.212370
0.236540
0.204314
0.188200
0.220427
0.196257
0.228483
0.188200
0.155974
0.188200
0.196257
0.147917
0.172087
0.180144
0.131804
0.164030
0.075407
0.115690
0.147917
0.059294
0.131804
0.035124
0.075407
0.107634
0.027067
0.002898
0.059294
0.002898
-0.021272
-0.029329
-0.061556
-0.053499
-0.061556
-0.045442
-0.077669
-0.069612
-0.158235
-0.069612
-0.126009
-0.117952
-0.142122
-0.142122
-0.117952
-0.166292
-0.182405
-0.190462
-0.254915
-0.222688
-0.190462
-0.222688
-0.246858
-0.230745
-0.246858
-0.279085
-0.271028
-0.246858
-0.271028
-0.254915
-0.238802
-0.254915
-0.271028
-0.295198
-0.262972
-0.214632
-0.077669
-0.029329
0.002898
-0.037386
-0.037386
-0.061556
-0.061556
-0.101839
-0.142122
-0.134065
-0.117952
-0.134065
-0.126009
-0.158235
-0.109895
-0.150179
-0.126009
-0.117952
-0.134065
-0.061556
-0.134065
-0.109895
-0.069612
-0.069612
-0.029329
-0.069612
-0.061556
0.002898
-0.061556
-0.005159
0.043181
0.027067
0.035124
0.019011
0.043181
0.051237
0.107634
0.043181
0.099577
0.107634
0.147917
0.099577
0.155974
0.123747
0.099577
0.164030
0.164030
0.204314
0.188200
0.180144
0.228483
0.172087
0.228483
0.236540
0.220427
0.196257
0.220427
0.252653
0.204314
0.204314
0.212370
0.228483
0.236540
