-0.866054
-1.293056
-1.373622
-1.462245
-1.405849
-1.325282
-1.252773
-1.180263
-1.172206
-1.059413
-1.075527
-0.994960
-0.946620
-0.914394
-0.890224
-0.857997
-0.817714
-0.809657
-0.785487
-0.769374
-0.737148
-0.737148
-0.688808
-0.729091
-0.721034
-0.712978
-0.745204
-0.761318
-0.704921
-0.696864
-0.729091
-0.696864
-0.696864
-0.753261
-0.688808
-0.680751
-0.704921
-0.648525
-0.576015
-0.640468
-0.592128
-0.527675
-0.543788
-0.471278
-0.487392
-0.390712
-0.350429
-0.350429
-0.326259
-0.269862
-0.213466
-0.140956
-0.173183
-0.060390
-0.108730
-0.012050
-0.020107
0.036290
0.084630
0.132970
0.116856
0.141026
0.189366
0.237706
0.213536
0.277989
0.294102
0.302159
0.326329
0.318272
0.390782
0.342442
0.350499
0.374669
0.382725
0.358556
0.390782
0.447179
0.390782
0.431065
0.398839
0.439122
0.406895
0.350499
0.414952
0.334386
0.398839
0.390782
0.358556
0.398839
0.358556
0.334386
0.294102
0.350499
0.334386
0.277989
0.310216
0.302159
0.286046
0.269932
0.213536
0.237706
0.237706
0.157139
0.197423
0.132970
0.116856
0.108800
0.076573
0.205479
0.269932
0.261876
0.165196
0.141026
0.124913
0.012120
0.044347
0.012120
-0.036220
-0.012050
-0.060390
-0.068446
-0.092616
-0.149013
-0.165126
-0.124843
-0.197353
-0.149013
-0.221523
-0.189296
-0.205409
-0.277919
-0.205409
-0.302089
-0.277919
-0.261806
-0.310146
-0.261806
-0.318202
-0.269862
-0.342372
-0.310146
-0.310146
-0.342372
-0.294032
-0.310146
-0.302089
-0.326259
-0.277919
-0.277919
-0.310146
-0.285976
-0.277919
-0.310146
-0.294032
-0.245693
-0.302089
-0.277919
-0.285976
-0.229579
-0.253749
-0.213466
-0.261806
-0.237636
-0.245693
-0.237636
-0.205409
-0.229579
-0.205409
-0.229579
-0.197353
-0.197353
-0.116786
-0.173183
-0.132900
-0.100673
-0.108730
-0.084560
-0.116786
-0.044277
-0.012050
0.012120
-0.028163
0.036290
0.004063
0.036290
0.060460
0.092686
0.092686
0.092686
0.149083
0.116856
0.197423
0.181309
0.197423
0.173253
0.221593
0.213536
0.221593
0.253819
0.253819
0.229649
0.286046
0.245763
0.253819
0.318272
0.269932
0.286046
0.261876
0.310216
0.261876
0.310216
0.261876
0.261876
0.286046
0.245763
0.310216
0.245763
0.294102
0.245763
0.221593
0.286046
0.213536
0.237706
0.205479
0.245763
0.197423
0.213536
0.173253
0.213536
0.197423
0.108800
0.165196
0.132970
0.100743
0.100743
0.100743
0.060460
0.084630
0.060460
0.068516
-0.003993
0.020177
0.004063
-0.036220
-0.020107
0.004063
-0.060390
-0.028163
-0.092616
-0.084560
-0.100673
-0.116786
-0.116786
-0.132900
-0.116786
-0.189296
-0.157069
-0.157069
-0.221523
-0.189296
-0.229579
-0.245693
-0.269862
-0.221523
-0.140956
-0.060390
-0.100673
-0.084560
-0.140956
-0.149013
-0.197353
-0.197353
-0.213466
-0.181239
-0.213466
-0.261806
-0.221523
-0.261806
-0.237636
-0.285976
-0.197353
-0.213466
-0.245693
-0.245693
-0.181239
-0.221523
-0.221523
-0.205409
-0.205409
-0.229579
-0.173183
-0.157069
-0.197353
-0.124843
-0.173183
-0.116786
-0.165126
-0.108730
-0.100673
-0.140956
-0.092616
-0.068446
-0.084560
-0.052333
-0.076503
-0.028163
-0.012050
0.012120
-0.028163
0.028233
-0.003993
0.068516
0.020177
0.084630
0.052403
0.108800
0.060460
0.132970
0.157139
0.149083
0.165196
0.173253
0.229649
0.181309
0.213536
0.197423
0.229649
0.229649
0.221593
0.213536
0.229649
0.269932
0.245763
0.237706
0.269932
0.205479
0.277989
0.253819
0.237706
0.269932
0.253819
0.253819
0.245763
0.221593
0.253819
0.213536
0.269932
0.229649
0.237706
0.237706
0.205479
0.229649
0.181309
0.221593
0.173253
0.181309
0.132970
0.173253
0.141026
0.100743
0.132970
0.092686
0.116856
0.076573
0.076573
0.100743
0.044347
0.044347
0.028233
0.052403
0.004063
-0.020107
-0.020107
-0.012050
-0.052333
-0.100673
-0.052333
-0.052333
-0.076503
-0.068446
-0.124843
-0.076503
-0.165126
-0.116786
-0.140956
-0.149013
-0.173183
-0.213466
-0.173183
-0.237636
-0.205409
-0.245693
-0.229579
-0.229579
-0.221523
-0.237636
-0.229579
-0.237636
-0.253749
-0.229579
-0.253749
-0.189296
-0.285976
-0.229579
-0.277919
-0.245693
-0.229579
-0.253749
-0.229579
-0.229579
-0.253749
-0.181239
-0.269862
-0.229579
-0.165126
-0.092616
-0.020107
-0.012050
-0.028163
-0.068446
-0.068446
-0.084560
-0.092616
-0.092616
-0.140956
-0.068446
-0.108730
-0.052333
-0.100673
-0.068446
-0.060390
-0.108730
-0.028163
0.004063
-0.020107
-0.036220
0.004063
0.028233
0.028233
0.084630
0.020177
0.092686
0.068516
0.100743
0.084630
0.092686
0.132970
0.092686
0.141026
0.116856
0.213536
0.189366
0.181309
0.181309
0.181309
0.213536
0.213536
0.245763
0.221593
0.229649
0.237706
0.269932
0.205479
0.286046
0.229649
0.229649
0.261876
0.261876
0.229649
0.221593
0.245763
0.253819
0.189366
0.213536
0.205479
0.189366
0.205479
0.213536
0.229649
0.197423
0.149083
0.181309
0.173253
0.173253
0.157139
0.108800
0.141026
0.165196
0.141026
0.108800
0.100743
0.084630
0.076573
0.076573
0.028233
-0.003993
0.020177
0.020177
-0.020107
0.012120
-0.060390
-0.028163
-0.036220
-0.068446
-0.076503
-0.052333
-0.068446
-0.108730
-0.076503
-0.140956
-0.108730
-0.124843
-0.173183
-0.157069
-0.197353
-0.140956
-0.189296
-0.173183
-0.197353
-0.221523
-0.205409
-0.245693
-0.221523
-0.245693
-0.221523
-0.253749
-0.213466
-0.261806
-0.229579
-0.189296
-0.237636
-0.213466
-0.253749
-0.229579
-0.229579
-0.277919
-0.213466
-0.205409
-0.269862
-0.205409
-0.237636
-0.181239
-0.213466
-0.221523
-0.165126
-0.213466
-0.157069
-0.140956
-0.173183
-0.149013
-0.165126
-0.132900
-0.132900
-0.124843
-0.149013
-0.100673
-0.124843
-0.068446
-0.068446
-0.084560
-0.036220
-0.060390
-0.044277
-0.028163
0.004063
0.004063
-0.036220
0.044347
-0.012050
0.084630
0.028233
0.076573
0.173253
0.286046
0.326329
0.326329
0.286046
0.302159
0.253819
0.221593
0.261876
0.197423
0.237706
0.205479
0.229649
0.237706
0.261876
0.245763
0.237706
0.221593
0.261876
0.261876
0.253819
0.253819
0.245763
0.237706
0.229649
0.205479
0.221593
0.229649
0.229649
0.245763
0.221593
0.181309
0.237706
0.229649
0.173253
0.181309
0.173253
0.205479
0.173253
0.149083
0.165196
0.124913
0.149083
0.076573
0.149083
0.092686
0.084630
0.100743
0.060460
0.044347
0.060460
0.028233
0.028233
-0.028163
0.036290
-0.052333
0.004063
-0.020107
-0.044277
-0.044277
-0.020107
-0.100673
-0.092616
-0.108730
-0.092616
-0.149013
-0.116786
-0.149013
-0.189296
-0.149013
-0.173183
-0.165126
-0.197353
-0.165126
-0.229579
-0.253749
-0.229579
-0.213466
-0.253749
-0.197353
-0.229579
-0.253749
-0.237636
-0.277919
-0.205409
-0.245693
-0.237636
-0.229579
-0.189296
-0.269862
-0.221523
-0.213466
-0.237636
-0.221523
-0.245693
-0.189296
-0.189296
-0.221523
-0.205409
-0.221523
-0.189296
-0.173183
-0.165126
-0.189296
-0.132900
-0.165126
-0.132900
-0.189296
-0.108730
-0.140956
-0.052333
-0.092616
-0.092616
-0.076503
-0.092616
-0.044277
-0.052333
-0.052333
-0.012050
-0.020107
0.004063
-0.012050
0.028233
0.028233
0.084630
0.084630
0.044347
0.116856
0.092686
0.100743
0.084630
0.132970
0.132970
0.165196
0.100743
0.205479
0.157139
0.205479
0.189366
0.189366
0.237706
0.245763
0.229649
0.189366
0.269932
0.181309
0.245763
0.205479
0.253819
0.221593
0.213536
0.213536
0.221593
0.286046
0.350499
0.439122
0.366612
0.374669
0.269932
0.294102
0.261876
0.229649
0.261876
0.205479
0.221593
0.173253
0.165196
0.189366
0.132970
0.141026
0.149083
0.132970
0.116856
0.116856
0.084630
0.036290
0.076573
0.092686
0.036290
0.004063
0.020177
0.036290
-0.020107
0.012120
-0.044277
0.004063
-0.092616
-0.012050
-0.076503
-0.092616
-0.108730
-0.076503
-0.108730
-0.149013
-0.108730
-0.124843
-0.116786
-0.124843
-0.181239
-0.116786
-0.221523
-0.205409
-0.197353
-0.197353
-0.213466
-0.245693
-0.181239
-0.261806
-0.221523
-0.197353
-0.229579
-0.245693
-0.221523
-0.229579
-0.221523
-0.229579
-0.237636
-0.213466
-0.245693
-0.213466
-0.181239
-0.229579
-0.213466
-0.197353
-0.181239
-0.205409
-0.140956
-0.189296
-0.213466
-0.132900
-0.181239
-0.132900
-0.157069
-0.116786
-0.132900
-0.140956
-0.084560
-0.124843
-0.092616
-0.100673
-0.052333
-0.068446
-0.028163
-0.060390
-0.020107
-0.052333
0.028233
-0.012050
0.044347
0.012120
0.012120
0.044347
0.052403
0.092686
0.092686
0.068516
0.132970
0.092686
0.157139
0.124913
0.132970
0.173253
0.197423
0.189366
0.205479
0.181309
0.213536
0.213536
0.189366
0.253819
0.221593
0.205479
0.237706
0.229649
0.237706
0.245763
0.221593
0.245763
0.229649
0.245763
0.245763
0.205479
0.229649
0.253819
0.213536
0.213536
0.229649
0.205479
0.237706
0.181309
0.221593
0.197423
0.197423
0.149083
0.197423
0.149083
0.141026
0.116856
0.165196
0.132970
0.100743
0.068516
0.092686
0.084630
0.028233
0.028233
0.020177
0.036290
0.004063
0.076573
0.116856
0.197423
0.181309
0.124913
0.052403
0.052403
0.004063
0.004063
-0.068446
-0.060390
-0.100673
-0.116786
-0.092616
-0.116786
-0.132900
-0.165126
-0.149013
-0.189296
-0.173183
-0.181239
-0.181239
-0.181239
-0.189296
-0.245693
-0.245693
-0.237636
-0.237636
-0.229579
-0.197353
-0.221523
-0.205409
-0.269862
-0.197353
-0.205409
-0.245693
-0.221523
-0.269862
-0.181239
-0.205409
-0.253749
-0.213466
-0.197353
-0.237636
-0.157069
-0.189296
-0.213466
-0.181239
-0.205409
-0.132900
-0.165126
-0.140956
-0.140956
-0.173183
-0.132900
-0.060390
-0.132900
-0.060390
-0.116786
-0.044277
-0.060390
-0.052333
-0.020107
-0.020107
-0.028163
0.004063
-0.012050
0.028233
0.028233
0.012120
0.044347
0.052403
0.108800
0.060460
0.124913
0.116856
0.084630
0.116856
0.132970
0.173253
0.132970
0.189366
0.197423
0.197423
0.181309
0.189366
0.205479
0.205479
0.221593
0.237706
0.237706
0.261876
0.197423
0.253819
0.253819
0.229649
0.213536
0.253819
0.245763
0.213536
0.286046
0.237706
0.229649
0.245763
0.229649
0.237706
0.213536
0.197423
0.221593
0.229649
0.197423
0.157139
0.189366
0.157139
0.149083
0.173253
0.108800
0.157139
0.108800
0.084630
0.108800
0.092686
0.068516
0.092686
0.068516
0.036290
0.020177
0.036290
0.020177
-0.028163
0.020177
-0.020107
0.020177
-0.052333
-0.028163
-0.076503
-0.084560
-0.052333
-0.124843
-0.084560
-0.108730
-0.181239
-0.124843
-0.165126
-0.181239
-0.165126
-0.157069
-0.181239
-0.181239
-0.229579
-0.197353
-0.181239
-0.060390
-0.100673
-0.100673
-0.149013
-0.140956
-0.205409
-0.157069
-0.165126
-0.205409
-0.229579
-0.205409
-0.221523
-0.261806
-0.205409
-0.229579
-0.229579
-0.197353
-0.205409
-0.213466
-0.237636
-0.173183
-0.221523
-0.205409
-0.181239
-0.181239
-0.165126
-0.165126
-0.181239
-0.149013
-0.157069
-0.149013
-0.165126
-0.084560
-0.068446
-0.092616
-0.084560
-0.076503
-0.044277
-0.028163
-0.003993
-0.020107
-0.012050
0.044347
0.004063
0.060460
0.020177
0.068516
0.052403
0.036290
0.060460
0.084630
0.132970
0.100743
0.157139
0.132970
0.149083
0.189366
0.189366
0.141026
0.197423
0.157139
0.229649
0.229649
0.221593
0.197423
0.221593
0.221593
0.253819
0.213536
0.253819
0.237706
0.253819
0.205479
0.269932
0.221593
0.277989
0.253819
0.245763
0.221593
0.261876
0.213536
0.245763
0.221593
0.181309
0.221593
0.197423
0.229649
0.189366
0.157139
0.197423
0.181309
0.132970
0.197423
0.132970
0.108800
0.132970
0.132970
0.068516
0.084630
0.076573
0.020177
0.044347
0.044347
0.052403
0.036290
0.020177
-0.028163
0.004063
-0.028163
-0.036220
-0.028163
-0.060390
-0.108730
-0.028163
-0.132900
-0.092616
-0.084560
-0.132900
-0.132900
-0.149013
-0.165126
-0.173183
-0.165126
-0.181239
-0.173183
-0.173183
-0.197353
-0.229579
-0.213466
-0.213466
-0.173183
-0.277919
-0.213466
-0.221523
-0.245693
-0.237636
-0.245693
-0.213466
-0.221523
-0.229579
-0.221523
-0.189296
-0.253749
-0.205409
-0.237636
-0.189296
-0.221523
-0.213466
-0.229579
-0.197353
-0.197353
-0.213466
-0.157069
-0.205409
-0.132900
-0.221523
-0.084560
-0.076503
0.020177
0.012120
-0.012050
0.004063
-0.028163
-0.036220
0.004063
-0.052333
0.004063
0.020177
-0.012050
0.028233
-0.012050
0.068516
0.012120
0.036290
0.060460
0.116856
0.052403
0.108800
0.044347
0.124913
0.084630
0.124913
0.149083
0.149083
0.181309
0.181309
0.205479
0.165196
0.189366
0.253819
0.197423
0.189366
0.229649
0.221593
0.221593
0.261876
0.277989
0.221593
0.245763
0.229649
0.205479
0.221593
0.237706
0.245763
0.229649
0.213536
0.261876
0.253819
0.205479
0.245763
0.189366
0.229649
0.237706
0.205479
0.213536
0.205479
0.157139
0.205479
0.141026
0.149083
0.108800
0.149083
0.124913
0.108800
0.116856
0.068516
0.092686
0.068516
0.028233
0.060460
0.068516
0.020177
0.004063
0.004063
-0.012050
-0.028163
-0.052333
-0.068446
-0.044277
-0.044277
-0.108730
-0.068446
-0.108730
-0.092616
-0.116786
-0.140956
-0.108730
-0.116786
-0.149013
-0.132900
-0.181239
-0.181239
-0.229579
-0.181239
-0.189296
-0.237636
-0.221523
-0.237636
-0.205409
-0.229579
-0.229579
-0.253749
-0.213466
-0.253749
-0.253749
-0.197353
-0.213466
-0.237636
-0.189296
-0.221523
-0.213466
-0.189296
-0.213466
-0.213466
-0.165126
-0.229579
-0.149013
-0.173183
-0.221523
-0.165126
-0.197353
-0.181239
-0.181239
-0.140956
-0.116786
-0.108730
-0.124843
-0.084560
-0.116786
-0.100673
-0.060390
-0.068446
-0.100673
-0.044277
-0.012050
-0.036220
-0.028163
-0.028163
0.020177
-0.012050
0.060460
0.052403
0.036290
0.044347
0.084630
0.060460
0.092686
0.092686
0.092686
0.213536
0.237706
0.334386
0.277989
0.302159
0.269932
0.229649
0.237706
0.245763
0.245763
0.253819
0.229649
0.261876
0.213536
0.229649
0.245763
0.286046
0.229649
0.253819
0.221593
0.205479
0.269932
0.205479
0.229649
0.261876
0.205479
0.197423
0.237706
0.205479
0.237706
0.221593
0.221593
0.189366
0.189366
0.221593
0.181309
0.173253
0.149083
0.165196
0.132970
0.149083
0.141026
0.116856
0.076573
0.092686
0.100743
0.076573
0.084630
0.044347
0.020177
0.044347
-0.003993
0.036290
-0.020107
-0.036220
0.028233
-0.060390
-0.020107
-0.092616
-0.076503
-0.084560
-0.108730
-0.092616
-0.124843
-0.157069
-0.132900
-0.181239
-0.140956
-0.173183
-0.157069
-0.140956
-0.181239
-0.205409
-0.173183
-0.205409
-0.189296
-0.205409
-0.205409
-0.253749
-0.197353
-0.245693
-0.189296
-0.229579
-0.253749
-0.181239
-0.229579
-0.237636
-0.253749
-0.205409
-0.221523
-0.181239
-0.245693
-0.197353
-0.205409
-0.205409
-0.205409
-0.173183
-0.181239
-0.124843
-0.173183
-0.140956
-0.149013
-0.165126
-0.157069
-0.084560
-0.132900
-0.108730
-0.084560
-0.084560
-0.092616
-0.092616
-0.044277
-0.060390
-0.028163
-0.052333
-0.020107
0.020177
0.012120
0.004063
0.028233
0.052403
0.012120
0.100743
0.084630
0.076573
0.092686
0.124913
0.084630
0.157139
0.132970
0.141026
0.189366
0.157139
0.173253
0.165196
0.173253
0.205479
0.213536
0.197423
0.181309
0.221593
0.253819
0.245763
0.221593
0.261876
0.237706
0.197423
0.237706
0.205479
0.261876
0.229649
0.213536
0.213536
0.221593
0.197423
0.245763
0.286046
0.342442
0.431065
0.414952
0.398839
0.334386
0.253819
0.253819
0.189366
0.221593
0.173253
0.181309
0.116856
0.124913
0.116856
0.068516
0.116856
0.108800
0.100743
0.052403
0.068516
0.036290
0.092686
0.004063
0.044347
0.028233
-0.044277
0.012120
-0.052333
-0.044277
-0.060390
-0.076503
-0.068446
-0.100673
-0.068446
-0.116786
-0.116786
-0.157069
-0.165126
-0.189296
-0.157069
-0.140956
-0.213466
-0.140956
-0.173183
-0.229579
-0.229579
-0.213466
-0.197353
-0.189296
-0.245693
-0.205409
-0.237636
-0.229579
-0.213466
-0.237636
-0.213466
-0.205409
-0.213466
-0.221523
-0.213466
-0.229579
-0.197353
-0.245693
-0.213466
-0.205409
-0.197353
-0.189296
-0.237636
-0.165126
-0.189296
-0.181239
-0.140956
-0.205409
-0.140956
-0.149013
-0.124843
-0.108730
-0.124843
-0.084560
-0.084560
-0.060390
-0.036220
-0.060390
-0.076503
-0.003993
-0.012050
-0.036220
0.028233
-0.036220
0.068516
-0.003993
0.076573
0.060460
0.028233
0.076573
0.076573
0.108800
0.092686
0.108800
0.157139
0.124913
0.157139
0.189366
0.132970
0.205479
0.181309
0.197423
0.221593
0.213536
0.229649
0.229649
0.205479
0.221593
0.237706
0.237706
0.237706
0.245763
0.213536
0.294102
0.213536
0.245763
0.213536
0.245763
0.237706
0.245763
0.189366
0.229649
0.229649
0.205479
0.197423
0.205479
0.197423
0.197423
0.181309
0.205479
0.173253
0.173253
0.149083
0.116856
0.124913
0.116856
0.100743
0.141026
0.060460
0.124913
0.052403
0.044347
0.052403
0.012120
0.036290
0.060460
0.060460
0.124913
0.076573
0.076573
0.044347
-0.003993
-0.036220
-0.003993
-0.092616
-0.052333
-0.076503
-0.084560
-0.140956
-0.084560
-0.157069
-0.165126
-0.149013
-0.140956
-0.181239
-0.189296
-0.197353
-0.181239
-0.245693
-0.181239
-0.253749
-0.189296
-0.253749
-0.213466
-0.229579
-0.213466
-0.221523
-0.237636
-0.197353
-0.229579
-0.229579
-0.221523
-0.213466
-0.237636
-0.189296
-0.229579
-0.213466
-0.197353
-0.197353
-0.197353
-0.165126
-0.205409
-0.181239
-0.149013
-0.149013
-0.140956
-0.165126
-0.108730
-0.132900
-0.108730
-0.108730
-0.116786
-0.076503
-0.068446
-0.052333
-0.076503
-0.092616
-0.052333
-0.003993
-0.036220
0.020177
-0.036220
0.036290
-0.003993
0.052403
0.004063
0.052403
0.092686
0.068516
0.132970
0.068516
0.165196
0.116856
0.157139
0.141026
0.181309
0.157139
0.197423
0.173253
0.205479
0.221593
0.221593
0.229649
0.189366
0.221593
0.253819
0.221593
0.277989
0.221593
0.261876
0.245763
0.229649
0.261876
0.213536
0.237706
0.245763
0.269932
0.229649
0.229649
0.213536
0.237706
0.197423
0.221593
0.229649
0.229649
0.213536
0.173253
0.205479
0.181309
0.157139
0.189366
0.173253
0.149083
0.132970
0.084630
0.141026
0.100743
0.060460
0.076573
0.076573
0.052403
0.084630
0.020177
0.012120
-0.003993
0.044347
0.004063
-0.036220
-0.060390
-0.012050
-0.044277
-0.052333
-0.092616
-0.084560
-0.068446
-0.108730
-0.116786
-0.116786
-0.140956
-0.140956
-0.205409
-0.149013
-0.189296
-0.181239
-0.213466
-0.221523
-0.181239
-0.261806
-0.205409
-0.197353
-0.253749
-0.261806
-0.197353
-0.140956
-0.124843
-0.076503
-0.084560
-0.157069
-0.124843
-0.157069
-0.189296
-0.165126
-0.165126
-0.213466
-0.173183
-0.197353
-0.189296
-0.205409
-0.229579
-0.173183
-0.221523
-0.140956
-0.140956
-0.124843
-0.189296
-0.124843
-0.132900
-0.108730
-0.092616
-0.108730
-0.076503
-0.052333
-0.100673
-0.052333
-0.060390
-0.020107
-0.012050
0.012120
-0.003993
0.012120
0.012120
0.004063
0.044347
0.068516
0.060460
0.108800
0.084630
0.108800
0.108800
0.116856
0.124913
0.124913
0.181309
0.197423
0.197423
0.157139
0.205479
0.197423
0.205479
0.181309
0.213536
0.237706
0.205479
0.261876
0.253819
0.213536
0.229649
0.261876
0.245763
0.221593
0.237706
0.245763
0.245763
0.221593
0.237706
0.237706
0.229649
0.269932
0.237706
0.189366
0.229649
0.205479
0.205479
0.205479
0.197423
0.181309
0.157139
0.181309
0.165196
0.189366
0.132970
0.132970
0.084630
0.149083
0.116856
0.060460
0.108800
0.068516
0.076573
0.020177
0.020177
0.036290
-0.012050
0.028233
-0.044277
0.012120
-0.036220
-0.012050
-0.068446
-0.052333
-0.068446
-0.100673
-0.116786
-0.084560
-0.092616
-0.124843
-0.124843
-0.132900
-0.157069
-0.165126
-0.173183
-0.189296
-0.197353
-0.149013
-0.197353
-0.205409
-0.165126
-0.261806
-0.197353
-0.197353
-0.205409
-0.213466
-0.221523
-0.253749
-0.149013
-0.253749
-0.229579
-0.229579
-0.237636
-0.189296
-0.221523
-0.197353
-0.165126
-0.221523
-0.181239
-0.221523
-0.205409
-0.181239
-0.165126
-0.173183
-0.189296
-0.181239
-0.132900
-0.197353
-0.108730
-0.100673
-0.020107
0.012120
0.084630
0.028233
0.004063
0.036290
0.012120
-0.003993
0.020177
0.028233
-0.003993
0.044347
0.068516
0.028233
0.076573
0.044347
0.108800
0.060460
0.108800
0.108800
0.116856
0.100743
0.108800
0.149083
0.132970
0.189366
0.149083
0.205479
0.157139
0.197423
0.221593
0.197423
0.245763
0.253819
0.229649
0.197423
0.269932
0.213536
0.213536
0.245763
0.253819
0.229649
0.221593
0.245763
0.221593
0.261876
0.229649
0.237706
0.277989
0.197423
0.253819
0.213536
0.229649
0.245763
0.213536
0.173253
0.205479
0.181309
0.124913
0.173253
0.149083
0.124913
0.141026
0.116856
0.108800
0.132970
0.060460
0.108800
0.092686
0.036290
0.084630
0.044347
0.036290
0.028233
0.012120
-0.044277
0.020177
-0.052333
-0.028163
-0.044277
-0.084560
-0.076503
-0.060390
-0.084560
-0.116786
-0.084560
-0.108730
-0.181239
-0.165126
-0.132900
-0.229579
-0.197353
-0.157069
-0.253749
-0.157069
-0.213466
-0.237636
-0.189296
-0.237636
-0.205409
-0.245693
-0.197353
-0.261806
-0.213466
-0.229579
-0.245693
-0.269862
-0.213466
-0.253749
-0.237636
-0.213466
-0.189296
-0.205409
-0.213466
-0.213466
-0.213466
-0.237636
-0.165126
-0.229579
-0.173183
-0.197353
-0.157069
-0.189296
-0.132900
-0.173183
-0.132900
-0.132900
-0.149013
-0.100673
-0.132900
-0.060390
-0.076503
-0.084560
-0.092616
-0.060390
-0.020107
-0.036220
-0.012050
0.004063
0.020177
-0.020107
0.036290
0.020177
0.068516
0.060460
0.068516
0.084630
0.108800
0.108800
0.084630
0.108800
0.116856
0.149083
0.124913
0.181309
0.197423
0.269932
0.294102
0.342442
0.310216
0.326329
0.269932
0.326329
0.253819
0.302159
0.237706
0.294102
0.245763
0.253819
0.213536
0.269932
0.221593
0.253819
0.205479
0.221593
0.229649
0.205479
0.221593
0.253819
0.237706
0.173253
0.213536
0.205479
0.165196
0.197423
0.197423
0.165196
0.173253
0.197423
0.116856
0.157139
0.116856
0.132970
0.068516
0.132970
0.068516
0.100743
0.060460
0.052403
0.012120
0.052403
0.004063
-0.003993
0.004063
0.012120
-0.020107
-0.052333
-0.028163
-0.068446
-0.036220
-0.060390
-0.108730
-0.100673
-0.092616
-0.116786
-0.132900
-0.140956
-0.157069
-0.165126
-0.140956
-0.181239
-0.165126
-0.213466
-0.157069
-0.213466
-0.181239
-0.237636
-0.205409
-0.229579
-0.237636
-0.197353
-0.253749
-0.229579
-0.237636
-0.229579
-0.245693
-0.229579
-0.237636
-0.221523
-0.229579
-0.229579
-0.205409
-0.221523
-0.221523
-0.165126
-0.221523
-0.189296
-0.205409
-0.165126
-0.197353
-0.165126
-0.157069
-0.149013
-0.132900
-0.140956
-0.140956
-0.124843
-0.068446
-0.060390
-0.068446
-0.060390
-0.012050
-0.052333
-0.036220
-0.012050
-0.020107
0.044347
-0.012050
0.060460
0.060460
0.044347
0.052403
0.084630
0.100743
0.092686
0.076573
0.100743
0.149083
0.124913
0.157139
0.189366
0.149083
0.205479
0.173253
0.205479
0.205479
0.237706
0.197423
0.229649
0.245763
0.221593
0.189366
0.221593
0.229649
0.237706
0.221593
0.221593
0.261876
0.205479
0.221593
0.221593
0.253819
0.253819
0.189366
0.213536
0.213536
0.237706
0.390782
0.431065
0.350499
0.334386
0.318272
0.269932
0.261876
0.221593
0.181309
0.213536
0.165196
0.149083
0.132970
0.076573
0.124913
0.084630
0.116856
0.084630
0.036290
0.052403
0.068516
0.036290
0.028233
0.036290
-0.044277
0.020177
-0.036220
-0.012050
-0.076503
-0.052333
-0.052333
-0.116786
-0.076503
-0.084560
-0.124843
-0.108730
-0.140956
-0.181239
-0.124843
-0.165126
-0.197353
-0.165126
-0.213466
-0.157069
-0.213466
-0.189296
-0.245693
-0.181239
-0.221523
-0.189296
-0.181239
-0.245693
-0.205409
-0.213466
-0.237636
-0.221523
-0.213466
-0.237636
-0.213466
-0.245693
-0.237636
-0.237636
-0.197353
-0.197353
-0.197353
-0.237636
-0.221523
-0.181239
-0.173183
-0.189296
-0.197353
-0.132900
-0.157069
-0.165126
-0.189296
-0.108730
-0.140956
-0.084560
-0.100673
-0.132900
-0.052333
-0.076503
-0.036220
-0.020107
-0.020107
-0.003993
-0.020107
-0.003993
0.028233
0.028233
0.036290
0.068516
0.060460
0.044347
0.052403
0.068516
0.116856
0.124913
0.108800
0.173253
0.132970
0.181309
0.149083
0.205479
0.213536
0.181309
0.197423
0.213536
0.205479
0.229649
0.221593
0.205479
0.269932
0.213536
0.245763
0.213536
0.269932
0.237706
0.237706
0.213536
0.286046
0.253819
0.245763
0.213536
0.213536
0.286046
0.229649
0.213536
0.245763
0.237706
0.205479
0.181309
0.181309
0.213536
0.205479
0.181309
0.149083
0.149083
0.149083
0.141026
0.124913
0.141026
0.060460
0.108800
0.076573
0.028233
0.060460
0.044347
0.036290
0.020177
-0.028163
0.004063
-0.052333
-0.020107
-0.036220
-0.100673
-0.044277
-0.012050
0.141026
0.092686
0.060460
0.028233
-0.003993
-0.044277
-0.084560
-0.084560
-0.149013
-0.140956
-0.132900
-0.189296
-0.173183
-0.205409
-0.221523
-0.205409
-0.197353
-0.205409
-0.221523
-0.269862
-0.245693
-0.205409
-0.245693
-0.229579
-0.229579
-0.205409
-0.245693
-0.229579
-0.237636
-0.245693
-0.189296
-0.205409
-0.221523
-0.181239
-0.245693
-0.157069
-0.189296
-0.213466
-0.197353
-0.149013
-0.197353
-0.124843
-0.173183
-0.124843
-0.197353
-0.092616
-0.108730
-0.124843
-0.084560
-0.052333
-0.060390
-0.052333
-0.100673
-0.052333
-0.044277
-0.003993
-0.044277
0.044347
0.012120
0.004063
0.036290
0.028233
0.060460
0.060460
0.092686
0.084630
0.100743
0.092686
0.116856
0.132970
0.141026
0.197423
0.141026
0.189366
0.173253
0.197423
0.245763
0.213536
0.181309
0.253819
0.197423
0.237706
0.205479
0.261876
0.253819
0.213536
0.245763
0.221593
0.261876
0.277989
0.237706
0.245763
0.245763
0.221593
0.213536
0.229649
0.213536
0.229649
0.237706
0.213536
0.229649
0.237706
0.213536
0.189366
0.221593
0.141026
0.189366
0.157139
0.132970
0.157139
0.124913
0.116856
0.076573
0.108800
0.084630
0.060460
0.092686
0.044347
0.068516
0.028233
-0.003993
0.020177
-0.020107
-0.012050
-0.020107
-0.036220
0.012120
-0.092616
-0.108730
-0.052333
-0.116786
-0.068446
-0.124843
-0.124843
-0.140956
-0.181239
-0.132900
-0.157069
-0.205409
-0.173183
-0.205409
-0.165126
-0.229579
-0.237636
-0.197353
-0.245693
-0.221523
-0.253749
-0.221523
-0.253749
-0.253749
-0.245693
-0.100673
-0.060390
-0.060390
-0.132900
-0.092616
-0.165126
-0.132900
-0.213466
-0.149013
-0.197353
-0.213466
-0.173183
-0.173183
-0.205409
-0.140956
-0.213466
-0.140956
-0.189296
-0.124843
-0.157069
-0.108730
-0.124843
-0.132900
-0.132900
-0.084560
-0.108730
-0.044277
-0.052333
-0.052333
-0.028163
-0.028163
0.020177
-0.028163
-0.003993
0.012120
-0.003993
0.068516
0.020177
0.092686
0.052403
0.100743
0.076573
0.092686
0.108800
0.092686
0.132970
0.173253
0.173253
0.157139
0.149083
0.189366
0.213536
0.237706
0.181309
0.229649
0.221593
0.213536
0.253819
0.197423
0.229649
0.286046
0.213536
0.277989
0.213536
0.261876
0.229649
0.245763
0.245763
0.205479
0.205479
0.269932
0.261876
0.205479
0.261876
0.245763
0.197423
0.245763
0.189366
0.205479
0.229649
0.165196
0.205479
0.165196
0.149083
0.181309
0.149083
0.108800
0.108800
0.149083
0.116856
0.068516
0.116856
0.084630
0.060460
0.084630
0.004063
0.052403
0.036290
0.004063
0.028233
-0.036220
0.004063
-0.020107
-0.036220
-0.068446
-0.068446
-0.060390
-0.092616
-0.116786
-0.100673
-0.108730
-0.165126
-0.124843
-0.173183
-0.140956
-0.149013
-0.213466
-0.149013
-0.213466
-0.229579
-0.165126
-0.229579
-0.205409
-0.229579
-0.189296
-0.245693
-0.237636
-0.189296
-0.205409
-0.213466
-0.221523
-0.237636
-0.221523
-0.253749
-0.205409
-0.213466
-0.245693
-0.205409
-0.237636
-0.165126
-0.229579
-0.149013
-0.197353
-0.189296
-0.149013
-0.173183
-0.197353
-0.140956
-0.132900
-0.173183
-0.149013
-0.100673
-0.157069
-0.076503
-0.116786
-0.084560
0.052403
0.116856
0.165196
0.165196
0.141026
0.108800
0.100743
0.076573
0.076573
0.100743
0.060460
0.084630
0.076573
0.100743
0.100743
0.141026
0.141026
0.124913
0.189366
0.124913
0.149083
0.205479
0.181309
0.205479
0.141026
0.229649
0.213536
0.197423
0.213536
0.269932
0.213536
0.229649
0.253819
0.277989
0.205479
0.269932
0.253819
0.237706
0.221593
0.253819
0.269932
0.221593
0.237706
0.269932
0.189366
0.245763
0.221593
0.189366
0.205479
0.221593
0.173253
0.213536
0.189366
0.189366
0.149083
0.165196
0.116856
0.173253
0.116856
0.157139
0.100743
0.108800
0.076573
0.084630
0.100743
0.076573
0.060460
0.020177
0.060460
-0.012050
0.020177
-0.012050
-0.012050
-0.036220
-0.060390
-0.052333
-0.052333
-0.068446
-0.076503
-0.108730
-0.100673
-0.100673
-0.140956
-0.124843
-0.181239
-0.181239
-0.132900
-0.165126
-0.149013
-0.221523
-0.165126
-0.197353
-0.181239
-0.221523
-0.197353
-0.197353
-0.245693
-0.213466
-0.205409
-0.197353
-0.261806
-0.197353
-0.245693
-0.221523
-0.229579
-0.221523
-0.189296
-0.221523
-0.205409
-0.253749
-0.181239
-0.229579
-0.173183
-0.213466
-0.173183
-0.165126
-0.173183
-0.149013
-0.140956
-0.173183
-0.084560
-0.165126
-0.092616
-0.068446
-0.068446
-0.068446
-0.052333
-0.068446
-0.012050
-0.068446
-0.052333
0.004063
-0.028163
0.004063
0.004063
0.068516
0.052403
0.036290
0.084630
0.028233
0.084630
0.084630
0.100743
0.116856
0.076573
0.157139
0.132970
0.149083
0.157139
0.132970
0.173253
0.277989
0.342442
0.310216
0.334386
0.318272
0.269932
0.261876
0.302159
0.294102
0.277989
0.253819
0.245763
0.294102
0.245763
0.261876
0.245763
0.213536
0.245763
0.269932
0.237706
0.269932
0.205479
0.237706
0.221593
0.237706
0.181309
0.237706
0.181309
0.197423
0.213536
0.173253
0.173253
0.157139
0.132970
0.157139
0.149083
0.149083
0.092686
0.132970
0.100743
0.116856
0.084630
0.076573
0.060460
0.036290
0.036290
-0.020107
0.004063
0.020177
-0.028163
-0.020107
-0.028163
-0.020107
-0.060390
-0.076503
-0.084560
-0.108730
-0.108730
-0.157069
